3222
1496
1093
2067
6056
1900
2339
821
2242
1876
877
712
1694
4204
1575
922
1621
4025
78
1887
2314
4627
2045
3072
4183
1015
5100
1765
4678
4414
6335
4707
2603
5318
5517
1615
580
4592
974
5196
2246
3496
3006
4303
5635
3839
1431
2258
5154
1821
5990
5200
6401
6001
1277
3449
5498
3402
439
811
535
958
5993
5307
4116
4043
2248
504
4218
3407
4081
4672
589
1769
3140
3902
771
3291
2358
3771
3979
763
5720
1436
5229
2882
5021
6000
6296
5012
4270
2693
5692
1513
429
4264
1861
3870
2347
1338
4348
584
2287
2183
4292
4041
3312
1339
4202
2630
1249
2518
1048
4497
5359
6297
3052
5123
2791
550
158
6202
704
5892
2574
5590
730
3345
2920
2938
5976
533
729
1928
5219
3880
1222
3733
2982
1661
6207
401
2537
3895
2681
3782
2904
1145
947
1135
4440
6036
5224
4590
847
5799
2812
344
4381
1883
458
2016
5972
5987
4574
2002
3857
2788
4221
4876
4709
6413
178
3480
667
1133
4353
6539
4313
4012
324
607
1116
3708
4566
5487
4166
89
3100
4596
2351
3719
3337
904
2244
5887
3680
5242
6101
3932
5135
722
5651
2349
2332
1813
3358
5462
1163
403
2283
482
3028
1854
3503
820
288
4436
6516
1981
890
552
4535
1805
2229
1268
3441
2919
5202
3619
6136
3084
493
2054
3211
523
2379
646
4741
2095
3799
4072
2753
509
5227
4034
2319
6046
467
3943
2479
3976
5734
5112
400
6497
3082
5596
1018
140
4286
2145
71
143
119
517
3009
2784
4910
2491
728
2038
449
1097
5248
2380
2467
5838
4052
3827
134
5055
5904
6276
2026
2834
1681
3254
2323
1894
186
73
1892
2846
4199
4020
5730
1361
450
2194
445
2121
3747
5869
149
342
4540
4758
1617
1568
3171
2549
3303
6116
2749
6075
5149
513
2734
3076
4649
1931
4675
2929
1348
2079
961
2995
1369
5059
4527
3709
4216
2953
2673
2877
4487
1901
3282
5959
1599
1114
2454
972
5916
511
1190
2368
6265
6028
3562
978
2849
2451
4067
808
249
2421
384
1879
4370
3781
5035
3590
5771
6212
5727
1914
4104
2081
1056
5320
5813
6412
4731
4271
217
4144
1565
1902
2906
3615
1603
4454
3364
1281
6358
1287
3191
3986
658
6189
4696
2809
3881
768
586
1846
4195
124
2981
2374
3070
5361
6095
950
5445
2473
5681
4102
3770
3137
4044
6148
4209
334
1663
6015
6203
1220
2123
2309
876
628
2099
5985
3941
212
1077
505
200
1173
6383
4840
4279
5460
5057
235
453
2870
3819
4789
5935
4391
4388
2355
770
2475
2426
4250
6337
4345
3207
2745
5417
4132
2225
1574
4200
496
2223
4356
1032
4541
3642
5004
317
5697
5336
957
2899
2805
1929
6375
4951
3927
2264
591
1878
1572
2582
1807
2221
4750
55
2185
5965
3526
1971
3509
4249
4307
367
2558
1492
280
2218
5690
5423
5670
3023
2060
1831
3567
2679
6038
1662
2122
3334
2756
5694
4288
5355
5793
2776
386
4309
966
1096
3767
2134
2195
6066
5568
3173
5584
6021
2868
1471
4098
354
6459
4244
5746
1626
3616
2886
4169
2443
5927
6106
2472
2210
5908
1292
2004
1969
951
4718
643
3342
5025
3036
872
948
949
954
5162
4170
1149
3200
6438
3575
5751
1040
90
4393
3128
5327
6354
5604
3016
1860
252
2783
4374
3111
4893
952
721
1842
2921
638
1192
283
4123
527
2481
3395
4624
3135
315
3057
4687
6519
754
5486
2085
1088
323
5374
2832
3778
410
772
3141
2103
1590
2150
670
2168
3996
1234
1952
2429
2851
4498
813
6353
5646
2662
5555
3479
1567
3290
1205
4311
2253
2530
2839
6158
723
5523
664
2599
6515
838
1484
5132
4927
1987
2836
2885
1869
1563
656
2324
1027
223
264
301
2939
4127
399
1049
1760
5924
321
5179
5770
2387
2706
4669
3005
2668
2400
1265
2187
4614
4469
2519
2717
2733
1889
2249
3507
91
5419
4051
4523
1153
2336
33
1833
4736
4331
3886
5732
1752
4871
864
4085
2088
3796
1634
2914
459
22
5433
3104
6552
4698
5063
319
3780
1957
6114
912
2190
2772
4203
1155
2770
2370
4362
1766
1199
4942
823
991
2083
3167
1875
3262
976
1107
1129
4140
1483
2206
4019
2482
3534
499
2056
905
4402
2062
5699
1020
471
1777
26
2091
5658
2135
4182
2353
4097
1113
2730
97
5510
1497
5650
1333
759
293
6128
1261
398
5484
4213
1774
2955
1347
3366
6270
4999
2853
2838
4073
585
4090
967
529
2700
340
6499
372
3245
2597
5642
4549
1624
2865
1176
266
5674
2435
1884
4396
34
4211
4569
796
5126
5798
3429
2720
142
1247
2307
4544
3704
2363
1874
1099
1038
2288
4836
3555
1611
1665
5459
156
3730
5621
2686
577
3851
4363
5480
2854
2027
6417
20
5549
2830
4751
4772
891
632
657
2124
2013
4901
1897
746
2725
4697
6182
1594
4215
4762
3742
4210
6534
4573
5822
5176
6236
2078
316
3089
5107
5816
4688
1571
2999
3011
1796
1762
4548
1827
5195
5750
5041
2074
3268
621
5138
2418
2579
6531
1559
2928
4406
255
5718
4300
4491
4146
2030
3154
1404
4599
5683
593
6086
2235
6505
1834
1622
6536
1686
2896
560
3430
601
2354
4711
1724
2376
5316
5561
4378
4875
2009
5532
3521
2405
1625
6482
1063
4603
5744
5292
2937
4143
1062
2780
720
3498
5160
1147
685
3020
596
4298
5280
6483
1683
1491
469
61
769
2325
4749
3997
2402
571
6099
2130
462
2705
357
2177
5173
2234
4742
3189
2880
6421
2219
1792
307
3313
5824
917
3586
1419
38
521
2378
5435
5431
1988
2695
5345
797
2715
363
4755
3584
5360
2182
272
150
5936
278
2152
5018
3458
3791
3162
1414
6131
369
5256
2461
3079
5077
3647
5743
3574
4764
3957
6486
5494
559
2521
6317
2666
4212
2299
3233
1068
1627
6461
640
3193
1327
4752
5370
5436
3651
3301
2759
2012
5450
2680
2619
105
1396
4314
2672
5385
3175
5661
6181
3317
735
3729
832
2536
4633
5477
2923
5239
3041
1670
3726
5729
2278
6352
3559
6144
703
4478
2345
2719
6258
3295
1109
27
2401
4280
6529
6319
4122
4956
4117
3360
4442
1076
2000
6137
4106
1054
2689
3226
4801
5531
1610
713
5356
2712
1808
2738
3725
2175
1331
1253
6540
514
318
4470
655
1885
2304
5220
6030
1463
2106
3763
1250
4512
4705
3046
104
3592
4159
3230
4609
5527
3569
860
6018
145
583
2592
2570
477
2312
2217
3792
3146
1460
3309
4008
1440
1142
2366
3450
5752
5733
2645
4488
1399
2636
5009
4246
1106
1042
6
3879
3741
4982
4463
3220
1549
3139
2721
3603
1036
5052
4304
2434
1581
2793
4667
2191
5634
2778
5294
1799
440
2612
2968
101
645
5415
4793
1432
6444
4622
4509
2950
578
5839
6504
1974
2023
1960
3181
3120
1325
4811
3703
1824
5957
3510
4258
1243
732
2260
5784
5146
4743
1726
3310
5627
1820
2907
2815
328
1628
5014
4433
1710
5139
4699
1934
1071
35
6082
5603
1556
3091
6043
2342
3384
4255
4546
6345
274
4766
6334
576
1208
6477
2449
1324
4759
3073
662
4366
2794
5783
3560
2831
4701
2100
3712
2608
2664
4397
2098
3558
4674
779
2956
4306
6008
4612
6211
2699
5428
1722
6037
1037
2690
1301
4724
2565
4588
2927
617
4954
1110
563
6344
5439
1262
1134
3355
636
2902
3159
3648
6532
4788
2215
5641
4015
1282
1300
3045
1257
3050
1235
4138
675
4245
3318
637
6174
2385
5175
5328
1767
2924
782
1019
29
5414
3352
1510
5978
5489
962
6085
1607
6492
418
3024
86
2698
72
1814
2628
2021
1502
3617
5543
2487
2594
290
2863
4499
3221
750
3122
5518
3607
1882
661
1975
382
5774
2624
2269
2086
3018
2674
2346
337
691
5185
2638
3828
4835
1937
2198
2107
5983
543
4342
362
1605
2151
3614
878
5886
4380
2835
2991
2586
2785
599
3119
970
4530
4260
2137
2208
2547
5457
1991
3436
4227
1585
893
5552
4315
4984
3905
4537
1657
4859
4733
221
574
3319
3304
2173
275
114
5514
1472
2423
5896
94
291
1623
4464
1074
4230
2573
4149
1783
3573
4152
1880
2993
6341
2978
5507
4738
2913
2816
5536
2489
3705
4240
4112
1438
1082
3668
4253
2111
5758
2497
5778
4918
2160
4780
6476
5197
5238
4435
2670
2104
329
3987
2593
5565
745
356
456
5557
1781
5763
4869
5968
817
5048
6327
2746
4252
376
6091
1980
2535
5583
5998
1849
5213
1344
4192
2675
1480
5881
1073
479
2635
2544
1313
5369
861
6120
2386
4295
137
2403
3565
1562
2682
6377
1548
2959
542
3855
31
6293
2795
5078
5038
244
2661
162
2908
5282
3001
6520
742
1826
5177
1120
2741
5470
3195
4267
726
3724
4926
5885
4948
752
5362
473
3265
2787
4103
5447
2766
2445
6079
1992
5545
5503
4686
1853
1426
2722
2077
6248
1964
3095
6406
463
612
5848
2212
2732
3502
3823
3750
2801
6372
1189
3978
2041
6283
3389
2694
1864
4708
2777
982
4467
4126
1782
6360
4606
2128
187
897
1866
352
4411
3775
4358
3993
875
4193
1797
5742
4430
4828
668
1942
4534
1949
1388
4694
2903
3967
3314
63
219
3267
4504
1052
286
1174
5391
886
1342
5296
4734
888
4385
310
3069
1337
6526
1997
380
1095
6239
2782
2726
1719
4651
1469
4108
3707
2754
1158
1124
6135
5934
23
5270
2542
3808
387
2414
1355
1086
2888
2643
201
4679
4516
4341
2931
5488
2227
3408
3044
5340
4818
2360
5395
4656
568
3247
3501
2251
2292
2614
5902
5277
402
4284
1087
4744
2936
1896
6478
4173
540
5214
135
3004
4582
6033
1524
3035
3822
6089
4082
3117
2507
366
4136
501
4308
4848
3536
5629
1709
2665
3783
338
507
6180
5810
4987
959
2051
2188
1043
377
1809
5682
2837
370
5548
3551
1105
5262
5205
213
2994
1345
5749
1733
2841
5393
6264
1631
5206
261
4320
3373
468
3068
4722
6316
4967
3664
4347
67
2313
4625
2823
2820
2422
4243
3634
3457
1569
1893
1083
2918
4968
4294
5443
3587
3074
3919
1863
2142
4139
3858
2598
2869
1505
5399
6121
6004
5559
2243
263
2659
2076
1695
1511
4851
1447
5962
874
3294
6485
5069
478
1828
1773
4661
4010
4282
2650
2064
2930
602
5564
430
3293
2022
630
2767
1950
6014
30
975
648
6350
66
4
5942
5879
3010
5785
1061
2657
528
5034
4114
3820
4030
2073
1084
2213
4197
6078
4142
5240
3546
5622
1606
2976
2204
5299
4623
2174
4760
3431
748
5795
3847
5772
2180
6034
5412
3081
2066
4014
6173
2949
4639
1423
2306
1845
1829
4029
1010
2575
4359
6141
170
1747
4628
5333
4425
1266
3305
177
909
4826
2254
1658
404
3816
4666
5372
659
1830
3553
4360
506
5103
5759
5790
5440
5748
4251
4093
1428
1340
4725
5076
4417
5495
6176
2971
5979
3702
3923
5668
3497
2161
343
1156
4471
1986
2591
4577
5828
81
5768
2516
6525
4293
5267
2015
2534
2395
2678
2723
2384
2729
4206
6067
2932
2584
4424
3013
696
4257
4002
1141
2676
389
515
4935
6069
4634
472
3025
6073
3372
5628
5454
5562
1675
5072
1924
2440
738
1223
5680
5542
4584
470
1817
4080
2233
4124
1350
57
2987
6558
117
3152
2222
3686
4201
2337
2512
674
2502
3663
4539
4608
1550
5044
6011
2634
1553
5546
1674
2651
6105
299
3298
5625
5623
5232
2900
2842
4007
2203
4408
2546
4575
2303
5122
6357
4964
6514
3716
3086
270
3383
3409
2350
2871
5920
579
3835
3806
1260
6041
1276
1800
1587
1094
3500
6290
176
2245
6077
5194
5913
5082
4829
5773
537
2393
6260
4796
6167
6133
2239
2237
678
4820
531
1768
3232
1735
1748
87
2493
2146
2394
1940
3830
4375
2632
3583
2388
5662
1613
1050
480
4621
1245
1633
1167
4450
4403
2211
5211
1273
3183
2178
3995
1564
1780
5951
2057
3113
4432
5524
3739
5679
3675
3598
2265
3263
437
1024
3746
131
915
75
2133
2247
871
1117
2873
2052
2724
6521
3077
5478
2872
4048
1990
3674
3962
1985
2359
4475
1785
3644
1102
5574
2120
233
3299
296
4036
4373
6349
3843
5554
2866
3864
3204
1251
112
3110
358
5026
5777
1547
3700
2294
4237
3107
825
5811
492
5106
4812
5666
519
2703
3608
1685
3495
1140
2407
2892
4663
2298
3918
3906
4850
4113
4496
262
3687
4493
4662
1596
5977
2058
6024
1728
4691
749
5573
4689
1418
2604
3000
300
572
3537
6530
5490
4906
82
3101
5939
773
1026
3842
4137
2878
5305
2642
2798
1751
1217
1057
3264
546
6547
1482
457
4460
2589
3484
5380
2201
2055
2476
4310
5473
1213
3679
330
2529
725
3125
1731
3274
1263
174
4595
5715
4351
2646
5210
4865
5353
2101
4456
1197
5218
4037
3635
227
2942
1341
2656
3956
757
4191
1125
2980
5151
5580
4150
4703
3774
365
169
2563
230
129
633
385
127
2373
4852
3369
5330
3377
2609
1554
1961
3694
6132
2240
1848
2261
5217
2297
1270
3524
2641
3646
2640
3683
6071
4728
393
5766
2744
4602
6042
4068
1166
699
2036
2296
4578
2940
4542
3681
6392
5186
2281
2050
3802
2857
152
1131
3350
5570
6052
6518
2684
5706
1755
2019
2528
5170
474
903
5538
2382
3401
2408
339
4792
2226
6223
2042
5215
383
1690
1561
835
3118
733
1632
3811
3527
4665
2524
2415
4357
3099
4361
5083
5275
3743
3126
4369
4386
281
311
5745
4767
1477
2017
1673
6535
925
4134
4682
4247
5717
3102
3920
2442
1729
898
6528
824
2893
3133
351
1778
2742
5366
6193
1481
1558
2092
2138
1275
2029
3216
2810
103
3205
660
2202
5455
940
3533
5705
3834
2560
863
4301
3278
2813
6550
2157
5273
841
3944
1806
762
3732
3980
3109
6213
6456
346
3143
5015
3385
5925
3626
3405
5529
2007
1546
4520
4515
2819
3260
899
4223
327
1157
3363
2286
3007
5895
4821
3250
3994
999
4259
3224
6509
2889
3934
1168
727
3488
3071
4695
285
2089
1210
2184
193
6244
1474
5456
3504
62
2655
3186
3751
206
5394
4870
2986
2065
2011
1518
968
714
2644
3083
1865
4422
4922
1756
4194
781
622
5258
2617
2398
5558
5373
3764
6368
6381
5113
6510
920
1776
5453
2044
378
5537
4939
350
592
304
2035
6268
488
830
2037
5167
3012
3554
2960
1771
500
195
1727
1818
5297
2259
3691
1737
5259
3795
5909
4715
6414
5797
394
4933
2404
3416
6104
208
5304
1793
2739
1522
4476
483
3410
5420
1870
4135
407
2280
2453
5095
3992
92
2637
844
2926
986
2792
5166
4207
3971
1144
2867
6228
2271
5632
2469
5581
582
3438
2338
3477
1779
4570
5535
778
2110
5736
4027
1616
3261
3388
5479
2118
5560
3347
5115
6376
4713
1259
3511
6336
1209
5969
1639
3899
2020
1017
1064
2186
136
292
2653
2718
4336
1252
1256
2748
4586
1899
1137
1485
2241
3158
1823
3066
3877
3566
3049
3630
1910
5989
1877
5669
2768
3685
3528
3271
1212
1515
4646
4180
5492
679
5911
1784
1946
4532
3577
4148
80
1343
216
5598
2500
3676
302
5710
3015
1393
1644
4753
2478
5289
2688
2335
1286
911
6447
6271
3244
822
5119
530
1803
2176
3414
2001
5941
926
5912
1998
522
4141
5637
4340
4849
4392
6506
4332
6465
1326
4226
4290
1963
4677
1128
3928
6113
4508
185
2483
121
2797
2840
3755
6449
2556
5043
4652
1862
487
3054
5663
764
2272
2750
3731
2250
461
4855
1932
1045
1195
4494
573
5109
4109
739
894
359
5411
2192
3951
828
5943
1973
1104
3428
2468
2399
5496
649
2496
4872
3622
4748
1523
2043
979
1311
4407
5067
172
3984
5620
1664
5375
4233
5711
2964
1943
4087
5595
2952
6070
2577
5392
3093
6561
5739
85
695
5321
2165
5769
1723
182
1566
5367
2613
4629
5287
2858
1941
2875
1519
6061
3427
5505
2136
3715
4355
2252
6204
5599
2364
5880
17
2505
5271
2320
164
3059
3517
5665
5897
1100
873
614
984
6544
4458
5826
2126
928
901
3424
5775
4653
1267
900
6166
6457
5714
2028
5954
2291
2352
3998
4077
2859
6172
1989
3371
3736
1219
5930
5158
1248
498
5866
569
4325
3606
4111
1357
1702
6111
1742
306
5493
5563
6300
1486
3103
2389
5836
1122
4723
1868
1582
1098
19
6139
2238
5187
2196
5432
348
3227
284
707
5071
3595
1916
4220
3270
4447
6513
5602
405
6389
4819
3460
5376
6467
993
3286
5588
4222
4761
3894
5199
3975
2427
4412
5566
192
3999
1732
4720
2948
5786
3165
495
5556
5673
406
2025
3251
3896
3883
83
2860
4492
3378
4587
6472
6549
3058
5539
2504
4324
4130
6025
4670
1801
5597
28
5907
2199
2786
5530
882
4557
3766
375
4757
512
1790
3817
2003
5958
2295
980
3514
5994
5268
3629
5547
3209
4937
1214
747
37
3343
113
1091
294
3127
989
5654
2958
4322
1815
2361
2256
96
3179
2471
196
1996
581
486
3123
981
5636
1612
731
697
2071
6087
6029
2610
4069
5383
1352
3138
322
5645
2285
5551
2974
1244
2879
4988
3288
111
392
1614
4719
6429
2119
677
4278
2757
2525
98
680
4427
4205
2941
3289
834
5655
5377
5802
3237
2153
4645
4153
5387
1489
2965
1053
776
2520
1119
3432
3354
3772
1425
548
3116
1965
2116
4884
5156
3269
1979
6342
1825
4438
2600
887
2334
4816
381
1881
753
4273
1488
3379
3697
408
3112
3380
371
2847
4154
4882
2716
3738
1816
4591
4490
4110
1730
1318
4318
5867
2495
5997
188
5189
15
5946
3518
4690
2371
1888
1464
3397
194
2727
5851
422
70
2548
179
2789
1551
806
497
3805
1132
271
5424
2710
3061
1473
5792
146
2372
3760
1322
620
1994
1763
3936
2975
5617
2755
5022
1743
715
3840
5161
4305
503
411
5465
6489
3832
6152
2944
2615
2484
2047
2973
5973
2685
5016
6217
1451
1191
4147
4119
3026
6326
4996
4032
4648
1555
4673
333
4404
4283
3257
2934
2972
5452
3953
5250
207
2170
4076
1516
536
2024
4449
3804
2263
1126
2590
570
3297
341
3130
4289
4231
2947
6048
1150
2697
1354
4502
5398
355
2268
5039
6348
4075
6288
4061
3362
884
5982
5704
5442
913
1421
3859
4400
4228
6205
3302
2989
3032
1067
5971
1101
4299
3485
4156
3869
2171
4618
5578
3863
484
2163
1540
3115
417
1330
3520
95
2087
758
751
4263
3873
4919
774
1383
4198
6324
5329
4276
4659
1638
1794
1398
809
6314
3903
1255
1055
25
1725
3813
4287
368
4181
2214
5684
5386
3065
1487
3435
303
312
1154
3673
4965
4046
1898
4640
349
1635
6493
2279
6331
2439
756
2735
6446
4384
6294
1254
4120
3812
491
1237
2143
3516
2824
3455
892
1708
464
881
2595
539
3571
4886
2228
5142
1738
4735
2232
5348
1789
5338
5427
4593
3572
1579
538
1761
3367
5631
2311
4420
5144
1703
1225
326
1412
2752
3706
2094
3600
3155
3451
5863
465
6299
2751
5226
889
2775
6332
2747
6407
2040
4636
2290
1656
246
3215
2230
3199
3621
1066
93
4556
5476
5418
308
2127
5047
3713
2743
858
215
2585
1713
3473
1841
3589
4224
6124
647
1089
1744
1920
1956
6488
4794
4302
3223
3056
3939
4079
2631
3535
345
2652
269
3252
189
2328
2270
1103
4297
3467
424
1795
1999
3098
4265
2915
4405
2148
3348
3439
5509
2014
4693
5263
3974
5534
5357
3989
839
2267
1200
395
2158
4426
1718
5940
1788
5284
737
5463
6045
2031
5949
3529
983
4291
3404
5257
1509
5192
3482
2979
2059
955
3332
2992
5953
191
4434
2082
5401
3852
5756
6049
5639
1629
3682
2046
5888
5104
3838
3591
4630
4601
5501
6102
1759
1871
5513
2129
3003
551
1224
2486
5390
508
1013
4275
1321
2301
3063
666
4115
2053
2977
4685
4254
1955
3062
963
1716
3060
2090
5406
5120
5988
1478
5184
1520
4177
3412
600
553
1353
4547
2808
2224
4376
5223
5475
1143
1334
6430
3728
434
4329
1216
4367
4062
4489
3508
2862
587
5222
3376
2033
2605
2155
5937
313
265
3197
2274
2852
5252
1757
5577
736
2578
2329
4328
5464
5818
554
1161
3652
1507
5903
5852
1983
2522
2277
4813
2075
1539
3645
1890
2876
1246
6110
3487
5400
2447
2164
2779
2455
1123
1169
2049
908
5281
2984
541
6146
2627
388
5114
4730
5409
88
2006
5379
702
2308
2005
433
4700
1600
3121
2998
2377
6494
775
2804
5212
141
4241
3699
1570
3341
4031
447
1417
204
4605
1162
2671
5389
4998
3249
2988
907
2647
320
2348
1672
2344
361
1450
3194
3841
1637
4466
5283
4481
6060
4957
2207
1390
5266
5253
3047
2925
5678
2963
3506
144
971
2140
525
5845
1873
1159
1659
2796
717
2433
5125
3280
1580
698
2181
1786
3231
5995
1394
5483
5830
4281
6289
6226
205
222
2209
4726
1741
4604
5434
5141
160
3456
5540
4664
973
5833
1232
1058
4472
5260
4692
4924
1258
690
784
3423
526
673
3926
2660
2282
490
3605
5664
2829
1720
5644
1081
3752
3916
594
6062
880
2236
2667
4418
2814
3419
4401
5860
6123
1578
2527
4129
3797
5796
816
305
2117
2193
5130
5311
4903
4078
4323
1604
3638
5712
780
4568
3285
743
5601
3090
1791
2654
3515
6556
133
2080
1146
3022
2330
1406
1812
1349
1413
2761
5098
1429
6545
3890
1770
5659
2639
4791
3150
2692
6303
6522
741
906
5878
2618
2149
2539
4830
3777
2533
184
4105
1836
4610
547
852
3952
1506
2275
3094
5136
5491
3474
6065
2569
4501
1319
24
2
107
1667
4326
3853
3722
3333
4480
3445
2144
2736
2711
4495
688
4529
6356
2367
2781
2084
2257
663
2883
2102
2068
5917
2833
171
6145
4643
1700
2648
1420
5820
4382
1152
3217
1065
5300
1993
4594
4161
3169
5643
1075
2097
969
5571
3711
3008
4162
5290
2231
6463
4186
831
2764
2626
3351
2474
1198
2369
2112
2162
2169
5812
332
2430
5582
2728
2216
5244
3187
1764
588
2200
2114
3433
2848
166
4977
4684
1671
4613
5607
5237
3784
1476
724
5686
6361
6002
2881
2580
5371
74
827
2499
4379
282
2954
3287
1115
4229
481
1984
518
4277
2864
39
4943
516
5152
2093
5000
5544
3593
3051
1740
1850
6044
3201
2156
1717
4681
64
5791
3848
1160
5236
5579
2396
379
2108
295
397
2446
4256
6496
1525
1181
4266
2276
3326
2069
4455
716
4559
3390
5499
3444
2884
2289
226
2437
2048
2392
6252
4970
4862
575
448
257
2010
360
1479
3246
3720
2966
2607
5208
2205
5928
1609
2669
1164
1619
3064
1745
2611
2740
2583
4296
6439
5805
1903
3353
4745
1560
3129
1206
3203
1108
4171
5430
3242
4118
2293
4354
2587
154
879
3400
2946
6309
2861
520
1332
708
1917
3053
