4656
2349
7915
4315
523
1821
4759
7363
8526
5211
10350
10771
11181
7299
7272
7339
8562
89
2511
12227
2198
7263
2714
656
2353
5463
2411
3219
6667
9627
8022
2327
10787
364
1715
5944
1430
2315
8566
6368
471
10200
5039
6943
5949
2414
11178
11207
3502
8130
12243
6204
897
4524
5959
4605
6229
2449
8649
1806
127
10318
4531
11265
6932
842
9897
378
5369
2037
9653
4299
1113
8806
11108
6234
1835
3717
1726
7325
3132
8178
10183
8313
5206
1537
5395
5575
4480
11962
2814
7675
9428
5585
875
2310
11313
1403
10067
11298
7858
7534
10288
9714
7840
6466
11261
438
11537
8337
2803
10628
10549
5544
9612
8541
9934
1549
10662
10612
6509
1521
6733
1584
11363
7986
7311
10344
1756
1709
9100
8498
8507
3220
662
8309
11979
3460
10879
2146
854
5583
10134
2274
11112
11497
115
8678
7933
6904
9710
1604
7671
11636
10485
193
2164
6417
7375
4483
7294
8288
7475
77
7458
1594
1813
7886
2703
11344
7947
10240
4695
2392
7899
6225
1510
11567
1564
9659
1317
12263
829
2104
10389
9886
2359
556
2944
2257
9129
8661
1092
4975
8736
10396
385
7867
8571
6393
2260
5961
10689
8570
9408
2926
3040
570
2427
5055
10489
4631
8830
4773
10245
10286
2072
6495
4600
1801
3515
4692
5478
9665
7963
3187
3243
497
3168
9888
460
7688
1674
579
1283
10611
11390
10330
11980
1311
1710
11278
7258
11251
8704
1445
7693
2361
11072
10681
7685
2124
11291
181
7704
2252
1546
5246
7437
3421
11209
10812
12199
1679
1472
3414
5950
7849
11632
11550
2115
5422
1276
557
10407
8187
11169
7407
6366
10202
10856
11605
1946
5251
1076
4626
1443
10849
10059
7487
10151
2366
4644
2790
2362
403
3433
2123
8335
8819
4676
2188
11976
708
5392
3432
10393
9974
6745
5071
8274
10454
6395
11366
5227
11520
10021
4722
4705
2369
4677
5073
7412
1465
1363
11336
5419
7336
8132
143
8201
6264
9998
2075
2961
6665
9568
10295
4714
1240
11601
827
10282
2811
11439
5570
7462
11428
10065
4721
11081
8585
966
11887
3699
10370
9945
5065
1577
803
1264
7545
4298
11177
3224
11513
7243
8700
12307
6924
12248
3148
4501
11472
46
9765
4567
6443
9713
8494
1111
9576
11068
3114
7828
10874
11188
9614
4020
531
4720
9731
9115
2963
1108
8124
4304
11518
2052
3422
10167
5377
2481
10292
817
11836
8627
10385
11306
12281
10762
2208
478
4979
10016
7464
11090
1655
11076
3508
2828
10682
218
2486
2664
207
4305
3419
7846
7973
2734
7434
9053
7266
486
11853
10096
355
4023
530
2092
11288
3100
7911
367
9977
5342
2235
8652
1597
4690
8113
5315
10345
1755
2030
1719
693
4994
8308
6679
163
3033
1580
1520
42
10458
2841
4476
1103
2831
7856
9960
1780
2177
7984
177
8352
11197
9758
10624
4158
4636
11379
3464
6460
1751
8695
11399
517
8371
8290
6693
3707
9112
7700
11881
8852
9644
6714
2683
10009
10675
4302
7530
581
1496
6930
9421
10257
2439
3152
455
1458
11310
10041
8840
3427
10235
11841
9405
2830
580
3693
8291
4733
5281
8189
10125
2672
3441
888
2838
9602
12274
2377
11484
8605
8800
2503
3507
9637
3404
5947
12241
2443
9668
6701
6707
6238
4700
2441
684
8213
9470
3445
7892
8258
12309
1559
3478
12302
4011
10696
2013
6354
10522
8029
4143
4497
6330
5543
2189
6922
2187
9397
6737
11569
7356
8828
3705
11622
11331
11321
3425
5340
6512
10066
2513
8718
11051
10781
3504
1834
5258
11985
9938
7975
10335
7275
832
68
4341
11445
131
10302
9674
868
2008
4609
3491
8716
2154
11341
9063
4618
11317
9409
2916
5207
7285
10625
4054
577
472
11099
2711
10146
10766
447
11386
8643
9690
4755
5348
5061
1739
5318
7989
11250
10544
9720
7429
11912
3183
1081
7901
6228
8802
10319
977
853
934
6286
7809
10869
9580
6453
12318
2181
8632
10199
2267
5557
2445
5477
9437
11562
8629
431
2656
5390
2722
61
8640
1667
6516
10639
1579
5943
2750
10327
4522
5460
2769
11539
1285
10774
1686
11322
9054
533
2147
9759
5562
10101
6349
7972
8633
2566
7280
1805
6713
11555
8150
5350
2284
4147
11591
6468
4515
10232
2416
10761
4559
11360
3450
691
10192
8879
5373
12211
3691
3497
7811
2175
11110
10203
7837
7929
7946
4635
2396
2482
5931
1300
11458
7925
10320
8638
2342
3475
3398
5036
10177
2813
11640
2106
5504
1606
4978
2099
1250
12224
9681
5482
10660
3484
1749
2914
9605
1558
2430
7536
11381
8799
10697
866
202
212
6336
10148
380
7390
8659
8347
1082
6718
6723
2457
6387
2186
10340
9921
4484
2312
8880
9091
872
1789
3482
3709
11576
11595
11426
8836
5247
47
11641
3395
12313
359
8642
6197
1812
8569
516
4450
8175
8299
10465
8693
11470
2077
50
3166
5205
4347
8854
2126
1696
10776
6920
8340
4697
9609
1631
1374
169
8673
1383
3471
11593
11252
1941
6324
6684
6903
10106
11964
10111
1535
3204
1675
10668
9138
9599
8195
4203
2569
1252
9141
8894
2085
10087
10577
5502
6298
4529
11259
7331
3186
8112
11634
5294
939
120
3217
4156
2833
1628
3396
661
3453
7322
11890
8165
9591
2697
1394
1455
8583
2424
10420
9590
1312
8214
1346
6284
10817
3097
11910
12293
1338
11558
9466
8580
5259
10623
474
8100
5432
9647
1762
6345
11469
11493
7328
2401
7488
10529
800
8351
2767
113
11988
8292
8810
5481
6317
534
7264
10191
9914
4466
2731
11424
1659
5536
4202
831
2834
811
11352
7500
2273
4311
10040
3234
8714
10069
11631
4980
8573
11107
2930
6893
10060
5938
9651
1810
9993
10415
12285
4195
8896
10039
1803
5563
9941
421
10264
7525
7466
4719
2209
2776
6934
6381
2704
11174
5389
8160
8164
11608
11073
11610
10004
11440
2065
10188
7474
928
6299
8376
10181
8850
5253
7496
5421
7479
4178
9076
2117
12306
4161
5535
7814
4049
1078
5411
10218
2190
9884
11455
2367
1735
11234
3426
11969
10545
10838
3388
2967
6369
1358
1516
1110
961
10525
5020
1532
8105
7878
10603
4684
11916
11096
8702
11483
3145
2913
2255
8171
4767
3490
10500
8120
7692
416
2581
11834
10088
7268
917
53
9060
4715
3105
5601
806
8153
12254
224
10283
3170
9139
7544
9957
6418
8903
10263
417
10409
4354
2822
8500
8157
1613
6686
2022
5550
1804
3077
4551
5450
5568
4024
2211
9078
515
10213
6450
2111
444
12250
10380
1429
3713
11491
8349
11211
12272
2440
1337
5569
7535
3161
10239
5326
4747
199
11173
6519
4570
6261
2509
12294
9415
51
5288
2172
11114
3706
10074
937
3150
10655
10113
8656
1417
10883
4537
9646
4653
2467
2708
134
2293
1556
4586
9961
5967
1511
8174
7374
2794
1796
2669
9953
2039
7969
7415
7245
12246
11629
9905
8343
30
10252
1341
9975
4045
11873
4467
5948
2368
11404
12232
11248
9645
10862
4607
3080
12203
10779
2183
6734
2217
9892
4948
2347
1412
3411
2398
397
10247
5926
6510
10353
10676
2732
1942
3084
9468
8861
6662
9669
505
9919
11410
833
9730
10398
10892
3231
5391
6678
6673
9620
1461
7497
9741
8315
2504
7277
3454
4342
3686
6528
1489
6887
5407
7533
10645
11214
10109
3086
3120
10094
10207
5566
10772
1832
7932
11343
10334
2326
197
10268
5549
1270
1684
5209
1399
7267
10520
8625
2078
10212
3447
10450
3160
5291
9950
11977
9978
2019
8851
210
8222
7908
5561
7376
5384
5310
8116
1573
2919
11297
1816
9917
11368
9081
8853
1540
165
2360
4472
9137
6712
4575
7295
1714
962
2299
9726
11452
8594
7478
12279
12314
7301
11323
1798
7941
2236
11983
11292
1368
4047
3133
8825
3702
11950
8156
1753
174
371
4025
11206
3174
10455
11843
700
10885
2213
593
5577
6350
10785
6435
158
10256
8871
5365
8128
2815
2328
6675
11369
11055
2114
151
6660
2222
5386
11866
7906
1530
7818
2945
7460
4997
9448
8669
7352
4461
4155
8282
4008
10436
8675
965
6397
6901
3203
6388
11093
7292
4200
10168
4177
18
5203
9997
1335
11978
2498
10271
11286
9992
9708
9587
1241
5280
8557
1572
7854
11928
8676
6923
8513
11397
2574
5512
5240
3128
1733
493
681
8889
2758
1690
12290
1393
7674
841
3469
10246
10079
1636
982
8843
2196
7830
5053
10863
10832
1331
11851
3399
10371
2655
522
5295
2053
11215
10338
5330
11879
6312
8344
11572
8611
6477
8284
5059
2783
1635
9942
10576
10853
2159
11375
953
1727
6214
6511
11503
499
1598
10451
8821
9461
9932
8616
11869
2357
1370
6909
11963
11531
9763
10806
1323
2024
1259
10876
8357
5526
4972
11312
8261
6475
1320
1743
8383
6353
846
8138
7812
11473
1569
5925
7233
9739
8686
135
4990
810
5231
1244
2010
2144
3448
1281
4770
4757
11328
2302
3104
376
10564
8706
4987
5547
7397
898
7392
3503
11387
5234
2232
3146
4541
7875
6380
10068
11249
6308
3689
561
2015
6939
11357
129
8641
5358
6267
8595
4163
1083
4968
5255
1797
6505
1414
393
6742
10637
6706
504
1545
4044
141
7547
973
3239
1734
6902
11398
4591
1534
1425
9592
7250
9898
9703
2421
2036
12245
1782
62
7672
12198
11971
1433
8582
9890
6661
10457
2336
8798
6386
5515
6524
4665
7518
2268
9127
7880
10837
142
2249
7859
1547
204
10586
7956
10559
529
9464
2103
4012
4505
10083
3486
8607
7820
6731
5068
2434
5934
4716
4460
2083
4743
5238
2782
2084
1404
6500
9752
7377
4950
819
2516
10604
10173
8888
932
1698
1437
10047
2388
4689
7524
7520
5488
10798
9396
11502
4640
9131
2014
1468
5475
1309
11919
2033
10337
6483
7684
2338
4708
12236
6457
8121
9118
10307
5044
9746
3479
6300
2178
6543
5590
192
8003
4707
10115
10626
3476
7234
5936
1086
8373
9585
5416
8207
7982
10601
2747
11941
11109
10775
1473
8697
11320
4355
974
5451
11481
4986
2193
5235
6467
10829
1760
927
9684
12231
10346
1652
5041
5213
10136
11267
5298
6479
6532
11235
2210
8617
2929
967
5219
7900
5610
7833
72
8360
12219
157
1371
7851
1115
1336
8834
4569
8751
9070
2333
5500
9050
9926
3108
1466
1678
10486
3428
7955
7874
11488
5552
9902
2829
4030
7893
8613
978
11262
3178
10008
10638
1761
8877
4351
2169
1328
6448
3209
5555
11413
9995
6470
4144
670
8135
8696
6674
7847
880
12268
8387
8752
900
4576
8168
3136
219
9990
2311
1575
10273
11409
10166
10328
11908
8645
2426
10636
2346
1724
11389
1524
2720
5049
2226
1529
5412
10347
10814
2048
663
3710
4702
2564
9098
1342
5250
1630
11477
1089
10019
8719
9751
9575
9652
4760
8217
2203
9672
1088
4995
8316
687
7414
6335
10537
2710
1539
8358
5314
11194
1523
11958
9682
1633
1654
2157
2314
3429
9433
6499
11989
9604
8372
5228
6480
7971
2337
836
11253
551
21
2461
9084
7549
4357
1544
2840
5524
93
3463
1772
1576
5038
7507
6727
6890
1075
9959
10123
10397
10555
8114
3154
5260
10266
6311
11495
10421
7817
4036
5439
2101
8264
1398
3492
10870
10535
9968
10809
6338
2129
6938
2219
4649
10822
11507
10170
8257
10461
9971
2214
10390
11535
9104
9922
1104
88
1318
2409
2397
1470
11895
8200
11848
9626
3459
2925
5964
8000
9944
7259
7691
7852
6445
3403
4337
8797
2389
396
9762
1673
4149
8353
1758
3512
4519
4627
10197
4316
7413
6699
1605
8040
4752
1379
1267
8865
11157
9918
11489
10446
5565
10799
7335
8158
11571
8169
9927
587
5345
383
3690
391
7909
10481
9075
5230
11442
10204
2680
11544
8603
6272
9982
2091
10663
10793
8662
10770
3081
459
11233
6683
7494
12213
11054
8730
11885
8710
2576
8596
1565
818
5325
3457
2495
8813
10097
1718
11349
11319
7844
3697
462
690
6694
4183
5360
1777
11338
124
11943
414
7498
4185
1742
506
2915
2155
9567
5430
8338
10845
1625
8367
7683
2032
10020
4330
4485
11623
2698
559
2805
2158
7823
3514
10329
9970
12201
4498
11530
550
10570
11842
9717
1239
6933
11565
4335
2350
7957
5002
5263
9061
11418
4709
1638
11859
4533
5932
1819
5359
5078
8345
5014
4486
10875
10859
11171
5507
8283
10048
4595
2837
2354
2692
4554
910
11155
10102
9597
2403
1731
2241
11287
6285
10208
8708
9712
4174
5476
9472
10364
9611
59
1707
11325
1522
9117
5233
6666
11220
8496
10100
5971
11852
6320
33
9670
5423
584
3123
11923
2316
8572
4301
12300
10219
10229
2932
921
5607
3386
874
7855
175
7980
6916
10323
11949
5268
4552
547
3394
6736
32
1671
1302
5933
8039
2662
156
9658
11480
9973
2383
2428
2738
11877
9923
2927
7663
8369
5440
6392
10160
8631
11361
8516
2055
10077
3392
5026
7682
8336
5930
7702
8715
820
5005
10298
3424
2330
2468
8677
24
2420
883
126
3708
6344
9688
9994
9931
1090
164
2571
9420
4482
44
10844
7235
7829
1415
11891
8001
835
9633
12235
11364
11582
7961
2508
2942
5485
925
6251
520
10691
7255
2562
1452
1352
11587
10841
4616
2835
10351
3402
6444
10518
2079
10830
390
8199
8817
9924
10372
2391
7256
526
1632
3094
3153
3082
10449
9113
4951
10002
679
226
7317
10175
2787
149
4991
9910
1492
11340
12252
7370
1826
8215
11586
11058
4477
6394
4479
2348
6709
3137
3184
2459
4765
6494
5383
6329
10796
95
1700
11517
10609
11828
4454
2345
7383
11358
11451
11071
5539
9424
8035
11384
4318
12310
8209
1774
6687
4652
2922
1642
878
9099
7424
3442
8839
9140
4520
73
4187
2340
6362
936
11190
3241
150
214
2296
3240
3410
1299
6315
4513
49
2563
7349
5004
669
8547
4512
2216
10501
10433
2250
8542
10230
5344
8746
1560
6690
10138
7226
5941
12311
11425
10467
7316
9760
8600
10359
5363
2058
11305
12228
11549
8108
2588
8521
1615
2116
6246
9148
9696
4564
11600
10316
11224
27
5546
10382
4317
7990
3195
4297
1402
3042
7391
4673
11553
2192
5210
435
6301
5409
9065
10310
399
2585
10044
935
10141
923
2422
9936
1407
6711
1387
678
137
10536
8110
7232
1310
9777
585
11542
1536
11086
10362
8534
6545
8009
4534
12239
2966
3046
39
8173
11395
8314
395
11903
6190
3715
9056
10583
702
5400
12249
2309
10519
9619
822
220
4503
6538
10242
1491
8285
7866
5521
84
11559
6533
672
7983
1446
10514
4309
2671
38
11588
6452
4490
466
9128
1691
10631
3147
10078
4596
924
2287
10678
10231
3516
9631
548
407
2197
10369
11241
2378
10360
8391
11102
4188
4565
4331
1531
8034
3480
10786
4966
8026
10185
90
4167
1550
11441
1680
7678
12270
3237
2042
5554
10139
1326
919
7861
3408
11221
11151
8183
10238
11854
5022
409
2303
11845
9715
7821
2224
10228
476
1117
9608
826
4574
4506
6209
6203
4033
1408
901
9756
7318
7532
8530
11882
8551
10043
11948
13
357
6449
4710
8864
5406
6287
685
804
6691
222
11293
7324
5010
11309
11966
9615
10693
3213
1105
9628
9996
7550
8587
11579
8536
8129
9110
11289
8604
7807
6230
8691
4006
5514
7950
4463
2295
4348
3501
1943
1498
10633
11837
6682
1626
9087
11327
3248
807
2374
8269
1665
2816
4314
80
10574
509
2054
7917
2307
14
5379
3694
5006
9909
10368
161
4550
8548
1697
6241
6698
8006
1672
6541
1928
94
8684
2748
1688
1570
2125
3462
890
4150
1375
11438
11982
6415
2810
8737
10773
2137
6370
10387
10871
8555
5458
7679
11589
4664
6399
11434
9093
11067
7346
4739
10556
3102
2463
9450
1359
4961
10234
10759
1935
203
4487
5484
10030
4578
9727
4641
11633
2102
2194
8615
3041
12242
10478
1462
9989
9404
2435
3485
205
8721
7411
4491
10480
5243
2248
8252
11276
12295
3129
9671
1732
10872
676
10179
6306
511
173
11246
9650
10112
4717
2234
9073
3208
6194
11348
10543
1422
3181
10765
1641
8159
2131
11612
10780
2674
6357
1787
696
4536
8144
7914
9429
7888
8670
2318
6703
2666
3091
7419
11901
3206
10163
4590
7863
442
10533
1263
3142
2321
5446
11846
4179
6406
11523
108
2256
10477
2759
5042
11179
6220
7344
8140
1381
710
2658
867
1418
7872
11485
2689
4562
1419
2379
3687
8326
11464
7995
6728
1428
5051
2739
958
4658
11974
424
8362
3215
8740
7913
5283
1268
11417
1101
1401
11905
4713
3389
8272
7677
5584
4456
4018
11273
6407
10304
10521
8590
5571
7347
5598
9082
7278
10790
10783
4171
2018
6293
8004
2128
948
5204
9434
11091
9954
11074
7695
8586
8553
66
6437
2057
11433
2050
7978
8722
1432
8297
6905
9574
10315
9946
3451
415
11574
20
9101
2142
11266
501
7438
7843
10023
92
6462
8520
11620
10082
2935
5218
9569
10127
1077
10651
796
11394
6416
5456
5265
10551
10452
7345
8275
10673
1423
11284
8517
5304
3423
11552
5534
7254
10880
4620
498
3996
2300
10301
1745
11460
4159
10147
3244
6458
4493
6744
7298
654
6352
6656
3197
6921
122
8624
4470
2796
5364
2265
11909
9570
11526
1932
575
8672
3247
5965
11515
10038
10366
1274
10671
10149
11448
2433
2766
9757
3229
7393
11627
4325
1593
8692
4556
2063
6191
11204
1825
812
9985
9648
10483
8639
10893
10635
10523
4039
5531
8689
3119
8196
6520
7351
4954
11373
1112
412
11911
11545
10414
8701
1592
2817
9677
7931
2474
4732
886
4953
10195
1322
10189
3499
9111
1499
1440
5307
155
10272
8166
2027
11166
8016
4718
11401
9102
10642
482
11880
1329
959
6372
10091
11594
1694
1280
4577
110
10400
10416
10395
8037
1477
5335
9630
8508
7999
1483
3139
6894
9407
9709
7551
2687
11449
7366
10435
10293
857
6704
394
491
10547
490
2029
11128
562
4465
11127
11146
10309
11510
10104
8749
11540
10201
8866
4593
2802
11335
8646
3218
1080
10095
8561
1096
6940
11184
7889
1702
5953
6270
7260
4557
4041
6738
2322
10823
1261
2679
2793
8190
972
1478
1513
10150
11561
3179
9401
425
7417
11377
8694
8510
2448
2041
10194
2182
4588
7385
8265
6328
2007
9622
10528
10313
3189
8263
4583
4746
183
2395
7253
10248
7368
7435
2454
10064
10613
9414
11085
7247
2836
6219
11934
8106
2341
4345
10261
7495
1704
11938
4724
7512
5361
9130
10548
10036
184
9411
8204
8671
8389
29
4624
3684
10488
2812
5489
5374
4526
885
6237
11116
10641
11453
9398
6658
7380
6919
8657
9114
2109
10658
10006
3430
10568
2051
1319
6931
2751
2772
9661
9600
2804
3131
7371
4637
3488
4572
11168
9126
8503
6937
1255
9119
2580
8533
8210
11874
10557
675
10657
6496
10827
2908
658
2506
12237
10687
11532
11937
7455
8293
571
7546
8145
1411
109
7865
10531
11878
10608
4580
4056
3509
1476
8251
8332
11844
3165
7436
6436
11391
4349
10227
11972
5338
1314
8223
10216
2343
1495
8848
10437
3222
1482
8575
9937
7526
2166
8339
1669
8020
470
11229
433
2254
11920
1242
1519
386
496
7492
4339
8687
5483
3511
229
10842
532
11189
1386
10172
6346
7898
11506
452
6391
1304
2807
11354
8725
11957
5397
4181
4727
11618
3444
9453
5542
354
10615
2380
145
2701
11191
12301
7465
9675
6447
1716
11856
11243
10854
8366
182
5327
2953
922
8218
7284
9088
5573
2452
7357
1356
10553
7257
1497
7410
12289
6249
1471
5275
2788
2119
849
4199
6334
884
11584
98
4154
8021
9593
1456
9573
6446
10410
2791
8883
12225
9887
2060
2113
8363
11065
2034
10605
12269
8014
5070
1118
8563
896
9136
9589
10401
12220
7542
1795
8298
11158
8262
2118
3252
215
1251
8191
10093
6248
8356
7360
4745
7236
1457
2288
4984
7987
9697
11283
6526
4307
7303
11585
12238
1578
4594
11527
3124
5418
5262
11492
10277
524
3397
5067
8705
9074
1938
8644
5966
3418
8698
119
11258
7939
10259
469
2456
1764
7876
8375
2473
892
5282
12258
8277
5572
6910
3227
2573
7273
1286
5589
5279
230
1608
2712
12280
186
12304
3226
11126
9911
5261
6546
2497
1095
707
1773
10565
1376
6735
5435
8031
7516
8892
8905
1450
10610
4494
9447
5331
2279
140
513
5241
686
4558
1620
7996
7848
10802
2297
5447
6213
11152
1475
477
4535
35
2025
8665
3473
7669
7499
2136
10054
11193
8818
7262
859
3456
4319
11213
3235
572
7381
9145
5970
6232
2809
3036
11257
11945
7912
537
3436
2729
10828
4682
4478
463
11534
2090
11541
7252
1567
11139
6547
495
6202
8203
10847
2244
1937
5311
200
3221
10164
4040
1779
8842
7251
4706
4754
1823
10198
9964
6900
7343
10795
7528
2308
11208
10587
4010
10640
10442
6305
8497
369
1388
10432
10600
7967
11301
8325
4160
1754
10439
1097
11551
4153
9901
7248
799
907
8125
805
2223
12297
3510
10789
5003
2798
904
1658
3405
2384
7832
10666
7687
8717
10659
931
9406
11098
2476
7242
1759
3439
5309
8807
10629
8515
864
8747
17
6941
97
2094
10606
11840
11304
2372
11917
9623
1555
2824
8808
4055
2082
5520
1343
2670
11106
1079
1554
10479
9972
11560
7282
4762
9121
189
3085
7835
6254
6490
10284
5564
2799
1436
1451
11095
1827
2937
1410
11536
5212
2138
568
4681
1526
1568
9732
1364
3044
1927
7838
7942
6664
9417
8878
2352
6438
2259
8384
2577
5408
10566
9451
10473
1693
5013
7341
8579
6279
1515
10607
1614
3232
11350
2586
10056
8348
9069
10050
10361
2589
2375
7239
6908
4338
8602
920
6503
1744
8331
11141
3180
8668
674
2431
12315
8679
10305
12275
7514
2800
5328
8822
2200
8177
11330
4525
1624
10085
1583
5372
11198
118
3211
11307
11084
8876
9685
3251
10510
16
2121
4053
10475
5969
6471
2076
7481
1447
3494
4356
9632
825
1109
692
4034
3083
6917
10684
5017
11906
3489
698
8845
6193
11242
10073
2681
1589
2801
2432
8538
11904
6700
1439
1627
7302
106
1737
976
4459
7304
3173
7443
5214
11359
9440
7923
10190
975
8321
10015
7476
12291
2207
12221
4728
5333
28
8148
11282
4982
6537
1315
705
446
8577
1596
6473
10250
9425
10763
4750
11468
8267
10226
6451
12205
837
6487
2061
1277
11894
5471
10049
9634
9410
7981
5402
838
5551
11514
10686
882
1290
5301
9057
1481
7367
6440
6681
1925
10290
9903
11329
2413
6914
1807
6288
2105
10616
1817
4295
8107
813
9418
525
10122
2786
1367
5273
12200
8634
8287
2969
5548
2017
3401
3135
3253
6224
2176
1258
2761
6256
4671
5357
10692
1098
10594
7484
11187
8576
7934
2400
10408
1676
11403
4969
6442
10868
10211
9422
4475
9666
2661
11474
6536
5287
7552
798
11316
4643
3113
7269
2230
2373
7305
913
1766
172
8519
5937
11635
7418
7446
957
5567
11115
3236
11269
130
4737
9699
10563
2292
136
3115
8539
4610
3467
8882
171
3415
8829
5468
6222
8554
188
5496
10578
10007
2762
1800
79
2220
1741
4180
87
673
11210
10339
10080
2215
1488
11914
6398
11064
2074
840
166
11968
10237
4000
8255
2693
816
5277
11867
6504
11275
8558
8505
7841
10206
4669
4166
1070
9956
2276
11970
10858
1933
6708
67
5459
5415
1380
2071
7850
6676
10349
1409
10589
2410
10865
8192
701
510
12197
3202
1525
360
6283
9893
8327
7502
10698
1771
10632
420
10804
8688
2062
7402
121
3151
8626
902
5080
4504
485
2253
6488
11162
11145
2150
7539
1486
6376
1640
2174
4157
6501
2381
3683
809
2718
10081
10186
1646
7442
2770
10222
1357
10412
6367
667
10279
11583
2920
9055
8139
8133
10128
6374
461
9566
11863
1485
5603
1262
2663
11511
1831
4621
699
427
9132
7951
1763
5278
6422
5470
11367
10492
11160
8027
4495
1799
554
191
503
6885
7916
11500
12218
11461
10448
7903
10001
6668
9134
8823
3185
1791
4744
6906
8872
7342
10643
381
5927
12284
10840
2229
545
231
11078
4168
4670
8804
514
2740
1939
9419
11614
11406
1245
5077
12215
9904
8501
5276
11577
10034
5244
682
592
4509
11838
543
9144
2746
2243
1327
11443
10513
2479
11835
845
6252
1427
9454
11598
4699
9740
11865
7860
8294
1420
7505
2818
6212
5591
11436
1372
11918
7421
111
7953
8648
4549
6341
10417
6525
6518
11604
10000
7307
4751
9413
12316
10517
950
2218
6428
11940
3223
4452
912
4675
9107
5593
10124
4704
4204
865
8306
10592
1272
1424
6928
10322
11100
11218
11566
1114
11192
125
10425
6898
6915
83
10882
4002
11556
1307
4761
4585
11296
4005
3698
1279
528
5329
9455
7485
6899
10120
405
12264
5499
11946
9147
10027
2263
1321
1948
132
1775
1750
11447
4191
4013
2140
3201
10652
2958
8726
3038
2727
4666
7389
9693
100
76
706
11294
9629
1501
1397
9748
11355
11421
969
3438
4768
10243
6741
1612
4050
7960
11137
11136
9125
23
6540
2728
4766
1661
968
8559
12222
11496
11132
2225
4528
1768
6200
441
2721
5257
6441
36
889
10332
512
6724
11888
8650
11423
5366
11239
659
8010
4967
2505
10805
8869
2358
7945
6239
12292
2754
956
11402
2709
10061
4629
2453
170
9743
6469
7897
9773
6542
7924
2371
566
9135
5516
9077
6911
10363
1769
2073
363
10205
392
5296
6405
10051
8194
4667
5587
104
12214
2355
1333
2298
5394
487
7896
4573
8224
11479
10024
4457
11371
1421
11533
591
1820
5606
10810
8636
5946
8180
7297
569
653
540
1348
1543
10169
9469
11256
6221
4958
3194
4037
5530
11437
5508
1438
8023
5498
10813
10634
848
6663
10251
8592
8723
11505
10784
4468
8036
8835
10503
11133
10894
1325
8354
1256
12229
2779
11092
1416
6740
12207
7831
8101
178
7521
1351
5200
8635
10029
519
9770
7404
2286
8514
11827
6318
2387
1644
2653
7930
5396
1668
4683
2290
7454
8658
8589
1720
4507
11079
7426
9686
12256
5579
3032
3249
4169
3493
7927
37
5215
2699
7974
7543
436
11546
2179
7425
8742
3171
10287
2151
10688
2730
4655
10575
6455
10782
1645
9698
9621
6425
10384
1562
10262
5513
4196
4544
5602
11124
3107
5011
5581
10343
1503
6474
6208
6513
10550
7965
1505
10532
11272
1514
8385
2957
4756
6459
1330
10418
9146
4630
6410
7668
8528
5045
9642
10165
5494
11378
10484
11625
1541
11862
10474
11232
11580
9438
1085
11200
11617
2951
695
10493
133
8305
168
5523
387
5008
11459
198
6722
4601
6361
11578
508
10033
1802
8307
6378
5367
5018
11603
1705
11205
2744
8801
11170
5289
1788
6886
11462
6383
9654
7315
7868
5480
7504
4360
7921
4346
4731
6884
8359
11847
9660
10471
25
6508
11333
8816
2305
5356
1725
5537
8170
6240
11263
4182
11285
9443
10225
2408
9967
11130
7907
8499
2952
5028
5371
103
2565
1533
1586
2258
8300
6258
9067
9598
6688
5285
8683
4170
12223
9955
6696
10552
5428
589
8841
8859
8312
5245
4974
11898
10258
858
9639
2233
1072
4613
3182
5527
4606
2206
6749
12244
5426
5048
1660
6463
4568
1677
7406
8205
209
10855
980
2954
7979
11504
400
8654
2081
2064
660
560
4657
9607
10627
8286
1767
4992
7230
2771
8018
10260
2139
11134
11314
11444
8858
9745
8901
5248
8495
851
3092
9952
2185
4582
1490
4758
375
1748
5284
10590
11498
1107
8682
7918
3246
9624
2735
11180
11512
4955
5924
2096
4703
11138
5954
5349
2781
8815
10233
10300
5505
1294
954
2785
10621
11163
12251
1790
3130
2201
5467
9467
233
11457
4190
9577
6379
8614
1369
2763
1384
852
1566
5236
5529
4736
5352
208
5487
7276
7857
1618
5324
6389
8334
8131
7884
10685
10487
374
2442
7403
217
10089
451
10236
4032
12212
11486
5404
361
9940
7662
8143
8868
1548
10843
69
5050
31
1746
2472
2501
2240
9716
5254
7842
10142
2657
5935
8030
6739
4542
926
11315
10137
2707
8637
2496
2665
2691
11324
8546
3167
4192
8591
11427
8544
7928
6250
10867
10797
10515
10062
8279
8720
8899
3701
8281
5940
9446
1238
9439
9400
5355
11494
408
963
3257
398
4046
6669
7877
11467
8680
3109
473
114
9663
8268
5942
6892
5378
12296
7430
8750
6530
1400
7399
12206
3458
905
2696
1508
5300
8303
668
10541
10375
11414
1747
430
4469
2026
7819
9991
2364
5518
10445
5064
11967
489
2272
6277
4518
8011
3037
7439
5952
152
6275
6358
7228
7355
4499
12226
445
2405
11924
2568
11148
7919
10291
10119
5267
6253
2167
5533
10602
211
2684
3695
10341
1502
2120
10012
8182
11236
2351
8873
3468
5222
7670
4602
185
3437
2780
440
11926
10803
11385
8163
85
7815
3205
3472
11223
3242
7334
8531
3216
5063
2676
10496
576
8098
6323
2964
10835
10661
11921
1266
10495
7665
9894
9579
847
10509
1349
7384
1099
6535
10193
2324
11066
4308
7427
10325
5556
4453
9625
11886
7519
8259
2943
3143
3144
9913
6697
10161
671
6207
6506
3207
5339
10778
1292
10388
2199
11858
11154
6403
8608
3198
4481
11563
10599
8333
1074
10434
3470
8118
1087
4963
4042
9062
502
8881
1494
8493
856
7887
10126
10131
6672
7486
6245
4546
823
10026
1778
11986
8524
11857
949
2752
2133
8318
2339
5229
1448
7673
11353
8256
7920
5306
2313
12267
179
389
11230
7522
4165
3210
7396
6382
6895
187
1794
3384
10289
8833
7270
1931
2191
413
1770
582
9083
11931
5341
8898
1930
7970
4993
1581
2510
11125
8535
7320
6206
4996
7515
2745
5582
11864
8151
4772
5381
5592
1945
7944
10269
9572
5560
8552
7699
527
2212
4566
11080
10031
1435
2170
3121
984
9610
9707
10358
6489
10155
1699
11164
7936
7405
6539
1091
4725
5558
3159
8630
3162
4029
483
117
1275
7321
2733
356
1784
5223
4632
930
10569
2148
11176
10025
2291
1785
2285
4740
1824
8814
7952
9999
5532
652
10456
10836
815
11237
10502
465
7288
1094
7883
7394
11131
4547
1308
3134
2789
5445
2917
4642
5332
11268
10833
4027
10017
6271
2460
6927
12278
8581
11626
4322
5956
7291
8172
1657
5224
2043
3156
6259
10794
9427
2038
7964
48
2690
7433
1561
850
8005
5370
4685
11388
5220
2143
8567
6401
10654
2492
11465
11104
6427
468
4970
12266
8212
8545
9979
877
2959
10873
10618
6307
2386
5586
500
5337
6297
11405
8250
2760
7667
7330
8598
10505
4189
555
5308
5599
4043
11554
2477
370
8609
146
60
7467
8844
9976
10825
9066
4197
6390
4730
4186
2304
4742
2399
8622
8202
5472
11280
2153
2773
10848
6269
4678
5343
5462
139
6912
384
11868
12260
8699
1084
1736
456
7468
160
10084
588
2301
7523
4145
664
102
1243
11380
2705
2775
8707
4693
7265
11913
8532
488
404
7517
6883
3095
3700
5043
10249
11063
6210
3452
8211
10055
9142
4650
1248
946
2277
1587
2161
7457
1611
11422
8390
2572
1073
11182
4965
11186
1563
2325
6363
549
8578
8565
2742
677
78
10352
10821
9059
7379
8220
10182
8712
5576
10267
8739
7511
3474
9049
10171
7696
5040
6400
10462
5608
12282
10447
3385
4148
9695
11829
9643
5596
9755
11165
3692
909
2418
10508
10129
2012
11281
2517
11860
2694
9776
1712
4555
3164
10617
2774
2264
11939
422
5452
1574
7362
6226
6725
4680
7853
8820
9676
8147
6925
9143
11416
1708
10117
11052
5399
10399
448
11487
9754
7306
3043
4638
8619
11339
4738
4194
410
10303
11356
6371
10045
9706
1305
2455
7508
2582
12209
5541
5317
1582
7364
11581
12259
814
6281
216
9981
12195
10839
5434
4634
8651
10466
9965
4608
5951
10850
1459
5486
10018
6491
9761
3998
5580
9694
9606
5321
11089
1460
5312
4581
2020
9701
9683
7354
10597
55
10572
2465
4660
3440
11216
6276
8826
8809
10443
10331
10620
10427
6195
8832
586
9106
7882
6891
9737
2047
2242
7287
3176
10511
918
2049
4003
11225
8727
4358
5334
2713
1102
8278
7327
2289
1621
2826
2947
8273
11271
2487
2587
6236
10210
7959
8221
5293
9774
5457
1811
7509
9108
5444
11525
3163
4523
9747
11897
6907
9729
6377
2011
9584
10619
1500
11150
9080
5019
1595
3155
10807
10476
12257
11568
2695
3190
6721
7382
11855
2095
479
4686
1553
11411
11083
7420
11522
5595
9935
8731
6517
933
4324
1265
8734
3704
8142
467
2578
10644
3079
2437
8735
2390
1738
12217
6321
9939
4589
1247
8117
4329
9719
7862
2451
6411
6414
7808
206
1601
11326
5511
7864
11420
4553
5957
10864
10196
7314
10558
10695
10526
1619
10818
5264
7694
5007
5062
876
2168
1474
3212
2152
3200
3500
10482
6889
10788
201
8623
450
10630
10367
10121
7477
4162
1949
2160
8620
10896
10075
10162
4320
10348
1463
7958
7701
2028
9900
5201
2407
9929
688
3461
12240
4753
5303
11129
4628
4983
4651
6408
8900
9928
4334
3126
9734
5443
6333
1740
4508
2393
6476
1836
2275
1298
6342
154
11613
951
71
7681
894
8846
4672
9969
8568
368
2110
2093
2756
419
8743
4981
8681
9896
1616
6319
9581
7894
5594
2228
8811
10176
10852
11849
8364
11070
9457
9089
5479
11499
5081
5069
4711
8154
6424
5023
2910
7948
1730
824
3191
6205
4599
1643
3406
2717
6522
10070
3255
9449
5362
11143
8666
11299
9768
10431
5497
4563
10534
8895
63
11240
2059
4473
2488
7992
5525
1571
9094
574
869
802
10598
10826
11227
7313
2319
10071
6421
11393
464
7281
2832
983
2918
2271
9588
11351
11501
11105
4764
12271
10391
10512
10010
10386
10180
11303
4654
7296
9638
52
1507
1293
2485
11175
6729
7423
1361
2429
2736
418
9079
8511
10022
162
7249
5057
10154
10402
7885
6705
2419
11628
8310
9947
11430
1809
6498
893
4007
11334
5493
8744
2023
5604
6327
6716
4009
4496
9769
9711
11122
11557
5388
5410
801
12305
10314
9636
7473
1344
2493
1729
5448
9617
583
9412
5545
8219
5076
7998
7490
176
5605
8667
2909
11981
10223
4451
7991
15
8141
6280
558
10354
3446
4001
11463
7231
8862
7988
4988
981
10405
194
1295
11212
7337
3112
6456
6461
4971
11264
4729
2402
10622
10156
9402
7471
2098
423
7271
10306
449
4735
2329
9465
9399
7966
453
4999
2069
2089
542
10058
481
7839
5292
5269
8856
507
6527
8863
9051
223
1822
10683
7686
9958
4057
6942
8660
234
4471
6404
428
2107
7447
5968
9724
9471
2438
4019
9943
6198
10767
11597
6680
1728
11548
1395
3714
9442
4028
6291
10406
5491
6384
9594
1441
9673
4592
8709
9586
10819
7319
5290
10554
1391
5072
11953
5336
6521
7949
10506
1506
4949
2270
3387
4293
4597
3106
10308
11616
6715
10656
2239
2825
10381
9090
1557
10028
6216
11929
11374
7968
7350
6274
5376
8276
7300
10595
10670
6657
8193
1390
159
10472
5299
10244
10567
4668
4561
9616
11832
6746
2237
2376
12230
11892
6217
7938
1590
4679
2768
8311
1600
2934
5466
4687
12286
8002
4617
11592
5009
4502
4956
5347
10178
10877
9657
5033
9571
10379
7369
1413
2795
7227
10579
7333
4543
10884
10886
1588
8886
11876
1722
1663
2507
153
11069
8890
2654
1528
1442
4323
9058
7378
5012
1833
2320
3250
10669
10373
2480
7895
8008
2962
213
2500
10546
10274
9721
11564
2282
8527
12247
10764
227
7985
11183
11575
9925
7416
4474
2764
457
190
8380
6192
11435
10581
6340
7548
2821
5052
2948
2462
3506
5249
6935
6355
2122
1260
4545
10422
10816
2806
3169
4021
1246
56
4612
7388
7312
5016
7229
10494
5001
797
6485
7489
9431
10394
2436
11446
9640
10524
4004
10562
3140
4014
4350
7449
3110
11883
11231
839
4310
6263
1792
1291
11925
4604
10650
7469
10820
10851
6412
2066
4312
10426
11346
704
9563
3230
2044
10430
7493
11195
8867
10032
3256
2502
6497
2134
10768
5256
8525
10888
7664
2068
855
379
2757
8295
4352
11342
6464
4957
5047
11899
10107
10321
8149
539
11245
6670
7241
9596
7450
8509
4771
11516
11117
7395
6262
5199
11896
9728
8127
8874
11382
10649
8365
11077
7977
7527
11975
5266
590
9460
4539
8028
6385
4998
11619
4648
8606
9092
10584
9889
2016
11111
10342
1603
7332
9930
7238
6231
7309
7408
5501
1487
10490
11199
9772
5433
11260
6265
34
12303
11875
10158
6255
2949
808
6316
9915
4659
11226
6726
2363
6304
11429
9085
12
1334
11121
5963
10224
6325
484
3225
9578
167
10596
5495
942
11053
11347
4462
123
8226
1765
9988
8674
2737
1469
544
1350
2165
1366
439
2820
6685
3118
9951
861
2344
2108
10811
7472
5272
821
11466
3078
2484
4015
11279
74
8537
1284
7871
9096
1301
9595
518
9736
1538
6348
9767
655
8179
5490
8216
10333
2777
6201
6429
8152
4172
6426
9562
6303
1464
3688
8317
6743
11075
1701
7452
9582
8181
11228
8126
2356
6289
10403
703
8368
2471
5024
6396
881
10760
11590
9122
10312
7553
54
7293
11300
8015
11247
9705
11057
7456
8512
1692
3496
9635
2173
6233
6278
3712
10857
11936
6720
1585
8370
2163
6375
2778
2478
388
4294
1830
9463
6529
8188
10588
6896
8099
1306
8849
6243
11431
1288
12261
6360
2715
9749
7935
5442
5438
10815
11602
8655
3096
7506
1929
11362
2135
492
5056
1781
4521
8155
1396
5465
1453
4603
1493
862
5597
7962
10103
1666
5202
4774
4540
9435
3477
8381
9109
10539
2749
5578
2070
10792
2702
1617
10003
12276
12287
9920
9766
6314
5054
10664
10861
2331
2045
538
11990
4723
3228
10424
10680
7461
6481
10890
3481
4748
11893
6677
5538
402
8301
9656
5351
9980
2067
1662
5424
10392
3141
665
10411
7326
1093
4611
11392
10135
8728
6659
4587
1629
2127
8599
9987
8824
1552
2725
11638
2490
1347
8102
6531
2743
11456
7510
6211
3089
7310
8601
196
5506
3199
5939
7922
11907
2021
1706
2269
11082
6514
8574
8738
11415
434
2425
8897
7340
8103
8185
4584
6343
9692
1551
2088
7881
3127
2046
10694
11471
2923
1431
4492
11833
11609
10428
10878
2823
3157
2031
3116
1467
9068
911
2251
10497
10504
11376
11490
10891
43
64
11611
8724
8502
5216
5029
4517
2489
11884
12204
4726
1271
6268
6356
9687
3685
6365
10255
11097
3245
8612
10253
4973
6215
666
10895
2238
563
437
871
8341
7698
9718
891
11062
2784
1353
3093
3400
3138
5449
3188
941
3416
2294
9120
1542
5461
4359
9735
7910
4622
6747
11987
228
6235
9962
7428
4327
6430
3997
9983
4701
11960
9662
9738
6918
6913
10413
1637
5031
6493
9912
2965
657
10116
9564
8136
10831
2406
9423
6534
11624
11302
8017
11478
2753
1512
5528
2819
3390
9445
1926
7483
11933
2184
10221
535
5436
5239
9603
4300
1480
4741
12208
12298
4151
9649
10376
8161
7279
6260
4698
6273
10130
11118
5429
4548
7676
10542
8025
6331
4489
5346
10278
8690
2149
57
8891
8593
7703
3495
2262
10294
8350
2808
1518
5473
82
8162
536
8610
11153
2685
553
5252
1373
10014
11952
1814
1434
2956
6695
8109
4527
10280
2306
2912
1297
10296
2765
11596
12265
4361
1116
1303
8253
10153
4152
494
3711
7445
5928
3417
2570
1650
4017
2938
2261
11902
7976
7503
96
5453
3125
9948
3258
10057
9680
9095
3443
2968
6888
8857
1651
11630
8831
8115
10355
1249
144
9984
1818
8379
11839
11476
6689
6419
5403
2673
5242
11955
10507
2907
8382
11311
11088
9667
8388
9986
12194
1345
70
5382
10404
8837
9678
8329
10214
12196
1653
4623
2100
10285
10011
12288
11831
4193
2931
7432
2141
6409
7246
10152
372
6702
1296
2466
11396
10460
10118
10444
6218
4343
8302
2040
2171
11991
8506
9655
9963
9733
406
11203
401
4455
8260
5035
2667
11922
9426
6717
2686
8504
10429
7441
10769
8803
7824
7537
4516
5469
1622
916
7329
2928
5208
2660
11370
1106
844
8703
4769
7387
6290
3233
9933
10297
7422
12317
4306
9753
5955
4146
4026
1426
10326
8324
1324
5398
8184
11947
10281
8342
7365
5270
4532
8206
11450
2009
8346
4985
6364
8137
11135
1257
7902
1454
2470
6926
7816
834
8523
5393
3254
11889
5417
8227
11538
5297
7825
5058
3122
11573
10491
4691
4530
1947
9725
4647
5000
9689
2156
4184
8361
10270
6247
1713
11606
9907
10667
10037
10438
7529
2792
8225
4598
6486
11159
6313
480
5025
12308
12234
10072
3466
10889
6730
11094
578
6434
7401
195
5302
1940
3505
10174
11607
10690
5609
11295
2755
1703
10157
4639
4560
2130
9891
1639
116
3696
11144
1273
8885
1339
7348
5464
10159
5413
9742
6351
8024
8855
4313
4048
6373
7444
4712
5066
2334
6359
1599
6347
11277
180
2132
5553
899
10099
9916
10356
10573
4510
11056
2941
10220
10254
10209
10665
1269
1944
2491
7286
2724
7244
3177
8322
5074
3449
4201
7879
2415
9103
4763
5420
373
6719
9105
5380
9908
4038
8319
11509
7240
10140
8729
1484
7822
7869
2668
5960
8529
1340
5441
2447
7409
1504
7834
1479
6423
7431
9949
4663
2365
2921
843
10365
680
9664
3999
12233
1664
5385
6282
9744
81
7501
1647
10881
11332
10241
1721
8197
7440
9679
1670
2246
11318
2087
6492
10591
10516
5322
7353
7453
6482
11372
5271
944
11927
3098
4464
11973
377
