27
377
46
186
283
169
45
73
51
49
199
182
244
278
16
54
233
173
256
107
241
388
335
40
20
58
121
113
43
91
56
298
89
146
180
214
376
201
237
41
209
248
159
79
333
364
206
175
331
212
236
381
8
1
324
325
205
191
38
0
140
341
348
273
203
149
332
204
151
291
78
61
90
190
238
390
196
372
312
339
375
119
128
359
318
101
63
367
304
100
22
102
281
165
258
321
161
160
142
374
253
386
198
188
300
334
25
371
373
118
162
130
280
164
222
202
294
152
15
37
293
346
265
315
369
276
66
314
59
394
391
75
111
136
35
356
363
114
235
112
36
6
166
126
299
133
323
60
347
163
218
134
352
150
269
225
344
240
21
147
171
383
306
308
80
252
97
5
349
197
30
262
176
139
26
2
401
350
98
117
172
192
234
288
328
156
399
17
52
243
395
64
259
47
322
177
67
57
246
155
168
71
215
216
389
207
108
48
69
402
286
345
317
135
106
13
4
326
103
290
24
277
368
358
311
385
266
338
226
88
330
143
32
230
187
296
131
297
10
268
87
355
223
254
267
224
382
327
370
249
301
174
14
200
74
232
137
316
360
115
343
84
55
99
211
353
289
242
31
96
227
398
396
310
194
392
284
393
157
104
264
179
239
231
18
68
29
400
219
153
282
320
336
72
365
247
210
167
158
303
342
361
81
125
148
229
170
141
220
70
260
213
34
77
340
295
7
378
319
95
76
384
