4063
1335
2010
4599
5966
448
1259
4294
6882
5725
741
2621
3946
1080
4200
4845
6913
6272
5254
1541
5959
6263
6588
3109
6969
6298
5400
3926
3499
3388
2078
5204
4858
2650
380
4966
5420
2066
925
1466
109
1493
43
4902
217
2174
6193
5811
1856
5245
5710
4376
6038
4344
2709
361
771
5022
6039
3045
872
3113
4446
4518
4507
2772
3525
4067
1843
3999
363
4613
3145
6265
5027
6935
3419
3631
2966
4066
5828
4266
6439
5342
2293
1225
1193
5145
5396
49
3548
2273
2212
2798
4564
4391
1031
2332
3460
1605
3408
6213
3847
2459
3699
3342
1297
671
4422
4242
719
6535
5436
3289
2619
5485
2484
3989
2946
1918
5619
2189
4289
557
2892
6962
6880
2686
2989
6362
6148
6546
579
4734
3238
1093
1258
3245
333
1590
6746
263
915
5592
1906
6912
1012
6590
1383
168
6894
3248
5305
5360
5241
3199
512
6251
6047
2221
5193
193
3098
1534
3230
2712
2808
6954
5222
464
1559
2646
2022
6940
1704
3528
1317
2388
1609
6793
6023
6537
2141
4566
2587
4072
1425
5107
6654
5090
6711
2571
1112
1696
1094
2806
3506
5116
3249
1428
4377
3071
2660
291
1499
3411
2740
1344
6493
2314
416
4014
531
3448
2107
4409
6564
3131
1861
1697
4658
693
1492
2742
3018
5912
5730
6144
6048
5596
5962
1123
3963
5951
268
4977
6334
6476
5061
4083
6966
5397
389
2611
2890
3576
837
5496
1047
1251
6603
4630
5069
1441
6889
2850
358
1202
6244
5271
5456
40
6522
17
6471
3373
6071
1900
3654
2111
3443
5247
2407
1706
184
2676
5616
4992
5324
2201
4909
1223
3216
3833
4722
3457
1888
470
3439
3049
4973
6484
385
5560
6754
5608
3110
6640
2435
1941
3253
4293
2075
3708
6939
2125
6856
4442
4896
968
1483
5025
863
5733
2076
2122
5095
4385
6891
6276
5081
4869
5232
3112
4273
4761
1643
5179
6777
5298
1954
3152
2833
2813
5455
3174
1650
1088
1393
5711
5349
5502
1152
4229
5238
5426
2195
6677
3523
3078
527
5794
5572
3100
1820
628
4180
5338
6398
4449
6563
3532
721
6101
6649
723
2206
3647
433
3413
5783
1423
6396
780
2838
4771
2327
1905
6949
4121
1883
1485
2181
4879
1969
3751
4603
360
4609
4905
6365
2999
3505
2453
4575
822
4893
5207
5105
563
5665
290
2417
6964
6125
2434
4849
3398
2144
789
4505
5771
131
2756
1033
2586
2095
828
2283
1217
2261
5211
1933
152
1817
1306
6636
2468
3486
6911
2070
5940
2244
4572
4812
2945
5059
3064
336
916
4682
497
5971
305
1582
5614
4016
211
5513
2349
5889
4278
6183
4457
2594
541
2785
3428
3594
4614
2682
5415
679
4335
3653
4520
444
980
4081
5838
3274
1767
1707
3965
2652
4900
4421
1221
913
173
2805
1839
4166
5099
4834
6031
5960
6951
6743
569
3733
6463
5480
4787
6900
4464
766
1082
6875
3015
5390
2851
6485
3701
5856
5446
4114
6480
6440
5425
3960
2151
5301
3717
6328
6868
2246
5867
6237
4401
3702
1481
2755
2465
6621
3971
327
5409
2324
5452
5215
4170
2267
5174
4345
6399
4651
3405
4404
3000
4315
1771
320
3589
5726
1133
536
5178
1440
6428
3508
3789
588
6329
3890
2477
6652
786
1533
4739
4354
4792
4595
2276
98
3988
2297
4327
6110
3495
2191
6118
1206
1522
6275
1987
3648
3198
216
5464
1527
455
3453
1145
6121
4939
988
1487
2517
4870
4045
4133
4280
5915
423
4795
1629
311
4990
3104
3132
400
1595
1256
2006
3096
4783
2258
2577
6070
2941
4558
2527
5434
2121
3696
5900
1090
3575
6952
5477
111
1615
5437
3061
3487
78
1652
3401
2567
4995
4149
6283
6405
685
6664
5797
2138
3967
549
6556
2663
2809
5430
3029
4336
2666
2629
5821
5728
425
4653
6016
2421
2903
6282
3270
4362
5283
2193
6442
6202
3382
510
1065
4108
2358
5595
713
5064
3526
4713
4504
3527
4145
2536
1893
4455
3483
3257
6010
3250
1890
4794
3123
920
5461
712
2260
5310
3753
2123
3118
169
4919
1695
3220
3390
6738
2557
4406
2509
6172
5015
761
6391
3910
3519
2338
1557
3057
4815
6511
2159
5192
1509
6323
3739
1836
1106
5000
6947
4692
5478
904
3925
2363
3328
300
5534
1003
2116
6452
5961
5677
5092
2088
5445
5218
6509
4408
3582
4142
5708
4622
3766
4596
5125
4468
1763
3803
943
3738
4416
5905
209
2839
3645
946
4604
2479
2627
5384
1057
3897
5812
965
808
1924
5514
3271
3574
5233
4304
4100
3893
4925
5981
1712
6708
5494
523
1264
5408
5440
481
6102
1374
4323
5674
4452
1312
2043
896
4261
220
2344
5752
5652
1041
6884
6004
5347
3050
880
212
4998
5447
1788
5071
3055
2474
5629
2425
3921
1953
2105
5531
1895
223
480
2357
629
6662
610
826
5607
1154
2019
362
3962
3166
3744
2747
5698
492
6123
3310
2335
4118
2495
4757
2491
1531
5579
4819
1521
6779
3923
2770
3059
120
6157
1336
6293
6075
5571
5763
1547
3136
5769
158
348
4748
3904
3202
4070
1907
1199
1935
2167
3374
952
4784
2918
5162
6327
5876
1298
6291
5164
4665
2200
2315
1337
5862
4186
188
1664
2572
1228
3596
5972
4525
6539
2337
403
3157
4340
6611
2537
3896
4916
5667
1589
4343
6589
1807
1845
4805
5718
6084
5117
3368
2441
1218
4418
164
2922
1176
1170
6468
3237
2253
5422
3990
2936
3882
1382
1220
2083
4740
3400
4207
5926
3489
1283
2540
4086
3193
4727
2739
814
5302
2487
454
140
6625
6839
3225
4705
5240
3445
748
6224
6359
1791
4982
534
1560
2832
2683
4426
122
4848
3534
312
381
3108
6135
931
2254
4495
2790
875
6033
3650
970
5048
655
3977
6376
2817
6236
6225
754
3849
6139
2836
6647
3148
625
5209
2917
2202
414
5295
6262
4171
1530
654
1879
1641
3846
3331
1757
6885
5898
6339
6926
555
5774
1637
2891
4296
4709
1406
5391
6658
4874
5169
2765
6496
6234
5362
3940
5520
2090
3036
1157
2400
5078
1191
1173
2197
4706
383
5077
3561
2965
1977
6955
1375
4733
606
4954
5080
15
1908
4601
3758
6336
1901
1320
183
4334
2274
4560
2926
3430
5734
2847
4281
4949
1965
5657
3424
3471
3226
3053
6074
1663
6132
6568
5761
5853
1703
2623
5854
357
2146
118
6422
3181
114
4907
6486
355
2810
5990
997
4707
4631
6852
1457
4628
2846
664
6915
5606
3659
6757
4580
5354
3547
1911
3916
1471
6011
5118
66
4576
727
388
2678
4040
525
3337
961
1036
2361
4176
794
6561
4822
3922
1000
218
3969
4302
4559
3968
879
4313
6650
401
4764
4760
1432
3577
2684
3721
2060
2674
1721
6029
842
6390
5210
3416
1496
6026
12
930
4978
41
85
2203
4298
2084
6851
5082
6404
6674
1812
4641
3748
3464
461
5547
234
1848
1370
4600
2381
1222
1586
5127
4096
3764
5887
6108
2172
3615
5377
5580
5681
3792
2109
2371
2091
1750
4587
1793
2754
4060
1121
5825
1655
1226
253
905
873
2975
5656
1694
2464
570
4183
4211
1358
3698
1958
5823
5427
5836
2385
4803
3595
1994
6794
57
6770
4201
5965
3954
6100
1255
3538
5988
2485
3777
1891
382
3720
5028
2607
5997
3258
2923
5659
2638
395
2573
48
5253
4413
3268
6210
3907
3657
4793
6381
293
2556
2184
6260
486
5320
1903
4606
3066
2467
3444
6143
4319
921
5995
2735
261
4914
5454
1405
4615
5474
3714
6833
6638
6281
5641
4855
1102
6402
4698
5569
3074
1429
3719
3900
5576
4881
6931
4581
2991
1715
2176
3478
5136
2223
5955
4037
6864
3463
1044
1331
5221
4146
4922
3984
72
2964
2602
4395
775
5717
4291
1938
3725
973
2328
5035
3321
1414
3949
6792
4124
3688
6481
1514
2033
1801
1136
665
496
3446
4469
1572
1100
3549
2933
4098
460
6861
4032
3356
2584
4825
5871
230
5314
4831
485
5113
4257
4383
6475
3491
3779
6294
5380
3806
5100
3680
1362
2384
2794
6573
3927
3184
3687
4676
5237
2092
6197
5883
5693
561
1350
4726
1513
2362
5198
2012
1162
6162
3197
1186
4591
1646
3783
1542
366
3604
6241
5413
5345
6208
4179
1841
236
3431
3860
42
2726
998
2768
4093
878
1438
935
2550
3067
6855
3640
187
4725
4976
1939
102
6853
2430
2341
1685
5663
2848
871
5695
2620
1553
3535
4827
6707
4009
5852
4868
3908
812
5326
2039
622
3901
4316
4478
6632
4310
3983
1066
5594
3329
4673
5813
6709
2499
5096
3852
515
1573
5056
1822
4636
6458
5399
4197
4918
1760
6053
5493
3507
5934
4801
2759
4829
4248
6491
3770
482
6067
5068
3124
3959
1956
2228
897
3727
4700
6220
60
5543
6745
6152
5591
6120
3496
4052
5263
6160
5195
1348
5644
2073
1966
722
207
2784
752
3554
6600
437
3980
5973
6767
6759
1631
4723
917
2348
566
321
571
4092
1882
5782
739
5820
5376
3011
3244
3130
3889
5603
3677
4533
4282
2654
4427
6177
350
5114
649
1444
2541
2236
1216
701
3742
5907
3311
2609
1917
5308
6009
2827
3934
6142
5927
3102
6644
3151
3033
126
4126
3826
2826
5402
6393
3381
5439
4174
1168
6527
2787
6190
5634
3056
2117
1247
6831
747
2801
4773
2872
1639
4597
3044
1916
2670
2081
5280
3041
6699
2583
1178
1500
5110
6119
6147
4767
3128
6536
3686
4148
6044
5488
6117
1377
1795
942
533
4260
1261
4503
4647
5946
257
2391
6832
2035
1211
745
1328
5053
6479
3840
5109
847
2564
5330
5557
3871
4931
6604
6209
4833
2429
5003
5880
2950
1373
4808
6946
4194
2353
746
2389
5019
3378
5026
3824
1260
2455
5214
3511
4856
5112
1691
3153
4852
593
6769
6087
1363
2741
6050
6530
5601
2881
3498
3837
4785
3691
985
2873
1610
3085
3974
2961
6072
5933
5088
2615
5321
2256
4483
3414
3820
4184
4789
6722
6890
4314
1361
1926
2294
4240
6249
4872
5773
3415
1622
1035
5484
6613
2672
2877
4236
2694
6598
1546
6371
6035
3385
2100
6483
2287
3014
504
5848
1049
1205
2243
4500
2423
6721
5497
877
3160
4137
5843
890
6292
5723
3075
1824
6726
6684
6469
5277
2831
4704
4927
5798
2449
6151
5684
5865
2973
2288
769
2730
3986
1619
3475
1858
6258
379
3915
4579
2968
2166
6342
1768
639
3088
5943
1334
6388
6608
900
2763
5038
4012
3492
1096
507
972
2135
594
5787
2598
6092
3642
112
2393
4331
137
36
2800
149
3451
1203
576
5707
4394
4680
3306
3418
3913
1076
564
1600
4544
6584
189
4561
21
4703
2906
1864
6737
3997
6897
1884
1369
6046
3039
1710
4231
2570
6434
928
6414
5322
1327
6289
2937
6668
2309
1735
3343
5479
2979
4659
1114
4637
1009
4928
1227
324
2005
6971
2588
1925
1450
6612
3256
2269
1409
3622
6924
5231
2955
5285
6526
2753
653
4941
3287
1052
5344
6730
6344
6051
6058
5939
3825
6088
3956
2104
3601
4968
5941
1779
5753
4196
1484
5980
6130
6352
4758
3978
3836
6566
4292
3938
1187
4367
4991
3975
6056
3573
4113
421
4321
5063
2878
4912
5140
547
2701
6878
6186
3467
6505
4994
4436
3005
5892
6945
5187
3814
5855
203
3529
2199
2
977
5011
1678
4069
317
3536
6083
1654
3541
6028
3590
2904
3178
6060
785
1379
3344
3776
3234
4512
2974
1465
5550
1699
6698
4111
1970
6609
4352
2505
1491
5316
1940
3818
3571
5385
5227
3292
4921
3035
4521
2789
6953
2616
235
3179
3771
6616
1834
909
3533
4244
6325
3394
731
5459
5545
6840
2113
884
3276
2814
2508
5327
6042
4892
2724
500
1693
4102
469
6267
6341
2591
3743
6764
2715
1543
6063
4650
6502
6744
578
1716
2112
4448
1339
4430
589
204
2995
4851
347
190
783
603
760
3437
55
2157
4999
4640
2343
768
1529
4809
609
6830
2245
59
4548
6055
1921
6576
584
5239
4434
6705
4752
6876
2016
4101
5814
3490
6080
6808
5115
3845
6893
5050
6373
5870
6781
3815
1455
399
105
6829
3313
3703
4718
2634
2690
718
2326
3513
3433
4965
5622
2880
2308
4616
637
1201
2190
6215
3502
2438
2350
5739
1289
2108
6937
3603
2404
1744
6592
2098
5911
5548
5313
4374
770
6322
4402
645
5748
4301
4213
1394
5267
5765
3635
2899
4715
4115
3569
2079
1748
4251
1598
2134
3365
5043
2644
2951
811
2853
5272
2057
4152
1585
6873
779
6211
3919
5613
3176
5507
967
5185
885
2106
1859
2752
5457
5891
2032
2842
1756
1460
6797
4782
1287
3012
5191
635
3141
5849
2470
3376
1380
1449
5930
2089
4043
3570
6036
206
1967
3602
2454
441
5281
4993
281
1299
130
2383
2600
1835
5024
450
1766
2984
4683
5441
4846
710
6934
310
1079
3046
107
5750
5350
1959
6297
4337
3091
262
5093
2397
983
6424
259
1215
4770
6069
5874
592
2934
4529
4269
1479
5031
582
97
2160
3403
3316
6129
5646
1368
54
456
4414
4696
4277
5808
5851
5588
406
6041
4736
4285
2727
3172
5394
4913
2561
5578
4573
3879
4480
3338
4372
4325
1224
4903
5083
2414
4138
1584
338
2250
2305
1468
4435
5888
99
3707
5205
2915
5266
6895
6881
3348
3920
2482
3608
1300
3222
605
4843
5620
4275
3177
3530
6231
1679
3389
171
1979
4888
5371
6783
3472
4135
5108
4008
6818
5841
2303
4571
2545
5418
6950
3790
3976
2405
1185
3349
840
3149
6466
553
3170
6235
6670
4535
3899
1519
2369
4004
6820
3246
2885
4690
6302
2387
5895
5329
695
1452
4810
5922
2249
2142
6030
4960
6520
1489
682
2596
3881
5290
3242
2490
5199
3906
2599
4750
4097
5637
4143
5157
6540
4307
1968
6271
5005
2110
3379
6973
6582
4971
6217
2345
4005
1502
6750
1594
914
2498
2013
351
667
5234
6816
1910
4531
162
1398
4082
542
662
1039
2238
5469
2401
3651
3629
4215
3842
6163
6171
6857
5518
3218
2062
5850
3335
4510
4766
4786
5202
6775
5834
6701
6599
292
6676
5186
1391
4501
6790
5740
3140
1683
4511
4300
974
3514
2162
1181
4935
5517
6261
6972
2580
1881
70
3759
5076
3592
3020
6133
1131
738
3042
1180
5605
2981
2129
2685
3399
1013
438
6091
6164
1087
3456
2266
1920
6295
524
432
4610
3323
767
4217
6184
1469
728
19
3512
5274
4088
3312
5167
1059
2375
5549
5129
4689
3107
1209
898
924
2734
1618
2469
436
6838
2209
834
2769
6914
659
4235
6883
6199
3816
1055
3297
1902
3155
5361
5860
3082
3375
1991
1973
3283
3255
2082
6182
4865
5986
4790
5378
3942
5521
2852
1252
1818
4181
1027
1934
6605
2247
1128
867
5138
5058
6550
6216
3454
4370
899
318
2843
2711
630
6841
3481
280
2355
4568
2888
6517
6659
6941
4364
4433
1948
6512
5776
3898
5317
3395
4545
5197
6932
5932
1653
4203
4239
4861
2856
5896
6835
2524
1111
1475
844
2518
479
598
6146
4224
2226
3154
5075
73
6623
2532
4494
5030
4823
757
5584
544
3656
415
3121
5012
215
352
1415
3187
1118
596
3262
6413
2235
2866
4952
3063
881
299
6879
1540
113
5692
4259
4617
6085
2900
5790
1307
5615
4165
1293
372
3192
1023
6389
3712
2563
2876
700
4859
1430
556
4890
5462
1561
5499
5500
6455
3209
3832
2213
5328
35
2606
1439
929
6167
3700
386
6081
2461
2639
3120
5243
1741
4308
4556
4684
5632
4117
5586
5929
3835
3380
948
4104
1054
1962
1314
6927
568
6559
5528
4216
691
5152
1
4407
729
4000
4284
2996
5358
4132
4238
1402
6975
1089
1007
923
6801
2171
1651
3649
5487
3111
4915
2928
2942
6834
4554
4350
2432
5593
6872
4516
3217
4940
3524
6355
1705
554
2155
2127
334
4719
5676
1104
640
2356
3982
6034
4962
936
6145
4438
1151
813
4649
3874
4328
205
3830
5366
5647
3587
799
5098
1081
860
1325
5333
6908
5969
5252
1182
5039
418
2133
284
6516
6826
4366
2762
233
1892
824
4015
1166
4948
1058
3918
4347
941
4867
2428
4519
4670
3580
4883
1204
6280
4094
3076
2597
2207
2277
6663
1396
6239
251
354
6848
4168
4755
6673
4001
2177
4078
1673
1070
65
1982
5542
3019
4076
1899
4322
2041
1736
3665
2626
1364
3876
4363
1190
5276
4219
4195
6557
6503
1110
1612
2299
1138
5343
5084
1272
615
6514
2604
2605
127
369
5370
270
6368
5826
296
5565
3829
3998
3853
5957
5869
4286
6285
6643
5501
3285
6068
2967
6410
4920
1442
6232
6837
82
993
1290
3406
5047
6772
6800
3412
6579
1759
2255
5054
2751
3620
4926
1473
6508
883
2248
5998
2574
3233
1636
2601
1474
6348
3636
3567
2958
3215
5754
3195
2478
1717
5309
1340
4654
6467
477
64
6687
4753
2680
3658
5149
6919
3147
2905
1308
5414
2156
1737
1304
651
6226
245
1343
417
750
3931
580
5638
1410
6268
6250
704
2944
788
6660
6115
4661
2531
3021
3810
2510
1017
2895
3732
2004
2675
3387
1919
522
2821
1426
1433
950
3944
2662
1141
644
2818
4487
2211
4509
6242
681
815
2775
5143
4491
2710
5374
5830
1742
2897
170
229
2086
3768
6095
1418
5535
669
5120
5412
1158
6960
6205
5476
1436
4046
5643
4095
6253
6358
3961
3024
179
4557
4959
2553
2433
2645
6766
4493
2025
5036
3765
2703
5570
1319
5807
4847
1576
329
5816
94
5265
5369
4011
1078
1385
5236
4341
1230
2693
1936
4150
1574
3221
5835
4744
3384
2071
4668
4212
2910
5993
2286
6706
5085
3304
5336
3661
1376
3638
4955
1042
2641
2691
2820
4158
3095
1463
2592
3873
4255
4862
33
5768
3827
5556
3474
4405
5282
4639
2219
4079
932
3084
758
5944
5037
650
4454
1802
2452
46
3597
2661
5685
3981
3798
200
3749
4553
5700
6866
3823
4119
5242
6264
1873
88
4778
5387
4456
4882
5817
4889
5564
1596
3133
6570
895
3610
1914
6798
2310
1477
5258
5382
4513
3854
1171
6642
995
912
4496
4232
58
5897
4041
3345
3800
5931
2664
2630
5893
2489
1091
3869
1961
2738
1126
4175
6277
6077
2115
1001
5699
4549
6849
4593
2781
2085
5818
4836
981
314
4577
1371
6487
434
1518
1984
4127
4620
4472
4686
37
6560
5365
135
5845
818
3850
6723
5163
1558
3704
3672
4985
1365
573
5134
3778
4338
6907
1722
3168
91
1085
4415
264
92
1285
1579
4058
4629
2186
4462
976
3099
483
2262
4526
1624
2559
5419
2628
1302
1476
4904
5148
6420
176
4850
3579
4975
3761
4234
295
725
5257
4981
4729
5590
1727
5909
3775
3863
2252
776
5842
5875
6233
6473
4412
3972
6551
1501
3722
6343
3427
2930
2544
3480
3032
129
3347
6397
459
5686
4524
4348
2776
4206
1592
4486
5978
4167
733
1840
1318
5789
3273
6806
3936
5704
5902
940
2295
4463
410
4243
4431
5803
4131
6311
297
1789
6407
2704
4828
2367
2220
1709
5540
142
4481
325
6933
214
4677
2137
1749
2148
2530
3560
3808
1119
5032
6836
2736
3793
3973
4027
3660
2982
4297
1909
3068
2791
3034
4958
2496
6345
2325
11
2251
2757
2008
6218
5861
4807
6418
5458
3371
4419
5917
3878
5786
5530
2887
4806
1746
2390
6372
3307
2555
2956
3905
5465
887
4972
641
22
756
4390
4192
5533
4445
1043
4633
978
5323
6490
2460
192
4268
3402
2864
457
805
3690
5196
4534
2782
2097
772
3350
6014
6822
5989
2320
4841
1451
1604
692
6602
550
3137
4528
1046
26
3598
1424
1566
6364
84
5573
3809
3377
3880
5568
3928
4663
2614
5364
2987
5135
5291
4769
108
1120
71
717
4185
1309
5741
4582
5928
1724
4906
3210
5219
5213
2395
5133
3799
3473
4227
1580
2548
5273
3715
3305
6316
1898
2828
2415
5160
3550
4017
4983
1291
5212
1670
3572
2368
6284
6728
2379
5073
4432
121
5381
1388
3129
6198
2021
4271
604
2673
4652
4648
764
4884
2436
6191
2087
6825
2139
1048
2143
3228
1980
4980
2472
5442
4638
5224
153
1562
210
2837
2914
2300
4987
3710
161
825
714
3646
1570
3139
6803
6523
4267
2731
3363
4515
2749
2296
591
5627
3146
6313
4346
3562
3522
5882
3459
4250
1495
4570
1777
4080
1384
4942
5460
855
3987
5694
5662
4943
3468
3324
5583
4539
3542
1988
5171
2585
2493
3939
3791
5119
1248
1783
3212
335
4543
3265
5744
340
2413
1147
1989
1830
6578
1786
2227
1826
5379
1149
4688
4305
2319
5146
185
3115
3767
3801
6842
6921
4583
1853
1544
4265
2480
409
6902
1194
2581
3994
4672
2824
4107
2003
2689
4417
4746
1661
1568
1179
391
2511
597
3684
5654
4105
4399
6464
1515
2458
3953
6586
1346
4353
4375
2017
5947
6385
1838
5183
2323
4003
6595
5248
5749
3885
5949
907
2528
2374
6543
3757
6387
3201
243
5383
6112
394
61
6185
2444
1780
1482
803
1751
1932
6330
2094
5903
5334
6626
6720
4485
6500
3269
678
5720
255
1923
38
5289
6150
5824
289
6661
1762
5878
6651
431
3970
1660
451
2488
180
5908
3772
3841
6710
3870
4711
2579
6574
5188
2980
1676
4393
4608
373
4945
6098
2802
3013
5297
2948
1554
2476
2523
6925
5287
6786
6525
6553
2699
6227
260
178
4678
807
4938
3865
5001
2811
4164
5256
5482
3025
228
4156
6583
420
1280
2152
2007
6859
5904
6519
6714
2729
3002
6712
4159
2154
5827
1183
5873
452
1446
5353
839
3605
304
2431
2503
2063
484
5864
2901
1498
3150
2986
2924
453
1347
1250
5158
859
6804
1723
548
3189
2698
3955
2665
4110
6309
6012
4073
791
4538
5666
849
6423
4099
6155
5177
3584
4368
3261
6942
743
6810
5261
2399
6607
4349
6126
3497
4886
1946
2983
672
2080
4077
50
5091
3817
1960
4444
6715
2940
5516
6784
2716
565
4864
3872
5251
5443
3494
2447
2988
1823
5538
3386
1511
6956
4112
252
1837
2687
3449
1684
3161
4262
1210
4899
4476
892
2270
674
5352
1832
5589
2271
2719
1658
2919
2044
2214
3540
6082
3586
4467
1322
2702
3016
2855
4738
2612
6154
2746
1731
607
5180
5319
3724
5714
2648
5772
4355
6245
4547
5288
2020
4477
4934
430
1951
5819
6916
6214
2823
5367
4172
1761
2175
2217
6575
1671
3295
2788
2054
3558
865
2854
677
241
6079
3279
1161
6510
5278
4034
1827
6338
6725
979
3676
3134
6254
4820
1550
537
4887
5958
5168
587
4656
3623
3293
5806
2767
831
543
709
123
4295
5417
2549
3040
1526
6823
353
696
4924
2466
4103
5673
4272
3760
3314
562
3023
4687
835
5660
4737
6416
1602
384
1520
2198
134
3205
5249
199
2939
5963
6948
378
3429
585
5751
2637
634
6628
2036
1852
1097
5729
4774
5716
2208
5481
6094
3122
3517
856
1103
5220
3504
4586
3557
4929
4373
4824
1588
4440
411
6256
3531
4645
6617
1633
4065
1219
902
6622
1326
4536
5575
1028
6968
4875
804
934
4517
5558
540
708
6518
2779
5466
3017
3477
4989
1611
2943
3336
666
3763
6429
2551
6179
4627
3484
2737
1894
5121
5976
5953
5041
4226
3883
5004
4693
6961
3639
848
1819
337
4134
2233
6049
1517
4290
3003
404
4946
5453
1397
6860
1403
2925
6363
765
6601
4584
3156
319
526
4130
5182
4306
1730
6869
3884
2241
5410
6301
4842
744
864
3165
398
6886
2409
6449
5636
5804
4128
4254
1387
2640
1975
1815
5226
2632
4258
4498
5702
3515
4721
602
427
3616
3391
3332
3888
5363
443
503
5472
661
3894
3294
5935
6538
3144
4644
5217
1718
5609
1538
1159
6032
1800
3281
3315
5992
845
518
2471
1591
125
2321
342
3780
5738
1019
4129
926
2483
1745
4053
668
1351
1074
2610
5406
4626
6702
1274
827
6753
1407
5936
3693
707
4
1277
1068
3591
4624
1072
2354
6066
1453
1015
225
3694
4318
4264
2026
3797
3630
1866
2700
2552
4953
1555
3203
3213
6729
1796
3470
6128
6671
1164
5781
5901
4155
617
1728
4895
6158
6807
2279
323
5386
5691
1950
488
1614
4064
322
1833
3410
6057
6498
6022
4162
2636
1702
6569
3223
2725
1294
673
4488
5299
3667
3103
2052
5886
4797
5340
6090
5065
5230
3909
816
6648
3008
2778
1797
5539
1177
4619
1464
2717
32
5051
4230
6059
4775
1525
5161
4122
6863
2618
3280
2347
5155
2183
2463
595
6923
4969
4988
6411
2205
4056
529
76
5122
1140
5141
2263
5018
2997
5269
1232
2282
1632
3668
231
2786
4380
1510
3004
1999
34
6174
3633
1050
4589
4420
1569
2547
247
1733
4821
3996
2761
5689
6614
5429
3425
5519
5294
390
5858
2816
4473
5401
5536
1659
2153
520
3624
823
3950
3862
4342
6922
4675
5925
2766
3318
2720
4863
6724
5225
1253
2101
4657
1497
3052
4984
151
3048
6615
3819
2342
18
396
1875
5421
6799
128
2595
3263
3991
47
6749
5208
5805
4963
5610
3030
3706
1372
3455
1753
3796
2102
5203
1354
3105
3501
83
4074
994
6127
1649
3196
4339
1494
5311
6408
6374
13
5984
6845
6149
2743
5490
2692
6086
737
6811
6337
6597
5101
1669
590
5506
1857
4873
2868
996
6513
2373
951
6672
3247
3681
574
5877
6877
5255
853
1434
4667
5060
3243
4369
5304
5552
1854
4089
5318
2360
984
2377
2237
5924
5668
959
2336
6384
4923
2380
4814
1874
781
6862
2034
6124
3277
6477
6394
1367
4860
3232
2257
5250
1913
2424
3010
3755
1587
2879
5975
2994
969
5894
258
1847
2825
3568
6700
1435
4880
3432
2554
3695
5964
1772
2422
1599
6131
616
699
1863
5201
3354
6958
586
1915
3600
3173
2099
1597
989
987
4136
4763
3435
4388
4777
830
2231
5097
6409
1472
6248
2382
4664
5292
4537
2215
5194
2760
3518
5697
2188
5906
3266
5952
5810
1262
5719
3821
2366
1957
5404
3026
3735
3643
5244
4791
3224
2047
2317
832
2232
6360
1060
3231
4392
4361
3774
4381
3301
4602
2651
5395
1931
6809
4816
5435
1849
2365
2883
3737
6061
67
4303
2285
2515
3864
2723
1169
5731
6369
2841
5166
3299
6805
1784
213
870
4605
1002
715
3599
686
2972
4710
4411
4245
1613
820
2733
405
6099
5832
2976
1231
4177
2834
4818
426
5977
4796
2977
2306
2952
2681
2656
4023
2412
2721
4198
5388
577
5879
3163
4423
6906
3073
3334
2792
1092
5072
2707
736
614
1235
2042
1292
2210
2829
402
4208
6694
4742
2653
316
5049
4551
8
546
3037
3583
3236
3351
5475
5355
5658
307
2406
4530
302
4490
6696
2525
5779
3669
145
4837
2046
2418
1535
5293
5045
4396
4453
5541
1985
3027
5094
3182
2346
2822
3912
1623
6052
2971
6630
2807
4042
6331
349
4567
103
643
2446
3127
2402
1813
2126
4660
4964
3070
4732
726
1690
1638
2340
4950
1101
1667
2239
6228
5017
182
3736
2658
2642
6789
174
4333
3843
1758
4071
124
6054
6380
81
196
4253
3298
1142
4157
4961
2161
5942
5486
939
4482
2521
2913
6005
2497
68
1427
3180
4190
4835
5262
5778
5062
833
4221
6335
276
5743
1952
5159
1108
2718
4311
5703
6572
2543
5463
2376
4799
1523
2440
6494
2445
3204
4780
222
4546
1549
6278
6688
6828
2728
202
646
2830
2750
2015
2118
5070
3958
5837
6017
5014
3393
5170
2774
1976
6970
4756
4320
1508
6159
1564
4299
244
1765
3593
1785
4712
4169
838
1887
2051
5537
1130
1030
3859
2386
5229
642
2558
52
2411
5785
4465
1539
3200
6865
2392
5306
3634
376
5057
558
3370
4731
6175
6195
933
4360
3652
3544
5916
3423
6782
6421
1134
6425
906
5688
5416
1478
4876
2204
3028
6686
343
5471
5881
4246
2103
1488
3367
1630
3009
4062
2869
1125
408
4996
1617
6204
3469
6161
6025
3362
254
2578
4917
6867
2882
749
6431
3858
3097
5002
4674
2352
4743
3692
4643
1829
2506
2442
1714
3566
5010
2264
6571
4400
1038
5200
2093
1270
601
5600
4590
1621
2448
3434
2473
87
611
810
1212
6963
4894
5577
1536
6223
4489
817
4460
4708
4813
4447
2048
2291
938
2589
3081
2927
2165
4646
5732
1032
3785
4802
1995
3856
4109
4716
2150
2893
6141
6386
4944
1773
6138
850
1732
990
991
1754
5102
4091
732
5184
1794
4839
3190
6785
3409
5611
1470
694
6406
5259
1769
5831
3911
6874
1378
777
4160
1095
3632
1811
186
5325
6324
6771
499
4458
2520
4332
6206
5483
6134
1342
1657
1413
2334
6013
4256
6370
6675
4702
1792
1726
6037
4324
5223
1323
6107
3957
6103
5780
3286
4371
3565
6378
3637
3465
1869
5649
3520
2259
5144
4120
6194
2061
2403
1774
4178
5736
6383
4826
5859
6821
922
6170
6472
4804
620
5705
440
4832
5546
3219
4720
5562
1798
6716
2668
4817
2954
3346
238
5532
6756
763
4562
1974
5670
1725
28
3745
2216
3802
6959
4222
2024
2534
287
1010
2394
397
1889
5840
4574
2164
6606
1064
4188
3135
3260
458
841
1872
5948
6681
3142
623
3509
4514
4199
4163
3945
6189
5332
2635
1720
4161
6307
4193
6787
6693
3119
6243
86
5504
5994
5648
3625
1708
6349
1352
6178
2998
3613
4087
4532
819
2131
4425
843
4007
6415
6238
2302
4329
6305
3784
2863
945
6901
5131
636
599
4588
4410
762
3175
5260
478
6488
2182
4288
6747
6843
1390
1459
2329
1005
5029
2932
2912
1053
2758
1330
5526
3861
3235
3992
3678
6773
1321
730
2185
6633
1755
809
4085
1037
1366
911
163
530
435
6078
6401
6230
4840
4403
2732
927
106
4701
6153
5913
3713
2512
502
3357
4717
2935
559
6043
1545
4459
2655
2783
4853
5919
1412
1175
5392
3813
3993
964
6317
2985
6400
6379
5544
20
3186
6457
1153
3364
5142
1144
1345
5346
1135
6850
4029
6361
5147
1644
4276
1246
4237
2124
2275
6470
4021
1682
1963
275
237
5156
1927
177
3047
751
2504
1551
1200
3240
1399
2351
4466
2229
4957
638
2771
1146
74
2502
4470
3458
6426
3947
4443
3369
6685
4555
4936
3685
6905
1752
2568
1016
4214
2284
2359
339
1565
221
5372
6610
3781
6751
5021
412
6187
424
784
4499
1198
1240
4506
6456
3621
6846
3079
3728
5337
6111
6140
4666
2920
2889
1419
5655
5624
4798
538
866
1665
6909
1627
5921
1454
3811
4857
2475
6967
4578
3452
6507
2398
5618
1828
2949
2002
3521
1743
3941
5007
4908
1825
782
269
2576
5432
2993
648
2815
2224
285
802
2149
3308
4386
5661
5737
6918
5822
660
3985
5165
705
1563
6436
1713
4901
1242
1395
419
3229
6529
1143
1139
3383
6001
5206
2871
6332
5126
3822
2416
2313
3683
5721
175
6252
6656
5368
1422
6270
1040
2870
4437
2844
345
4263
854
852
4885
219
53
2708
2456
1964
2311
3516
3769
1865
552
6594
2819
1711
6531
3618
1577
3462
3143
4508
5407
2659
4937
2777
6521
5623
346
2419
1073
755
869
2439
3069
5228
6812
5079
798
3284
3662
521
5612
5389
774
4013
6904
4540
4312
4765
6137
4223
5137
1666
4694
2582
4607
265
5275
2796
6620
3762
1355
6562
274
303
1381
1341
5405
742
5671
110
25
2462
4523
5190
6114
208
1214
4930
4144
5683
6899
4075
6073
5910
6109
1626
505
4441
5450
3159
4475
6667
3709
2492
77
80
1739
532
3563
6682
6122
4585
800
6892
5449
3031
6692
1981
2018
3851
4749
4218
1084
6212
3614
3588
575
1296
5055
24
1062
4779
2312
4252
2613
5642
6222
5503
5762
3697
2845
711
1480
2426
5669
6796
5847
3254
1051
6778
4365
6871
6437
4047
3372
6357
4182
5356
2793
6219
1165
3138
1734
2748
6887
4139
4398
3392
3718
3857
2029
331
23
2486
4871
3726
1912
6780
6657
227
2714
2516
6896
2526
4542
3887
1978
5339
1787
5074
3552
6817
6802
2542
1188
1645
1445
5727
4125
5270
3447
4202
4741
3891
3935
2799
2962
1208
1947
5139
2292
3251
2908
4898
982
250
6580
1601
1949
445
1086
2281
6065
5046
5653
735
6045
3352
5687
6300
4970
4106
5512
6303
4233
5899
5515
6920
6432
5885
2513
493
4154
6776
5348
2647
1992
6240
1286
4351
5640
387
6320
5682
5089
133
2622
621
5444
3679
1740
4565
3510
4685
3794
6528
937
3482
1634
2114
3663
6678
2333
2697
1846
6565
3617
2147
5709
4497
4897
6587
1124
1360
6577
4621
5968
5307
5123
2894
1301
2560
3359
2858
918
1928
4635
4691
6445
2522
5393
146
1018
2443
2450
5312
4838
868
6096
5106
2669
3626
5551
5650
6930
6795
3754
3612
51
3117
2804
6858
773
5130
6089
6910
2862
6683
3877
4788
3188
4754
5341
6533
829
4947
4681
740
2857
1719
1806
3641
6296
4382
4932
5284
2566
581
198
1448
1421
4326
5982
3083
5403
4220
966
6427
4563
583
1692
2031
3606
4625
4274
6814
6207
3207
5724
1056
1701
3914
1738
6377
1207
4854
1945
5746
6008
5042
6938
2304
6395
6631
5009
3227
6524
2501
4356
1790
999
6169
3366
4956
6279
2158
5914
3062
1686
631
2921
6847
6898
3330
490
5052
5424
6824
6156
4249
16
2657
4173
2278
2773
3466
632
1878
2268
947
1862
3756
3361
2696
1416
2533
5132
6478
4379
5040
6974
1303
6815
6854
4594
4541
5956
2909
4878
3065
6451
3114
6637
1386
1310
1805
3607
1349
4428
6350
5154
3493
2218
5938
3259
2128
513
5950
6419
2230
1567
1150
95
3171
3807
6844
301
3214
4634
2679
3093
6788
5945
2603
4911
3804
1083
6093
3578
4762
5087
1537
6062
3903
4187
1593
535
3705
1392
6917
2803
6356
2056
2000
2192
3895
5128
5863
2745
6255
4479
3101
2744
5067
2330
4669
6347
6489
6474
1316
4642
1417
6299
2649
3585
4059
2339
5086
5111
2145
6936
2722
5351
4205
4671
5764
2688
851
5216
3288
1447
5173
172
6203
2507
