142
923
1593
2546
1424
4349
3226
3934
4041
1180
4361
3739
4306
3568
1487
3386
3805
261
1478
2419
206
380
4374
4129
2859
704
4288
2228
3740
17
3836
3558
1118
2243
1372
1400
3601
2143
647
3754
240
3380
767
3480
358
2362
3633
139
3923
3018
4179
2179
2268
3267
3829
1884
1054
3992
1281
933
4196
2718
1707
880
2510
2824
1465
75
411
2084
3908
4100
941
2136
913
899
1176
4090
3462
3199
3764
2593
1967
2987
2663
1099
2707
4195
1762
422
2852
3441
90
1663
2575
1237
2443
1518
4118
1873
2704
1285
2175
3941
2902
918
4332
2603
504
3537
579
2564
2793
4210
2095
1718
1620
1042
359
3879
3812
3977
3273
1229
3068
1222
239
3645
4216
4344
2661
775
3870
2830
4110
383
1106
473
2881
4168
1501
1236
4046
2904
689
3823
4201
756
628
2276
1980
3074
520
986
2776
886
602
3076
3338
2865
2374
4193
3264
1297
4308
2915
3877
2037
2232
3001
3987
2694
1250
3542
4089
1524
1701
1048
2214
3851
1869
3604
2737
330
539
4109
1697
3973
943
2908
4039
1387
1462
1810
1116
3897
2632
3155
2223
2139
2304
795
431
436
2472
3346
1219
2358
3088
3110
1767
1385
547
2183
2346
1209
1763
4214
2584
2395
790
2780
1040
1052
3382
3414
2807
290
4174
2280
98
2118
2142
518
3706
1388
720
533
146
616
1288
2787
3248
2998
3857
2461
1206
1543
2345
2186
837
4013
2674
3728
4331
2577
717
1614
4314
3393
3339
166
2145
4282
4366
549
92
2971
3373
3989
3056
2469
617
403
1839
664
381
3936
657
4350
1394
595
3431
3692
2140
1122
1897
88
648
1865
2541
2606
3533
512
4253
3561
2849
2741
3636
731
3228
1419
3474
3289
3415
4353
1954
1899
3169
3640
177
2655
3731
3207
2248
765
643
1788
2730
3594
3438
1324
2856
389
3696
2262
2117
4002
1848
2266
4303
1754
2112
2061
3259
2629
2623
1761
410
204
884
2460
2207
1649
2570
1480
890
2229
514
1415
2100
1964
2284
1061
4007
4367
1909
4001
3950
672
3565
687
752
1005
592
3656
4134
2420
2250
404
792
2963
3961
3473
3307
4277
2000
1421
3935
3081
333
2783
609
2173
4280
916
4138
1741
2060
171
69
1776
805
1977
1474
1831
625
4181
904
1060
3175
620
1481
1706
2706
1184
3860
2583
3114
1178
2855
4114
2404
1257
34
2687
3201
3058
4035
2339
2190
1411
885
803
1588
2838
3959
1463
4011
4178
2893
1735
1247
580
1745
3760
2576
321
2227
599
44
1374
428
1495
3063
2999
1521
173
2932
999
4096
1396
2390
437
4310
3416
546
3750
3876
3761
2720
453
4312
569
369
2450
2005
1079
2172
10
1826
3994
945
4146
1282
1329
778
1412
1965
2845
1214
1904
1880
2224
2934
1171
1642
1450
366
1038
233
2261
106
193
1695
2451
882
1354
3483
3073
258
447
4077
754
1895
710
1244
2854
2150
2396
3701
3997
1104
3809
608
1825
445
2969
2789
3861
2286
3903
1418
2313
1963
4014
1985
4072
4068
3379
1564
2562
1787
2821
3086
3825
936
487
2357
4192
615
2590
449
2992
1875
1608
2428
4107
1975
685
283
732
3216
2875
810
879
815
13
2701
1500
4140
1467
1115
62
3369
2225
1908
1705
1078
4045
3107
394
61
791
262
425
2604
1758
3057
277
2846
2568
1881
2503
53
4315
188
2614
834
3444
1850
1470
3816
28
1381
707
588
4130
1815
3843
2220
1029
1673
3839
2580
3746
170
1255
4279
691
3953
1485
1639
987
728
4313
2368
819
3995
1567
1343
807
2770
1243
4252
2372
3066
3569
4031
285
2561
513
3435
635
4185
3723
25
4295
640
2559
535
312
644
2702
3354
600
2373
1047
3649
2850
3005
3113
4286
1813
2014
2716
2303
3743
199
79
1636
4085
3084
1211
3963
1000
1468
3470
3109
1357
645
144
495
660
2733
550
538
800
1138
1979
4026
1215
1088
895
1862
1128
2414
3560
1756
759
2967
2784
2311
1319
284
1586
4044
1127
3590
3546
726
1384
2252
502
78
2470
1168
4217
2827
499
3662
683
1451
1765
2108
694
674
1911
2137
991
3345
3324
157
1087
575
3566
3648
83
3062
1259
2247
1625
3256
2421
1746
1353
2057
3945
2558
3281
40
606
1682
4169
3309
2283
4190
1755
3549
3301
2550
3472
2599
331
1090
3017
3254
176
1356
393
4337
2727
4186
2130
4338
1786
3219
4245
432
3722
784
1704
2315
2047
1793
903
2282
8
2671
1256
1569
3864
3197
267
71
2972
928
630
946
416
2366
3821
761
3266
154
891
1616
2726
1051
839
3867
2683
326
1720
1346
2621
1337
1519
49
2080
256
1114
3351
3288
2773
434
3749
789
822
733
3198
1580
2058
4237
3375
195
3863
3434
1574
702
935
3685
770
4327
481
2147
2226
1101
1747
1757
2918
2731
2613
140
94
787
3255
897
3966
3432
844
1576
2400
985
2011
1235
2551
1992
2818
1136
3394
2078
2331
2747
627
3153
2930
4351
3555
1622
2678
3305
3856
3424
686
1855
3847
932
497
398
1139
2217
1710
1984
3960
1142
715
1089
2341
2083
1978
3419
480
2884
734
587
735
4144
1582
745
530
4182
3946
1717
378
2149
3417
2301
3006
172
3547
3290
4082
3702
3013
2813
3933
4105
4075
1751
2699
984
4189
2717
4106
736
1656
1466
4300
2866
3999
2338
1589
2743
3161
2868
234
4141
485
3691
2585
1999
1228
1953
1520
3976
2552
1085
1314
2547
316
2056
4224
698
3019
1102
2984
3096
3596
1230
3708
840
3824
1031
2684
1369
165
2542
1715
3741
2423
51
7
3815
1507
3020
315
1898
3814
831
15
456
2680
501
2795
2873
6
3469
3920
3557
4073
1753
3218
1615
81
3215
2656
11
1497
1638
3659
2406
1630
2907
2820
2264
3014
779
4103
3948
4116
3539
842
86
202
4229
1496
1461
633
3725
3695
1808
2825
3628
2697
1223
3664
4
1913
439
2256
174
2036
2068
2574
1998
4328
1132
2249
236
1783
484
2064
3605
511
4209
3905
671
2398
2688
1585
3868
3736
2151
548
1635
1287
371
2722
2293
382
3721
529
2326
1989
4098
401
2723
3300
2038
1304
3225
4136
2829
275
3274
666
3849
2615
4203
3835
1
1041
3654
2579
4364
45
278
2008
4307
2607
21
1545
677
2070
1829
4348
4221
995
1261
2964
1538
2860
713
612
1773
2075
937
2287
1360
2903
2556
1459
4251
1960
1389
159
1549
198
2970
332
1399
1359
1398
493
1397
1827
613
4091
3735
2591
37
57
543
724
1218
2251
1251
3572
2069
3928
521
1059
2653
714
2596
509
992
888
2833
3949
2099
2844
544
3765
2695
3942
4183
1373
3365
2965
3530
4048
3420
3064
4008
2295
4108
1509
2097
4025
900
741
2042
4034
2233
257
729
3302
2605
3893
3430
3545
1364
101
696
327
3270
1991
749
392
1993
24
4263
3647
2455
4176
2989
1845
531
1120
1504
700
46
328
2698
1034
4304
773
4268
4334
2822
2994
2305
3848
4133
3667
361
1958
1175
4226
3993
3353
3543
3713
607
143
619
924
2236
2826
811
319
3100
3738
2355
1146
2215
1732
1962
185
289
1428
3171
2092
3275
3080
503
1657
1645
730
603
3707
1579
4346
1177
4273
1546
3291
4078
2330
451
3646
3716
3484
2012
1472
3347
881
2867
624
921
4343
1217
3003
516
2449
1425
540
3763
406
2975
2689
1866
4260
667
2104
3427
3082
3930
3372
3426
16
4028
3697
271
1076
4248
58
1578
3471
84
3855
1479
3390
1760
2896
3845
3173
56
2988
1575
3099
3931
3097
2549
3540
3154
614
777
2350
2817
2359
205
4254
661
894
2391
2369
4291
1216
4184
4265
3745
1124
740
3532
751
458
4145
3544
684
523
1486
414
796
135
4234
4292
2298
1416
105
610
475
2617
2054
3485
507
1644
1109
1045
2654
1277
2335
2101
3541
1836
1058
4357
693
997
4358
1915
2586
385
3657
1970
2750
922
441
926
1905
3343
2059
2063
73
3151
748
542
3924
1560
622
1363
4267
3172
4293
1340
313
479
1367
3488
2913
3152
2289
2046
3475
3352
2230
291
641
4318
4322
1778
2573
409
4126
259
2195
2308
1126
433
1112
4321
3297
662
9
3967
2361
2880
2968
148
4120
412
498
3150
764
1789
4206
2270
1093
3011
2234
3385
1043
1044
1245
4093
763
917
2890
4225
3878
1749
3176
650
3751
3413
1821
168
2651
2003
2876
2456
4087
2660
2043
367
1309
141
368
746
3015
3717
438
2841
273
3093
1306
3106
2715
2094
2554
931
3913
1490
1249
3
2019
3804
808
226
2986
4257
908
4113
3939
1390
743
4117
3562
1169
2135
906
1506
82
4121
3556
3955
3576
402
2219
4009
1264
3104
489
3817
448
1678
2353
264
2996
1680
3285
665
164
1262
2751
2721
4218
2468
2448
1515
2237
907
1238
4119
4024
2242
3914
1386
3158
191
238
3900
919
2624
1654
134
1460
944
2806
1563
3212
2222
2231
1097
3574
4365
3595
4228
3535
3377
1637
1785
1838
3571
2587
2109
4261
4336
2115
1351
4242
1231
1313
3554
3563
3925
1123
228
1764
4233
150
1037
1489
2177
1525
874
4005
1590
3991
386
2630
1868
1174
1208
3996
1311
3550
1383
324
1077
1083
1737
723
3371
2292
1577
3384
2017
2812
1914
2216
1119
1712
3249
2548
832
1426
1431
2334
590
3156
780
3292
4299
525
2193
452
1081
649
3822
2563
1837
2394
42
2141
2191
2148
3947
1539
423
413
2206
3378
3383
415
2790
1330
3589
336
230
3653
3260
3686
3943
1131
1110
771
1464
1683
721
4326
318
1643
2800
163
1458
2924
54
1027
2505
1956
3077
1874
1377
2933
678
1420
3007
22
4232
3340
3552
3489
2598
1743
2894
3687
2240
2144
1900
2657
570
1053
3587
3974
706
3159
2997
1632
799
642
2714
2664
2700
1292
1341
2013
3651
274
1651
1348
1711
1814
993
577
2686
4320
23
3341
3111
1498
4319
2076
2427
690
1117
2662
1871
3355
836
1321
3335
914
2675
1370
4236
2257
755
3000
1326
227
4173
1832
652
2627
4324
1401
1955
3853
4029
1736
2241
1618
1298
3299
1561
788
179
2799
4212
537
983
830
2194
591
429
3252
3350
1659
474
1283
3163
816
2935
3730
3170
2871
1652
1516
4294
1624
1840
2874
2091
4287
325
138
3698
30
3168
2679
1455
2188
3737
1488
1224
629
132
772
2808
1315
2581
1103
1983
2318
1886
4033
3002
4235
4069
582
2729
2258
1684
718
2065
4335
4363
2878
3108
2711
3392
2245
794
2804
2066
74
3065
1990
2312
821
925
1380
692
1890
1378
292
2777
3098
3310
2705
1422
3253
589
1280
3536
2923
1681
3221
2911
586
1320
2347
4199
1973
801
1901
2088
1759
3429
4122
3022
1867
3102
1258
2417
3641
3724
186
2464
3720
1035
3436
585
1959
4137
396
1640
2692
901
1512
3165
697
1046
490
3808
2708
2501
1968
91
454
506
1207
4187
4015
4289
4208
1961
2253
4205
2424
450
2819
3820
2691
3101
183
3964
668
1833
1740
739
3917
1572
843
4032
3529
940
370
1003
1173
2332
1327
2079
4298
2858
2901
806
2847
1082
194
3162
189
4124
1086
182
3909
1100
93
3269
3634
317
2415
902
133
2834
1592
3425
3831
4030
573
3551
1612
695
2897
4198
1551
1125
3330
675
287
2633
1239
742
48
1036
4354
4139
1352
2892
1883
912
314
1674
2010
571
4352
774
3956
3638
2209
4101
2797
2991
2087
2055
3902
1494
827
565
76
2685
747
2861
407
2886
3927
4010
3209
2184
1910
1550
1835
4249
2290
3632
3570
3826
3894
2507
2397
4036
1382
4316
2513
4023
2106
77
988
534
4274
2307
3261
2500
4278
4270
3852
659
3899
4255
2343
2086
3204
33
3083
2352
2418
1571
4241
1876
1368
605
3220
3875
2848
1300
2622
583
2348
1413
1856
753
1429
3337
4177
2572
384
3844
2673
758
1457
699
4021
3733
1573
4067
2898
3762
1885
1641
27
158
2365
4264
477
3585
2995
3079
2401
235
2405
4088
2321
4194
323
104
1344
2545
4003
893
517
1987
225
2857
3284
2211
266
2132
3819
632
2602
1811
3599
387
2181
725
2837
282
942
2842
3972
2349
3714
3642
541
2319
1650
377
1912
460
3635
2323
744
2899
1972
621
1794
4115
2601
38
3907
1906
1633
3326
669
443
1477
905
3224
3296
3060
1795
3115
593
400
237
2310
2735
3577
2925
2336
2288
2337
604
3263
3970
3374
1660
567
1246
3718
3016
4323
2966
2113
2831
2566
2895
3087
169
2728
1105
2074
440
2314
2281
3442
2862
1581
1453
1210
156
1278
151
2103
4162
149
229
1225
2340
3840
2553
1809
1358
1714
4163
3661
1818
1819
2053
3690
3553
4171
1902
2567
1205
268
3915
2495
420
2597
373
4330
3581
2769
1662
2937
1403
1502
4340
4375
4246
2327
2351
293
1130
1703
1544
2187
2497
3850
152
1511
701
2794
536
260
1700
2098
2221
4275
4112
2677
3803
4296
596
3918
3600
3700
2260
3396
930
4302
3387
2600
813
2090
4297
3998
3095
3481
3071
750
3298
2746
1623
1766
3938
2917
2712
1284
1647
4243
457
3747
1129
1648
1452
2900
896
1476
2805
1279
2927
1254
1864
3364
2246
1084
281
3280
1371
4371
3911
3265
3167
70
1792
1318
663
1889
1696
2071
3308
1812
4311
3055
3871
3200
2452
3428
1339
1775
3629
3842
3090
2609
4372
1617
2363
3598
4220
2594
3089
2062
2297
4290
3919
2392
3859
1033
1907
2422
2189
3538
3465
3348
1882
638
3367
3548
3009
3279
4188
160
654
4256
3921
2713
626
4143
3838
50
2775
2910
1049
3904
2682
3588
1091
4333
430
2119
3329
3433
4272
1263
3482
1226
4359
1290
681
1325
1499
708
564
1291
1286
2588
1842
878
623
929
1094
4215
2213
2885
1843
3689
3990
1362
3580
196
2840
187
2502
66
1121
653
4167
1050
175
3818
2039
3940
4165
2471
1851
2851
1334
3311
4166
3422
2738
2044
1679
4084
3478
3293
762
3693
2512
4301
2131
207
2212
2205
4079
1141
1629
3655
1634
682
4347
519
1613
4047
1591
818
4227
1227
2778
2931
3440
1872
998
3597
1619
1393
488
2616
2631
2882
1698
631
3012
3328
1770
1896
426
4125
4097
3222
1491
1628
1002
1742
1676
3872
3177
3978
3807
3363
3944
3075
3091
719
2291
85
4191
399
3061
269
769
2463
1183
3276
876
1587
2649
1816
528
1894
3705
2494
2457
2045
2836
2749
162
2459
4238
2869
3937
4283
1982
2294
4342
201
4000
1713
510
3205
3268
1375
1971
3010
0
1484
3625
1709
1661
232
1537
3112
1523
3368
1342
390
1289
1232
2254
576
3837
1253
938
3658
1861
3160
3806
1221
3078
1108
4362
2696
1823
3391
421
1310
95
915
4104
1858
3487
1182
3710
3559
783
3643
802
793
4132
1144
3418
909
572
1595
131
2265
1986
1349
2302
4276
3272
2928
137
2772
3971
2009
3388
1733
3910
2739
2077
335
2618
3644
4037
1316
3251
1391
419
2779
2973
2322
4370
63
820
505
3712
192
1769
2016
3813
4244
1857
1626
3834
320
4092
3271
1716
3164
1366
2324
3366
637
1006
2152
3004
417
4202
3748
3223
814
1841
31
18
2370
1379
4223
4180
1777
2429
2048
1583
3926
2204
658
833
3969
2110
2740
3282
99
1611
65
2724
3116
1510
2883
263
2888
3858
1542
3217
2399
2354
1859
3085
1621
4081
3832
515
804
712
2690
2300
2811
3531
1483
1220
2916
680
3951
2402
3262
2367
2608
4309
147
3342
80
197
36
67
1739
178
2134
4204
2511
180
2887
1305
2040
2650
4170
711
1475
601
1748
1057
496
2426
2909
2802
3257
1888
797
1213
4355
2993
2922
3627
1771
2801
2107
1609
911
203
1853
365
2828
2
1028
1234
1863
2105
1790
376
1248
1976
2648
2275
2774
1312
2843
2508
2393
3665
2444
3072
3975
1096
1565
3211
1957
2425
3476
566
2732
910
483
990
4111
1240
2333
2709
2089
3744
4213
3711
1181
2619
14
4043
1137
3755
618
3333
2185
2814
3715
1113
3874
892
322
360
4164
3210
1350
1252
1233
4102
3688
2208
3479
3157
4284
4230
3527
2877
280
408
568
3591
2693
2612
828
2506
2182
1562
3214
1030
4020
2263
1852
1092
2920
3208
4004
2792
2803
1552
1134
486
757
1140
102
3719
1179
3376
1566
4222
2360
2171
3988
1355
4325
823
3732
574
2544
145
2676
2129
1402
1966
3059
2218
2835
491
705
32
1294
1540
4356
3758
2244
3582
2744
989
2595
4250
364
768
1547
883
4016
1080
3094
4074
3639
494
1032
1482
3227
1903
2049
231
12
492
877
2462
2004
1039
3021
2719
2018
4269
2192
1241
64
3873
2001
2235
1493
634
3423
656
3467
4172
3344
2810
798
2138
2309
3349
3901
4161
3753
2278
2329
1870
444
508
3965
4240
1111
3295
4329
889
4285
3802
2571
2096
2681
2565
3334
4040
3573
3694
1107
2259
722
3841
545
1296
3008
2344
3828
2073
2174
2116
2628
2072
2002
1307
4042
3584
3916
2007
265
2454
3304
190
500
2416
3759
1322
1553
2081
3726
3866
3443
1004
2445
3277
817
1414
2514
2271
4094
3437
3336
2974
1744
3827
2180
1332
2458
1584
1768
357
1699
2015
3439
4083
1055
3258
4123
679
3331
716
2582
2914
3912
4022
1433
2926
3833
738
3593
3294
1594
2499
1570
397
47
1323
996
4006
1503
41
2725
3477
835
646
1513
3742
2610
3325
3327
4018
4080
1877
4373
2752
2872
2652
1781
1345
2296
782
2921
927
1817
2782
1172
2279
1891
2146
826
4207
1492
1376
1893
1212
688
1505
4369
2592
3583
3421
2853
776
4099
3932
2796
3922
1752
1417
3586
1204
841
3968
3103
1432
1293
982
2569
3092
1844
3810
2985
2176
2041
3070
737
1145
1361
379
424
2093
524
1774
1303
3464
709
2771
2364
934
1887
1969
526
2467
374
2823
68
4247
3869
2557
1276
2815
3952
375
1830
155
478
2274
1734
3528
3865
3756
2067
3203
1456
2273
279
1469
35
2306
2905
2403
388
3630
3862
