1383
4882
127
6783
771
1249
1311
6421
1398
529
6523
1718
820
4912
994
4551
2028
3294
4500
232
3478
3285
4989
204
5103
4201
4487
1595
1663
6963
170
3618
2160
1304
3569
3677
5486
1754
4375
591
3117
5393
667
3045
4283
524
4369
1508
1856
4159
780
4529
3756
3463
1700
1154
6917
4299
5874
2191
6568
6876
3286
513
3359
6815
3780
240
1341
3184
3446
2088
6495
795
4875
1668
3636
4953
4641
3036
4805
5662
3763
121
3325
5875
1684
428
929
838
5098
4568
405
1741
365
4169
1291
5161
1973
252
1774
5416
1340
3707
3489
1779
3963
242
3086
230
6787
5664
1521
3256
3794
1303
6339
1986
902
6577
149
5240
3737
6321
1731
1493
4783
6743
5506
4014
5180
5785
785
257
2211
5251
6879
131
5187
6494
4309
5702
3193
6344
383
2187
2087
1232
1477
4979
520
4426
1953
4810
3788
3370
6511
3637
516
2145
819
5424
4725
3103
6724
1017
6801
6420
6565
3033
5143
3660
3864
4342
1124
6554
399
5654
5512
595
210
1185
5175
1943
3977
1699
4404
218
1358
4544
1944
6723
465
6817
208
1492
2123
2091
4816
1467
4602
4523
6793
668
6383
1486
6805
4888
3485
4448
999
1345
3264
4198
831
3464
4554
6547
6909
3880
6468
1028
3106
6712
6810
3450
3187
6966
4555
4887
1689
3804
1679
4253
4019
233
1737
2116
5095
6336
5320
4992
1928
6797
5254
4356
5309
5050
6845
6503
2038
533
3290
2207
4080
3902
3873
1118
5170
5053
22
2030
6555
3951
3339
408
6643
4066
1373
5225
4614
6548
1714
3865
1038
6505
1321
955
6711
6629
4980
844
877
2031
412
1237
73
5711
1708
1829
391
6737
441
3019
3155
4430
6550
4622
1620
5425
537
5086
5760
3115
4360
2231
4786
126
6882
5233
1314
3070
3380
6473
385
5660
4948
2134
5509
6342
3130
1470
3099
5311
5130
6927
3137
6943
1839
4398
798
1666
1381
3680
2203
5379
5245
3467
5426
6348
2173
3731
378
1816
6576
3110
3139
5048
228
273
2180
5420
6733
2005
4413
871
4619
489
1871
3548
4390
4781
4009
1370
6694
5232
3931
6413
4287
6355
4825
1717
1990
1604
1259
6960
1798
4017
3410
1542
5110
3373
5344
689
3251
4998
5035
3111
6941
5523
4502
4644
4688
1519
3969
3624
6489
151
4701
1925
3800
3646
1178
6734
220
1175
4604
5513
357
6640
4914
1750
1848
1113
1520
1942
6720
872
4698
4556
3096
5321
1998
5769
6872
1054
1002
1354
1121
3044
1767
5014
1857
5726
6803
1918
993
5249
4945
3459
1163
3593
463
3933
3087
1203
6491
3136
868
818
1247
6956
5757
799
1778
5836
1489
6340
978
522
1725
828
5806
4328
3365
99
703
2224
1861
4975
5835
847
4381
5054
1514
5109
393
4334
3518
1930
237
3357
2141
6487
1683
348
2121
5306
6931
5188
2081
755
4518
5709
4709
3381
6959
241
5243
4310
4710
1181
1946
3776
115
5164
1222
1248
76
4982
1159
756
4145
4427
3685
4563
4282
1814
1007
1938
1776
1847
3715
3941
5632
4151
3875
1772
2036
3509
4808
4824
6606
6744
3377
5012
3961
1000
4965
3610
6796
1191
1677
3376
129
1704
1743
363
3597
959
269
3288
4878
6470
401
5732
6630
3354
4086
4780
1365
3274
3826
6683
370
4157
5183
1646
1692
3940
4787
4958
948
553
2157
283
816
4605
997
3511
3307
4849
1225
4861
4584
4300
1199
1523
4225
6800
1819
867
28
3607
5087
2021
9
6499
5782
4171
4231
5094
1326
5034
6520
425
2086
6387
3622
3657
6330
4161
4387
2155
1873
1979
382
1640
3712
5295
3114
1108
6707
5010
5119
5637
5475
6560
6826
966
6382
3559
1319
1327
5282
4685
3943
4132
1922
1642
1831
3280
5195
1094
4018
4683
1507
717
985
1825
5817
5262
384
2051
6557
5169
102
6529
1236
5767
4829
5250
6433
6713
2149
4090
3109
1198
3449
139
6514
29
5679
1026
4377
676
1322
4156
3186
3960
726
4603
897
5160
6759
100
6391
4986
1452
1209
1934
5038
4640
1324
3279
4468
6932
3573
492
926
3901
4498
3925
6367
4873
4636
2056
1734
3676
1048
728
3202
1105
482
3260
1947
6866
1623
6399
1851
5504
1652
940
1824
769
5003
5141
261
2136
1244
757
5201
4412
4323
6671
4692
1954
267
3555
3281
3483
3857
878
801
479
3190
3493
3040
4955
4826
4684
6633
8
4462
3333
120
3479
3741
3093
5060
2097
4202
4003
5280
5052
1254
6955
3538
1481
652
4399
1008
119
6798
4954
1671
394
6416
3409
3634
281
5061
6665
2103
6679
2013
1331
1219
5458
474
6804
4546
3991
5096
3169
3014
5146
3444
1475
3350
6510
5196
214
6788
1169
803
4675
5701
3554
4574
3999
3095
1479
4306
4457
56
6518
6907
5394
6338
53
4673
1838
5363
5385
1935
883
1122
84
4880
1833
965
41
4297
3546
1892
3340
1632
1822
1645
1497
1870
5355
4076
1085
903
5046
3752
4874
4706
1211
1214
3959
5832
1323
6938
5819
528
3200
1364
4071
888
6750
1665
960
6639
901
6693
766
275
3043
3495
784
5428
4870
484
699
4190
4670
4705
1701
3006
3258
3883
6930
6472
1449
6728
719
5809
3962
3372
3383
6365
6488
5707
3984
1297
1567
4889
4658
822
1012
3283
6566
5666
3744
5136
3751
3760
718
5872
6840
6819
6669
1495
704
1102
20
5289
4178
4557
6430
1826
1458
1023
696
956
6916
436
195
6795
5401
1813
4801
5226
3986
521
4871
3820
1647
6451
3994
635
4011
1622
1611
4441
3663
1260
1512
1688
1862
1462
5316
869
43
2181
5505
1675
811
3322
4302
6718
3005
3722
26
284
5176
4015
2129
6405
1362
3502
1194
5047
3470
40
3540
3740
6346
1596
4942
3551
1394
899
1950
1673
5049
1670
1738
2226
864
4228
640
998
3630
1298
1529
6435
6949
4400
3545
6482
4173
3013
5247
1384
6428
262
4863
1392
4835
1395
972
1006
3972
4128
991
3537
3705
5630
4423
6603
6792
4088
3553
1245
5037
373
1115
5771
2176
6893
229
1846
3980
3653
3506
6370
178
1916
1639
5199
5255
5656
3125
3053
932
6844
3998
138
6702
49
3484
3747
3164
1865
3338
3002
4318
1876
6347
2034
3811
395
4331
5222
123
996
4175
1097
1615
4793
4851
3413
6913
4817
1940
434
3567
4307
205
543
4146
47
5833
2024
5804
124
1030
3265
2102
4250
1719
4564
6519
3213
295
3062
6934
6929
825
3295
5477
6350
6515
2101
4993
3210
5322
4248
3128
3491
4807
5714
768
265
1190
2062
1985
3598
2054
6731
6504
637
3825
5377
4326
4848
6485
4330
5158
5403
690
4717
1888
4625
4136
354
6790
5383
3068
191
3016
3730
443
3144
2122
4488
3180
184
1651
3966
2089
2128
1607
5665
6703
2138
1125
4315
488
4516
6895
5016
1215
3827
5186
42
3769
716
1037
6447
6884
3272
433
5075
4877
1357
5354
6599
3562
1736
1451
1488
2137
3992
2003
1879
5728
853
963
6479
3503
3711
3191
3494
3897
1522
6951
1123
1382
1035
3619
840
5609
236
4508
1629
2020
3823
5167
3606
4490
4733
5252
2014
550
4972
487
1300
1795
4739
6551
1676
944
3166
4000
4812
1496
4997
2061
3926
657
6612
6729
6326
5312
375
50
6556
6375
101
5479
1464
684
3858
3799
2184
1619
1180
52
5350
1391
4553
1886
5040
1926
1702
4492
1179
1855
1763
3261
368
1982
6481
5121
5238
546
5064
25
5124
1874
6364
930
1378
2080
4227
1041
5531
5293
1491
885
1559
6701
6784
4168
1206
2196
3818
1730
1243
6374
6542
4442
5104
5620
634
4715
3138
1706
1880
5208
215
599
5733
666
1157
894
6610
1503
3407
5093
4075
3323
4828
1459
5213
6635
4838
5614
6404
3856
1287
1104
3629
730
5168
3361
4686
18
6812
1877
388
5876
5310
4730
5406
6522
1837
3035
3406
6686
3725
4082
3177
4609
3003
3787
379
1920
5100
1941
665
4464
4419
933
3209
6454
1239
5418
263
3950
6535
3625
2185
4317
74
3728
1705
922
133
4281
6408
3643
2209
3039
4562
1709
6925
3596
1563
1230
1800
406
6492
11
5068
754
3900
4886
1854
6390
1649
687
4177
1127
4642
4192
695
5376
995
1599
128
472
678
4876
3764
6506
5807
1011
4834
1313
6688
1733
5102
3142
4437
3779
4971
4406
1471
4311
3564
3964
4285
4797
6799
2210
140
787
1762
5192
5223
1681
6422
3882
593
1541
5178
4978
4295
4560
860
5821
1409
4583
6532
6333
3766
3299
3708
3868
4966
1443
967
4405
6740
5107
4573
1112
3023
983
142
6402
5823
3009
5357
1853
6369
1117
4196
4301
1377
4729
3302
778
3781
4449
735
5181
1233
1773
203
1606
4148
6957
1034
1835
3954
1528
3412
3710
3816
5215
4532
3585
1653
3936
2144
1404
4006
3667
4378
1318
1999
106
1785
1627
4316
462
705
767
5319
6732
900
1815
4495
1100
4881
427
189
4987
5138
2025
1823
5763
1013
6564
4144
721
6924
3608
1368
347
6614
4981
1565
2206
592
4503
5241
4365
10
5256
3105
1852
6725
3935
1936
3863
5260
5257
5253
3010
3947
5712
4497
4501
353
851
1410
5514
6419
1088
941
3058
1810
5159
6923
4872
250
6334
4891
3309
3768
2048
2032
793
5114
1166
834
1401
1780
485
3809
6748
1201
5172
3614
538
6865
6709
5708
6952
4445
5239
1050
873
4219
1895
5140
1630
3157
1014
5113
207
3798
4131
4800
6827
3599
4565
679
114
1761
708
6739
4213
1256
5366
1210
2011
1949
1989
5360
4973
5683
5041
5358
729
4526
3298
5761
410
3642
5465
6381
3871
6605
6429
3892
1797
786
6623
5288
83
6378
4373
400
2002
2198
39
4917
6400
5829
3879
3158
1387
6806
2119
4176
5056
3156
3791
4434
6692
6964
5
4977
4001
5171
4680
1060
3452
2223
6891
6335
764
4547
77
6448
3632
4969
6558
419
1402
4465
3765
4694
6816
1379
1713
3059
466
3819
4376
1932
2053
5242
724
278
3248
4286
4570
4664
5828
5410
3807
5231
3615
3335
3011
2039
113
4720
2090
3161
639
5450
3860
2120
3017
6961
1366
4618
1889
4946
3896
5349
1841
5071
3801
4339
663
153
5200
4990
6699
6824
23
6372
4393
1505
211
359
1024
4855
5710
490
3683
1361
421
6636
225
892
641
1463
3508
1289
3664
4395
1403
5207
3254
2001
5285
4296
4561
975
5430
4666
1044
6833
4716
6915
144
4072
3927
3174
5780
5423
957
1202
1564
4489
5005
670
852
5185
5210
2055
2100
3588
5077
6394
4361
5073
1974
3496
5011
6502
5281
1228
5101
923
1371
409
3050
5163
5700
1707
723
4010
4382
4949
6947
1320
6600
271
4436
2221
824
272
5491
6847
3621
1494
1200
4507
542
1726
6573
680
4617
6675
6507
4420
274
3273
3057
702
4856
5603
5051
2142
5323
5287
2125
3208
5074
1457
654
6672
4008
1293
1029
753
1103
829
5294
3758
3870
827
5686
5455
2043
5655
6471
1638
5120
1441
6483
290
6615
6937
231
1390
3714
4833
5704
4723
3771
863
4417
5189
5411
6439
3861
934
5471
4943
483
4446
381
4696
1051
6647
4216
1350
264
5065
4915
6634
3179
5629
3549
3557
5062
4402
3069
286
5820
4737
1472
6842
3466
4364
4463
6527
1184
968
2049
3020
1406
1095
3574
548
3828
598
1448
1628
3500
760
5224
5734
5157
6698
3453
973
4823
6418
5314
4697
4853
2154
954
4415
6531
5006
1220
3937
1978
509
1560
660
1348
4455
3512
6967
7
4538
2143
6393
3795
1864
6756
850
6474
4386
442
4734
6533
5488
418
3523
4662
6478
1339
3671
3176
6835
1919
1983
4321
4429
4991
5134
3047
1473
3742
4798
6791
3181
3932
5126
1399
4
4967
1527
5478
4320
734
376
4707
5452
1751
6918
3329
3143
3589
5387
6620
4695
6437
1003
6637
4154
3721
3094
1618
3718
1347
5298
6757
1036
2042
6377
5346
4396
0
6770
4552
4792
526
6624
1765
182
677
5198
6831
4314
6802
48
4425
1872
3796
935
5818
3633
3501
713
525
5133
90
5641
2177
6331
3089
4961
5221
3301
6749
3952
1110
1842
5610
2045
865
1875
3287
6567
2044
3877
6839
6789
6426
854
360
5211
836
519
1636
837
2016
6696
5217
4638
46
1745
209
4708
5772
3355
600
6
6569
5873
6361
5002
942
54
97
3004
6327
3793
1727
5279
2199
1680
4677
1025
655
3971
3515
6572
473
5135
4496
4134
3543
3132
1454
3490
3492
82
3658
980
5290
3321
1316
804
4665
6719
937
2115
5039
4143
1977
38
4473
4711
6508
4804
3895
3855
5139
1389
246
4818
6785
6410
1240
3284
4549
1915
5606
6434
3276
1783
2124
3037
5776
4083
6820
277
5611
1376
4504
4631
727
3349
2195
5374
790
2117
2022
1258
6446
5777
1530
4251
1534
4952
5212
6681
1196
6752
6441
3797
6864
6379
117
694
5467
3948
5286
3736
1375
6512
4293
4520
192
1483
5529
5079
4630
4968
4830
96
1031
4155
3930
55
4512
4837
884
3107
6401
765
1208
4578
5015
4451
5877
2083
3205
856
5084
1830
5291
3056
3362
807
6412
4736
2060
4424
423
945
1182
6392
770
6877
6674
3997
6536
2000
243
3448
2202
601
1804
1868
515
3271
1891
1469
4212
3292
5082
3703
6617
6525
3195
1537
4885
481
986
539
3266
3993
6398
1635
1996
1836
4726
5783
4883
4440
180
4147
3066
5261
6843
1732
4639
1605
5123
3970
4999
4081
849
707
5063
6343
5427
1722
647
5622
5880
1413
5525
1286
862
6678
1669
777
4779
638
172
5283
398
438
2126
835
2178
1349
4087
1972
3886
5492
1107
5204
876
6870
1343
72
797
2193
5147
1832
2208
5348
5112
4452
4550
136
6601
4368
1058
532
245
5612
1524
6869
5668
906
3665
3499
3474
1535
4963
809
3580
6742
1712
4611
3469
4313
5128
891
761
2175
974
1372
2057
4332
788
531
111
4727
5365
4162
3168
5108
4129
644
4174
1610
4414
4627
3255
4193
4521
2012
5634
775
5636
3327
3367
3627
6914
776
874
4355
5870
2230
3257
1981
6890
5184
1046
244
1301
6546
3974
5534
3601
4421
1777
5764
964
1770
2192
2151
202
1533
5669
4788
1174
4879
3817
5881
603
226
3738
6417
3275
3012
6667
982
6360
1812
5305
87
1195
3471
1134
6753
3679
2148
3064
3561
3051
3552
6663
4150
377
3090
6337
4672
3946
4469
1664
3754
2023
895
3639
5244
4292
3458
2114
6575
249
3595
4528
6500
467
5472
1098
1229
5097
4005
1678
671
435
890
731
3382
4629
1933
1631
4545
927
517
1695
27
417
3612
3822
5080
1346
3586
4499
1756
1858
5353
147
3675
3267
3175
5300
547
6695
1887
185
979
3048
5490
1294
6886
6944
223
4343
3887
3772
3866
3746
6341
5457
6357
3198
1603
5397
294
6726
183
6928
1309
5699
6680
5308
1010
950
358
4581
1155
95
6829
6498
4687
5132
6832
6642
3967
6880
758
1641
3007
1988
4203
3126
5009
4407
6706
3669
3578
5284
258
6848
6561
4288
3060
3813
37
3348
1455
247
725
5729
4884
4541
1594
715
5607
6534
3641
6953
4615
1158
5347
5642
1768
109
5604
1153
691
2026
480
3247
3052
471
1292
4362
3192
4510
3603
3905
6894
659
1386
1980
540
3071
4782
5317
1485
3701
4559
2146
5658
4728
5766
3252
4608
4799
796
103
3201
594
1020
5825
939
5667
1411
6871
4811
1344
2046
1213
3088
1446
5235
5340
5090
181
1132
1995
4582
212
2152
5088
1116
1937
1217
3358
6359
1747
1359
3558
5398
2182
5069
411
86
3812
79
3366
5303
697
3976
6477
4438
1317
3973
16
3821
2007
714
6352
6794
6747
3922
1805
5246
6888
589
3869
792
692
1262
1351
4606
5826
1173
6524
1234
3989
3065
351
476
4435
89
3568
5315
4984
404
2037
5779
6544
649
4085
6627
4191
3212
3108
3472
3774
4229
2225
3777
4411
4165
6821
6873
475
4433
6388
6411
4959
6329
1057
3785
36
6403
953
4358
1172
4418
783
1775
6537
685
3854
371
3185
738
5822
3113
3097
6849
3789
6673
4431
4806
3987
5059
1710
5768
673
681
674
1261
843
4149
1084
4738
3199
4671
6438
186
3759
4567
1956
4678
4839
650
5390
3268
1951
6613
1109
3626
6516
396
3063
3352
5278
3535
1685
1329
4740
3135
5137
6677
3160
1674
1226
646
6670
5194
5384
710
1
1168
4127
6754
6645
4453
6813
549
924
413
4795
5639
200
3326
270
1720
4667
653
5001
3378
1216
6939
3884
6356
4721
3054
6837
4226
1091
5066
1992
5878
5325
1133
1253
6349
352
6887
3476
6571
5389
32
1894
1295
5324
4718
733
2092
4970
4336
3726
4388
988
1806
4531
3898
4164
1686
3475
51
6358
6846
4514
5078
3565
268
93
3814
2118
4312
2161
3084
3640
5371
4142
5618
2219
1755
4491
3320
5663
1828
4428
3034
971
596
5705
4962
3988
4204
444
437
4809
841
5715
3303
3328
4012
2127
6323
4854
706
3129
821
2227
4137
194
4094
5364
5413
3808
686
4366
4822
3116
6509
5682
1308
6366
1056
2009
3617
1764
3682
3684
3481
5072
3587
1380
3867
6910
3761
4964
1478
4643
6386
4668
6885
1285
4078
6705
4439
830
6598
693
3647
4195
426
1396
6911
4133
148
5703
3262
1818
5174
1257
4079
5617
3582
4519
380
5404
224
4831
1465
3162
3748
4836
1367
6735
3183
282
763
4474
3371
266
5474
5400
3668
4623
4467
5202
4530
2041
3018
3497
1723
5008
3874
1697
292
4254
3790
3414
470
6722
219
3214
1593
6708
1510
5762
6324
3713
858
4291
1817
4778
227
5085
1227
1330
4628
3803
4163
2159
1369
4607
1525
3981
6892
4988
1101
3
6384
81
3253
3550
1223
590
2229
5299
1487
1923
6380
288
5422
1863
5657
6625
2197
2033
1019
6449
213
1850
1878
3881
6626
752
5470
4409
4558
6442
3862
879
173
3203
3487
1634
4663
1801
3041
5396
4410
1758
3591
176
6345
556
2010
5685
4093
3571
1207
3609
527
5000
206
800
3189
512
5125
3859
859
5409
1971
651
5032
720
44
2189
6406
1696
5456
3953
3289
4380
4996
6540
5214
791
3924
6484
3336
6751
222
1991
5678
469
3778
857
4392
3408
6376
5508
1621
3944
5466
4194
3600
6811
1059
817
6456
875
5784
80
5633
700
6954
4494
814
6445
5263
5029
4539
6676
33
2200
3102
1844
5368
256
3331
5296
3454
5351
1616
1644
2174
5635
5302
2204
3171
431
1374
4632
6332
6950
407
3206
1511
3337
4335
1885
5381
4211
6528
5758
661
5230
1690
5469
6409
1018
5352
1242
4511
105
1450
3652
1509
4633
3061
3368
3194
1445
3351
5145
2008
551
4827
4158
1884
1460
6407
3560
5770
907
2212
3876
5228
4170
6351
3602
3720
2232
1687
5318
1186
4466
3605
3592
672
4016
3743
6452
6480
1799
893
3556
3975
5722
478
5449
1729
386
2018
2082
1859
3762
1566
3100
4139
6883
802
3802
5067
1283
141
1342
3929
3620
5292
4432
177
1022
3729
3717
132
1562
4857
4002
112
3544
5182
1845
4579
1536
5775
3649
904
5369
3293
4691
773
3482
3246
3520
682
1161
4073
6822
3008
1484
1882
4712
664
3278
3172
6736
276
5786
3173
2058
4138
6646
4363
6424
3659
3455
19
3958
1834
1526
5476
4995
3670
4290
3939
5218
6371
936
4862
362
3934
6921
6758
5044
3673
3604
1039
4153
1867
3719
6622
1931
6373
732
188
4337
4537
3539
429
5036
4478
6867
1204
1715
2047
3678
1129
3570
3462
4221
5527
1613
6920
3775
88
5342
5510
3735
1711
1866
1757
3038
1016
952
1637
2222
5179
6714
1600
3753
1694
1716
6608
4624
5193
402
1165
4724
3092
2228
5373
1160
13
4303
1053
4461
3645
6948
1090
5532
4447
5083
1840
1513
6807
4141
416
3770
5307
4224
6641
1252
1042
1087
4548
1753
3046
1284
2052
4509
4722
4215
5507
4460
1808
3576
1238
137
4167
118
1388
887
287
987
4214
5805
3510
6668
5640
6545
6607
4220
3465
6838
3923
4135
4534
1614
3304
4690
1752
134
122
4379
1167
4790
5131
1802
367
2190
1093
4152
248
392
1414
604
4172
1193
4329
1456
5209
1126
4575
4013
4635
3611
1924
989
4794
6618
14
1328
4791
4476
1055
3356
1890
4802
6746
1250
6830
683
6604
4247
4821
6786
5099
4983
130
2131
1624
5493
3982
1120
6362
826
1468
842
3507
602
5236
2201
3784
4676
5414
3590
1156
4572
6450
6825
597
6741
21
789
5117
3131
5045
1921
1650
4298
4890
5421
711
1353
4803
6574
3990
4340
2099
30
3324
4814
5725
1917
6475
1235
5361
3613
4249
1412
397
855
1086
898
3666
4913
4540
2188
870
969
3709
5118
3706
4444
1442
75
6889
3188
4322
4714
1617
4860
3978
846
4674
234
31
1205
5468
464
3163
6436
1015
1356
1197
882
424
374
1927
477
5372
3411
5165
3165
3504
1405
4252
1625
289
4371
3783
3170
4585
535
414
5419
6730
5166
3505
3042
4859
2084
4612
1466
1221
3521
4813
1602
6493
135
1397
98
5827
1251
4679
143
4957
3810
3477
4470
6563
962
4819
6354
984
4785
3049
722
3704
1626
1189
4789
774
3616
1682
1803
4868
491
107
4383
2147
2027
810
94
5343
958
3928
1759
4472
4166
6328
1043
1693
5837
3579
3445
1355
3480
5227
794
5258
3674
3514
4689
4341
1766
5628
1440
4704
3015
845
3655
880
2104
947
1407
4960
187
1005
1089
4126
5203
5831
1728
896
4524
4732
415
372
658
15
171
3085
1461
4319
1092
3306
2186
6353
981
5731
1860
1827
5190
1241
6415
4199
5229
1955
5533
5605
5407
4634
2040
5454
3291
6455
3938
3955
3903
5382
4576
1352
5076
992
645
5220
1531
3269
4089
24
5007
5367
2093
3904
5688
34
5359
6628
3572
4294
4284
6682
4735
2150
5219
3330
1393
4416
174
2172
1784
1385
5778
3197
5386
4324
2139
3581
91
6704
881
545
812
3334
1771
5234
701
4869
3662
3456
5042
5684
3204
5115
350
3167
3638
364
3824
6684
152
5162
5524
6385
511
3945
1601
3196
3983
5399
5511
1993
3473
5405
5408
762
1612
6962
6685
3141
35
4702
3878
346
3308
4621
648
1490
1598
5033
235
6538
4456
1040
1506
4985
1504
4533
3716
3541
387
5116
1096
3968
3654
3965
4947
486
4338
6611
216
4944
3486
6469
1027
541
196
3773
4542
440
4308
4077
1540
866
1482
1691
514
1769
6697
3734
6444
1703
4852
3364
3211
1608
1893
5259
5661
1648
4820
3700
291
3996
116
1987
3739
6878
4699
6440
4007
1698
5616
4289
6530
4543
5197
5621
1538
6521
3985
5412
4357
1749
4527
2156
5380
254
4493
5619
3957
4588
6834
523
4359
1021
12
3656
1128
6945
2135
6745
5191
2035
4916
3277
6453
6689
4974
1929
5417
642
1672
3815
1945
3750
5313
3733
5177
2194
5838
4587
4304
3786
709
5687
6432
6809
6908
1187
5392
5345
4976
403
5356
3681
4179
4918
3888
4703
6632
5613
390
255
3457
3661
737
1218
6691
3332
3899
6755
6710
3259
5070
1633
5091
3577
6513
190
6570
5824
669
4217
5526
432
3519
4370
4693
3055
3178
1001
946
293
6814
2019
6562
1809
1643
4160
4084
1869
369
2096
5615
4372
4832
759
5144
6363
555
3098
5057
4626
5205
2079
3447
6836
4580
5727
3806
175
6476
5631
5129
5142
217
554
239
2015
6490
3513
3979
5055
806
1164
3893
508
4477
5111
3300
4796
4475
3749
420
6497
6486
4620
5106
1948
3894
5391
3542
2095
6543
5643
839
5388
6841
1724
6501
2006
4610
4401
6602
3282
6946
4223
4459
389
85
1212
3702
5216
949
