5431
7359
13855
2564
7988
8795
13550
5290
1007
690
3605
7646
8478
3184
5553
11550
9752
10173
7434
13542
1145
7450
226
2155
13464
845
13796
1483
108
7259
310
13267
9966
4080
318
3257
1885
13781
176
4539
9080
511
13851
12303
13076
8340
13111
5191
10972
2359
2180
5451
12669
2989
804
2454
1824
6381
5048
7605
10282
6161
9295
12941
12067
9986
4346
2590
7161
10343
3225
6139
6273
8846
5001
5318
6448
4905
8264
11244
13576
8836
9368
6937
10699
1733
9566
8602
6659
822
4589
9023
7706
6013
12739
6203
11631
11875
4232
5827
5547
10949
10059
6501
9820
6961
8926
9242
214
13683
6810
4462
5266
3224
6065
1725
9004
9179
3750
11372
5745
13219
7853
7306
588
2260
1538
8233
5606
4438
4696
2706
1542
9406
9776
9720
6219
13203
11345
7518
3622
11565
5811
7203
2855
9563
8686
100
13381
231
5070
3796
963
4152
5251
7917
3325
1738
10581
13771
3841
7184
10004
10574
6777
8804
8445
11284
2291
10910
6591
9303
11841
7119
11367
834
3502
8561
8161
4143
5764
9657
1685
10966
8339
10352
12740
5880
2976
8858
13290
4012
10738
4480
3712
6557
5332
8924
1204
12439
2842
10371
1569
10975
625
7460
2059
4421
4445
5967
7094
11227
4960
3838
11406
8318
891
12638
6382
9055
6835
13014
6588
11059
6071
6971
7043
492
6224
5844
1143
11989
4718
841
9086
7531
6317
5094
8476
10788
2893
725
4202
6812
1144
7505
7936
6554
5236
273
5536
6477
5346
2816
9180
6763
12681
6360
8681
10989
3467
2317
574
5578
3269
8568
2323
1690
7046
5287
5634
6886
6066
1303
12820
5229
3526
9246
7818
10798
4833
2047
11487
8227
2629
1382
3815
5564
2751
10139
8038
11021
12657
11
7937
3853
10396
10245
2410
2538
8378
10824
13060
13406
6143
9074
6
3134
1462
4553
4494
3662
12096
9943
12372
13525
1386
11704
8753
10473
4986
8788
9101
2249
2795
2084
7836
13641
1432
7124
8305
1174
7573
4595
4153
11777
3522
3292
2539
9505
1118
11141
8428
2183
10632
11545
4761
1720
6492
12646
5174
9529
4454
5291
12800
10144
4027
2009
11990
9176
6202
4663
11011
8331
2007
1853
827
13323
4405
777
2248
3507
4772
11358
2268
9922
2896
1277
3367
13113
11607
8809
8536
2937
13519
10342
5846
9553
5412
2034
3854
10064
12609
9396
3774
498
1632
12400
2600
8832
9125
5871
7844
7602
2190
7125
8093
7751
4466
7801
12704
4755
8287
7121
7855
8347
6263
9550
5592
5763
8503
8885
11113
4435
2532
13045
11943
13658
13598
10647
2716
12770
11437
3466
8697
13243
7223
12981
12087
10301
8950
5466
8131
8787
5152
6714
916
13456
13662
9766
10205
6864
180
9649
9429
5281
10931
13828
3499
4472
12759
8127
12036
13825
5206
5168
4827
4155
497
8555
10321
305
67
13612
6517
12371
1096
4870
8449
840
11710
2691
5546
4869
12390
3890
947
6618
6177
8641
6041
674
326
8266
10768
8575
314
1990
6378
2971
5179
839
12701
13678
12983
11272
10431
2761
8115
3145
13032
2463
5228
8001
12664
1582
10903
8930
6828
8171
10629
12419
6773
4020
11840
1294
6495
1765
8184
13328
13809
13404
11946
186
4358
12584
13201
8910
1459
6616
11630
2409
4343
4814
8364
9632
13751
8283
12649
13424
7638
1491
10285
1723
5881
600
4906
6016
10661
1969
13255
5855
10897
12662
12121
8282
8381
3335
6850
2599
3033
7943
13623
10107
1086
10393
4157
792
6255
5924
7377
12779
8124
10984
2433
9011
6630
12512
1468
6393
10489
5821
12231
6497
8471
9487
13167
11936
8698
8983
11881
8741
11333
10970
5713
677
8628
5151
13289
4878
7563
7952
12706
3478
9001
12250
12199
8383
7752
10211
9039
1262
935
2457
1438
5771
11157
7891
10716
8332
11388
2927
9280
9331
7299
5480
8702
10542
7570
1372
8413
8153
13142
1077
5899
2490
5512
12453
10874
10360
13269
3688
10664
10589
13856
11261
4272
465
13131
1228
6439
12957
8090
3618
2451
4826
13098
7318
13141
11614
5272
10804
1186
10182
10384
7156
3188
1609
10074
10290
435
7237
3643
679
3091
3116
1896
12625
10776
5788
9399
7871
5325
2627
656
5655
9938
8463
1315
11511
9408
2243
12300
9591
1566
9289
11985
968
9042
12301
1088
12060
4994
12172
12068
3627
10370
7578
6147
848
11826
4247
4389
11005
8961
11872
5896
1724
3504
9765
10355
2624
6245
7668
4241
9124
4557
5166
13050
12758
9245
12596
13808
4446
8751
3673
6722
5327
1646
11625
10610
6567
2962
12392
5367
10750
13800
11615
7989
9234
5528
12443
1225
10810
13300
2160
10474
9476
2099
3361
9261
7381
9880
12574
1624
426
8548
7240
10215
13129
4419
10390
11754
5103
11846
2390
5011
1008
6422
10671
9044
2354
13577
3909
1135
1606
8866
10551
3248
938
5725
4205
13081
8286
2215
1989
54
11202
2909
12784
13123
5409
2517
5652
8971
6820
11089
12271
2046
9846
12054
13228
697
8743
7221
4596
6351
2400
7132
1791
4231
3470
10920
2657
13769
11206
2811
8338
4820
1242
10511
5736
13063
5443
7894
11986
12156
8652
1619
11624
6479
739
4043
13146
4787
2106
4100
1328
8398
917
2495
6324
7737
11235
1013
2391
8554
2239
3108
2097
3650
657
2031
2056
10678
10891
1855
104
10843
5803
2774
9338
5753
4952
11420
7497
4049
1730
13281
12620
12397
5051
9062
10771
13095
1102
1053
2644
5773
12842
10274
13651
8616
805
8271
6151
4005
12932
5915
13402
345
9606
8450
4612
13088
12987
6680
565
9919
534
4874
3578
6278
13028
10007
9843
3282
9621
13024
11289
9267
5294
342
3283
6379
11659
4053
12747
9279
9277
1083
7280
12107
192
13048
7340
12665
13741
894
5171
1410
1638
703
179
3995
11027
133
3514
10334
4919
13106
4747
2222
10491
8044
12033
2554
11740
5461
11279
6908
7911
1044
3018
10833
11172
3911
8342
9142
7086
13452
11721
4531
9047
10532
9558
13655
9571
8376
12680
9709
10584
12916
6719
12694
8980
2830
2223
6019
6568
6919
96
7036
13314
6411
12248
8958
12136
12245
9671
5586
1444
1909
10545
10860
9031
6939
4248
7903
11968
879
10559
8571
10250
6638
7281
8220
13711
4172
3893
7951
7669
3142
4687
1300
7731
10856
10840
11930
6051
13264
7296
6775
3179
8325
3494
8642
4504
2905
9711
11724
11485
13762
1770
2278
13615
10034
1821
9901
2140
1184
12658
13842
9856
10587
13597
11664
9974
12587
814
5867
7925
11436
7078
2287
1851
415
10496
8600
10721
8004
9323
3017
5805
7380
13449
1415
7526
9088
2091
11308
13660
9268
5039
3593
7477
6450
2712
408
8074
4659
3620
10040
1271
12727
5
3360
1199
4864
2281
12565
9599
6152
8619
3045
12113
10381
11012
12772
1216
8582
4909
10038
13120
13070
3566
5816
640
3358
8581
6891
9081
13738
6132
11036
3944
3596
410
3443
12440
9809
9016
7459
1974
6455
10592
5660
7730
8448
2290
669
5837
7685
12560
9497
449
10493
596
5383
384
6103
5143
5296
10230
13185
3110
13170
12358
6018
10643
10231
13602
2710
1846
7766
1822
3063
9847
13620
3852
9613
13188
13502
12597
8923
2873
2965
1761
3221
3983
12974
10276
424
13206
5933
9361
11271
3278
7584
8274
6380
6581
4648
7809
12660
9560
13165
13130
430
3420
13780
985
7624
11205
6740
2854
5372
9506
7851
4096
1298
11174
10486
13223
1763
11732
8461
6461
12854
8895
1739
9559
8045
2771
8246
2204
12277
8141
11691
6970
2309
12441
2924
9524
11430
6073
3000
12946
2931
10305
11078
7777
549
13807
5045
12110
6506
5465
3616
1105
8491
13091
2945
8088
11957
6979
4959
11481
3637
4516
9110
5357
11538
2436
7714
7414
12177
12253
2483
6735
11313
937
6995
5155
7476
5249
7057
11256
10890
4719
6965
9959
12061
7338
12180
9119
12833
6678
6098
136
873
7950
3330
2673
7314
12799
8079
11236
3362
12013
754
433
12381
7887
2680
500
2216
6962
1490
11746
5417
11729
5100
7986
7866
9997
3715
5503
13056
9625
3359
10401
1645
10356
1011
3418
6840
6932
2862
8080
8661
8487
4880
7488
3920
2860
10048
7699
5298
6124
1492
3042
3373
4059
8099
8462
8969
3770
8909
1532
1027
13318
13042
757
11007
12807
12425
9251
671
5005
6959
6734
3936
10777
2251
3336
8821
9963
13454
861
10008
11622
3862
1713
9015
10509
1617
832
1952
11882
19
3931
12009
11784
9043
12340
6856
2122
6350
2195
2415
3711
8297
11016
10609
3060
7893
8966
2297
5086
5532
13635
934
10668
2126
11526
13511
12317
6119
1418
3613
13538
6417
11583
2447
1679
10001
10278
3461
7388
3801
992
12493
4178
2528
3328
3589
6283
3705
1613
1307
3343
8631
7044
5308
7974
743
6099
8941
2156
645
13657
6154
1803
4350
896
2957
265
29
11696
10656
10599
719
11185
3368
3908
903
1371
6754
1794
2116
13138
5450
4116
8865
923
7489
6620
5047
3380
5563
8813
8167
781
7884
4190
1403
4812
13433
5623
8343
980
3349
3457
5128
967
7215
4544
5080
1475
8513
4107
12205
11042
281
7087
7351
5939
256
2295
9691
9416
9777
2293
7064
5565
7286
8896
3818
9940
7691
6106
11146
897
5872
504
168
9601
12399
8877
9500
9928
4359
10502
6673
1662
2551
4208
4829
1918
1950
12608
1358
4893
10363
1366
11336
13435
1151
1533
6160
6711
442
13673
9751
7373
8211
8831
9530
8055
6002
3067
9231
9151
2164
3864
4304
5834
4620
12670
404
6218
5897
9918
224
7343
10229
1296
4828
2414
7975
2438
3449
4177
7346
12634
3204
1787
9167
10011
6069
1243
5986
8370
10554
6684
660
13823
2434
3095
468
2928
7742
9821
4495
11844
5147
10718
13031
5242
6340
12267
10973
12315
459
5683
10218
11709
11020
9407
13743
11750
569
10853
1823
11964
12827
1719
8740
3016
9392
575
9076
7429
3477
7419
10264
945
10596
3202
8275
3918
13686
5225
11201
4615
5072
6171
3575
4915
3332
7481
7677
2908
3354
4962
12863
9945
13837
9753
11755
2
11549
13459
99
3015
1796
12826
4251
9154
10515
13516
10312
3306
721
387
3088
8008
140
7229
4001
5734
3020
9863
1848
9057
11381
1629
621
2797
12212
2443
4352
11297
3464
7321
2890
10746
4147
11475
8939
10686
4302
437
4371
11250
10192
10406
461
6225
3227
13220
1080
13092
1927
7382
13854
1454
12069
9470
8854
12592
13775
8373
5875
5316
4600
9058
1530
4256
7808
7976
10233
13571
3250
6079
8076
13347
7204
11311
10848
10580
9068
12896
12773
13491
10046
4749
6078
6211
12764
1297
13539
3120
1926
13832
3879
733
11435
10465
3219
13667
982
11979
1703
2345
12126
1756
12421
2651
9551
8754
9351
9936
72
12862
2857
2471
12275
8041
5551
2325
9733
7068
12015
10256
11839
7612
12744
6251
6279
7978
10327
4588
13470
11050
4399
6304
10741
4708
2681
10129
5129
13287
11983
10528
11191
6624
856
8049
7585
11937
3401
7690
2217
10770
1289
3371
1231
11862
2530
8
3074
7579
7005
7334
3339
5222
10017
2336
4861
11678
4978
8744
4678
3746
10026
11034
5376
3089
1020
422
10382
11474
2394
6950
11192
2465
9169
7101
302
746
12889
3667
13053
116
7115
4779
1579
3442
1531
3603
8946
12011
13207
6793
12601
9593
10135
2943
5029
63
7676
12569
13093
12007
7697
4991
1380
7640
1742
6466
8684
1443
6423
11514
7496
2348
10503
10556
4189
2035
6627
652
6993
2069
11464
292
9698
6367
5815
12467
5091
13103
12080
2087
11427
4168
8174
6193
13616
3832
12549
75
12610
3822
8412
8537
7018
8781
12451
2656
6936
3125
1178
7245
1901
10898
11694
7892
5213
12417
10550
1777
4016
7923
12278
2973
11219
10267
1630
7354
6990
6021
2851
10577
4971
5334
4242
790
480
1374
8962
4065
7593
4619
5865
1737
1665
1875
6540
11769
11176
6253
13049
10672
13790
2930
12135
8683
4945
3251
3391
9580
5955
9435
11255
7724
2365
5594
8350
7049
3155
8649
6127
2807
4521
884
6834
13198
1177
4138
2996
85
6419
7283
9770
5552
9834
12044
7256
13594
8676
1370
6339
12656
8447
4226
6204
10110
9868
1393
1867
11411
9635
7226
13317
981
2536
6619
9620
450
12861
5007
851
10881
4549
1757
5097
2201
4824
145
11040
4533
1923
10549
3948
6088
9195
590
991
285
11670
5233
4848
4015
4201
177
10560
8690
2939
2606
6577
12843
2377
13527
4739
13369
6742
1820
12028
11975
4112
11961
3942
6513
3629
3880
4666
4635
134
9996
12859
401
9965
8119
7643
142
9673
5824
9336
6097
50
4502
3599
1997
2445
2030
5960
12053
7201
12436
1195
2649
9640
13843
7248
12374
1618
838
1349
6698
867
3915
9576
8845
4860
11873
10924
13039
7787
250
668
13640
5088
6582
12525
9455
4622
3860
3301
5830
9677
7648
7900
3619
3435
8064
2520
6576
12081
5282
6572
7463
1764
1884
8588
7273
10536
8186
9226
742
12456
12743
4735
9877
7761
933
12524
3614
9854
355
3468
7307
13816
535
5911
11634
12430
3932
7471
1246
4225
1455
8546
8847
9871
12695
3892
5860
223
4018
2568
11499
956
2263
10210
1865
2618
9107
6882
12710
13286
3628
11122
1015
9993
13829
6544
13257
10794
3080
9604
403
128
9961
2970
7987
1181
3005
89
1346
9659
4579
3761
3216
4325
5554
5018
4036
7100
12066
13701
9611
5873
4209
12077
12857
2790
5415
8815
9734
385
8505
6349
637
4935
2119
4360
4524
1746
7451
10889
3049
1351
10272
1951
9840
5004
5761
6429
941
1169
3872
608
13639
3784
7116
5114
6857
11053
13518
5321
12316
10200
3208
5105
9426
3695
6600
4089
12575
6712
11783
4037
8229
9439
4287
8565
1500
7289
11883
2552
13860
4703
1150
3582
1085
932
3997
10655
766
12797
11166
10921
348
7122
8800
4928
1017
3341
5197
9804
4257
3907
6372
13204
2540
12693
8974
4296
4913
12705
12029
12148
11915
8693
9133
2070
6739
8260
5690
9041
2242
7847
13375
8970
3094
6060
4910
10979
3295
10864
11918
3505
4725
5497
3365
10787
9791
3093
7322
11305
1968
7770
12465
5186
6216
13101
1223
6658
3231
9188
8029
5274
5951
8726
7949
6373
10041
8105
6825
9218
3206
774
9184
9927
4546
6853
8437
9523
6230
8767
11571
10420
6688
10421
143
4402
9481
7619
3767
1352
240
4263
3831
5118
5330
7970
13298
12310
12356
11804
5484
6862
7150
13555
8867
10488
8900
9858
12217
7904
8473
9410
4051
4351
1071
12202
2518
4239
13773
13457
8143
7977
1993
11855
7599
6598
12021
9619
2800
7700
5252
13506
1482
11874
11944
2235
11169
576
9040
6453
8006
1563
7781
13355
5539
9397
5413
3891
820
8576
3254
9697
7598
5477
5220
7523
8709
512
8933
5464
4859
10214
8608
12745
4115
6326
11008
4473
10892
7551
361
11519
6508
13079
8272
13377
4958
13824
10318
11686
10573
3355
12073
12811
2143
4142
11667
13330
10358
10612
4224
5641
2247
1861
411
181
7595
11107
4390
6159
2418
13356
1488
3659
13695
11588
738
7180
11632
11290
11917
5381
9887
8197
12999
9703
7979
7171
920
4932
1565
9241
6344
7721
11533
5475
4166
11115
2944
5963
10224
2591
6107
8672
7264
6548
2863
10468
11401
3888
7269
9739
9308
8165
2738
6437
61
10899
9646
4179
5442
5096
11369
1404
8399
11576
5044
10194
4035
12691
5724
11714
4815
7073
2332
10296
10374
4618
8344
4714
1715
12468
12967
4750
13482
7473
7335
1185
4182
4426
1760
4631
6464
4610
3379
3056
7277
12360
10510
605
6150
13239
3697
5126
7253
423
11747
6926
6168
7514
4428
4086
768
2052
10113
9053
5958
12279
1238
3928
1899
13418
5534
11363
8811
9460
13834
3409
5215
4029
2130
1241
6829
7031
4655
12024
4822
12476
5772
13343
2136
12628
9378
10538
11402
10755
6265
2273
1110
1943
2234
11188
11105
6445
7197
12970
13380
6142
1902
8464
1524
7358
12074
11147
8687
2072
2029
10728
1680
1
4781
12405
10676
3230
12003
11404
3382
474
13197
9337
3897
9546
13627
7835
7469
11987
4141
12143
7173
5203
10683
9915
7820
2776
10397
1245
4215
3856
4858
3778
2169
9127
8132
6975
5302
13736
2150
6025
4602
12890
2489
6205
10814
248
219
12531
11175
9655
8674
12147
5639
2836
11580
1525
8944
2977
7902
1793
1190
1959
6335
12510
5910
12614
12728
4305
3070
1558
10389
12184
2395
1407
6232
5345
9482
6409
11344
9196
12947
8647
9643
4076
7305
11660
12679
2677
13718
4011
1002
8426
3130
7202
10670
13797
7085
2750
12699
12445
5090
12339
2129
13214
5598
5627
8349
13084
12682
7077
8870
8304
2232
8532
6282
9906
7492
13253
8454
2923
2735
9949
11349
8442
3214
10983
6748
9181
3066
2794
8133
12477
2705
6724
3201
6475
3243
1187
801
4805
3193
9977
8374
3756
7581
3303
8052
1814
800
9464
9710
3100
7211
10073
2246
70
10109
12537
6123
501
1330
457
1658
7409
1676
3828
6074
3279
3037
12450
12937
2245
7123
4340
7145
8903
7052
463
2894
458
9618
3690
8409
6946
9346
8682
10926
12897
2918
6956
11087
5898
8953
4997
7878
1219
9324
5059
10254
7590
5617
12540
1191
5471
11895
12585
13401
8173
8405
3189
7483
7654
11392
8356
10449
3567
10148
10180
5518
12840
1153
3656
4470
5132
7735
5937
11798
6355
4069
13370
13240
8355
6869
3090
949
8470
7190
13073
12588
13285
3370
2806
8981
11292
7850
4119
5620
1155
3492
1119
9565
2883
2473
289
6020
10430
4800
11818
8237
13007
11182
7591
10037
752
5766
7117
2313
1735
7275
7479
4197
7467
4943
137
10895
9542
9103
8159
2995
4439
11160
8540
8497
10922
12996
7934
2026
8997
4269
966
5141
6743
11888
5385
708
8663
11085
12992
9549
12170
1363
9596
9077
336
11386
12883
2469
9222
13399
2040
11558
13035
7191
9590
12100
2714
11932
5218
7364
13717
1915
5659
11023
3147
13275
9999
4583
10969
398
2578
3651
6116
7386
2754
4111
12829
1792
13652
12330
2635
1232
8935
3706
11962
10675
7736
3921
3817
5942
1479
7782
4519
8013
110
6885
13397
6622
6186
11497
10914
2986
8430
13125
12276
1287
2760
8796
7235
13405
9083
3895
3816
12354
6148
10035
4324
6922
5885
4797
5163
10799
8530
11246
2736
3993
7332
12260
2504
8835
12420
3946
11457
11030
4652
6861
13436
3421
4407
1710
7502
13097
11334
4191
12496
8142
11090
2203
12893
11446
3161
12384
6942
3495
8336
6377
2779
3118
9582
6818
7705
10876
4514
7672
6403
3138
4195
12
4721
6801
13590
6399
12535
9899
7069
6334
3597
6030
2997
8509
10817
7379
5876
1320
6175
6072
8798
12257
187
7218
13691
213
8195
1098
7365
2285
10607
3783
12093
1716
9035
4808
2277
4221
3263
7608
10336
7667
5982
11422
2988
5888
5688
1203
9781
6860
3176
7478
13646
13569
4181
7534
8713
12637
7930
9461
9533
13622
10731
3530
12959
11788
9686
4198
13133
11054
5081
12737
9790
10045
10359
7615
12023
10620
1714
8995
9508
6491
8724
12663
7304
1423
5930
13400
220
125
12939
4384
7767
5889
10162
3346
8011
3484
6878
3900
12342
8789
6723
8410
1121
7564
13036
2542
12719
8790
7632
3601
5310
13728
8169
3710
3249
8525
11574
6336
7805
11997
5239
8998
9128
12685
12469
11114
4173
3021
1986
10149
577
9607
8892
11238
2980
10294
700
12997
6821
9855
1397
8329
3191
2598
1301
2766
6261
5188
1286
6947
6741
13642
12111
9837
6715
4337
13033
11546
5957
692
9238
611
462
13782
3592
7958
11133
1273
2993
353
11091
13244
12519
4024
7312
11569
4292
266
4883
765
12046
12370
6656
1586
7907
11824
5073
7127
1953
9183
2341
286
6430
5559
10291
7092
1412
1883
8091
7428
4411
5752
440
4477
11230
7815
12635
312
4216
7278
796
242
8534
1967
13663
11776
9441
11661
3559
6602
6354
11364
3950
13186
9876
5255
6977
5292
568
6405
736
9794
4023
56
4853
6736
13650
7918
11468
4844
7867
1809
3935
10324
3585
12506
7964
3550
1364
11919
11620
10322
1201
4526
2168
3814
5776
6476
6874
10242
4871
1268
6592
7746
6515
9275
6121
139
6298
1259
11112
11698
7126
7947
11967
8977
5071
3406
2768
4013
5870
13309
643
6329
6635
12504
5944
10836
5444
3471
12446
13351
13249
4088
13727
10311
930
2812
4318
11758
5775
1577
10273
7050
2353
10763
10429
13338
5973
3315
8477
9787
3574
12095
5075
12686
4368
7687
543
13357
8341
9749
11104
8137
3154
12507
12958
13793
6235
9362
12195
9610
5637
3356
2936
4121
9228
6470
5507
340
1340
2357
12534
7252
11785
6826
343
13601
9301
12767
8472
9987
8915
9912
7236
13348
4488
9562
7102
3701
9147
12065
390
3302
3639
8942
337
5540
7594
6798
13209
4103
5246
12881
893
631
7971
9484
3057
3156
4491
11237
2090
10330
7728
7009
7693
10611
13365
10753
4332
5542
9795
6364
12138
11426
4062
1815
4093
5852
895
1383
5095
5089
9849
10297
11904
1129
5694
12709
12232
3786
11586
2064
9518
5187
10674
4095
11677
7674
11070
5747
3696
7030
2612
7740
9512
8270
9616
1498
8382
6195
4022
8387
10837
10621
7931
9321
749
7946
5859
12794
4801
4587
10119
10120
1200
6967
2001
6989
3169
7634
9857
2294
1157
4219
1844
1321
2864
6994
378
1667
10813
4613
2266
5134
6839
8771
6652
9084
6297
7374
3793
10682
4578
12553
12825
2604
3173
4580
7701
1602
12600
8468
7363
4240
9724
3451
6808
8128
4992
13713
1705
5894
5929
691
12692
121
6859
6569
2567
8257
9352
12604
2581
9953
9796
2158
750
614
696
13621
2319
6928
13248
4078
5337
10445
13840
3363
8157
3889
4146
3288
12166
12082
6643
416
4067
13029
8122
9826
4258
9096
11298
3518
10089
10260
152
3600
9594
12285
11408
6747
6289
12593
5703
11084
9916
3298
4976
9139
5638
869
8200
11728
3273
5779
9258
4344
1317
5085
4008
4409
1052
6125
942
4515
882
10222
10202
3025
12433
2743
5754
11858
5765
4200
10417
3527
1197
12490
5519
6438
13001
2321
2403
4856
10958
1209
2748
3812
129
13818
10789
6210
5588
1165
1971
12238
899
10051
7922
12318
8108
5016
32
6887
2111
10010
6052
12243
862
11467
10960
10808
11618
3568
13847
7341
10268
773
201
5087
10047
9207
10117
5806
10070
11848
211
10541
13533
13116
3668
4993
7652
12830
1338
11942
1004
9223
8191
10100
2449
9347
11922
1467
5162
4326
13705
11786
7174
12544
13758
11009
7468
400
13407
545
8715
5794
10982
13624
12344
10821
6341
12813
4647
3861
11831
10255
5768
10566
4923
5370
11168
8725
4541
4745
10425
9230
6233
6432
6271
1497
11965
2068
1276
1977
93
854
4527
12268
269
8094
10433
1431
9788
12766
8562
11847
5348
4585
3008
3941
10950
11273
12312
13312
13004
1839
601
7861
10654
13316
7368
8324
4457
9114
9220
4757
10163
9984
12598
3026
8871
2501
13557
322
10859
12898
1692
8007
6546
13670
9449
11762
11611
8566
2161
12532
7708
11854
1255
7702
4693
795
9896
9892
4388
13006
3351
2571
6200
2684
11736
3959
11828
10269
7402
3573
10316
7168
9381
5983
10326
6701
10078
6170
5438
6008
4238
6174
8843
1913
1059
7041
9299
6815
8918
9874
5689
3634
2402
5098
3938
11876
3792
10346
1805
7265
2042
9170
5169
6084
6315
11884
10257
8371
12643
11170
6221
8151
12055
8775
51
533
9366
8994
12934
3307
3027
10598
493
5882
1446
13440
5925
3183
813
7172
124
1465
2137
5482
1131
11867
3617
10057
4560
13844
10875
10083
7530
5463
5917
12568
12529
4412
9510
8511
6474
13497
8539
6685
634
5217
2940
12989
8014
12757
6196
2095
7954
1365
2765
218
11535
332
4917
7785
13272
88
10422
4944
6901
7780
13320
9158
7662
3554
2312
1048
8022
10523
5279
2386
13262
7876
7656
10423
8943
3350
3366
10901
1501
1028
10050
3729
1827
2728
1741
9814
7076
11521
2831
2630
4799
6505
8669
13422
5671
9432
11266
2954
12644
2492
6761
4075
5509
1159
8330
10460
2846
13599
9052
5531
12903
395
704
1428
8773
13460
8779
7840
563
2775
8009
11711
11536
9054
6180
10900
12057
9981
13112
2481
11812
10315
4689
9742
5452
8907
1164
2819
9992
13531
12613
6024
1104
5799
10351
13415
2496
118
12151
4268
5626
6254
7313
8586
9848
2563
13556
1234
12309
1384
5344
3583
5000
8181
11387
7441
13157
5498
6509
8868
5382
13858
3548
13628
12995
10155
7694
2018
9264
13559
3265
11438
7837
4863
4776
5297
9569
12478
3595
1970
11184
1508
8021
10597
1576
6668
3268
7698
4852
7764
2380
5449
6348
4079
2818
9672
4135
6987
235
4484
6518
11807
812
7875
6984
6610
11907
4780
1484
3926
12869
2521
12887
12870
7843
7559
12296
999
3234
7821
2844
479
13850
4830
8481
8148
778
9584
3035
8435
6898
515
5793
1477
6095
10717
6135
7560
4536
7424
469
7320
10684
8884
12860
9216
13442
6819
6539
9427
6004
10112
13524
13756
217
1930
8528
11432
4577
595
9819
4895
282
9496
5361
8665
3943
2063
12550
12696
12167
13104
9200
9990
11527
8533
10086
12075
6070
13629
5526
954
11134
8880
4726
11352
13724
2597
10020
8351
1368
12676
7704
7232
7623
396
12547
6563
7113
7872
10735
11165
4665
4068
9012
5428
11552
2025
6452
1799
4370
5040
12218
8138
6284
6130
13505
6986
7431
2462
11836
7960
7263
9692
5333
8692
2745
1934
2367
11196
7408
8872
8613
4210
7017
2389
8248
9348
9971
6976
8312
771
9669
7398
5510
11423
12196
7899
3722
8657
5625
11913
2182
53
9215
6910
12936
6421
8705
529
3755
6831
4497
5173
2686
3808
9947
4629
6467
12536
9472
12793
4840
7060
2108
3180
409
8749
9808
12762
7439
632
12915
7845
5633
11778
7963
3285
11463
12756
4973
13485
10628
3757
4849
5219
12348
12966
5836
13785
8776
5681
12783
2872
821
9975
5043
7262
9374
1213
2209
1762
10568
2467
5250
6503
8617
13636
10553
12546
2093
9404
10391
8810
5530
4217
2683
2327
693
1476
4396
5476
760
7994
8057
11061
12071
772
2397
5502
5684
8853
8149
11941
1208
1425
11929
9239
9541
7500
3112
5877
2310
2912
7162
4567
11218
11163
5941
10298
12255
4319
13480
11360
7588
11072
7205
12376
2004
11490
2968
356
5833
4823
10593
10168
9036
141
11269
3493
1168
11866
582
9350
9329
5760
10329
5791
2577
5966
9440
1341
12016
9233
11120
9478
10935
6250
606
1326
13560
12712
6162
11685
5914
2013
1420
13584
13551
7250
12287
9412
9473
12522
6586
2622
313
7038
791
4575
4884
12913
6760
295
9050
2929
5891
2874
8459
12626
12304
12258
3804
630
10400
13166
12839
7659
2364
11717
5124
94
13151
4353
8957
11833
4124
7621
8816
2455
8384
11716
557
761
664
7285
5584
11829
12280
8311
2611
11974
9629
1030
8493
12157
2878
8851
2695
9273
4931
6667
12894
9674
1342
5368
735
12401
10537
12435
787
13387
10543
3441
3702
8911
8070
4785
9727
13046
12191
8498
10687
7655
650
10733
7403
6585
3615
914
12042
12960
13015
1702
6112
681
8482
9622
9813
8397
427
6897
3686
6716
5716
13362
686
4250
6695
1291
8121
11383
1117
7257
10232
2420
10639
12457
6520
3800
9477
8541
46
8864
6068
2053
1595
6347
434
4449
564
8898
8757
659
317
9574
2694
2051
9262
13342
8205
7016
5493
10164
8436
9732
12687
9414
8577
6484
12950
13610
10432
3913
102
298
1547
4632
11058
9403
8932
12607
8703
472
2914
7390
6858
5976
1354
6532
5706
5375
7550
8563
7437
11592
863
13611
12363
251
2303
6823
6449
12648
1316
11282
2941
158
3556
6845
12963
4380
8598
2895
12895
8784
5144
4534
13208
35
6226
9009
13153
13353
13547
4911
715
8440
11598
11431
2960
3868
12965
890
12810
428
7521
1281
7985
10452
927
5062
9237
9078
1856
9784
10822
12404
3924
11254
5184
12891
13478
10689
8263
5447
8207
10977
3561
4243
7873
12777
13586
6877
7543
9830
4657
13772
1115
4132
12652
1332
9623
10446
12754
13308
4834
12630
1264
4249
10319
1767
5616
3728
615
10622
2702
678
850
6173
2608
1376
7300
13498
9161
4162
1798
13827
9255
3544
12155
6753
1422
12923
3432
6243
13417
1339
247
13336
11164
13473
13115
12349
5975
2468
2985
2692
11400
170
9457
11055
2769
6465
82
1976
10101
4804
4148
8512
3590
5923
10284
12141
11440
13466
8620
8290
522
5083
7139
3242
8664
10606
9485
2969
11596
2663
4584
8019
2342
13572
6672
1081
9842
11424
6502
7800
3576
4328
1084
6633
65
12805
2875
1439
9681
13565
10759
9493
1811
7571
11923
11108
5049
4235
3404
2050
3099
7723
6733
5902
6553
3384
7842
7565
2796
10786
1091
2579
2191
10934
258
6707
6009
1592
13522
7176
9317
3751
11504
2298
7639
5901
58
10006
10032
13340
1999
12845
1312
13
1485
13278
2891
13008
9010
10369
9806
1528
12444
11288
10167
1870
9325
10087
9079
9302
6394
12246
11138
6313
8999
3963
11679
6487
7219
13294
8262
5082
844
8281
6178
6440
2764
10212
4875
13067
10039
2450
8934
4025
2305
5715
12917
13857
91
13694
3781
6486
1018
1194
11780
1055
10392
1214
12636
10338
10751
7935
10866
3399
11494
9175
4898
9379
2982
4083
9056
2871
12988
13077
5211
8678
9960
3602
10310
7580
11117
3334
10387
3952
4668
12761
1833
5009
7955
8002
11444
3594
2219
4403
1890
3392
9957
3082
3747
9433
6087
453
4109
11079
7462
11322
3280
2822
11951
7755
3054
8228
1449
11681
5387
5248
2847
8092
8098
8801
11428
3394
10313
1633
8863
13279
5654
13037
1337
2231
7879
5635
7839
2637
6498
8730
3050
1537
10919
169
910
3423
12921
8443
2587
445
2236
5856
1711
541
10646
5106
8392
11144
6629
13216
1198
11075
13296
7953
7370
6213
12058
3446
806
4771
4769
5341
9097
11179
2815
8451
13439
11234
3412
8645
5953
11385
6305
5568
10416
5676
13016
4188
6149
11781
9357
6319
12428
10136
13582
9585
328
722
5704
12986
1862
5952
3798
4375
4499
4836
13333
11187
9570
12973
10251
4561
4868
9985
8638
952
3228
8146
1561
2602
11676
2920
4554
7533
1750
10464
414
2038
8388
12337
6425
8675
11568
12131
13044
11145
3444
3166
12925
4479
9516
13136
1598
5276
2907
9801
13806
2515
9726
10955
11646
12125
8959
4441
5339
2240
5003
729
12899
1136
1671
3333
13493
12902
6392
8524
3476
5130
3255
5934
9189
10131
13429
11610
3097
10184
13537
1540
4568
9758
6732
12683
12462
7817
10395
8116
274
558
1067
13168
1258
3896
8733
12586
5922
1111
4255
4737
3297
447
4748
252
10341
5812
12785
10434
5193
4046
4392
4535
5230
5289
13803
4118
3164
178
12209
11608
7004
8110
1965
1047
5421
4459
2631
7874
1078
5571
9737
13674
13672
482
8644
2430
11791
3768
3266
10170
11749
3520
11461
2661
6215
1207
853
7099
1570
13474
9628
3327
11123
685
2688
13528
9771
8699
2566
6575
13349
9831
12924
9729
6555
4656
10366
10228
3837
7427
4074
7636
391
9364
12879
3299
10923
6129
5437
6296
9554
9300
10262
7792
10213
4783
13061
2619
626
5201
346
7440
3745
9705
11958
9072
5735
7831
8842
12666
10691
5472
1211
2700
5454
1414
10604
10588
12437
9304
11052
11821
9060
284
8578
4314
9573
2170
748
8391
2763
10706
4310
5607
5574
8276
39
13703
8172
9014
3323
478
6914
8416
8279
837
10303
2407
4156
10056
4821
13507
11684
11253
5621
9743
3682
6766
8677
6091
12449
3213
4014
13583
7520
3626
9624
9878
8829
5817
3730
438
10388
278
11896
12633
8991
7342
9210
4286
7774
3535
13321
4165
3525
2123
3769
3910
13187
9168
9578
1596
9675
7725
9511
13680
10015
10812
9447
1220
5848
924
13545
6441
2678
6876
4128
199
9333
12552
4723
12814
6472
4108
3450
889
8830
6708
8507
4857
7830
8931
10956
1311
5757
11713
10858
6444
10494
6988
10166
3834
1590
3844
12266
1554
5544
4574
2690
5470
10533
4573
12206
5303
6131
7353
5789
5389
1348
876
11902
254
9037
2154
12388
11613
11323
1212
10818
11619
8154
9581
9370
11537
8456
8812
6369
5192
13573
13172
12500
4592
7680
4740
2641
2966
7011
7998
1325
7292
334
11673
8655
2067
7399
3092
7901
8592
12078
11739
5514
439
13687
519
7348
616
3901
11143
7969
5524
4203
8849
8975
11955
2841
8069
7443
3109
329
4791
3610
13723
12668
6607
10206
10737
4630
8889
5254
2145
3087
13543
10626
10160
5642
3403
2643
8015
5732
12851
13322
9452
2331
9283
10667
6675
451
10679
9118
7849
13591
3564
1034
8369
2499
1385
4362
1661
9224
2887
191
4695
3902
2121
4104
10240
2803
5410
13225
3580
12994
6912
3218
12052
9503
10705
7941
7548
6374
4496
7613
1279
7258
10122
5567
5146
12314
12803
9707
5777
9946
347
3625
7349
7707
9073
13066
5718
8239
13057
540
5434
3723
9002
11159
2742
12335
12919
751
11734
7384
6918
5182
11262
8362
2848
10869
1812
421
6744
10132
13150
2094
11861
3209
3725
10080
13595
10791
2351
2368
7536
10270
11418
10998
13626
3647
2374
11503
8490
8125
12645
2646
6494
2039
4092
11473
13486
27
12283
13034
12589
7406
12455
9413
12396
1466
2829
4044
3123
13144
8793
11038
11296
1087
5879
1545
589
5140
4865
7270
6388
7682
8068
9143
5021
11860
12576
333
11264
13379
5200
13169
3041
6039
1931
9639
8904
11480
5430
8750
2917
8213
13310
11760
1932
7212
11940
9536
7692
10458
5284
10199
11177
8389
5366
9292
8671
5796
6094
9930
6270
83
6632
860
3532
432
5172
2381
2292
8314
2105
4276
13325
3124
12771
5467
9411
9398
2506
3577
13575
550
11215
10685
6925
13592
1049
1272
12329
4418
10906
10261
4102
1392
11212
3876
1061
6141
6302
9902
2037
11570
10453
7329
4467
6325
4903
644
1381
12085
4904
8925
12350
11973
1634
9282
5269
1747
2005
3429
2193
1910
4081
10219
6155
12723
151
9319
10953
8589
4850
12222
7432
6308
11013
6035
5790
5212
7266
10795
309
12952
4002
5501
11737
556
5459
9019
13297
5384
12094
2267
1687
1942
12713
758
13494
335
8268
7641
1092
3906
11325
10946
1745
11414
11195
6660
5822
4408
9829
3713
5500
12780
11674
4617
865
8495
13437
4282
464
13729
6433
6945
7243
6493
3850
9816
7448
10069
586
13159
371
1458
6751
10976
11748
12152
6851
6059
9020
11956
6306
2717
9828
10690
1521
2071
551
585
7927
323
3994
5758
8659
9575
552
10547
946
11751
9898
5687
12735
10044
1668
3557
10835
9209
12333
10373
1313
117
4483
7006
9719
5273
10652
6301
4803
11037
8414
5527
12640
2200
688
2671
682
1021
6481
11801
3378
809
11035
6690
6729
4774
10918
7315
10159
8326
9652
4425
4594
4603
1567
13585
3009
3071
11240
1682
7816
13250
4924
10365
330
215
10454
2142
13409
7897
4283
12884
11346
13722
950
2208
5938
770
10927
11366
1493
1288
7062
7924
5473
4066
12545
13607
8837
8760
11842
1005
7330
13735
10208
4280
13841
8651
13811
6980
7877
6521
3436
13184
12632
12655
5427
2288
9007
2124
8306
10807
6357
4159
1751
10427
9256
6996
372
4798
10283
11609
6365
6007
3553
8632
3486
11561
5679
12402
3487
10937
2355
12179
7732
6010
1869
13488
1898
9442
4996
12582
11469
7385
9288
6286
2975
8634
2428
5026
9150
1580
9465
5695
4949
7097
5549
7961
7920
2820
6451
8377
10367
2998
12393
4503
8278
7827
13074
5342
2096
9833
5110
7186
13702
3222
10181
431
3586
4434
953
3314
11560
10991
8320
8770
1270
8375
257
9153
2967
3115
1252
5535
8551
11412
6000
6794
11265
10754
9738
9027
12639
10700
9605
13359
10049
6603
11512
7734
3324
7576
13838
9866
1769
8411
2166
11482
11350
10043
7319
8051
8797
9140
13282
10915
13588
13779
1954
7295
3760
4312
10990
518
7788
12935
2594
2211
9714
13444
3010
8874
2083
8510
1688
10852
1836
1112
13562
9933
8590
8550
3717
4995
8003
5770
12320
8894
10673
13345
9335
11484
3894
4981
11029
11723
11797
3260
11920
1039
12183
6064
4677
8156
1840
3611
2950
5653
8219
9063
4501
8035
9388
11794
5063
5895
3284
6489
8818
4953
4956
1156
6197
12558
8308
11635
13608
3186
5022
3146
1564
13492
456
10403
4469
11291
2719
13799
7657
5677
6770
11098
7026
1506
8752
9841
5263
12708
1305
1440
4376
9859
1058
5320
11779
11171
3143
11706
5139
5733
4290
5947
11101
5582
6867
10022
7079
13770
7810
2343
4763
10649
9144
1409
13408
12169
10441
5160
8623
11378
8096
12311
6982
12621
376
4938
7470
10695
1559
11495
3930
12106
13754
4234
623
10414
131
5520
12099
10576
8439
11004
3433
7890
8700
8774
3528
3699
1518
2633
6560
4207
9736
13742
5481
1089
7635
1275
66
9780
10344
10802
13471
5445
11309
1236
1988
712
1608
13222
1359
10067
5257
11575
12323
8704
2737
6102
10893
11905
13845
5154
207
6954
8887
7401
7098
5084
8402
3541
8746
443
8247
3192
7773
1434
2233
5907
12791
10193
3247
6312
3977
13344
5956
5797
7508
8372
5722
4383
1937
3121
9375
4170
9341
7610
12795
5904
2417
7717
1323
7592
1857
1402
9748
11371
11275
3519
13288
1650
13315
8020
11216
1726
18
9102
10379
2016
11394
5411
6721
1642
2479
2314
13438
707
7527
10302
11591
8820
12804
2425
12273
11178
13839
2497
3107
475
5573
12671
6549
5190
8670
3661
3968
1173
2709
4951
846
12824
8404
8596
8886
1708
7308
5795
9178
6931
7932
11380
3999
4907
11259
10072
9958
7357
2951
13161
769
6076
2978
9873
513
7719
1210
8928
6126
8580
10872
5840
6483
9498
5042
1648
8420
3233
4658
9793
8839
10942
3181
11417
2237
8919
7268
4510
10722
10730
4382
1581
13853
11984
9270
5277
10714
11419
13247
13740
11142
2422
11470
6800
10665
2826
12291
4363
8607
6749
12192
8082
1389
9051
12410
7193
6209
2133
6574
4736
2058
6896
13696
8927
11501
10512
10068
1025
5492
7806
670
5720
12219
734
9003
7562
6044
2814
10729
12210
3413
11247
6757
153
3865
6802
9908
12518
653
12105
11186
3874
12778
2404
8201
10253
10712
906
3811
2555
11963
10867
10097
9654
6863
1267
6786
6244
1852
13747
6844
221
1663
2041
13383
9155
9434
4017
26
13656
8517
2493
8280
10009
6342
6274
10780
13495
10962
2601
6424
709
9263
6911
3076
12559
11792
13710
3244
388
10882
4667
90
5762
1583
3182
11563
5831
6543
13376
12059
13734
7713
3836
7819
5210
5032
11971
7048
13618
7272
10707
7944
4963
12617
8808
3440
7616
6456
6661
3496
4453
8938
12763
7896
5579
5301
6153
2783
12035
8736
3162
9764
8361
7255
4021
6511
48
1652
8221
11949
5364
3766
12849
11820
76
44
11193
1260
109
4680
13690
8182
2061
5743
6458
11890
4790
11507
10361
2721
11139
8593
13299
6145
6789
5835
2173
12051
5469
12945
8431
2707
9969
10440
9474
9385
13852
12513
3405
1964
8321
12750
4259
4701
2480
3716
2269
11465
1035
6703
8047
5964
5360
3754
10635
9421
2509
1878
4094
7967
13242
5845
5664
7290
4455
10380
5079
5962
11125
3631
3195
3537
7681
9291
230
2439
5548
10725
1175
8840
1941
12984
6300
4366
12313
3799
8988
2461
115
12256
4767
7664
13546
1147
6604
1480
6220
10792
2464
12038
11772
5602
7938
9163
10855
3543
486
9875
11208
7683
13725
2225
2687
4764
2824
397
6873
584
13013
8315
2079
3253
6397
11834
163
4493
3497
2406
829
8352
11572
13649
10216
11491
1026
9006
5019
13514
3019
2131
506
8973
6535
9731
5322
9942
12684
6998
8368
7033
6482
9547
1588
6507
4816
3006
8782
2659
2023
7103
13087
8334
12146
352
13833
10703
2514
7154
7029
12458
13372
12836
6272
8763
212
5474
8365
5243
7797
2782
2218
5371
11868
10527
8637
6207
1450
13194
843
2196
5597
4985
1707
12698
13467
7200
8695
7107
9850
7603
9660
11577
5587
6649
12718
5903
10462
1336
5331
12806
6805
8656
12595
13124
10196
9425
2734
2250
10644
2609
7378
13513
7993
6172
698
10531
4413
6446
2733
5402
2647
74
3136
5992
9024
9962
3842
2545
6179
8429
11649
6011
10161
7395
7112
2151
9935
11584
5404
9934
7720
13337
13158
9106
10902
13241
5693
9968
11502
3034
5355
13023
11067
293
11154
2955
6872
3917
3304
12389
12672
514
394
7888
11228
11683
10096
1616
11559
9343
5311
9914
823
7525
1218
2044
9956
7868
13445
1806
4317
3694
1523
3236
667
11057
10130
236
3104
8648
11245
7574
3517
5386
7535
9650
16
12492
13503
11222
5244
5034
12734
9206
8335
4697
304
10839
3780
5335
11579
2576
488
9089
9568
2698
1557
9507
8117
4122
6903
11268
5262
7790
12538
1587
1125
8097
4902
12623
5379
6029
7028
8777
13065
2632
1729
10669
3660
1701
2617
4912
2115
638
3549
3591
2103
548
1171
5363
680
7088
4330
2109
978
6758
11103
13587
6686
5787
12873
10002
836
3523
11578
10463
6134
6005
13354
2696
11045
300
10521
4545
349
10241
870
9588
3753
9199
8890
3975
9883
2074
12140
3873
2727
7159
5954
5369
10364
4252
833
4969
3870
12045
9534
1925
13047
8680
6410
8609
1001
5629
7765
1036
2270
7498
111
5648
2852
6527
11638
11759
3310
12624
4073
2187
9802
6737
1992
8544
3383
10123
782
2549
8288
11024
5216
2162
8701
12239
8198
6595
8521
11700
4760
7512
12263
10785
8031
11924
11532
10849
11814
13552
8508
10724
5780
6674
11938
2640
2396
13677
13700
9900
13450
11500
8444
11612
1369
10317
10578
155
13788
10662
9812
12424
4571
11671
8869
10281
951
4507
10904
12380
261
4131
9783
2333
8747
4922
1513
11880
8360
13600
2181
7511
5181
10372
6395
6330
9921
9376
10495
9548
10636
7214
6710
12259
3858
4432
8085
13578
4485
11912
12555
1560
12281
3972
8267
10803
12969
7376
4806
9358
9401
5842
13619
661
2952
2513
11752
10602
10054
578
9704
4645
4650
6260
6646
5405
8948
1138
1504
6519
1388
12775
5356
4019
13712
5995
12495
10176
3185
8827
13335
12240
4261
1447
259
5808
11302
872
429
12729
11130
2784
277
1914
6745
4570
1961
2189
12373
3881
2789
6907
7391
13530
7271
6774
5769
6634
3276
9108
6822
8859
1670
1698
8825
9445
13706
13118
5969
3117
8603
727
1636
9126
2575
7607
2550
7454
8861
11210
2213
13750
5556
5293
10698
12499
7803
3929
4512
3875
1907
1495
2153
10099
3562
10764
10557
9466
4461
13719
8084
8573
8111
9312
10928
5658
8192
5717
6838
5861
9190
1628
13127
925
11047
3835
2020
11003
4253
5069
11823
6353
1424
12878
2522
1056
825
10877
3720
647
8531
362
2868
1801
2533
3979
11898
11859
3232
13237
12473
1831
12056
11744
8707
364
13475
11548
1256
10908
11299
13000
13395
2838
7456
2258
10012
3485
10102
990
2356
10259
5350
7908
5950
13392
4908
7361
4393
5841
13817
4653
7710
2620
1522
7981
9666
4520
7238
7091
7600
3991
11189
1748
10996
8529
4048
5985
5374
993
12116
1116
3623
5135
13010
970
13541
10879
4336
8053
2645
10624
4662
11892
5108
5596
4817
3001
4925
1472
3434
7609
10090
3560
7347
2560
1429
5517
13447
4920
6626
3012
8965
11116
10179
2628
9638
10642
3857
12980
5847
2073
13801
8519
1864
3934
4818
2376
13645
4809
13132
6478
6529
1601
979
2958
5858
5978
4031
8386
8803
2565
3277
11002
1079
12190
11000
13163
11743
4563
10025
4193
13200
2022
9952
5666
11639
11901
3239
6614
4456
6657
3779
9428
5340
3044
9105
13386
10571
11454
147
6605
3986
4625
6457
11626
2994
10288
3802
7856
12298
2494
8078
12886
10544
13210
12647
1535
2254
10177
13490
6930
7538
10088
10558
360
3259
943
3262
8662
10659
5491
1621
4041
6579
3322
2413
2426
10943
7883
2543
797
11327
3640
11708
8583
12722
1520
10758
1553
9884
5439
5065
12168
12982
3965
2615
3584
9070
4229
13792
12322
2399
11953
5424
5391
4260
3721
5854
5778
10940
8987
6718
12092
9100
6239
9372
5650
11459
1975
3029
5268
907
1413
12702
10896
11642
2614
5123
11663
7670
9539
3904
6167
3481
12347
6188
13739
11988
8765
8302
2853
831
2424
3855
4444
2385
10333
12516
5651
316
13848
1006
5423
10405
10500
69
5710
1785
7689
3220
10513
732
741
12481
1269
9891
6534
10540
1022
4538
5365
5460
11999
13487
6414
516
9587
11081
12841
4939
30
12197
8423
12802
12853
11232
8916
4685
3271
3676
10517
9136
2526
11863
5267
6948
2675
12194
1802
8234
4700
4423
4301
9602
9307
5336
2304
10826
5711
12901
2753
3372
847
2089
229
10053
5074
12145
7114
11357
4176
10209
11933
162
2299
8979
2315
11472
10028
11909
5107
6413
288
2992
11566
3072
718
10378
1641
9504
9725
8852
3579
2787
1786
9
10565
9800
8155
7464
8828
1463
11793
10535
6601
1166
13732
11303
13117
6841
5708
4050
446
9716
12130
3773
2212
10368
13428
2252
3119
8071
8419
8056
2194
762
10055
3387
10157
10529
2308
1180
4975
11995
7671
9386
2834
10590
2740
9309
299
2556
11970
11032
4361
6267
9034
3428
6968
8295
12505
3978
4517
12284
5378
10114
8194
763
6109
3884
9860
12272
10917
8026
10719
3945
9939
11810
10124
13791
6510
12716
13368
9555
5987
6398
4582
1979
5742
3846
6788
12104
4819
1377
1396
10947
995
8214
10082
9203
2531
10197
1916
5943
7626
3687
9586
5646
6268
7417
10845
2322
4720
1314
1398
3912
1076
2926
4356
9637
2755
11479
9913
4889
200
12876
4873
264
5077
11869
7108
11022
5874
2080
11945
12489
1607
9494
9811
776
10562
4611
8179
3422
9538
11167
11277
724
367
10519
13090
6889
12677
10467
12227
9544
5231
4839
9420
12480
755
4436
339
13054
7660
964
9444
6966
11260
4196
13274
5971
10945
11640
11376
4644
9561
12922
10847
1353
2607
3086
4
2412
6264
2289
2758
5798
10492
3114
8881
1673
499
9130
9438
7507
6584
1776
2114
7109
6257
12359
1367
6958
1829
4710
1728
11442
2919
8190
25
7453
13251
3489
3291
7541
8446
11391
8359
10605
11891
12517
1526
9453
4660
654
5359
962
731
11315
4213
10484
8778
7515
4175
10526
819
4724
13152
12123
9221
5078
510
4930
2911
13051
3869
3352
276
13812
2301
5056
4028
6792
9240
12865
5435
7841
6322
7630
11650
12508
11556
1093
12377
10552
8346
11207
3381
4547
10591
10018
49
6032
3652
2244
11121
11594
6316
9402
4885
10631
2118
11525
10409
5669
10809
5490
7860
227
5887
13561
10994
4566
8717
6727
12642
10525
3992
7058
1917
579
9475
1309
6275
11815
13753
7833
8232
13109
8210
13105
13072
10243
1278
13018
5913
3866
8170
6012
11555
11439
2442
3555
8215
591
9437
7002
10570
10349
13177
4684
3763
7227
8805
11046
301
10832
2744
4341
9700
11301
4789
6706
5522
13227
12048
6730
8285
12204
3397
7362
11221
5906
13558
4649
4948
4967
2798
6552
1331
7622
8502
13394
12844
7140
5159
5678
11137
9663
9792
4033
8955
11567
11520
11092
12230
10862
3407
4398
11077
13819
10350
2500
6156
6001
5185
13776
9717
4699
8945
2902
8178
13774
4309
11226
1578
5313
2634
3905
12498
1172
3038
9285
7267
8222
6077
1774
1356
2127
36
12938
7206
9469
5127
8291
2100
3657
11775
12578
1375
12801
7118
7686
7003
824
8559
1893
12603
11887
2261
8118
4101
10447
2650
8848
13175
6671
11257
726
11150
9146
9400
8469
5122
6565
2055
1810
12208
11950
12394
2529
10377
1237
8762
13805
8086
7063
1666
9177
9556
892
2610
9013
13307
13544
2813
5784
7870
33
10539
10650
6809
9895
901
12904
3065
5138
10292
957
11947
7164
13593
9265
3923
8294
10932
1099
10870
1448
1029
92
9799
11665
3003
4729
13830
6368
358
11960
7249
9187
13614
370
5890
4614
9948
13100
3480
6768
3653
12261
2077
4487
2393
10105
2370
13802
13631
10797
12798
2280
6122
1066
10023
11410
8415
5315
8432
8501
7416
898
1023
6709
8901
246
8625
2286
11653
6469
8032
9093
11356
359
3321
4281
13403
9488
5183
5558
1433
11452
7169
2888
5343
6343
1229
1106
7645
13069
11921
12741
10348
10235
6362
12964
55
2485
10238
8712
1978
7882
9162
6176
6578
7367
9822
571
4899
10769
8120
4847
8483
7814
6824
3200
11060
4734
3833
3007
2983
7522
8972
7421
7939
9320
3604
4716
9760
7182
1024
1471
9951
4841
12006
13783
11643
1718
6047
4706
13455
11813
7940
8952
12427
8130
10778
1126
9522
11338
11587
912
9897
10709
196
5429
7743
10748
9165
10024
7410
628
13192
8668
6227
12364
12002
13665
6666
9537
10058
41
5037
12485
11669
2802
12463
4052
8783
8883
8114
7360
12409
4437
12017
8914
1872
10854
4032
171
8467
7807
3878
11062
2459
13653
174
10071
11353
9495
2653
7712
3062
2948
3235
6783
12488
960
6628
6291
1266
4218
3669
6699
13360
11857
4762
103
5436
11399
9779
11564
7804
2171
8300
13327
6140
3951
8393
2328
2316
4430
5609
9049
2300
12564
2470
7461
10563
6292
1924
10585
7418
3158
13675
3633
1534
4810
8860
9287
5133
1224
10345
4626
6375
12160
15
1832
12137
6237
9377
7433
13520
369
3819
1935
3825
4717
4171
2466
10569
5353
507
6964
11790
8140
11900
4348
12556
160
13020
12237
4085
12479
3658
11853
354
2903
1555
2214
5275
12438
4518
6431
4777
7982
399
2613
636
13245
3988
9120
8954
6952
13643
2817
7484
3073
7783
4786
8518
2626
1573
3133
10
12661
1594
4293
4754
7251
877
11551
3581
13413
10221
12961
5224
12097
9423
1441
8054
8046
6999
12161
5195
8223
8982
2352
8940
607
1981
8316
9890
320
3275
1908
4140
13114
12929
635
6804
1451
10469
4204
11373
641
2658
13273
5300
9032
11203
12571
11764
11789
9759
1868
503
11885
7529
4744
9109
3300
6780
9893
5920
7020
10697
4558
1064
3538
11914
7491
2375
6206
648
13363
5479
4926
1456
4770
350
5905
13714
1888
7869
13199
10930
9528
6191
5802
244
10938
6402
1649
11086
7596
454
7337
12599
12953
2788
13361
2510
9647
12675
8976
7260
7962
9313
5433
9443
10964
6189
2427
9122
3079
5425
2664
4936
6909
11321
4651
5723
3320
6236
3587
2221
9608
2725
11362
4297
4277
11018
8862
10830
4355
3264
9393
12120
9225
10111
811
12867
2227
4702
7333
2324
10784
11375
2845
5537
1604
783
8390
10340
11934
4186
13102
3460
10507
12062
5707
11539
1550
12385
11852
6682
1706
12920
9746
13021
10362
6406
6208
6118
4846
3987
11319
71
10299
639
7089
13798
10480
3488
13156
9989
13836
12972
11702
4125
1430
5006
2383
7019
5613
392
11849
10357
7151
9157
4278
1192
6915
2666
7142
8764
5380
7813
5150
11204
12236
8610
10487
2889
12031
13630
5238
5099
3129
9778
1065
864
2224
11466
6523
8136
10093
13606
12483
8417
9111
4427
13193
6963
12730
9244
11756
4228
12812
13304
4540
9380
4933
210
1416
7039
826
373
13258
6676
11025
7302
1063
12654
3775
1461
2491
12760
9774
1038
120
12908
2431
13553
2780
12265
3084
12019
13110
1347
538
4273
8986
9864
6865
12618
13232
609
7316
3140
10995
11374
13189
9630
4876
12520
6050
4306
1274
12906
8679
3998
1637
228
4552
4927
11324
10191
1672
6778
5178
10732
10888
11705
9436
728
1503
6115
4597
961
6934
8065
5414
11927
1292
9213
11802
8147
4054
10094
5112
8353
4262
10916
13122
6625
11602
1442
2361
5936
6541
921
6229
11126
11347
7589
9471
11648
10688
8457
8307
13393
502
2757
12395
1227
4039
11903
7858
3719
4623
6981
2085
10145
5504
3272
6941
5949
13767
1944
3374
12872
3693
7144
11697
13698
6944
5935
4394
4265
5988
11977
1911
5974
4970
8231
12868
13589
8189
8164
164
7276
8060
2505
4683
10076
7494
5373
4284
7352
7509
1947
2186
3357
8714
3961
3683
4525
6929
619
1040
11095
9026
5314
6767
6852
3013
485
8400
747
1982
5545
9970
4642
12338
8963
6771
11827
8208
1659
8595
9835
12274
13504
3414
1897
10244
10115
1263
366
12554
9545
9517
559
7647
9182
5984
3473
483
2092
3187
3649
10772
7426
5932
4756
9360
7455
13567
702
6720
2282
11837
5259
5396
842
487
10106
10885
9713
7438
7881
10165
3542
495
12796
12591
185
12252
11908
7854
9327
11397
10601
11181
9394
11097
5701
3678
1016
8425
6036
9695
11331
11295
12503
3503
4616
10616
6471
9937
6790
6258
2021
12562
2175
13761
10736
10744
3810
2176
2146
138
12228
8605
8824
8010
2283
9543
8480
5505
2048
11249
1167
7013
11093
1161
12528
379
4964
3364
7059
5260
7744
3742
5614
5589
4113
8738
3989
11599
12619
8185
7798
11498
365
5813
7217
6573
2584
222
2679
12254
3137
12738
11976
10103
2898
7246
2685
8406
9577
1804
6679
28
11738
6538
1860
8520
9371
7158
8990
13306
9642
1544
13128
13108
8834
12366
5458
13191
5697
10153
279
6133
1651
528
5462
11703
4415
11063
13366
8920
9018
2117
11688
4379
7366
12817
407
6488
7544
7501
4345
2947
6514
11441
4144
11460
3807
1775
10567
12509
8479
10075
6636
6973
471
10648
9123
3949
9852
10081
10237
12112
7898
8996
5741
6606
2964
4187
12464
7557
8166
8992
6366
8048
1783
13266
9740
3734
3022
3724
7104
12927
5515
5241
12101
2858
9998
9803
3985
13784
11606
10618
1057
11742
8654
6290
9978
8591
10472
4947
10801
12502
11064
13568
1235
8718
11043
1882
9509
1378
13305
7225
10645
7733
2866
9773
2984
4633
13765
5781
1611
5002
10052
11300
7786
5180
11306
12118
3053
13499
12470
3177
6655
5610
6067
2535
1700
2369
11692
5927
1771
12707
9113
6164
11450
12914
6536
5408
10125
3398
6198
4372
3546
4464
2149
5058
12289
3031
9810
6895
9334
11809
6648
2257
10617
7915
4698
9923
1894
10437
10579
10842
12321
971
7412
2877
9217
8630
6637
9173
7885
10335
7779
2441
583
12088
3621
4154
38
12175
4599
12008
6111
8225
886
5580
7472
13174
7040
9715
4498
1593
7143
7134
3707
6165
11928
12905
10121
10016
7007
12573
11505
6631
4416
7336
7407
5397
561
13733
7034
9747
1938
4601
3914
10280
8249
11589
3840
8913
455
294
10638
8261
7552
4792
3059
13078
5455
9520
12482
7012
8587
1644
12308
11980
12731
13685
11317
9459
11106
4733
8802
4003
4738
3004
2562
12926
8673
12043
10637
2405
10203
11981
3927
12837
10470
4855
13082
858
3132
767
8989
11274
1631
7163
8112
3563
701
13126
4505
5352
7331
10999
2423
2197
11795
4638
12858
6522
3207
5390
5674
3982
3377
9391
9330
3437
12247
12041
651
7037
3047
7210
2516
2311
5328
8158
8523
4946
1226
6784
9373
4047
6288
1552
2453
11415
9614
13025
10353
9931
6700
5468
1251
7629
13160
12511
11342
13396
5628
2253
2534
4136
7791
4892
7284
1124
6026
9761
11763
8817
2360
3319
12990
3714
7224
6407
5785
2573
7928
3565
5767
1949
8635
10974
8113
9688
11082
5600
11041
4782
9532
11156
194
8614
237
357
7763
10265
1572
444
12526
2524
2049
9424
3190
2432
8786
4481
6293
8126
9033
4395
4634
7984
888
9651
663
6185
1551
8242
1046
5632
5394
5746
9515
7759
2078
9678
12515
8403
1387
11911
1837
11652
7129
148
815
11822
7587
6923
1681
10187
11843
9349
9193
13280
1740
12487
3011
5643
6262
3212
7344
11267
6231
6323
887
9824
5025
2991
3545
12434
2697
13410
976
994
9894
11340
12971
4237
3736
12142
4387
12193
4529
6462
3388
4099
4381
1148
7688
4342
5157
6120
7209
12182
7328
9567
4722
12930
4751
11361
13099
2256
5569
13730
3740
12527
5529
5719
5156
6899
2713
9448
4058
12423
7913
2621
6880
6363
4335
9817
13632
6866
2885
12976
931
10314
5869
6917
1575
10394
12452
2411
1205
3326
12122
3847
12367
3113
10000
10773
13745
5721
13140
12368
12288
11906
7242
10805
3309
132
10207
2259
319
13479
10653
4916
1206
11959
11799
2767
11136
5755
2307
6075
11510
12622
546
8466
4842
3030
2739
6651
5981
6114
2603
7199
13671
4727
5712
9718
12225
1511
467
8256
1966
10850
11066
4715
10098
4843
10450
11666
10506
6913
8017
13689
2125
10140
7812
883
986
8721
13512
10694
12955
4731
2823
987
234
7183
9513
4385
4010
7293
12070
4401
11270
759
1329
10249
1768
5121
10844
3329
10878
11889
8780
1324
12659
6384
1919
11127
6849
1003
6713
1600
10627
13859
13213
8689
6105
5317
3500
1103
9701
5416
8030
11248
508
1253
2547
5849
789
5672
11745
2548
77
7741
2107
7405
3739
6949
6904
6281
11281
10485
3317
10183
4244
10169
7071
4778
11662
8951
1877
11455
13644
5661
11471
2388
5046
9192
3776
21
11489
1162
3698
13238
5189
11623
4417
4364
6697
6442
9768
12606
4489
4914
13523
47
12119
9882
12541
794
4327
4671
80
12162
12201
6879
11131
12084
12345
7539
12880
1556
12379
12846
13748
11878
3226
1152
4227
8570
6222
7152
466
3839
5727
11600
3043
7794
737
5557
5668
4728
3490
12431
4026
307
3411
5696
4639
717
2561
6022
11433
3512
10925
1732
2682
1240
5751
11379
1755
6266
12653
7149
7942
10660
13613
11280
9316
1417
13554
12943
9905
8218
10443
8301
8984
11337
6003
9926
12978
13489
8313
9786
8769
4440
9626
13071
13430
5036
9486
6969
6642
12355
7912
7829
1955
1010
12229
11434
7082
1345
10851
1189
6613
12226
2756
929
5066
3197
4333
13096
12158
13509
167
3765
12211
1130
12203
31
10189
1906
6816
13810
2210
9451
6058
2972
10586
9735
6978
1134
13496
11952
1599
12117
12789
5031
4295
8196
11701
7350
62
7480
3150
3863
4688
3644
3692
1731
4130
13633
11656
8309
159
3431
8465
8203
1686
6389
2925
315
9252
13709
12792
10912
7047
306
4180
4825
5656
3078
6418
9365
6108
1655
12072
13744
203
2057
9483
202
5774
1842
11629
13043
2152
10062
7075
803
8594
9104
11278
4090
7486
12153
1818
4934
1457
4429
5223
6062
13764
6314
8627
10013
1100
13757
4621
655
6396
7397
9480
11712
2478
4886
560
5457
6490
5170
10408
612
78
5209
786
11351
3672
8552
8535
2262
944
6332
1509
3962
13707
1045
6985
7597
2867
1900
4640
5204
10516
1101
5739
6028
13301
12050
5801
5012
4271
8557
8452
1858
10782
6892
11110
8337
13385
5731
6082
10247
9149
13625
12847
10883
6086
3131
13692
11445
10894
12752
2884
7568
5158
6875
2701
6294
1784
1773
1963
9211
114
12064
8100
7389
4711
5208
9185
7025
6277
6692
9198
10042
263
4174
13350
1051
12108
13319
9260
9132
4606
11456
11730
2178
6040
11617
5111
9924
7074
2886
1722
4590
2668
8949
11068
3947
3533
2791
2669
2274
7796
9708
1405
11341
10300
3198
4641
9964
6240
7848
4712
1127
12975
1069
8187
911
687
2805
8708
10277
8553
4974
2580
4982
6927
6562
8061
13002
6420
3163
3976
11910
12216
1082
6042
4433
13566
10308
11119
1597
2512
5864
419
11542
13352
13540
1322
173
12325
713
13726
12418
1859
11326
4646
5807
9676
13778
7863
11851
8626
13521
7181
6580
13564
11757
4775
5033
6953
1261
10564
206
4743
4038
9257
8819
1973
7631
7185
3491
2570
926
6871
10693
12132
12822
11010
3540
8526
2006
1957
5970
3709
6096
11994
6921
8906
11581
2897
7716
9446
9048
12514
13329
2835
11153
4057
7889
11931
8273
8310
10623
188
3940
8396
12627
4475
5312
4365
13760
9129
1146
10796
2452
13752
7355
3859
3824
3704
10726
4506
11830
8710
3028
7430
2652
10988
1962
4397
9281
2104
84
4586
10884
3953
11637
417
11421
8354
11636
4766
7155
12602
672
2589
4150
8538
9248
13472
665
8241
6500
9670
6564
11017
5591
8755
4476
12297
10127
9172
232
9356
988
5035
3956
7504
12838
5499
8723
12426
6436
12173
7926
8569
11879
6615
4593
9160
5165
9750
6137
9775
11285
11870
2654
8016
6371
87
6063
745
2676
2786
4373
5060
255
4431
6401
6779
13263
7906
5113
11540
633
10905
6916
1647
9339
2987
10003
13086
10077
10723
566
7983
2508
60
1343
7008
9315
4732
7393
12012
4513
8018
4183
562
2102
10442
6093
5008
7466
3510
12539
3128
5448
12090
8936
11805
448
3830
10933
11998
4063
7228
730
5705
6090
2486
816
8691
3642
12910
2731
4254
11094
13143
9967
7167
10911
9387
2921
7442
13145
7769
10909
5698
3501
1788
10375
1391
8162
547
866
6854
1752
9722
2541
6664
9318
9405
6933
11522
542
7999
10948
13055
381
11393
10085
13261
7617
3196
3506
12949
10555
6337
520
11845
11409
3452
6693
12293
5161
6014
8422
1854
2228
7546
13326
3937
12362
1068
8089
1408
2008
13411
13535
8599
6412
5237
6085
8826
2226
4891
6992
6046
6991
12991
12850
3139
798
2956
1589
9134
2922
8719
8956
4664
3925
11774
6795
4999
7561
9754
3174
10619
7614
13605
13746
13510
9865
12249
2773
6653
12114
6017
7146
2379
5055
4759
6670
8646
5102
13119
4042
1123
3289
11771
1247
4879
9980
3058
4199
10640
9723
297
10518
12641
9294
8441
10031
9492
8838
2672
3438
4233
4686
3448
11864
1075
12408
10815
12715
2444
12079
3151
6665
5247
1996
6182
3036
189
12020
5478
10185
11307
5538
5235
4555
2623
2335
2060
6542
11330
3677
8072
283
4490
3152
7297
8367
3691
4315
11893
9278
12933
11320
10663
10134
13458
5853
3964
4321
9422
13721
13382
3737
4391
1657
13083
10846
12413
7997
1743
9000
1766
13441
13814
1936
10476
5665
5748
10968
2932
5261
12823
10236
2662
5092
9668
1060
3157
11690
4299
4034
5278
9925
3641
6055
7834
2913
13661
4223
9600
6057
9631
13230
3385
6252
8000
11339
86
7449
34
2880
2482
13324
6814
4056
7415
8040
11368
1660
4987
12572
1070
7001
216
9929
5516
6558
9955
10323
6890
5878
5226
7024
8407
537
11429
5398
9679
6608
3898
2749
5605
857
5176
149
8299
1945
11294
9696
5750
11811
7447
4000
11493
368
9690
5245
9310
3731
3135
7909
3534
11258
12985
2747
1958
1282
6358
4214
974
13041
5148
11293
9409
11835
5862
1033
161
8317
12566
3167
9617
7387
11458
4637
4980
1293
12233
4486
9418
10743
12911
12176
11585
8621
2003
8579
9311
3984
12612
13260
2723
2832
6955
10258
5991
8615
4465
11318
12720
3096
9879
12543
7880
290
10436
2148
3240
6038
7274
9818
12877
624
2172
3175
13040
4673
3903
1132
12912
7793
10781
4901
6593
13659
12005
9064
3453
8095
12000
12343
7066
1753
59
3970
5057
8622
1470
2865
13346
6460
7649
5759
10666
7611
3148
10386
144
9479
2935
7422
11214
11715
7339
8328
9458
8841
477
3971
3821
7519
7165
8558
9685
3474
2088
2544
6100
4676
7404
11787
4968
11217
828
2272
2326
12139
7051
6787
2296
11384
9382
4636
555
12341
3612
785
13270
363
570
3764
13064
3040
1394
1603
12244
1239
7279
10027
7080
7135
3456
6241
6830
4354
13388
8107
5555
6361
10704
11541
9038
8735
10483
5149
2128
1797
11190
12521
10190
8058
260
12387
2586
1653
12459
3426
11316
9284
13271
10332
7138
5670
7054
6359
12667
11654
13246
5309
13448
3809
604
8711
7789
8224
4609
13075
2660
1640
1327
5675
13453
12831
10985
9592
3679
5053
2703
3529
2429
10005
3882
1585
13580
3105
11476
8640
1835
9667
13195
3203
2777
12834
12855
11978
2503
13443
5101
7738
10614
6037
10575
649
673
775
948
296
11395
7606
7996
6530
1335
12993
7661
12460
1780
12594
3671
10459
11403
3482
10061
3743
3475
11242
4349
1615
5061
9212
1948
12885
8694
20
2605
97
3609
8265
6960
10681
57
3168
4070
6512
5979
7799
13180
8062
12852
12583
4961
7919
7413
9235
11073
2720
13154
4357
7513
539
9886
8323
9583
8204
2306
249
8850
3340
13768
2870
12163
7729
2839
983
3075
2159
8567
12164
6246
10774
7111
8611
3899
3788
9525
5909
6468
11015
11886
8235
1248
9983
9954
922
11935
5270
341
1154
11048
6346
965
7965
587
11993
3393
3386
6997
13276
2840
12724
9502
6983
8888
3630
11239
241
10178
13217
8758
4537
3445
2724
3389
9166
1109
7886
12711
13465
4965
3664
11806
8823
3772
1614
8756
2693
6045
10861
11672
9838
7490
8168
8759
5521
2401
3511
9815
849
5866
6731
9297
8289
10479
6902
7510
3820
4443
12134
2961
8135
5483
10658
12224
5601
12286
5714
9641
10079
6884
6621
7775
10223
3106
7822
11252
6762
13334
10174
13089
9552
5908
6738
7465
3571
13196
3002
3877
4773
9269
8081
8727
11518
3813
1985
9832
12102
7715
2339
1299
2472
11725
4311
2460
1507
618
10295
8348
12703
1000
12165
9145
9797
13763
9092
1042
10413
1887
7528
3645
8857
13155
4320
10376
7323
8150
10065
3823
2165
3848
8259
5839
12726
2174
1779
9656
2198
10939
4562
1062
7375
4406
2708
1960
11644
8453
7778
3655
881
1452
5453
3735
2139
10986
13704
308
13162
6318
5581
3427
936
7722
9782
1344
7739
1107
3069
9904
10466
2904
2636
13022
4291
11766
6387
7436
5214
233
10147
6645
8629
517
7095
9982
8601
9201
2648
11768
9202
5851
6764
9250
9067
3996
1399
5543
1489
5645
4551
12548
9636
7625
3787
5570
6811
2141
9910
3424
5561
11492
10834
2045
3153
243
11689
6644
793
1094
2363
13820
8012
4303
2523
1202
11506
1940
9367
8379
6454
2474
1473
2901
11966
5271
2392
6524
8993
380
7035
9415
13517
8230
5562
2963
12765
6331
4835
1516
6485
5700
2843
13233
6561
3237
11283
918
6752
2699
12611
11200
7291
11370
1816
12533
1874
5395
4556
8855
11398
5726
2762
10775
9066
8745
7553
460
13137
2546
10680
351
9159
5631
4867
5993
1843
5050
10952
4942
7757
9527
8766
9205
13821
4940
7756
4888
2036
3419
157
10471
1808
2440
5137
1695
12030
8421
11601
3516
11194
10715
10138
2900
12818
3246
1744
3294
6201
7067
7966
9609
7207
6333
1605
12295
7956
7658
13283
1866
753
1097
3290
8772
2062
10435
1319
7106
6299
6194
10634
6599
10398
11312
2435
8087
3700
8484
1677
7195
10383
10158
12214
10819
13367
6400
5931
9851
4270
880
1158
8947
1478
10289
4468
6797
13681
4795
9099
3569
12809
3098
107
3415
810
13708
3313
5227
12047
1991
5307
3748
3607
9521
11593
12875
12207
4410
2959
123
6352
5709
1419
11996
4060
6951
11832
3258
10175
10871
7394
4713
13789
9094
7444
2934
12742
6755
10651
3966
12828
2856
9658
6881
10060
12871
8636
13451
8785
3308
7945
4550
9322
6559
8216
1221
9417
5729
8574
4979
11753
5041
11083
1529
3395
871
12816
9071
1308
1453
12590
9355
3939
7096
10546
6791
8193
7081
524
13846
2264
7474
11562
2674
2484
10287
3684
9359
13638
5351
1838
2329
11287
9085
4581
6870
7222
2192
