293
106
246
385
135
351
326
64
99
380
121
25
297
122
312
260
294
302
233
171
277
133
174
134
399
184
241
172
97
300
235
101
179
77
364
110
345
369
6
282
292
372
154
394
128
381
230
31
258
141
89
39
313
237
343
250
40
20
190
245
316
51
214
283
354
186
363
60
196
87
239
401
305
213
118
103
253
126
0
49
271
150
220
34
224
329
109
62
321
22
71
86
70
162
323
240
318
263
268
386
18
362
273
30
44
116
36
153
296
304
210
107
368
75
332
138
53
207
262
2
166
72
16
202
290
383
231
76
176
73
78
227
344
265
361
252
188
92
169
37
375
91
303
247
279
84
199
221
295
55
204
360
19
395
170
217
189
125
139
342
216
195
63
11
349
42
149
320
96
155
3
15
223
208
120
17
254
5
168
201
205
374
338
38
306
74
187
373
287
41
355
57
127
228
50
180
165
284
248
108
185
65
333
131
33
132
69
330
236
143
249
206
13
225
387
379
23
140
310
163
285
340
378
81
298
281
266
311
242
83
289
27
232
93
156
352
90
325
314
175
105
117
384
142
328
9
59
181
100
113
337
280
388
147
400
257
194
4
309
43
160
278
173
397
274
256
12
161
244
146
365
331
259
353
359
164
112
389
67
58
152
148
272
339
26
276
167
182
209
32
382
80
324
335
123
267
327
317
79
251
198
88
183
7
137
350
45
402
370
1
218
366
255
291
129
35
68
264
102
28
136
54
