31
224
117
132
247
56
229
261
33
113
172
52
220
177
200
121
76
91
62
11
276
79
23
6
147
146
110
101
109
225
173
193
268
195
70
27
123
192
222
245
166
45
83
248
78
143
54
233
272
49
179
181
53
36
249
231
187
167
194
126
243
208
12
105
204
240
57
5
128
237
185
148
263
137
160
47
242
135
15
254
66
223
134
40
273
85
25
275
209
162
212
186
171
151
30
98
214
236
13
99
2
250
39
59
232
115
180
17
228
190
278
170
259
58
72
122
131
133
215
24
80
42
114
191
258
71
96
107
77
64
277
94
274
136
235
178
26
29
37
124
28
165
210
103
169
154
19
43
153
189
270
141
87
9
176
159
230
284
241
184
269
120
239
127
283
202
4
213
81
262
156
0
257
7
21
82
218
104
3
144
197
138
111
203
100
182
174
164
175
152
14
32
102
145
16
118
253
168
55
207
234
125
119
252
93
255
1
73
116
161
217
266
46
139
63
50
38
282
108
97
285
84
256
65
219
251
163
188
60
