447
347
8
1112
198
497
749
526
122
91
918
113
281
891
216
637
585
124
567
1165
420
1069
1137
1087
1049
49
309
687
11
1136
1127
470
349
233
750
543
57
150
357
214
964
945
879
955
716
678
248
33
1134
751
726
603
608
935
483
211
177
772
758
171
864
984
1055
707
115
503
1111
832
1080
834
487
460
630
389
1159
736
99
324
650
240
555
194
601
379
631
169
477
662
724
743
719
701
615
162
862
176
69
454
875
355
660
789
1090
1102
1065
505
426
759
634
1128
870
990
277
596
765
885
234
1005
1078
948
781
158
514
958
638
659
963
874
753
1036
733
193
1163
375
1023
134
740
823
1073
741
266
1084
534
738
58
399
591
1039
1064
533
502
804
995
107
276
739
892
242
1105
204
95
556
258
280
108
625
459
425
10
304
527
912
989
721
129
557
186
32
1094
938
366
863
201
931
684
2
465
866
790
993
207
673
28
1067
881
1110
786
160
882
449
722
151
773
47
424
1054
229
315
27
978
143
700
475
1179
1050
806
861
316
195
80
1061
398
996
126
727
1025
394
250
370
856
959
960
816
704
1051
845
388
1167
507
578
623
138
582
940
9
287
600
170
377
1093
26
648
609
136
573
547
1076
140
888
498
308
683
246
852
263
921
907
783
540
363
811
319
1068
1101
312
930
22
565
342
599
688
900
544
646
243
614
1157
329
1083
1099
895
414
289
380
1092
946
387
189
331
828
64
605
982
975
974
838
612
222
908
121
590
260
1151
529
209
914
559
365
401
622
42
152
1081
515
901
1040
770
19
926
1079
478
563
977
641
983
90
929
1121
227
898
76
1089
429
1072
808
1060
872
386
1171
486
780
272
1043
1009
1027
1108
294
777
919
436
65
205
1116
180
127
537
807
130
154
941
350
618
710
803
1019
728
957
1144
916
746
404
1180
703
473
228
265
1086
354
867
45
855
985
1145
338
451
744
655
117
843
1037
31
819
301
310
1131
973
73
43
320
652
5
367
0
323
390
339
144
407
698
157
1153
729
506
636
330
586
776
467
364
408
737
1020
457
155
1010
718
468
903
663
159
443
326
479
672
1052
362
915
345
395
1152
358
685
166
259
846
146
658
17
1098
183
629
791
232
1016
282
97
680
1132
461
725
917
1017
551
552
795
393
997
1046
1170
1026
826
999
14
694
254
647
886
325
732
992
1059
96
215
199
286
934
78
588
437
203
275
970
1058
966
711
792
139
523
1057
274
986
381
972
665
690
922
297
1028
696
448
859
371
525
827
830
589
809
417
1158
691
899
292
38
268
245
705
125
797
656
813
693
1071
1042
542
735
1034
675
413
173
496
1142
341
51
762
1168
231
1062
677
59
261
1123
857
593
817
682
531
200
936
541
238
1162
504
976
651
446
15
580
508
644
264
256
270
34
218
1096
168
123
965
296
285
536
135
444
161
880
987
1106
820
708
692
438
3
84
731
653
37
165
1021
824
16
1012
779
41
674
1004
988
883
619
1187
712
230
550
382
86
21
499
321
4
521
46
632
1075
23
971
584
553
489
24
241
1103
269
488
153
427
188
472
1183
100
640
575
290
635
336
642
1000
1032
94
1129
981
1185
412
490
639
317
351
822
62
854
409
306
666
61
800
501
421
105
538
1160
821
481
747
1161
279
951
416
561
89
376
1186
55
1066
396
873
877
969
348
369
831
752
318
933
303
943
118
141
1082
137
1184
967
952
109
654
756
52
699
1003
72
849
775
298
430
30
871
949
793
422
937
1176
670
574
434
397
6
335
754
255
441
112
798
968
415
1113
40
570
174
111
851
322
225
333
1156
518
440
114
1173
220
378
517
101
858
432
1
802
1169
75
145
669
836
569
850
1178
244
1008
924
278
782
1109
191
568
611
906
148
577
1045
103
528
423
761
480
314
835
223
307
1166
453
360
889
604
352
1033
657
734
592
1181
172
452
679
953
709
1029
71
493
645
67
237
164
373
587
713
132
178
702
825
133
392
558
962
554
676
192
450
689
299
1104
627
175
54
868
384
187
844
184
418
1013
102
63
620
513
1148
613
818
607
120
25
79
74
1053
548
332
1006
337
128
894
624
500
626
463
491
197
474
20
1048
667
405
778
1164
617
313
1175
83
466
512
720
876
833
766
745
649
402
839
805
53
890
18
431
681
520
300
1063
927
1149
1056
878
210
13
910
1100
1002
767
456
991
252
595
583
664
400
1124
147
1133
562
302
923
920
939
896
1138
1015
979
56
1070
539
717
932
730
458
334
288
374
35
610
156
509
829
495
799
372
262
1097
217
621
