2207
11942
1068
8153
10147
9937
7800
12232
11995
4748
8147
6988
11823
4462
324
1769
11686
7539
10910
11206
611
5238
2614
187
11554
5004
6680
7658
4056
10064
10348
3775
7494
6941
2709
10796
3715
8
9406
5488
7282
10836
9999
1714
11735
9882
10648
4786
459
7073
6577
10123
7660
8932
56
10664
6556
5311
4167
5417
5247
3559
2156
10264
10539
10333
11857
10222
10606
9545
8694
9202
10905
5900
10132
2198
8212
11208
1835
10573
11668
9992
2533
5804
1634
7706
9433
2424
11009
4517
2688
4709
7140
6063
7774
8242
6999
11738
8604
1957
8904
9271
795
5837
3636
5155
10277
3364
12317
3157
5829
7664
8129
9281
2904
8678
1213
1107
1206
5524
6912
3317
2113
2304
8584
834
101
516
9405
3409
7102
10765
9096
8589
1043
9132
6859
1097
5306
435
7122
1580
616
3171
6636
10105
2021
11483
6936
7909
1561
12217
1158
2623
10510
9540
7211
6754
11343
8297
7531
5599
3778
6527
10139
2251
3930
12119
10118
3025
1049
10522
7691
6642
7387
10976
10927
9300
10590
12025
9157
6248
1974
2068
3024
4614
2937
2292
5308
5774
11108
5582
1817
1215
3703
4999
9682
7481
11998
10439
7538
1657
2687
537
5279
3643
9577
10690
3980
11230
7210
10873
3959
4964
491
1234
1796
9712
7101
739
9869
6464
12367
8509
2279
9072
5626
3662
3503
11684
9374
5551
10115
10193
7242
2631
9095
7066
5470
8890
8340
6030
3351
6390
11674
12162
8155
5251
11017
11309
6092
10697
9932
3740
6736
3702
7253
2795
6122
9608
8228
10403
294
11283
9231
2388
685
7486
583
6201
10252
3013
2170
11585
10016
12247
4460
10072
8423
196
4251
1513
1886
3734
2052
3255
8440
399
1771
4302
7723
8818
11410
6650
11030
9683
586
1296
11074
1461
8533
4321
2747
10806
3822
4149
10911
546
1870
6675
362
355
10909
4888
1500
9076
9416
5821
6501
9510
10393
10901
2940
4715
3526
5194
10778
7277
783
9855
8446
3730
9847
2646
11992
408
7789
7756
1405
10654
5186
10720
2606
4951
4333
9254
908
12303
4830
7701
12135
4579
8957
10770
8636
7769
4025
2464
10900
4180
3192
2978
9399
10423
7340
3162
8918
9812
7004
11385
10965
11336
2187
4359
8712
1768
9532
10556
9199
3792
661
825
5894
4883
10212
4710
9240
143
11961
2148
8422
2735
2172
9397
6221
9237
12335
10263
3474
10865
5012
1494
4663
11426
4391
1101
11038
11048
4441
7743
9576
11026
11980
10919
2211
5452
6600
5379
4322
3973
10960
7281
8780
9853
5278
10461
12242
9159
7345
958
5521
7731
5292
4855
2502
8373
7540
5418
8202
6128
2047
5755
4886
11754
2686
7129
291
5830
8749
9111
6267
9489
2253
4127
10002
2025
2347
9451
7543
1477
5467
2004
735
8462
9849
10693
9472
2535
2274
10882
10048
2969
11153
11446
10653
6694
9361
10560
3828
8191
7760
2439
10026
378
9668
10362
5987
3939
5659
2652
2958
7616
48
5536
1977
11999
7879
5978
3950
6396
1873
4064
11848
5497
2143
11115
9526
6933
7359
98
9604
1620
10019
9854
5213
6818
3412
11605
4527
740
5169
7669
4312
8644
420
4323
3579
592
10640
3900
9297
7274
1599
6798
7267
1434
8275
5023
8021
9394
1515
6275
10838
515
10885
11590
3411
7252
10597
11802
9050
11506
2769
5222
3
9147
7298
2049
1333
6427
11929
4696
1474
7015
2001
4666
4450
12275
6363
10785
12013
11012
9892
5509
10167
4925
10473
2059
2754
3143
381
7165
1645
4669
4310
2557
942
7698
4636
7436
7368
2545
5342
10470
4768
4195
10417
5506
3644
5352
9140
7738
4856
1606
3300
8014
7646
1872
2720
776
11664
8916
2968
6658
2193
10984
11788
9768
5046
7063
928
3949
7286
244
9160
11530
2066
5655
9085
9402
10950
7469
5035
5330
2115
8622
6713
11740
3963
9597
6001
6410
5471
4285
4405
11334
9168
11633
2028
7514
7476
12197
6425
6776
1231
10089
11420
4432
5406
11111
11532
5399
7715
872
9623
7290
12001
12264
9785
10261
4433
10338
1823
11814
1929
2633
12199
1979
6121
8358
11449
6696
7765
186
9730
7039
4711
6446
6351
8773
303
7028
2748
5006
10373
6071
9567
7764
9580
12372
3208
2199
2275
10953
4061
9792
11499
6543
5946
10433
3877
11598
10508
5995
1892
5846
3991
7130
3658
6086
12301
2089
1988
4498
4650
3972
5945
998
6422
8236
9864
4515
8725
3057
9253
7649
8369
8927
1884
365
2602
11435
6283
4975
749
4571
6272
11239
2318
11597
4352
3978
11170
8569
997
328
892
12210
2273
1466
7152
9350
8934
5286
6387
1507
7287
8511
4107
307
8795
10727
6605
10678
12205
1146
4239
6655
10779
1986
3561
7635
4874
7124
6953
7787
12255
4729
11134
2823
4267
11003
3106
8989
8744
12173
8168
12361
10144
10735
7367
10102
10419
6954
6603
4241
3938
2746
5248
1679
9636
4753
6381
2386
540
3004
937
2485
1846
8428
6744
2753
3270
7817
10899
2973
9742
1032
10998
5219
1069
4032
2776
6224
6286
4639
1821
12021
345
8686
2180
4374
3545
10189
8751
3476
1574
8905
8738
695
3241
2706
8109
6548
11304
8652
8881
514
5857
8659
9431
314
4532
10311
2955
5245
7051
12154
8210
10881
8106
5581
2582
11358
10895
10004
916
1034
5125
9078
4098
10613
10795
10078
11481
4681
7600
7269
2202
837
8325
8098
8391
9833
10532
1102
1130
8436
3732
7168
10232
2864
4718
4193
7728
2183
4982
9023
2756
6662
3036
3773
10134
9913
3110
3379
4463
2944
6699
6013
12087
7676
1120
11117
44
11619
8499
145
5520
3947
12300
4112
1111
3053
5377
3586
9101
936
8331
12348
114
6303
1586
7859
617
5958
5453
8177
76
5530
682
5842
12201
11294
10431
5991
3744
6523
2401
8828
668
2858
9821
2538
8722
10652
11747
499
5732
1674
7013
3522
5147
8111
8150
11496
9415
2594
11766
8270
11175
10328
3705
8097
5048
9016
8114
10853
7471
2081
5487
9055
6261
4745
11753
3766
3359
831
10343
10113
6218
8540
10704
5633
4622
3804
1509
4593
4762
3759
9008
10312
507
2349
8794
3862
4499
1339
4692
6993
227
1444
47
781
8952
10985
2697
11796
4761
4496
11860
12331
1955
3238
5565
4554
6271
6906
3130
6900
3521
9788
6273
7103
2704
139
6673
12318
11487
7133
1023
8844
1894
7739
12128
7035
7305
10615
2812
7843
683
10761
4977
7403
182
5435
10208
2340
3215
4876
9390
4252
10491
4658
10741
856
6492
2177
7848
5075
8302
2670
1764
3819
2344
9366
10244
2660
11037
6684
907
3167
5646
9180
2822
490
1746
9926
11264
5355
5924
8878
2084
8227
5024
512
8007
8685
4831
9115
11544
12096
871
8729
10500
10145
1850
11236
1710
8731
2718
3088
10896
4158
1857
11192
426
3719
3220
6101
1827
9116
1712
10959
8148
11363
4424
2209
4978
5336
816
981
389
2283
8457
4643
6043
859
8987
8292
9260
4434
5781
11793
6998
6521
5517
11064
2544
4206
3297
257
11828
10938
11683
6051
2003
7038
2385
9010
7328
7395
11278
21
6805
191
953
5933
10474
4111
7456
8126
5391
7019
12090
649
1508
3179
11849
10661
4354
2573
10986
3860
9181
10408
501
12211
4661
3601
11354
4045
10551
2612
6337
3360
7255
3335
1552
7994
8489
9595
1183
10789
8442
6447
9009
11896
7041
3680
10187
10819
10397
5601
2647
8855
7992
11588
7017
301
10359
2796
9909
8384
2941
10307
7126
12174
6614
10247
4087
8764
6329
2512
7749
6502
7976
12315
1956
4051
3639
9832
8816
4558
9599
9064
4205
170
3906
8134
292
4169
5651
9533
3936
9213
346
2479
7249
1640
10267
8237
7065
17
4360
7383
7089
9099
6505
6855
873
6695
10890
9292
11106
8140
9163
10963
10777
3369
8393
11638
9653
12224
9336
9708
5528
9387
11145
11739
8938
6797
2559
8826
5295
7504
5881
755
10821
2119
3163
3609
2220
6081
5346
8496
3977
45
1783
2830
1847
11900
8470
644
1987
7906
11331
7668
7662
10754
2413
4017
12305
1961
9298
4369
10260
965
8715
12190
3962
11057
11656
8352
3180
7414
8513
2839
3466
1012
10111
3331
12228
2802
10323
3708
5454
7507
3697
9856
2072
3398
11224
10742
6676
8189
5826
3261
10054
4693
179
8602
5407
6411
1871
5612
1869
3205
6304
7565
4659
2529
10898
6602
7105
2168
5527
5053
768
11448
2985
4503
4286
6445
11367
4479
3010
1841
1633
9648
11215
1033
3222
8080
1962
4937
2404
6157
433
8023
9902
5273
1199
9193
5321
6394
7696
7353
1136
10209
11840
4645
5148
1497
4447
7166
5130
3560
9609
7567
7993
12288
8597
7380
12263
4556
5874
7771
7419
8820
8360
4378
9571
10537
7816
6432
7722
5631
11011
3128
6938
12221
11338
2737
9341
1469
9900
5671
1994
2237
5359
6960
9889
3290
6494
1732
8401
9539
7591
12230
10930
9219
10937
5070
623
11260
5572
2733
10632
6656
1744
4283
9754
1765
9617
10793
4012
1189
2390
2743
398
5173
2638
3370
5201
2988
3726
1493
8357
11372
10572
7576
8973
9403
11301
857
8912
7109
8103
2683
6198
1700
11320
7398
7294
2814
2653
2699
2294
9018
4116
5652
3604
11342
2993
5345
11953
4351
9326
11559
4866
1558
9901
10257
9822
7527
2855
4431
11228
1954
2342
281
4872
9285
2158
11922
9247
10425
3746
10979
9665
3605
8598
7034
2383
6763
4164
12079
1287
1672
4536
2070
7553
6452
4474
6665
12108
7246
240
6485
10695
3076
9082
9954
3858
4076
10109
1383
5982
7055
4031
2950
2026
4002
9346
7151
11443
10677
4892
11794
4966
7271
1103
6909
886
2636
8530
11094
3994
2400
4413
12093
6434
2819
10857
4170
9477
11161
9701
6021
4871
5450
4919
2527
12296
7661
757
9689
9313
1227
6589
5164
9685
9466
4238
3954
6730
4750
6903
2048
1600
5993
6428
12120
7522
3033
6187
7505
4824
5535
4328
8817
10750
9162
684
3347
5665
4294
8669
12009
10934
5354
11821
11731
8972
2619
12097
576
11223
850
2865
10360
10344
5270
874
2276
8327
1084
9714
6561
3292
9805
6083
9030
3650
9355
8558
7243
523
7042
10767
2144
8658
6195
11388
6645
3610
1026
11141
10634
5460
9079
1398
10406
7833
11551
3059
2012
3127
7002
9277
11570
6282
2732
2086
9991
7902
11392
7460
12235
3250
10588
3729
7373
530
4590
5912
8135
3068
10997
1562
11956
1690
4410
12171
10172
923
1416
11125
422
6651
4945
12098
7396
6840
4099
11911
8609
11948
10339
8640
9696
8376
9442
1191
81
4506
7671
6287
6040
11160
3087
6255
5002
3847
11882
7937
6134
9774
929
6374
5835
5386
6457
7225
713
11801
12336
8965
2708
10175
4023
4465
11902
3038
498
12086
9338
8497
2888
10839
8630
3652
7256
4565
10220
1928
1649
6045
8500
8158
2948
5936
2798
4580
3320
10398
2132
8546
2759
1036
11604
1856
14
8666
7496
6983
10294
4398
3577
1134
1532
1235
11615
6567
3459
9588
2558
11249
7150
1946
4746
2874
7021
2013
6219
9888
3484
9516
7703
5234
1797
7408
9445
10258
1829
7025
10840
7640
8587
7222
9047
10914
5425
2200
11055
8319
3753
6169
6069
5964
204
10870
1550
3573
5981
9388
9398
8600
12110
8719
1458
8913
223
10869
10764
8562
8689
9650
2920
8174
2489
10176
7296
2159
5162
10238
3309
7627
10983
12102
4735
8408
12222
8815
1536
8175
6597
3797
12081
4897
9802
2440
4819
4961
3637
2116
5896
3495
6671
9736
9537
1725
1177
2707
5934
8620
11832
8133
590
3781
2889
3831
1811
5112
569
5966
7404
2076
906
5072
5817
4714
5869
1223
2443
4774
5154
11612
10617
11374
12077
9365
6775
5489
3728
4361
6118
6930
6053
9293
9409
103
363
396
588
5768
357
6005
9985
9966
9676
8281
10589
9295
3818
751
4854
12234
6753
4495
6465
11292
1055
9956
11690
9195
10860
677
11126
5605
651
1530
4792
10513
4858
5887
10049
1151
7108
5684
9197
9206
9353
11325
9400
11732
10125
2856
11985
6715
2791
4738
6659
8204
11015
6423
4304
5779
1678
5221
519
11080
1696
11910
2465
12175
8608
11973
6088
10859
9581
6023
11245
12065
11659
6533
1052
1874
5296
2445
9246
8706
6435
6925
1015
7870
6555
5064
5972
6093
12188
354
8475
7552
5606
3129
11543
2114
11891
6463
2077
5545
12304
3460
12239
915
7452
2147
2094
10173
9789
5910
10850
12268
11371
3602
6391
11511
2912
8149
766
8907
11384
9953
5669
9722
253
2129
9091
3219
8305
2295
7082
8570
11855
6192
9989
1556
8673
9699
4456
2925
8580
6685
4574
9520
1418
6397
10182
12192
1775
9975
10300
6015
5059
2641
9042
387
3483
4563
2987
1858
4027
11059
10696
12279
1173
7753
6530
3564
6786
12015
88
4785
10584
4841
1312
391
1726
8100
4108
12050
9838
11944
8798
11954
648
2315
4309
8389
1646
5862
5113
2182
4642
2174
3739
5183
8711
3937
7299
12238
9227
11277
4773
6070
6462
7001
4638
4020
5218
12257
10892
5421
10594
2398
10177
9898
10503
12253
6976
3622
9100
11088
1820
2593
7091
9907
6757
2179
10614
10609
8356
5209
10330
9289
10988
4943
3850
397
8657
11865
4588
10223
5136
10651
75
10354
880
10557
173
10498
8310
8997
8526
6460
9141
2064
11908
3508
8867
132
7407
6493
6721
8005
8638
3021
108
4159
5961
1499
9073
9741
5055
12289
10758
6417
9987
1155
4329
9690
2536
2728
1179
12352
8038
172
5624
8324
5622
10035
1864
4100
1224
2942
7694
7625
5645
9249
8863
3467
541
3444
9959
8289
3798
1662
4393
10650
2152
11500
777
10783
2649
1981
7430
4353
8805
2994
4756
6166
1694
4699
9446
4385
4728
11395
7876
2851
2702
5424
6296
5559
4319
9174
5410
2291
148
3384
10863
8378
10684
10289
393
7182
1109
2372
4070
3071
1795
5719
5890
4086
9421
3438
8677
3620
9360
4187
613
3489
1983
10716
2792
6595
10184
8215
6466
8431
2565
1734
5998
9465
4103
10568
11625
10756
8488
7181
3260
10120
8650
8696
5007
9748
8705
9081
10816
4838
8697
7264
7161
5159
5901
4624
252
390
6049
796
2123
9369
5034
7427
4623
7585
5357
9996
4958
11959
9678
7592
1512
2351
1806
1909
3854
1108
1160
9831
8632
3151
4986
259
5163
5079
10880
6637
4680
9107
1685
11906
255
686
3593
8245
8034
2303
3907
9444
4384
4752
2727
510
4455
9638
8502
577
4297
9310
10582
12059
10739
7018
10801
9978
11734
7458
1584
5589
89
2160
2622
6515
437
11616
3901
11002
2932
4531
8915
6971
12251
4171
2734
1432
9759
5483
1587
6780
8552
8151
7423
2008
2659
11708
5269
10126
5463
9500
2428
10136
7170
8365
8296
7820
5211
1216
1214
6278
11276
7074
9375
9118
155
3101
6356
6944
463
7828
5960
2703
158
6402
12236
2997
7280
9142
2226
8518
26
4617
8721
1792
9923
10886
6260
4282
6338
974
9818
1445
2600
1776
9666
932
7871
7752
2604
7333
8909
7096
6487
8520
5304
1460
2034
3125
5872
5229
4212
3494
5240
4296
161
373
1038
3956
10723
7261
2764
3016
1938
11562
6184
8252
4801
11671
7846
627
6047
2896
7070
7755
8413
9632
11172
879
4222
3770
4253
7519
12347
5897
4316
10672
9894
3657
3904
2832
11351
6106
10700
4890
9349
8594
2898
4887
2484
10378
8683
2503
2499
9930
4324
10342
12115
11062
364
12134
10196
11950
7111
10225
10566
7734
10485
3050
11608
12003
6898
3075
10907
6060
8838
3172
7732
10133
2716
1104
2250
1096
2327
3735
3935
8911
10817
3431
4469
6080
11774
6737
3581
12322
8256
1837
8313
11139
1175
11702
7355
11912
231
2876
9232
8061
9495
6292
5880
8535
6289
4128
11290
351
5442
6375
11755
8606
1415
9
5851
2964
5822
8118
9242
5010
9562
5261
4651
7653
6370
1705
4290
2360
1342
5432
11854
5389
159
6741
12019
1544
1655
5598
2331
7626
4609
4475
1816
4491
4984
4229
7172
8217
7162
477
469
8345
7048
10710
6223
9269
1198
3908
8971
8740
7012
10575
12292
3200
406
11034
2014
9315
2430
4795
6325
1203
7980
5344
6059
4006
3953
8899
3356
6151
980
9958
7838
1443
10759
8193
2530
3448
2552
6321
639
12220
10753
7822
12092
5039
9396
4626
11648
2644
9593
7391
8771
4030
9377
4246
12066
12245
8274
6193
246
6412
305
2287
3711
6210
11345
8723
6253
5001
7136
11143
9502
7304
4500
5627
3107
4356
1473
12214
8337
4793
11646
12137
7128
2419
1164
2662
2507
7059
4009
23
7812
5019
9144
8309
7327
4039
9038
10666
8567
1029
8222
1934
4972
6405
12176
2320
11602
11183
3665
5707
9467
4928
3504
10357
11480
1787
1832
3951
384
6073
4364
2080
11251
7533
7224
2676
7636
3315
5322
7892
10505
4181
7330
11271
11920
8247
9468
8120
12198
6199
4010
6
5215
4939
11861
3298
7684
1669
2828
5908
7206
9998
9333
10810
4110
9547
7899
4477
2466
11751
2714
5547
11046
2829
6509
10680
7607
2586
7511
10197
7397
3424
2146
4534
9807
1998
979
2838
1251
10580
12180
7069
11477
8429
9904
10674
12202
1908
7968
10794
12350
118
2312
9290
11275
7530
4067
2212
5161
7874
10039
2309
5930
11724
1729
8543
2820
6861
11137
10369
2996
6468
1920
2506
10358
3293
6067
6920
105
8761
5941
8145
2701
4308
7575
9032
438
5558
3695
7144
10227
9438
11402
8858
2285
4920
1899
2042
4153
218
3851
5451
11685
2794
3393
8298
11574
9175
9964
10939
10156
11730
957
10550
10033
11991
736
10128
9598
1063
8549
2926
5256
11286
5207
4211
8435
7424
2173
1118
3210
5844
8748
9735
251
3942
1895
2088
1918
9610
9640
9908
11252
5017
954
6084
1971
194
8944
8501
10143
92
1636
6779
12208
2339
7781
7231
4653
8940
3214
6450
1653
1641
9746
3897
8339
4836
3805
10894
371
6474
4813
8261
5549
505
1221
8743
11393
5202
1537
4545
6692
2480
4596
4726
3341
502
8803
6653
10633
5793
6102
1116
6640
8774
5990
2952
4335
3152
3006
1375
3518
6451
3509
5401
12179
5870
5235
1089
7648
529
6955
4492
3722
7982
3385
8438
11715
8409
1546
2954
876
2497
10061
9158
8450
6516
3375
9548
11237
3457
6430
1882
904
9134
6588
4231
7672
2444
5203
9439
8332
375
6354
4033
11924
3823
1688
1123
8003
11769
2130
5237
8304
436
8414
9429
6232
8544
6973
7962
11199
3992
3288
2371
5860
10691
9707
4042
7910
7520
4601
2233
1773
2093
10415
376
2579
1673
11447
9524
401
8810
11577
2149
6014
1484
6908
10531
11244
1644
9740
8320
5299
8490
7757
3696
7632
3361
5766
4740
11745
6191
8724
5152
6803
11423
1487
10163
506
10380
3788
10719
7309
1975
2365
11699
9214
3354
3946
5141
7525
5891
3188
5042
10284
1996
4284
3514
6165
1070
11761
3307
3867
6012
11546
372
9117
4090
7201
1648
8370
225
4763
12249
11822
10135
9215
9993
6207
12293
11322
10528
1502
9561
887
2018
5915
11240
832
5567
11033
11123
12196
5376
9739
2124
2449
2429
11780
6731
2097
4848
11234
6563
11488
2584
10737
2436
1540
7776
6551
9810
10011
9729
245
2515
9039
9498
4865
2811
11409
10030
8279
10962
4258
4342
9040
8142
3281
8651
5583
8516
4516
10065
4551
9408
2074
4956
3642
10649
2175
11838
3020
8945
1534
12284
5492
1488
2961
2109
2569
3589
5932
4987
6564
3285
1642
6318
1805
4731
9012
9762
12319
7115
910
7852
2939
895
2578
709
9121
12338
8230
11842
5217
1638
11452
10848
10095
4847
6279
10038
2974
3475
4518
9187
8756
11349
9151
4647
9661
8138
8778
11253
11522
5609
5849
12229
8551
10034
226
9781
11340
4119
6722
9024
4648
2563
4300
8160
8671
2655
9563
9586
2511
4595
4935
4389
9688
3027
1058
6773
6641
7026
8432
2478
497
945
11571
3104
6386
4486
2860
6890
2712
110
11560
4665
9273
11873
265
11390
6758
470
11964
2698
8646
4605
5865
2766
10021
11360
4325
11969
655
3975
6027
1077
12095
5927
12052
5335
2040
4430
11644
9884
8410
3287
11582
2453
9493
2258
2091
5014
5393
279
6269
9125
10908
5193
5557
6469
7223
6583
7439
922
2691
4873
5444
4827
9006
552
11518
7851
1601
8769
6661
10169
9530
3931
1457
631
7118
8012
4366
10242
339
638
6499
6140
2914
543
10516
8473
1741
9508
722
888
10792
7393
9112
11958
3557
528
8573
5711
4990
3713
931
2490
1456
3164
2782
52
7113
11419
331
9784
8607
1232
9026
4084
5341
5553
411
8273
268
7433
6632
10442
3576
10625
11406
4907
11135
12274
10215
5661
8514
3578
8321
2663
4523
10952
4875
2348
267
11566
6058
2102
7578
7590
10091
1913
2837
4662
128
11550
11348
6149
8269
9686
8491
7270
1076
11333
11359
10437
4942
9542
1819
1916
2661
6226
10486
7629
285
5288
2139
2162
1451
12182
9796
10063
4207
3295
9156
8799
3468
5996
6327
5280
9171
272
4313
8877
10411
283
3968
4708
7499
8968
7401
6039
3330
902
6980
8445
3747
9256
2899
9418
11127
10469
11098
10183
8850
9624
12237
9146
6212
3117
5272
1219
1770
8933
4789
6783
295
7117
11750
8326
1099
5635
9936
11892
8707
8240
7123
12070
269
2821
8027
5339
9820
11150
4598
8628
4497
10518
8002
9961
2203
9868
3985
10856
1877
11971
6506
2562
1105
8682
10931
1194
1207
8610
9804
3964
4425
7308
2278
11945
10044
9380
9861
11167
4059
9946
3765
10847
8585
6963
9430
1967
5149
1521
1519
11752
8040
3748
3244
9210
8865
4548
11647
8506
5823
626
10308
5347
8874
8862
2370
11188
9002
3329
5246
4337
3961
4089
11663
2783
2381
3618
6517
7751
6437
9226
10852
4109
9515
11203
4047
7555
1138
10446
12185
2314
5309
2551
3338
2056
10755
12131
814
2510
9706
10213
8195
10655
868
11379
8276
7351
7797
1156
11901
6968
9224
11915
8011
113
4706
2377
8231
9870
5276
8006
4237
6111
8479
2323
11863
332
881
10440
9348
2098
104
2138
9827
5721
10279
11799
2972
11935
10967
6334
5477
4326
9203
10190
7908
9020
10943
7844
1437
6923
9782
8347
10483
658
5265
4453
9062
3436
8611
2628
9872
10233
11547
9727
6566
4631
7032
8839
3706
3830
769
8182
8316
8165
1836
6467
6631
10718
5554
8571
4833
11697
11023
8170
5327
11529
7891
4994
4188
1452
7768
2693
5395
7086
8493
8963
7370
2330
2815
2895
11541
5513
8271
7674
12100
9084
6949
5369
10874
10379
9963
10578
694
6507
6689
2219
1631
6471
460
4507
3551
2928
6707
4969
8561
9425
3813
9331
3745
8477
2862
1926
1472
6837
3131
1880
5986
5268
3158
3070
4970
9918
6975
9228
9373
544
4268
6668
5092
153
9538
2956
5948
9035
4950
5449
12354
10922
4418
5319
3786
9407
8924
5302
10204
2763
1761
835
6575
7149
3120
9455
7200
12071
7593
7
418
9450
7132
12291
10781
11601
650
4971
6029
9051
564
2625
11631
6594
11207
11833
10620
8260
3299
11014
11414
1834
4298
8311
11387
3037
175
6961
8421
1167
1661
3272
1950
9934
1273
3439
9757
1691
8483
11326
11250
495
968
2367
6513
1921
11434
955
3401
9243
5063
1338
3186
10114
46
9669
2674
6204
7645
11429
8456
7094
429
1170
3365
3835
1779
11993
3754
2214
319
9221
10150
2454
1161
4255
4758
9435
10989
7978
10492
7263
10186
12094
4818
8166
12191
4261
8639
2951
6037
11295
2998
3267
3533
1230
4408
4136
3749
10341
3054
2669
1774
1143
334
9808
10051
6024
3092
8349
4038
1127
9149
1200
2350
5790
9317
7362
10283
11976
430
1447
10730
7429
9591
5500
2337
5643
5855
2844
4291
12099
12155
7917
4034
10961
10250
11311
2605
4371
3513
10055
8752
5578
5983
3571
3454
10449
4862
10628
6496
8441
3216
6881
11561
4952
11968
10949
11486
9857
9241
7134
11103
10995
801
4073
10060
11534
11229
4029
9427
10928
3981
3000
1450
10418
7574
8814
7824
7317
6935
3447
7977
11617
12133
10092
3266
2437
6109
11637
109
946
5600
11044
4044
4583
8884
2947
10237
2629
3029
10157
637
7512
9476
10618
2845
4481
9817
6796
4135
10553
11265
6524
11640
3410
5938
3725
2658
6141
3113
6133
10545
9284
1777
5923
840
9517
3584
11168
3263
3777
7681
9842
10884
7324
938
7024
4035
3136
1706
3497
102
10519
1119
10412
9613
4744
11289
9618
10981
7176
8588
11179
8708
7733
4327
2854
6054
538
9938
8555
12027
9783
5628
2861
2893
12333
5000
4208
11332
9265
9899
2531
9990
6398
12250
2192
5956
12271
3506
2128
9911
2163
4082
3548
6584
7835
4272
4751
4672
2500
6919
6057
6147
6593
9022
6708
8419
9280
11133
3199
4602
6997
1485
5940
8988
11523
12020
10022
1051
8350
7775
1951
6573
10843
11955
7841
9194
4881
3529
5274
2765
1019
11375
2847
9033
409
2368
3491
91
8864
11233
8090
8458
2041
3801
7410
10570
9198
6082
1965
1190
1810
7763
11307
1122
9382
8920
3189
9017
4668
8416
6319
11864
4633
8000
9113
10542
11373
10104
1585
1357
10636
7825
94
10008
10274
531
11494
11321
5569
3815
455
6365
377
7580
4921
12002
641
10622
8209
5225
5999
5142
7343
7510
9560
1860
5914
7719
9127
4794
4656
7557
9248
2145
8199
4652
10068
5440
8984
3848
8286
205
9393
12353
11104
1905
5641
2570
2577
4504
1750
10166
11391
8224
3588
898
4078
12140
5165
8379
5516
6579
539
3140
3512
1755
10782
949
10331
11820
66
11790
733
2216
10001
6203
11324
10878
6948
11691
10623
1717
9744
3727
10699
9589
7457
6538
1625
5437
8767
9751
9097
11797
5501
6749
4468
9778
7883
7971
8961
11553
7809
8086
9208
3296
10391
1121
4048
9473
9484
163
2488
4863
202
9587
144
6706
1568
8960
6075
2643
9969
4336
5552
10802
8762
10023
5051
467
5166
3717
8004
11399
10996
3534
11764
5759
4414
12325
3096
25
4538
7366
1616
1193
8664
1483
6572
12282
2775
4560
5882
4568
10214
9487
3337
5776
3372
5820
11862
7791
2654
6227
3553
10276
5089
8405
2376
2999
1117
4682
1411
10662
11222
3684
115
1149
10800
5135
4407
7889
10592
8285
10738
794
6788
4215
2075
1682
951
11165
5325
344
8262
7682
7321
4834
1839
3277
5813
1698
532
10376
2787
3149
125
6670
2959
11364
3701
4331
1738
1828
11927
6785
8094
10129
69
4459
1788
666
4566
5387
8735
905
7840
5043
4667
9844
7097
5093
7382
582
1331
8478
9871
11952
855
188
123
3376
1421
4674
2788
1930
6293
9629
2101
7761
12344
6795
8582
2936
7412
10641
5526
2977
5394
5129
6367
9566
2514
136
9029
2849
6350
12054
11572
8668
5871
1581
6836
11930
10803
8527
3567
5797
6077
11039
5362
4514
8565
5494
8802
12057
11368
152
4776
5427
1330
85
2827
1936
5411
10547
6004
3423
10933
820
8355
9619
3780
8112
7326
11105
6312
6846
6170
8397
4741
9384
10524
9454
11182
1518
74
10667
11812
5066
7110
4221
5672
7614
9919
7726
10877
1061
4022
6804
9914
11221
8665
8171
10071
6268
7534
11478
1919
7495
7234
1254
9557
2355
8757
4867
4412
11430
7898
2184
7970
10416
10747
11428
7745
9490
9166
6251
5078
10831
4289
5030
10059
7023
6873
2907
1554
8948
3539
2521
634
2302
12329
11827
6011
6196
10122
8750
6473
7602
6245
3008
7005
5585
2307
9133
567
72
4853
10499
9968
3623
11032
2181
1171
7142
7517
1991
7344
10631
1790
131
2949
6782
11216
5812
9267
4509
9541
2096
6835
11757
9977
8314
10705
2472
9642
12294
6041
5334
2161
10762
972
9970
7183
11988
7736
6324
6346
7009
4397
11773
7804
9314
11049
1799
3465
11075
6231
6331
10745
2228
1037
5408
1659
3333
1613
3960
11962
10977
27
7717
7237
3990
2518
5903
11128
842
1992
2221
11825
2079
7022
10027
9286
5877
2210
1503
11919
2166
4508
9303
3473
10833
1135
6638
3764
4390
11072
4438
2621
8917
8482
8117
9971
7229
2911
12000
4995
4043
9880
7953
7845
7802
1709
4707
9234
5953
1144
9186
5730
5095
12041
8745
2495
9558
11025
1139
1233
625
5180
9148
9691
10668
10544
5009
4679
7773
10336
2599
12083
3724
6033
9720
10436
7037
7050
7850
4953
774
7974
1931
767
7376
2863
559
11692
65
6990
4081
4209
9643
10347
12084
8115
1593
9201
5443
11712
6034
1083
2967
10728
2561
8381
9188
3209
9965
5485
4996
1851
11195
10221
6592
10936
10275
9319
486
12145
9584
10812
9551
1496
9088
11266
6686
4357
6362
1833
11299
9067
5420
509
9536
5390
4019
1490
12189
7686
3083
4451
858
8760
1989
4586
4247
9723
7589
3417
9829
7742
5824
10266
4591
12216
1866
8427
11673
11726
8591
2886
8852
2036
1848
8161
976
1897
58
11613
7295
4933
3043
9411
12359
763
2261
2532
10036
168
9432
8800
5371
8303
2768
4068
385
4783
9630
4784
11083
5769
11936
4511
9225
6266
9877
7148
7241
2206
3194
7605
5541
10740
8301
8627
6985
5205
4757
6574
7068
3213
4306
11177
9169
1677
5271
10603
788
5077
3312
9496
11967
4096
370
1560
4256
9813
3137
8753
11444
341
7548
6458
6440
11592
5613
4546
0
3682
8348
2868
6007
4510
4589
10748
12011
7685
1337
5984
1184
9753
3233
9750
3218
7805
8553
2857
7655
11770
3681
1336
7479
449
960
9329
3286
2505
5577
11549
12373
6842
6880
234
4295
7888
11622
11933
8255
2803
5182
5170
4091
730
8885
11974
8399
3034
6745
6190
4913
8545
3240
6984
8288
9777
4657
10210
7192
11830
7083
12033
12082
11596
404
4529
7463
6560
316
2836
6532
7498
10299
3146
6129
3480
3470
11131
5242
11099
11468
8110
3363
6826
2842
7189
7663
3009
5409
2826
1145
5650
12204
10239
7360
5320
11898
7524
12362
1583
2358
8524
944
10429
1481
3204
3156
9616
1683
11490
9582
8519
9395
6247
9126
8950
5121
211
10455
8201
2767
8679
8278
10587
6546
11635
7744
2418
2259
7586
2675
5519
10913
2414
11262
4363
517
10687
6258
8841
2611
4174
3490
9301
12248
462
4537
2471
8505
12356
8560
3997
11156
5423
1412
12112
1463
3550
466
1185
9282
8804
8845
5216
8178
12103
3366
9339
6274
11763
5412
7986
11526
7680
7369
2433
9654
10824
6330
8234
6989
12068
7260
443
4214
9019
11476
3175
4770
926
853
2090
4362
3259
5291
8736
3094
9658
9944
977
9048
5052
3587
5171
5289
4213
7881
11591
7088
7893
4980
7509
11493
6547
5329
189
5326
6152
9935
8572
7208
7221
3493
1492
9294
6344
678
10087
4114
3693
8448
241
9852
9179
8307
1074
9251
1407
12014
6455
7077
10304
7532
2493
247
10103
9383
3089
10180
7147
2141
7991
11381
1766
845
8001
9846
10749
867
7100
6962
5892
7786
7178
1724
4911
4005
5252
8613
11171
11575
3694
2804
7782
6335
9217
2541
7278
9627
11603
2194
9940
5281
1422
5959
5197
11013
3671
5143
8626
1883
3987
1501
7866
278
8136
10229
6889
1680
3799
7667
10497
8811
7431
3638
10098
1035
1553
8759
11810
1844
10760
2120
1731
7973
7985
10287
11475
10399
1763
4233
5893
2154
5461
9352
4547
1623
5050
1794
10226
3926
978
2167
288
3836
5200
8929
9575
256
9304
2316
10608
8243
5312
93
3833
10703
6470
5192
12351
1448
160
5899
4814
3731
12244
5065
5199
4142
2853
918
11472
6179
11756
6778
10826
5546
11939
9544
3449
4186
11306
1222
12360
4694
9494
12088
6667
12023
9410
12287
6322
6958
2406
41
1831
9745
844
5267
4798
5967
2322
841
7468
11146
7285
5801
7641
119
7707
6237
9922
8808
1948
12136
11400
8970
6609
461
11521
10450
10254
2971
2549
6254
6228
1754
10246
5907
4967
557
79
11701
5630
894
2483
6932
4799
5462
116
4156
9906
3399
6206
2405
4764
10771
1531
2726
10529
7542
10715
5151
999
5385
12265
4334
4578
5196
3516
1801
9222
6361
11775
11036
1150
6443
9305
7516
4026
4535
6148
4118
4243
1489
4452
8787
11563
1663
9512
2915
3400
5929
3012
6403
12160
11043
6755
896
2380
6000
8159
6806
8323
7568
1567
6682
660
12368
4573
3709
2721
3256
6017
2110
548
2574
585
1080
1658
431
6393
877
3049
10926
7187
3649
4767
11966
7583
4132
1048
9986
11060
2491
1958
756
8647
7090
7388
2736
9957
7606
11792
1944
9505
9189
1047
1959
9951
8203
3221
5555
7337
4365
3462
1767
10822
11599
3958
3789
6784
12213
8452
1181
2134
1867
10353
181
9887
6824
11465
787
9412
9974
10646
8554
7759
2467
12218
4968
8220
10179
7979
8902
7064
6144
5380
11255
9207
8914
1225
754
465
3585
10659
7374
1495
11279
6534
10523
10946
8430
6967
1470
39
10897
4080
8091
298
6345
9875
9511
3543
921
3738
11536
6076
11432
5283
10028
5313
3232
10382
6068
6197
10768
7473
11404
1031
10201
4411
4739
4402
3018
11874
3274
676
4747
5263
10630
2492
11149
553
9554
11784
4276
3003
9129
6604
2592
2817
5754
9594
5587
9565
885
6576
10808
11519
1020
9031
12032
4278
5731
836
7205
7497
2017
10085
11831
3492
3314
8280
1890
4811
5481
8564
3718
3486
8015
2336
1520
4183
4196
2673
10717
10688
5656
12200
213
10218
8387
6918
11456
11904
190
11982
4489
6628
9790
1740
11204
4700
5943
3434
9211
3832
1542
771
6442
1610
8992
1045
3154
4007
1440
11994
862
122
4130
5348
8959
6453
8088
6032
500
11040
6807
7500
3993
10018
2280
6942
7297
4743
3763
8770
1588
947
137
8955
1733
10837
10278
1972
10340
7999
3562
1549
8211
6606
8643
6176
11540
4702
7174
7599
800
10268
11890
2271
5025
8152
3124
7624
4144
2354
4569
11856
7315
7863
6244
493
10480
4940
4216
12117
2664
3984
2164
7864
4449
3834
10713
2201
3752
10489
11531
7236
3185
2556
8232
9053
8921
6690
2590
2475
9074
11918
8741
1527
9514
10845
348
10724
12283
11121
3880
6688
2591
4395
2921
815
6952
2608
9257
10413
3821
665
3062
4948
7643
3710
322
8596
3463
11474
3074
7143
7579
2460
2780
12075
3532
10612
5294
6366
11538
3291
7415
9364
797
2901
313
2910
11344
2289
3234
7895
4011
3687
8164
3258
6406
8353
7014
948
11758
2078
8328
1637
10602
4224
11303
4519
3097
10521
1435
4422
11151
11297
3909
11261
3500
9501
2550
991
4949
484
2724
452
4165
8333
5106
2656
1148
2297
6510
9967
4305
8510
3599
3121
4184
7120
1436
3069
8777
4629
8563
42
9200
3052
2332
2416
1759
1757
6064
10980
3144
12017
11937
4878
1861
9546
11001
5542
8675
4392
9312
5107
10685
10820
2595
9721
3425
6723
7203
7338
1557
8985
10301
11565
11669
779
11503
4955
4759
11629
4802
5688
7608
4604
10867
2474
4524
6252
5818
12355
10317
10973
6570
12364
760
11977
6371
10619
1420
9675
9264
6921
5974
5634
11411
3967
3645
3806
6161
8857
3339
3382
11682
1081
3758
10538
9649
7125
1013
4816
1782
4202
2131
7503
3170
5563
10954
3651
10203
6615
11517
1425
4918
258
10302
5282
5918
3893
4505
5662
1608
11867
403
476
11263
10805
7754
3134
6194
7107
5090
3782
2626
4584
6910
5184
10101
12295
5621
5888
7139
7232
3646
10515
232
3785
2000
7490
9005
5548
9579
1941
1430
7989
9153
2990
5026
8684
7772
1853
2696
95
8739
4701
4587
254
11246
2224
988
9692
12062
4220
9780
11811
7549
5560
90
11963
5098
8939
7975
11584
7868
4488
6940
3767
221
6726
6769
9738
2205
4454
7154
6285
8663
8634
11921
11323
2607
5096
10864
10327
3407
6456
11887
10665
12105
1228
3914
277
1808
5447
9318
12045
2037
4345
1187
4423
5258
2127
8792
2725
2648
2970
309
4050
7914
11722
350
11651
2534
10487
40
8287
7853
4097
7777
12126
4072
7254
3932
3390
12313
1885
5666
10349
4355
9663
6028
3566
11889
10075
400
9376
6264
6724
989
1800
7537
3824
9865
12332
2006
4102
10309
10815
2906
3511
4028
8454
675
9773
12139
135
6666
4673
11086
10045
11729
10094
1889
6360
2528
4232
5493
6972
5597
3394
487
4612
812
6291
6503
12106
6635
9123
70
4275
1159
10596
167
6448
9044
5957
7501
12170
9743
9261
5049
4985
4782
4603
8618
2301
8819
10731
9927
2015
7740
11397
4869
620
6794
3450
717
7106
791
9223
2395
310
6364
897
8713
4021
50
7272
4616
9497
764
4040
8495
11525
8766
3392
1651
7428
2816
11630
1915
5620
8784
9414
2030
5980
7265
4198
5015
9278
5073
2740
4210
1876
5027
3580
8144
2373
214
8974
1027
619
11689
7006
10966
6395
10217
4592
10915
6315
10240
8386
10663
10195
12243
2871
8089
3093
7933
10119
6491
12252
7204
6740
11765
8797
4705
8870
12209
11352
2027
8461
9815
5550
488
10297
3922
3316
8538
2069
217
9859
6562
8388
7334
8691
1205
2710
3761
11383
3472
3047
9098
10137
266
11869
329
11839
2024
2213
280
4347
3433
5540
130
11786
326
5537
5343
7421
11746
11581
6886
10454
11273
9851
11491
5426
133
10512
2508
10944
8680
8621
2774
293
9903
3875
5031
4079
4954
8143
1966
9000
5637
4399
5586
9879
3849
11031
8451
7076
3343
3028
2657
8293
5649
11655
4049
11028
5971
12159
11469
3464
10879
9152
5657
6477
195
941
962
5928
2264
2402
8039
1163
3148
10146
4046
4409
2741
10643
1667
1064
2255
2459
10841
9302
5145
10463
7008
11762
7678
11871
9308
2190
5644
6781
1041
11424
2399
1626
984
2975
1209
12129
3235
10366
8732
11609
6679
6970
1639
8654
1647
6982
7244
8359
8861
8264
10100
1813
3769
2778
1129
11413
3228
127
7262
8649
7259
6238
2618
11527
3524
8908
9066
1739
3995
9046
9229
475
6222
3169
8515
7385
4543
9109
3957
11085
10971
10992
342
9154
11649
10790
4777
10375
2366
9083
9779
1968
11067
9359
6313
11485
11877
184
9578
3943
6316
8542
11109
2516
4809
6127
6298
6276
11804
10784
4106
3547
1611
9687
4686
11875
8781
6352
6518
9266
6236
11458
8967
7862
9834
6762
7803
10621
2555
8190
9681
1060
4332
8951
11742
11725
2432
1859
11595
10607
8698
1505
1044
8714
5950
11376
10131
7713
1995
2420
4690
4882
1602
7426
8306
4817
3707
6585
4014
6529
1511
8121
11004
10987
7030
7536
2560
6459
579
2750
3301
3544
10020
4016
7474
11736
8504
11187
9028
1780
3224
1862
8645
1261
5414
11548
581
2
9806
7562
3542
6681
4343
2892
6541
5383
7459
741
9322
3397
8123
3988
7365
8101
3132
4684
10832
8614
6522
1062
337
10346
38
7245
11194
5608
3336
8241
8734
2938
10921
11868
5191
10858
9389
5384
1226
5020
6309
2462
5058
2286
6347
10974
83
5562
8512
10441
4018
4448
124
7631
496
3976
597
6623
9124
6829
3556
3634
566
927
423
10729
12169
3084
11070
2981
4493
9423
165
9905
11220
7316
5307
10121
10712
3389
8550
3321
11905
7873
12276
5638
358
3982
1133
12370
10188
7146
10280
4292
6220
4204
10205
687
2784
9531
2451
3843
10682
7935
6277
7594
6969
3569
9988
11528
6544
6630
5324
2929
5480
6449
2155
3456
10629
6652
7983
7785
4797
7047
8579
5491
6138
2298
3026
9507
1707
5076
4279
5249
10828
782
4960
11662
3698
12357
12339
3527
11975
6848
4037
7878
10303
6314
8807
6358
9464
6613
4685
6177
3427
8226
8742
7207
11703
4772
7560
9001
10475
11817
2634
9356
7273
2667
6946
11102
9453
3319
10096
7566
600
7571
8433
12306
10862
1749
12326
10734
1660
2781
8455
36
2306
9381
2235
9128
3223
3896
2431
1016
3048
674
9027
2046
2789
2421
10256
8131
11717
7832
6295
4788
6065
11917
10947
8998
10714
7633
11501
405
374
11451
622
3619
5479
1095
3563
2412
5963
6526
7314
10149
4101
2494
8137
10929
7057
9828
11710
12031
2470
11941
11000
2296
5244
1011
6568
7214
7233
11308
7572
7390
6704
10424
9007
2986
10941
4664
8575
6787
9803
11508
7720
7247
9216
2890
8480
11327
7239
12219
1220
4737
10611
4123
8827
847
12260
11045
5243
9371
10627
5724
2319
6300
6378
6472
2903
4800
11497
8894
7584
4383
8782
3541
5232
8257
10660
6414
8936
2835
2364
10787
5179
9334
1093
11587
7783
8785
2435
6208
9635
3673
5003
3225
12311
8017
5317
7651
4526
6639
9358
8009
2677
12225
6308
6934
12184
10007
6379
5629
11226
4396
4419
10467
8469
11589
7226
2272
12151
6870
7011
9045
6610
9572
4957
11505
9724
10452
1607
5951
11749
1830
5465
7634
2809
6409
3440
10726
9252
215
11378
9925
4542
3857
3629
603
11269
6229
6663
5965
12072
10015
4646
4155
7604
8891
8616
9419
5190
12187
4052
6294
2403
7358
7010
4880
3187
7790
9895
9960
5332
1778
11267
6339
7601
456
6066
7078
7153
3032
4812
3690
10047
8402
7156
7637
49
2441
235
12366
9606
11813
5181
9983
5374
1727
8263
5994
7075
9840
3166
12177
9320
3859
3313
5689
3554
7758
3030
4914
6535
9644
2553
7515
11805
7003
3123
11579
8541
5310
10383
10569
5100
10430
2991
5853
4868
4148
51
3800
6200
1475
5962
7197
4446
9891
3630
10889
1471
3721
154
11073
1464
7363
11539
1939
7712
692
5439
10086
10249
5889
5590
1592
6240
3520
2061
10830
9981
12320
9150
5044
4457
8277
10253
704
5404
6302
1529
8334
2016
3280
3921
11416
11931
11231
2850
9094
2232
11293
3195
3535
5885
2682
8486
882
1772
11748
646
1692
4476
4846
10130
1825
3391
11925
2195
11826
3519
11667
7054
3558
3109
8481
7356
4461
10265
5902
1589
9709
8906
6031
3606
1888
11418
4683
7193
8964
10363
1131
5886
9625
7689
4485
178
157
520
6419
5167
11154
5071
6056
9622
11140
7194
11545
5293
5275
9440
10352
2542
2137
1152
1664
5473
2984
7596
4512
10598
1571
4677
6019
9921
2513
4825
11676
6939
424
3989
11213
7647
8517
3615
9089
5
6771
3499
2705
9662
1970
11535
11200
10932
1748
4074
8104
5328
5208
9920
1426
6916
11978
1924
5360
3323
6545
7598
380
7597
6480
129
8532
10029
10904
9170
10384
10057
34
11986
4063
134
8889
4676
10635
352
884
7683
3941
6727
3986
8536
4829
7029
4678
3688
3039
6964
7301
5436
1937
11433
6760
6400
6421
2645
3405
2526
5596
2723
2843
3842
7062
9120
3318
4839
10893
5955
5791
8058
4380
645
11470
12365
5227
2353
2423
11436
5511
9307
1753
6702
9800
489
6717
117
6514
7529
2627
10773
6429
349
10797
2244
8824
7036
12091
3011
37
11819
7319
11670
2934
2801
8465
8229
3345
8194
6020
7913
3469
3099
2589
9332
6016
2171
10743
3952
6119
4314
599
6777
2204
10000
12324
2188
3969
7180
7196
9924
10295
6399
1693
973
7478
6143
7939
4381
7729
6578
1940
11095
7949
4724
8617
6624
9486
9607
3249
8840
10565
9086
10211
11704
10855
8768
9106
8251
2126
2597
3253
11727
3774
11254
10230
1409
5819
3377
10400
2762
7721
11645
2151
11853
9521
899
11809
4307
10142
7727
6241
9621
11005
3441
11407
8700
10624
1716
1522
8996
9460
5854
5430
5175
9519
6590
6216
3236
5571
1582
9165
10813
9747
11846
7461
3617
2218
1528
2448
1878
6625
8534
4387
7119
7806
8923
10658
2293
4338
1419
8717
4625
8092
8893
7467
9343
4458
9647
10468
3197
7007
6599
7750
9819
10420
6965
9327
10259
2391
2329
111
9694
333
1340
4557
1632
7528
11035
233
11377
9749
5858
11467
6131
4965
1845
7762
3349
10670
3310
7455
5231
1040
4141
11652
9103
6114
11280
12
2717
1814
1751
4775
8619
6799
197
12323
1000
112
8631
6003
4845
2254
228
8181
6531
5985
9335
1192
4837
8900
4445
1681
10844
1264
3502
2813
4349
9896
6705
11516
7399
4991
8566
8246
4487
3005
12016
5561
1719
7381
11569
2918
3176
8372
10866
12053
11243
1427
3202
12254
11778
1627
3252
1933
4093
9931
5502
3007
4058
9480
1006
9347
1125
5954
4426
6802
9767
12121
10942
8522
3387
1188
207
3311
10561
3102
8869
1180
11138
3944
1668
7031
2846
3733
4104
8447
7692
2095
3648
1900
2509
2824
5504
7217
11296
8125
4083
9997
6234
12116
9787
6213
3498
6243
8539
10681
11197
571
8969
4346
614
287
9061
1665
9942
63
1654
9362
11771
6225
4372
6433
11211
4539
9272
11787
10490
6498
11257
3181
10868
1973
6626
9671
11386
9513
2540
6404
7323
6520
12132
4988
3507
8019
610
12024
3227
9070
10918
2963
7466
9137
8758
7000
1609
7392
11628
9108
594
7792
7056
11398
8875
5416
851
1621
10073
5876
200
1030
12330
513
2905
2887
4671
2169
193
4615
9836
10314
11310
11558
9652
1566
2277
12114
9994
4270
3948
8786
5976
7325
7821
3621
12047
4944
5478
7784
525
8625
11737
2609
4478
7573
15
819
2665
2965
4274
4330
7677
11202
1650
5429
11427
6461
3015
1204
5428
5168
494
9876
5904
6495
596
9102
11315
8205
12309
11405
2785
9760
688
3458
2333
1630
860
4185
4815
8595
2731
7045
5119
1098
10788
3600
11555
1057
7638
8466
3206
6772
7112
925
1516
11284
6006
2884
4849
12149
7121
5518
1784
11886
9337
7341
9230
3608
10579
3388
10601
1701
2690
2806
7907
584
9184
3111
3279
8223
4771
4203
8755
7060
7292
9448
6828
6340
1106
8556
11636
1976
2742
4806
3415
7250
3414
9283
10883
4368
6072
786
8754
11047
3771
8400
10318
4301
1697
6209
10555
9401
8390
11313
2325
689
6235
6858
9506
3413
11586
9049
10042
3265
2165
4406
3816
3971
1056
6185
6598
5297
11256
6537
9573
3126
809
11305
7043
7900
1169
5226
11913
10707
8291
6096
8704
3374
8453
2520
5944
2800
3023
8690
11227
3077
9093
6342
1603
8699
8163
6095
4533
9250
6734
7502
6416
6877
5852
9628
9612
2029
3353
10291
3808
6256
6950
7312
891
9104
1699
5975
4416
4242
5340
1576
10671
11157
5392
5206
11643
212
6978
12147
8156
10017
1010
4559
5150
8525
11339
4525
9191
2672
10435
10999
11851
823
9456
12058
11983
2343
10563
6549
9119
10517
2230
10766
10296
8983
2859
5021
169
3326
8655
11680
4370
9071
849
183
9386
6158
6301
11479
8364
1619
4611
12358
8672
8995
2189
8901
9881
10316
1124
4840
11212
11679
7361
3582
11492
2446
3428
866
3998
8200
6766
10559
6202
3452
12186
5580
4088
7807
10751
282
1925
10645
77
2461
10401
11564
5351
10562
1635
3790
7546
4228
607
10445
10154
1711
9173
3817
6558
4804
10405
3066
4727
5204
9592
4884
961
5290
478
9021
9092
9950
9732
5992
10558
1670
12178
3743
2834
609
943
10099
6089
10647
4201
7916
4466
1053
8099
4619
4790
2632
236
1575
9791
4513
1002
12321
2752
12124
5859
11065
4077
10968
12233
11681
2805
7492
2620
412
5315
9391
10917
10994
11050
4901
2033
5618
3633
975
11366
1465
6764
8492
11515
2713
11408
4567
5935
2150
6052
7656
9795
10458
9710
770
60
3626
681
7413
11696
2299
4808
12130
6748
10533
5939
2469
1789
9534
12143
11789
7195
2121
10262
11471
6957
10709
10854
6974
1652
12030
889
3182
6368
1506
2983
2909
9043
321
3373
11482
6867
4092
1352
1075
2099
12298
3631
6995
11259
6490
1526
2711
11509
8196
9288
7138
8521
3328
11711
861
3142
330
7995
2601
7867
11661
2927
4962
10286
7550
10567
911
6718
9461
5233
5287
7349
1922
778
6669
474
1910
9771
5029
7432
5864
9603
7778
7306
12037
1001
2282
9716
1604
10482
9340
9824
3917
2953
4303
1923
8557
11455
773
5603
5868
1762
369
1067
6862
5067
3112
4194
9470
4576
11884
7386
11627
3613
8926
6752
2679
9631
3966
7857
11021
263
8583
6928
1
9105
7564
8730
4805
7347
12111
7177
4429
209
8459
1980
8105
2666
4085
8338
712
8249
4254
1577
1178
8367
3191
2197
1065
8154
9794
11706
7967
2564
6215
10127
7972
5615
6046
12345
4404
7690
9646
2057
9570
2777
1210
7839
10887
2063
3776
4719
8653
8127
11442
12165
9704
9705
10243
11772
8108
1541
2234
7780
9183
5422
5373
3479
10158
8354
6205
3595
3282
9209
10404
428
11845
9392
4403
5595
10389
2266
10088
10477
8888
4923
10251
5365
10527
11148
5807
4280
4828
10116
7085
8344
3174
6945
9235
3768
7829
8772
4608
11459
1676
10117
5751
12018
6357
7318
8300
7563
8084
4036
6901
5579
9145
9413
608
3685
4765
239
1468
8928
2005
8420
7331
10733
3380
5878
2598
7293
9135
562
201
6415
8377
6765
4717
2883
8013
12125
7422
11606
7160
9766
10110
12004
11934
4549
11341
8986
382
5396
12297
9897
7364
9860
700
2410
2671
4440
4179
8351
2831
12168
2481
5792
1824
4544
5210
883
4993
4235
9330
1082
6481
11829
10811
5505
8975
10025
10053
772
10
10772
1028
11542
8460
4823
11270
4340
5905
3485
9798
6305
10744
10923
11695
18
3795
2571
4826
5879
9262
9809
4520
8361
9655
3856
9011
8188
5285
10757
10851
11552
9025
8829
3159
3358
4117
3471
11317
9885
8796
3903
9354
1896
9835
12316
5663
3045
1476
846
3168
10610
8623
5314
6042
3193
6586
3461
10178
3381
9912
9090
9910
818
3598
7847
3446
11932
6130
8341
7811
2054
8476
9122
9715
9702
9776
7283
6008
425
967
11759
8903
11225
1838
7639
8487
4981
10692
10024
10676
5614
5257
10746
1059
7416
6915
10241
9984
379
11096
9664
7981
1671
8363
10080
7665
8317
6180
10964
11949
6644
4472
10426
3686
542
12281
3340
8128
86
9656
5018
12266
3207
5337
7276
1643
10161
9772
4401
7725
11843
900
11580
4400
5632
5539
750
6977
6929
2588
2808
4850
2585
9726
1812
4189
6911
7411
3247
9275
8404
9695
3750
5843
1758
10675
5033
4632
10083
6407
2615
4720
356
7521
185
5375
7116
3929
9585
10231
10155
3073
7288
5619
12122
9196
4562
3019
100
7705
4281
8892
4528
7159
10067
785
10062
11878
8763
3017
3677
9443
7861
6951
5815
4712
8835
4572
150
4190
2111
1114
8225
6864
7098
62
10807
2700
5198
2547
12363
12012
1943
9874
9185
2039
11285
5037
5074
1728
3060
5132
82
10077
2962
8322
12195
2880
99
6104
2694
8213
2580
2185
2995
7040
5068
6311
8371
7896
1491
9363
2231
8941
875
8574
805
5250
1025
8146
3284
5056
198
1113
203
11437
2106
11158
7818
1745
1078
3002
6299
5867
8529
11514
1314
9797
11893
7033
9933
11779
6657
3190
11850
6542
6866
2032
3403
6306
1024
7470
5925
11090
6242
4644
4540
3477
7284
230
2900
3531
7425
1410
10206
4725
10509
7984
3575
6571
5968
3254
7302
4428
24
6373
6488
9449
6608
2567
7613
7523
5648
3659
5883
8248
6700
3689
6832
6756
5507
9568
5884
11350
11783
11987
7518
12342
10414
7375
7730
4769
5594
7675
9945
11006
10052
11883
2222
3342
2517
7960
8047
10350
1596
12109
4265
1112
10310
6094
555
6687
2044
11888
1039
4895
2793
4480
6801
919
1902
4415
8642
2650
2408
8733
9447
4997
803
1414
2946
4781
1424
11836
9192
1949
6966
6097
1523
11852
11114
6611
6486
9004
6249
5260
8765
11923
2267
10679
7389
10345
8728
504
9457
8187
7577
6214
8343
12369
9424
11422
5863
2087
5713
8258
6719
3635
4236
9509
3572
3422
5140
1927
7813
10554
7394
12113
3044
4263
1573
10798
9674
4561
10322
10669
10305
9057
633
8122
4915
4065
5723
9155
2966
3435
7963
7834
4131
8425
10925
5081
2913
12022
5838
180
107
8484
1689
6770
10548
7167
11007
444
140
10432
8930
177
11926
4570
2023
1855
12042
4420
7339
5350
8434
1964
4273
5259
2729
10464
11440
1504
4471
2581
9323
11760
799
3135
7475
3691
1756
7559
2135
12231
11439
447
9218
4905
12141
7067
5678
11198
12029
1702
970
9479
1893
4250
5176
8568
2270
7990
8999
10525
2537
8991
5695
4197
5979
1543
3437
761
2317
9615
719
7886
2473
11957
9080
7092
7831
4373
4600
10875
10402
5083
2125
2554
6009
4879
2100
8806
3802
2902
12227
3080
3443
11728
4382
6648
3537
4502
1563
6620
4607
10520
752
593
7858
4473
7053
5448
4259
2772
2943
2396
10248
3811
511
1906
1478
5378
9114
11217
10540
10081
11089
2217
7020
956
747
9680
2268
893
6320
3699
8720
361
4599
1840
6519
9525
7227
6392
11984
2310
6380
5298
3838
3302
8239
4138
1533
6105
6627
10046
261
10825
8656
6290
2300
9474
3268
12212
3416
6117
7748
1042
3243
192
10732
829
4860
9291
10108
2568
8662
5816
3304
5305
10334
9620
4470
10381
5690
8474
5438
1555
1978
4689
2103
2122
971
3555
11163
9309
6743
1140
7310
10846
6621
11808
6341
8116
383
11346
10951
3487
9949
7400
10014
407
1898
8008
9499
11618
11462
3332
12046
2050
9611
10140
10993
11777
4610
8041
10599
1891
3784
11781
9763
4852
3528
4293
4394
7869
1999
3538
7964
7652
8548
8695
8670
394
7788
3432
9276
6634
7357
3881
10786
6062
5522
6444
5997
6087
4230
2504
5653
9728
471
6369
6844
12349
12183
8783
6382
1431
5763
635
10920
2062
6569
7544
852
8380
5525
11899
7127
1085
4388
10600
8979
59
2359
8887
3063
4983
8823
4635
121
10906
1984
290
4597
3536
2482
2288
4697
5005
11707
3624
1572
5988
300
1993
4095
6002
11016
2346
264
3426
3138
11841
5906
7190
9255
4842
9583
4581
5898
8747
3269
11370
5331
1722
503
11365
1551
10074
11807
9345
5564
3741
5937
4062
11666
3229
4732
9492
453
8308
1334
9321
10012
9259
4001
7966
9916
7737
8403
11675
7131
4575
1704
4161
7670
6384
7072
2269
6078
1735
5178
206
22
2548
11024
4821
629
8318
2051
10903
878
2117
4
4641
7184
6246
11
1802
4861
3455
11298
5356
1197
11858
6257
9015
4766
11282
7462
8812
9110
7093
5353
6847
3594
8937
12166
4435
7746
3231
7855
4003
933
3565
2739
12067
5780
106
8294
3809
10271
11916
6100
3692
10181
7796
7506
2810
5604
10585
11743
4421
547
5316
6482
1781
9417
7766
10948
4722
3552
4803
8426
10459
368
5466
3283
4443
3402
6091
9190
1612
10185
11700
8374
5144
3305
2873
7158
11507
4723
3178
2456
7695
6714
10637
1453
4375
6618
9947
4637
2455
5284
9677
7379
4266
274
9069
9719
913
6905
1791
6297
2427
8980
4779
7145
6050
8836
8078
9036
3568
8586
7209
3264
5733
5642
10107
5349
11205
2891
12307
2635
388
4577
5008
8238
522
7248
3165
6328
2476
9436
8790
7965
3119
2142
2960
615
1656
10320
2356
9811
2651
53
550
3367
2980
3237
10236
598
1879
5592
9434
12005
10207
7046
1564
549
9034
3861
10564
2730
4436
4260
1942
12172
9204
9679
284
7887
9883
10356
7547
11672
224
306
6323
1569
8898
8791
11288
8124
3242
2384
518
9426
1079
11870
533
10581
4377
6048
935
11258
3505
10447
4521
2011
8603
9172
1904
9239
7095
10097
1406
9711
12156
5363
10319
10106
3271
8508
5300
3794
1598
10694
6262
11979
11498
1747
4467
4844
8265
6992
4482
3153
6343
1467
11329
5607
4464
4822
2345
335
848
4936
2790
11312
6882
1274
10552
8947
4219
2924
12118
3679
7230
5814
10451
2108
11741
12278
3965
68
2957
3549
4621
10957
10591
5172
2923
2392
2897
10159
8993
2073
325
11389
3757
2225
138
5920
963
5419
2610
10171
7687
5138
7541
2979
11185
3803
9463
10504
2745
71
2450
950
4695
10037
9139
4122
2176
3716
9982
5472
1628
8295
12286
5445
11425
11721
3046
3751
1675
9867
7135
5913
5917
6709
6408
250
7329
6010
5926
3198
8382
5529
4963
6619
10924
5706
1176
1253
7186
2260
353
4721
817
7885
7406
7104
4225
4055
10982
7587
8842
2685
6622
9075
7114
4075
3540
360
4350
5266
146
10199
11291
6899
6150
2639
10272
8468
5114
166
7697
8437
11894
6178
5947
9733
7157
3996
9718
3570
366
3853
347
479
208
813
7570
12104
5239
3103
11837
10507
7842
2603
3501
1137
7610
6691
3525
6044
10170
969
3061
9698
2308
8849
4234
6120
1446
10638
1803
419
9564
1229
3406
9673
11029
10861
4941
8813
5367
10456
1903
9555
11624
3371
7238
4698
784
4688
9462
5301
10427
2487
20
2885
10457
4555
12341
1182
3760
11495
11473
11247
1953
10070
6389
2118
7185
10791
7384
8093
9972
9420
11087
3031
9605
8507
7405
11990
10392
5952
11903
2223
10472
6263
10476
6420
7291
8559
833
6353
6284
659
4344
2546
10657
6956
9602
6239
6981
5660
5734
2755
3184
3670
3700
11940
11008
9063
10536
9428
9639
9626
7202
296
11417
909
5241
12302
6710
8113
6768
7179
3517
11816
8859
441
317
9962
2227
10511
10153
5800
601
3515
6484
5464
229
9504
10514
11112
12327
6747
1217
9614
2357
8290
5911
1211
1459
7212
8578
1826
417
6907
11520
9270
1615
7612
11242
6596
4791
10387
930
3999
762
2334
11152
6697
6413
5909
11186
9672
5323
9475
12010
5808
11454
11614
2085
1165
4192
2917
6174
340
9041
4541
4226
1720
297
753
8925
9441
10005
10530
11316
10198
3230
2422
1480
2468
4182
2053
1455
4113
1742
11951
6720
966
2321
3419
10975
3723
8329
10577
7199
9481
9995
2361
2758
2878
8385
11412
6735
7220
7175
7099
3395
9274
9176
2877
7996
8141
242
6654
3783
7922
6426
3647
4670
9437
5054
5228
7595
3306
5919
1617
4269
4530
7489
10082
7630
11928
628
3116
12138
8848
6729
11844
3090
3742
630
10940
3239
3827
9344
7044
2229
11623
8605
3683
6926
2397
9952
1708
10112
10769
3245
9596
9068
10306
2797
2092
8687
4126
6884
11800
7303
1990
10032
6677
10273
10978
2525
10842
2668
8692
10541
1804
4000
9478
4317
7228
12056
9651
4912
2369
4649
7569
7279
9734
734
4807
10809
10245
11027
2543
3603
2379
1815
4877
6025
6633
7798
914
2055
10484
11512
1907
7437
6617
446
5185
1947
924
3812
4013
2587
10888
3583
9873
10571
3876
10722
2382
4024
7275
7747
9296
2335
934
2409
6581
9161
2326
7352
1565
1721
7307
7164
7052
10031
8547
9915
10702
11489
5230
595
8822
9660
3669
6646
10124
5080
11634
64
11330
8130
4716
12123
12194
4315
11914
311
1479
8467
3014
729
11713
9633
6559
5469
10364
12150
3590
1686
11960
669
12314
12142
6173
10534
4199
5496
5949
2575
5532
10706
8342
5654
8272
6281
10526
3597
4778
1408
1517
11610
3793
473
12206
11600
5566
11464
10148
4733
7535
1433
9731
12337
780
4947
2434
1313
4490
2105
3510
7513
7987
11361
3276
7836
1022
2524
2281
5610
10488
1423
10165
11965
6660
4218
10010
8872
6580
10991
8954
6142
9976
10576
416
2043
3346
7016
10708
5189
10605
7163
9279
9268
4125
996
6424
2107
9659
367
8244
7141
6683
2616
1100
9590
9814
2933
3058
9928
4223
3720
10593
2757
9973
11450
3067
10351
5895
11463
1752
4318
3612
9752
9503
7378
2290
4749
7251
7872
9372
7875
710
2715
8176
3147
10006
3160
8931
8612
2363
9823
8218
2751
3145
5061
6270
4630
3035
5224
10502
5989
11824
8439
2866
10069
11184
1462
10595
10395
4176
642
5254
5041
9491
9657
11081
612
9178
472
12246
11092
10282
3355
2104
142
1852
10958
9130
4175
9143
10956
2848
4552
1578
3546
9761
7289
939
12290
6478
73
1559
16
1439
10235
10818
6326
8206
11300
5333
4129
1021
8882
6188
10462
10701
3592
9979
5533
9378
6038
2684
8315
8775
798
3357
3421
2438
2208
11996
4262
386
1945
10586
12055
12074
97
3796
7714
7554
243
6401
3611
7673
6728
80
5474
3855
7558
9306
9342
12223
10604
7545
1875
8107
11642
11557
439
667
12080
8710
12163
7155
4691
10216
2284
3640
199
12226
1332
5405
19
2681
2583
1743
12193
952
9758
1510
5097
1335
2196
4264
1982
8896
1595
8472
9003
4240
9325
2457
10465
3712
10969
10315
11510
6333
10479
8464
4287
9826
7711
8897
4660
7215
8737
5177
2818
1054
3755
4244
10776
4736
10496
10326
1730
11268
12308
4066
2869
568
3714
7561
7849
11113
5102
11938
621
10079
11218
4760
2771
870
5253
8581
2031
10234
6110
1126
5045
3829
4041
6035
554
6979
1809
12007
9138
343
6182
2640
3641
10365
10972
6439
6924
8981
2463
2387
5381
8843
3955
789
8577
11537
4004
7480
6441
3945
149
10421
912
4620
3211
5011
8661
8681
8383
10642
1202
6385
4417
6018
1157
5091
9848
9863
11847
1236
7258
8528
12272
10093
6476
5402
8235
3408
1168
421
8366
11314
5101
1935
10736
9830
10774
9825
4437
8801
6607
6383
7708
2082
2426
9756
10835
3042
9136
7240
11502
4137
1014
6557
3278
11989
3350
8726
8503
156
9764
9052
9862
2523
7087
12215
9236
11453
6896
6116
10288
8601
11063
9574
442
726
2770
8216
9843
12181
7465
7173
7485
10834
10202
7079
120
6259
4687
3226
11880
7882
9370
6061
12241
6307
5584
993
5931
1441
9717
7268
12346
1212
2065
9458
1914
5062
210
9641
1186
8727
7815
2945
1004
3918
4922
10506
1579
454
10481
1997
10058
10698
2935
5573
7588
11785
11895
8676
4015
1413
7235
3632
