3908
1659
2063
3202
2567
2064
1162
4377
404
4109
3151
348
4383
1566
3533
736
1431
2937
777
143
2045
842
4336
2736
4006
45
1929
3925
4339
4046
1187
2644
3915
3014
1132
1395
1980
805
1723
218
1152
4353
833
3751
2598
1318
2135
3991
3477
35
1170
2426
317
1020
729
1154
1704
3205
1850
3717
1366
22
1320
70
3026
137
4002
1598
1938
590
3502
2428
2322
3528
2403
4112
1369
899
2131
4285
910
8
1396
1260
1657
1782
2875
2500
1059
2721
1563
2697
2779
4217
640
1988
2994
235
3739
2152
3065
2136
1678
368
1671
1619
3046
1202
3930
2927
3567
1515
660
4289
2138
384
224
911
2785
313
1833
129
2884
708
1964
1648
2680
3041
245
42
2605
3310
2678
1903
3336
2556
2419
707
2725
3042
347
4232
1237
455
2891
3286
3794
2699
2430
2757
3313
576
3770
1796
920
1769
88
2427
4214
3605
1693
2998
1854
571
337
1747
3837
1651
2523
2265
4047
3312
1163
2691
113
3942
4159
1547
1687
2576
753
534
3957
4344
2559
2949
1169
1271
614
2907
3017
3262
258
4322
1081
3778
389
3742
3641
1057
2926
1120
338
2148
3697
474
2480
2067
550
3110
602
1696
3070
3932
743
3702
3193
2561
2744
3149
3236
1625
3727
2708
754
1855
2008
4027
3784
567
3658
2328
556
3949
2017
547
4195
1313
125
650
1397
2916
1982
671
2353
2898
2139
4267
767
778
731
1422
2929
191
793
1826
4237
858
4187
140
3130
1414
766
717
148
2318
3664
1529
1564
247
711
2341
391
2189
3153
2340
3349
2606
1429
1158
3391
2375
3010
3107
2885
3179
1746
3992
3966
3036
1640
2971
4080
3338
2614
1691
2505
4303
3359
3090
1674
3323
1539
4189
277
3529
3164
1307
4039
1090
674
1741
371
2009
1722
1025
1034
517
2513
2406
1806
1808
3005
1605
2893
3484
4157
668
2118
3008
4152
4004
748
217
2967
3370
4215
4
1661
3085
2902
2837
530
3217
3571
3038
2963
3003
1793
3885
1776
3660
4245
3835
2409
622
3279
399
2275
4247
982
1791
1565
2864
2245
2144
2619
4062
4384
3288
3161
1554
1050
1872
2603
1125
2192
7
3710
386
1267
2735
2817
1649
4271
3399
563
1039
3407
3194
200
4258
390
3636
2100
1847
1355
2511
2081
2904
989
4287
378
3112
519
1192
857
3577
2294
2049
4018
503
309
3226
165
1989
379
1728
1653
4201
2397
2080
4229
3190
4332
2284
3139
3054
3200
3693
454
2800
4207
2330
4128
3515
339
465
2522
1447
3884
1362
3442
216
1276
1531
715
3923
1813
993
730
449
4223
2624
395
1544
1253
589
771
437
2256
2479
2947
2568
740
3509
2504
3439
2627
36
1828
3343
3904
3503
3223
1235
1385
963
3332
2714
734
206
415
3321
2018
1087
3550
4001
0
2595
112
4356
1570
6
2319
1827
4320
2458
172
1461
776
1094
4028
3421
1247
1702
703
61
4340
775
3834
680
1240
1252
933
1245
241
564
2961
1896
831
1743
1109
2392
1394
1558
1647
1312
4161
1638
3461
3781
3876
3707
3328
4363
446
786
4098
1765
2596
3795
1207
1943
1878
4329
118
882
1463
2857
430
608
3855
2607
3574
1314
2487
3988
3935
541
3650
1316
2953
3500
4327
2374
3974
2752
2243
295
3984
2207
1225
71
2908
794
3862
938
3266
3749
3454
2882
49
2092
1445
2643
2345
41
2514
1592
3058
342
1136
3588
2672
3225
1286
4010
3276
2055
4108
54
1912
1834
1010
2741
3830
1755
1107
3971
4176
3360
1344
3155
4315
3470
1522
3369
1456
1812
3258
359
271
1295
1091
1877
1869
1390
3232
2794
998
685
1501
3195
1795
3362
1220
1555
509
3438
3860
1019
1889
1185
2157
2861
1233
1922
234
229
345
1138
523
2465
1291
2502
1434
502
2448
1103
438
2516
1499
3368
305
2503
3684
1405
2048
3300
2190
2369
624
2267
329
2494
1486
2747
811
2647
2881
524
4014
943
1740
1679
1969
3284
1859
4314
4037
2013
1004
3444
586
228
4015
3358
97
1321
90
3899
4369
2852
2995
2027
1772
3382
1787
2543
4066
3671
37
843
2099
1402
2005
417
4182
2422
2846
3375
3366
935
3222
1930
2030
1910
262
2781
3211
4197
2122
3059
880
3243
4148
605
3494
2038
3478
1652
737
2338
1349
2903
2175
1037
482
995
512
4321
4282
372
3175
380
2469
3543
2562
865
3743
1310
1373
311
1851
548
4040
4278
1378
566
587
2183
2323
646
3298
3499
2547
1507
3546
869
3467
1270
3856
861
3076
914
1071
321
1785
452
2653
153
2870
999
3822
1945
186
2439
652
940
1415
3273
3104
4227
2169
4284
2078
1966
1944
1573
2194
3838
1867
4017
2574
2046
240
2695
1921
2537
4358
3865
2440
4386
3140
3050
2225
4088
1411
2104
154
493
300
19
256
629
467
962
926
1521
3282
1277
3169
3197
4092
2262
1251
1426
1389
617
2333
2808
2629
315
1904
3827
109
2216
4091
3078
4122
641
1492
3978
557
1208
875
1285
1102
74
1584
1117
236
1017
3440
1788
91
782
887
281
1418
3806
3873
579
1012
2034
2932
2246
3696
2482
1015
919
4178
1783
949
3004
1958
3944
4153
3894
3618
3880
4342
3497
2459
3705
2339
1703
1781
538
2577
2390
1480
2701
3757
326
3931
1694
1536
2535
1579
3996
3295
3512
2344
902
994
2037
2590
2589
1968
3979
2308
1380
1214
1131
526
3367
706
3299
292
3207
3819
916
4264
3789
1273
2127
500
4041
722
4048
456
889
1085
1675
2827
3983
180
2171
3833
385
1182
4279
678
925
3209
4073
4079
34
1669
520
1672
859
498
2964
2443
997
1323
4231
2718
2299
427
4239
4269
2851
2035
102
1914
3506
3051
1858
4132
144
2871
2946
2850
3688
202
2424
841
1258
1066
4224
2107
1767
3082
1537
1618
3340
883
106
768
1496
2829
3259
4035
2083
3888
2585
3791
3570
1925
3626
1334
2204
1458
2234
1441
1179
1908
3907
4136
3064
1553
157
2377
416
1197
481
374
3022
3517
1327
3086
552
3519
4335
3121
3068
565
3417
3817
1630
666
4183
3858
4382
4145
798
1902
2492
2867
4179
984
3072
2515
232
3722
2463
1079
3043
4268
2320
514
626
2237
1955
1587
1514
868
3798
1709
405
1643
813
2824
1398
209
2389
2793
2490
2219
3297
373
2447
2805
2041
4317
24
1998
615
2084
2438
1495
3893
2218
4234
2952
1435
479
3580
3189
298
1874
2026
2391
807
2203
913
2101
462
1451
2000
1438
316
2922
89
863
4029
2780
220
1002
1212
2788
3388
2726
1361
2753
3414
1128
2717
1992
1725
1509
53
2263
2682
3673
3878
1419
1075
3575
1342
1213
3212
607
4190
628
569
3632
2770
4206
2658
83
1739
732
2251
3427
968
3639
662
3272
986
1656
251
1023
3012
3799
3116
25
2110
3018
1054
225
3720
3975
2054
1227
1576
561
947
3180
453
4300
1831
2277
1756
2242
2252
2042
4078
17
2071
2765
4338
2854
2694
3413
1540
412
1160
2616
905
288
3208
3102
1825
2158
3700
2990
164
2089
1190
2724
4254
1609
3510
3291
242
1541
3610
1801
1950
2873
2355
1621
2790
2059
2807
4099
231
3425
2539
3796
1997
1036
4250
3572
1970
3174
4096
3025
1146
349
4252
2444
2313
2527
2679
505
44
98
3032
267
2569
3352
1692
4222
433
1483
4188
2382
599
2335
3850
3628
714
2915
2373
2918
2261
3554
2317
3278
2475
2326
253
2665
3418
423
3623
3156
2266
3694
936
2581
304
3933
4298
750
1789
2730
1732
2301
2742
4337
176
1615
1481
4169
1423
1206
1770
747
1996
4350
2150
3559
3270
1967
3037
2040
3049
2195
4142
3448
1370
1005
4054
3810
1596
4244
1181
1199
2006
265
1322
124
3311
469
1013
2565
1549
1490
1336
1246
2449
3385
2198
4238
2258
3629
3035
2750
163
3055
3307
812
3980
1014
3452
1804
2582
3882
3405
1292
4056
4043
2394
394
3663
421
199
2236
3676
3612
758
3265
4291
2402
1508
3600
830
1306
3249
4012
3252
3524
222
3690
2801
3847
3989
1680
3136
418
1666
1733
1593
4113
2623
3084
3213
3137
2495
161
1231
4265
1975
183
1069
1172
2853
3093
1222
3961
249
2866
401
3765
3875
4364
1574
4094
147
1594
2773
2760
3403
3733
580
1116
48
2361
2250
3902
2923
623
3714
1773
365
1122
704
1000
2387
2531
2385
2860
354
3098
895
3951
340
1606
3203
756
745
3006
2271
1101
1597
1022
3364
765
3701
4249
1485
3982
2650
3080
516
79
1173
1682
254
1189
3560
699
3769
1809
3201
2229
3940
1133
3814
1016
3750
1196
2573
3132
2973
796
3292
3233
2597
1665
885
2564
4313
459
2888
1707
353
3020
2181
2117
779
1174
1024
2047
1294
4007
3723
3511
2060
2557
3423
698
1219
1487
3815
3495
2276
3327
1527
990
4082
803
411
2538
55
2134
1550
2676
3395
56
3373
1375
1517
3589
1288
2282
2199
2936
3595
2109
1759
1927
212
4090
30
1080
1794
2058
3666
3762
67
1064
9
3562
800
1382
2642
3800
4076
3929
1706
3644
2476
527
3948
4057
3741
480
2566
4275
485
370
4166
3522
1635
1083
4083
2446
2149
2877
981
1710
4085
1887
1600
3997
1401
823
4052
3416
3754
2164
1519
878
2683
1304
3564
3831
939
2799
2116
3914
1140
4240
3019
2399
135
1985
4143
3047
1156
2775
2462
741
2186
2415
664
3775
642
2635
2534
4118
134
16
3886
3074
625
377
934
1636
3622
645
2944
2097
2969
1266
1473
3302
3826
2654
3805
852
3724
2393
3539
3441
3400
3766
2129
1009
1299
2455
1631
2300
1298
675
4374
4011
95
2979
964
293
1343
3474
3066
648
3127
1153
105
461
119
3281
2368
3486
3952
4343
2758
2622
484
1957
1421
1018
2206
3457
2310
3088
2637
3732
3547
2193
1157
3002
4144
2847
2075
1607
4361
2332
31
3473
1498
1058
3304
1089
1731
3772
376
46
2862
131
3646
1119
4191
3433
546
636
155
2553
3993
2899
2518
918
2798
893
3779
1824
2315
3969
2103
528
1259
2356
932
1330
4273
2906
3962
1257
2818
4093
2702
1440
2674
2546
809
2486
331
2739
3131
2984
1033
700
891
1790
3504
1149
1713
1961
1830
1931
3455
746
1345
2784
1274
64
555
4294
1139
3972
631
3843
179
4194
2228
3649
1038
1890
152
1374
3879
4135
3289
1436
4365
3699
4126
408
1040
187
1335
63
1100
3803
1404
3538
2036
853
332
2461
2966
3516
1624
3184
2684
1599
2061
894
2878
76
2211
4260
2208
3269
3936
2314
3706
1118
486
691
2057
3677
464
2749
822
702
3409
4158
3435
1384
2549
1561
192
2648
3919
2143
1712
2032
1506
1842
1061
333
1668
705
2640
476
1736
724
3061
1477
1282
1097
581
2816
3459
2239
448
1184
3199
4055
4263
1610
62
1372
1365
32
3621
507
1413
2924
4130
2200
1332
4277
26
84
2014
3173
4104
2895
2137
1264
2789
1820
4064
167
1504
4045
930
3493
1845
2869
2170
2253
2380
4290
3872
959
3097
583
3462
3162
2578
921
3015
2992
2608
542
2777
2940
2003
1198
656
1919
472
2240
2868
1956
683
781
3737
1331
3089
1546
572
2404
901
330
1516
4302
1303
4137
4021
3185
3160
2670
3990
2550
1008
1063
3654
4301
3734
4067
2478
1281
1936
1204
4376
521
221
3227
3613
3616
496
654
562
1512
2016
2700
1177
1760
188
3181
65
60
1940
2432
2849
2283
2295
4175
1538
877
3013
3682
3659
4026
343
3955
2076
2633
2082
4324
1786
801
1697
252
3760
2826
966
1098
763
460
4147
2484
2468
3108
3411
2809
1001
1729
4072
2024
4292
1030
1296
3115
2095
1348
1852
346
136
4372
1068
2591
363
39
72
2560
2876
2720
3488
726
4105
2358
1319
3129
1843
2292
3687
2719
3811
3730
264
3218
1105
2722
3756
1328
780
211
3240
1981
845
1297
2544
3453
2201
3839
2746
2238
4276
3946
3361
1720
2050
1113
3342
2274
278
428
3537
825
1947
1881
1165
653
2609
3514
682
2669
3168
584
1412
4163
4318
477
952
3324
832
1571
4162
2021
3450
2783
2044
2664
4013
1352
2098
924
3355
1145
1700
1727
3602
2141
2914
1453
511
2957
3823
4075
1478
2357
3995
4236
2088
1779
487
1455
627
2456
1250
4050
1898
3852
1417
2709
2411
1265
2451
3667
4032
2729
1920
388
50
1031
2897
2755
3430
3350
1861
1268
4033
1810
3812
3792
1044
2464
1301
2473
4367
789
3716
2506
189
886
4311
3144
2887
18
2222
612
4081
2978
2814
2094
4257
2471
246
1954
601
1221
2304
1708
1923
2011
721
2533
3606
219
1123
1371
818
2761
4150
4219
1443
4331
3489
2584
720
1046
355
2666
3216
890
1557
3016
2685
306
2778
3994
1907
770
2905
3482
3351
3783
2248
2563
1952
3927
357
3402
123
3782
1143
1333
4256
2123
2636
283
3472
1261
3670
2848
2804
2693
1626
3141
634
1115
5
3230
1176
2856
2324
1891
3651
2396
3680
3947
3363
3357
2945
2481
3535
4325
1469
303
792
3274
1572
3895
1489
4334
1305
3642
4165
3485
1007
1548
1751
130
4346
3709
358
3492
4328
518
274
3708
182
3040
2221
1341
3801
3599
4074
799
2501
128
1835
1752
1317
1339
3598
1430
2941
322
3786
3864
3866
958
2996
985
2802
1526
1559
2772
3277
3483
2270
1777
3620
2997
3045
4044
3583
2288
181
3099
396
1035
2019
2343
2259
2296
2558
2731
609
1302
115
3579
1491
1862
927
969
3804
1978
3069
1459
2053
2153
762
606
266
398
1186
3255
1758
1308
2834
957
3808
2120
1568
40
4379
2231
2210
2431
970
787
1768
2988
3426
3549
3306
3859
1524
3534
4319
3721
4023
2069
2613
3198
1011
872
2485
515
471
139
884
1754
3293
2140
4220
3424
2466
2230
1622
1629
873
3309
655
3048
1616
649
2290
4049
4213
2176
3261
3238
4362
3713
3648
2121
3578
1906
2874
3912
470
3221
103
196
299
3844
3135
2491
2960
3067
4230
522
1917
3561
66
820
3809
1211
352
3260
1175
3849
495
928
2043
637
204
260
2958
10
2349
1822
1999
4140
1660
2956
551
93
92
3011
3390
190
2962
4115
929
4117
1642
3956
1663
3764
1757
907
302
513
3898
1689
4253
3422
3077
3241
1095
2820
3556
1875
2337
1545
554
1444
3678
3496
1753
3021
1452
784
159
275
4139
2133
2542
2594
269
874
3380
244
600
3344
4241
86
3374
1764
1832
2835
4288
1249
38
4296
3573
3257
3526
2525
2821
1705
4373
208
2512
2810
3387
2842
2376
1188
2812
2604
2400
2386
1797
3905
2766
735
1410
2836
1055
117
1387
4110
2738
4177
1655
1284
3242
2931
2601
4330
1939
3158
494
1611
3239
759
4151
1166
3505
2526
1528
1664
75
3532
3507
855
1488
850
716
1894
2651
2865
757
806
1839
4359
475
1627
2593
2769
2894
2763
3330
1714
400
3943
2472
3023
2278
808
2015
2541
3167
4310
1780
1523
162
133
1774
3420
2645
1650
2806
3469
4114
2379
3558
1243
1670
2289
1462
1633
2993
2028
2321
4198
560
788
434
3569
3157
250
2920
1899
350
3389
4111
2177
2943
3959
1468
1582
1226
1053
483
633
3563
3254
1474
3527
3466
3758
1248
3412
238
953
1951
3675
3353
4095
431
2716
2220
101
1888
635
171
2359
3985
1121
2425
2886
360
289
403
2839
4203
1677
4345
3685
983
1511
4270
4184
751
169
1457
4305
1717
387
335
687
4173
450
2437
2612
2819
270
3963
2285
261
1358
2126
2974
2312
3853
3471
1608
1987
1623
273
3214
3825
457
3828
4116
3166
3767
3785
1072
864
4286
752
325
490
282
4186
3625
3490
4293
2600
2954
1183
4171
3958
1673
174
2811
1135
4100
3334
971
445
296
2311
3187
871
4069
1762
3092
1849
1942
4354
2477
3669
466
834
3251
80
4101
1070
320
4205
2704
4119
3428
2823
3668
2185
828
824
1941
4333
3965
1155
2408
3609
2715
3542
2087
2436
1076
110
1684
3520
94
489
4134
1662
492
1195
2583
1639
2759
4225
237
1870
3491
2407
2803
2688
301
3590
381
2306
2530
1150
2429
364
3083
3892
1432
2588
1803
965
2106
3793
1467
1792
1730
553
2159
558
3729
3456
2638
3432
2728
3870
3228
896
166
3027
441
3394
506
3063
2452
772
2980
3443
2703
1973
2575
2977
2072
1864
2128
1905
1088
4042
3774
956
2771
268
29
2132
2197
2733
3816
2130
1215
1585
2655
3365
672
2145
2441
3138
4349
1613
2354
2405
3662
4360
795
988
1591
2124
1567
3463
1807
3287
3501
3661
2417
783
3386
3143
3776
1376
2241
819
1161
2776
2105
549
3253
3447
77
2532
3436
4212
1114
1029
892
1129
3219
4380
1844
2970
3848
3807
2968
1513
1884
3458
2174
1841
4246
2161
1880
3152
1049
1476
1873
422
263
501
4025
1357
978
3753
1866
836
4259
3918
1275
57
4036
1846
2599
114
839
3631
3094
582
4200
976
3941
1805
4123
473
3643
992
2147
2959
785
2732
2260
2830
922
3681
1471
2713
248
2841
3381
3747
1734
257
120
230
2286
361
4124
713
3611
121
3182
525
3657
1658
435
3871
3437
575
1588
2474
3451
694
1110
604
543
3122
3889
1056
1974
2488
2257
1879
1167
2226
3692
2661
126
3142
3973
239
3624
1448
4051
4375
888
4003
4005
4326
4068
3544
1814
2965
1766
393
1151
4131
1028
1363
3689
4022
2412
876
613
2579
291
4089
3464
3566
185
4283
2843
4180
1180
13
996
3406
2173
1971
4280
3280
1798
3842
545
592
1356
2981
440
1047
426
643
3150
3704
2166
2942
1048
2191
3777
3725
3968
1364
3986
4216
1646
3204
3165
4192
2858
1060
99
1065
3033
1911
817
3348
2351
2347
4341
1885
2626
2639
2
728
3679
1236
1676
2160
3728
2331
3075
1144
213
334
860
1391
201
3698
2634
1326
1279
3926
1134
2093
2668
3545
867
3024
1748
3057
1439
829
4106
3096
1171
1338
3163
3408
3719
1093
1293
4297
4154
1041
375
2453
2309
897
272
1632
2786
420
3326
362
1074
2381
3950
194
3271
1934
318
2933
2227
2675
826
2737
2146
2052
4385
1168
2362
2398
447
2151
3346
2555
697
3322
710
2223
279
3592
659
1106
2768
4008
4065
1108
3890
2188
3521
3264
3449
2764
1602
3998
51
3596
1595
3134
1234
2383
1340
3294
2919
835
1203
972
1569
4060
3210
2975
122
619
1407
297
2551
851
568
1347
3383
2327
4127
3250
3007
4185
3518
3
3267
2890
4307
1932
3617
2460
3479
4164
1829
2496
284
2983
1379
689
1976
2012
3869
1775
1242
593
955
3841
3604
2913
406
733
3111
2517
2673
2172
3229
4281
1191
3318
3183
840
382
621
3237
2657
3109
2086
2855
286
2710
1042
198
4272
544
3052
1446
535
540
87
2268
2880
1612
1428
336
1217
536
4196
2162
3071
651
4299
1408
2371
4304
2364
3883
409
1724
1470
2445
2420
458
413
774
2213
2119
727
3891
2671
1006
3044
2302
207
946
4312
4228
96
2264
3246
3234
1603
4125
844
1575
709
1482
3874
2334
4129
3176
661
1472
1193
367
2217
4199
145
2091
324
4058
610
2692
1918
2743
3715
4146
3171
3896
2255
407
1218
3476
1993
815
1043
2435
4308
1425
2065
967
151
1112
755
2690
2727
150
2111
2297
3126
954
2696
3568
3887
1520
312
3397
3614
1359
205
1479
2844
3481
177
3608
2303
760
4156
980
529
132
369
1983
149
574
3840
941
276
1959
341
2976
3513
2774
2602
532
2845
3655
537
3953
2179
951
1984
1026
1032
2112
3147
718
1667
847
2792
2621
3712
2346
3283
790
4034
3553
3854
28
1502
491
1744
1962
2033
2004
2620
3154
3268
1946
23
1863
1300
1972
3718
2910
3581
2617
4000
3095
2745
821
903
1381
4155
1289
2108
616
1383
3100
3410
451
1838
443
3597
203
594
688
3977
4141
2656
1164
1926
991
620
4262
4255
1238
695
1280
328
3945
2499
2659
1525
1178
68
3220
4149
3928
2572
3196
531
596
2269
4170
1147
3146
1464
701
1840
3465
2649
3056
3691
4368
11
3755
1433
597
4316
1130
3329
3320
2114
3711
2066
2023
1051
4211
3446
1388
1201
2939
3354
1949
912
432
2972
4202
1580
3429
3565
3247
2552
243
1325
4016
4167
1933
1104
4086
4261
3393
611
900
719
1205
3356
2754
2224
2508
1067
3603
3909
3672
3924
3788
178
3686
879
2031
1617
3106
1255
3315
3256
3347
3771
2859
1620
1821
2687
