223
36
357
66
161
167
310
355
128
77
402
8
286
233
138
231
309
385
336
314
51
218
57
351
166
53
250
214
125
277
23
200
152
189
185
393
144
208
271
306
225
394
157
363
275
400
374
340
101
212
12
48
348
235
20
293
372
302
278
109
299
116
176
339
54
65
95
290
100
364
296
41
50
262
80
69
365
198
201
342
148
72
245
140
289
248
132
382
379
268
361
297
153
199
154
284
209
63
281
114
5
143
196
2
265
112
391
344
261
221
376
145
397
99
287
304
255
126
7
98
283
39
70
174
205
10
84
280
183
123
71
79
82
115
4
247
121
337
253
130
49
368
9
386
228
256
237
55
373
358
254
74
285
279
227
252
73
88
87
334
370
113
224
230
244
18
184
27
288
194
91
216
210
345
85
177
383
195
107
34
341
187
219
192
367
375
134
122
31
68
321
136
38
62
320
346
295
160
64
217
162
251
282
131
139
149
124
188
129
110
26
111
381
11
45
259
151
326
137
58
83
352
43
266
35
350
164
369
78
193
353
173
81
384
6
305
22
204
240
118
294
388
392
378
171
207
359
315
307
318
329
377
316
257
108
246
86
103
270
172
301
37
347
269
96
229
328
211
25
47
170
291
354
380
312
30
313
3
360
236
14
197
338
243
276
203
24
333
303
324
213
67
232
343
366
274
263
190
156
141
241
325
249
322
56
356
32
146
308
371
61
331
191
13
33
242
40
93
127
147
319
401
