1332
1333
1334
1335
1336
1337
1338
1388
1389
1390
1391
1392
1440
1441
1442
1443
1444
1445
1446
1447
1448
1449
1450
1451
1452
1453
1454
1478
1479
1480
1481
1482
1483
1484
1485
1486
1487
1488
1536
1537
1538
1539
1540
1541
1542
1551
1552
1553
1554
1555
1556
1557
1558
1646
1647
1648
1649
1650
1651
1652
1653
1719
1720
1721
1722
1723
1724
1725
1726
1727
1728
1729
1730
1731
1732
1733
1734
1735
1736
1737
1803
1804
1805
1806
1807
1808
1809
1810
1811
1812
1813
1814
1815
1816
1817
1818
1819
1820
1821
1855
1856
1857
1858
1859
1860
1861
1862
1863
1864
1865
1866
1867
1868
1869
1870
1871
1872
1873
1874
1875
1876
1877
1888
1889
1890
1891
1892
1893
1894
1895
1927
1928
1929
1930
1931
1932
1933
1934
1935
1936
1937
1938
1939
1940
1957
1958
1959
1960
1961
1962
1963
1964
1965
1966
1967
1968
1969
1970
1995
1996
1997
1998
1999
2000
2001
2002
2003
2004
2005
2006
2007
2008
2009
2010
2011
2012
2013
2077
2078
2079
2080
2081
2082
2083
2084
2085
2086
2087
2088
2089
2090
2091
2092
2093
2094
2095
2096
2097
2098
2099
2100
2101
2102
2103
2104
2105
2106
2107
2108
2109
2110
2111
2112
2113
2114
2115
2116
2117
2118
2119
2120
2121
2122
2123
2124
2186
2187
2188
2226
2227
2228
2229
2230
2231
2232
2237
2238
2239
2240
2241
2242
2243
2244
2245
2246
2287
2288
2289
2290
2291
2292
2293
2294
2339
2340
2341
2342
2343
2344
2345
2346
2347
2348
2349
2350
2351
2352
2353
2354
2380
2381
2382
2383
2384
2385
2386
2387
2388
2389
2390
2441
2442
2443
2444
2445
2446
2447
2454
2455
2456
2457
2458
2459
2460
2558
2559
2560
2561
2562
2563
2564
2565
2566
2567
2568
2637
2638
2639
2640
2641
2642
2643
2644
2645
2646
2647
2648
2649
2650
2651
2652
2653
2654
2655
2734
2735
2736
2737
2738
2739
2740
2741
2742
2743
2744
2745
2746
2747
2748
2749
2750
2751
2752
2786
2787
2788
2789
2790
2791
2792
2793
2794
2795
2796
2797
2798
2799
2800
2801
2802
2803
2804
2805
2815
2816
2817
2818
2819
2820
2821
2822
2854
2855
2856
2857
2858
2859
2860
2861
2862
2863
2864
2865
2881
2882
2883
2884
2885
2886
2887
2888
2889
2890
2891
2892
2893
2894
2918
2919
2920
2921
2922
2923
2924
2925
2926
2927
2928
2929
2930
2931
2932
2933
3044
3045
3046
3047
3048
3097
3098
3099
3100
3101
3136
3137
3138
3139
3140
3169
3170
3171
3172
3173
3174
3175
3176
3181
3182
3183
3184
3185
3186
3187
3188
3189
3190
3246
3247
3248
3249
3250
3251
3252
3253
3254
3255
3287
3288
3289
3290
3291
3292
3293
3294
3295
3296
3297
3298
3299
3300
3376
3377
3378
3379
3380
3381
3382
3383
3397
3398
3399
3400
3401
3402
3403
3404
3405
3513
3514
3515
3516
3517
3518
3519
3520
3521
3522
3523
3601
3602
3603
3604
3605
3606
3607
3608
3609
3610
3611
3612
3613
3614
3615
3616
3617
3618
3715
3716
3717
3718
3719
3720
3721
3722
3723
3724
3725
3726
3727
3728
3729
3730
3731
3732
3733
3734
3735
3736
3737
3738
3739
3740
3741
3783
3784
3785
3786
3787
3788
3789
3790
3791
3792
3793
3794
3795
3796
3797
3798
3799
3800
3801
3802
3803
3804
3805
3806
3818
3819
3820
3821
3822
3823
3824
3825
3826
3827
3828
3873
3874
3875
3876
3877
3878
3879
3880
3881
3882
3883
3884
3885
3886
3887
3888
3889
3906
3907
3908
3909
3910
3911
3912
3913
3914
3915
3916
3917
3918
3919
3920
3921
3948
3949
3950
3951
3952
3953
3954
3955
3956
3957
3958
3959
3960
3961
3962
3963
3964
3965
3966
4034
4035
4036
4037
4038
4039
4040
4041
4042
4043
4044
4045
4046
4047
4048
4049
4050
4051
4052
4053
4054
4055
4056
4057
4058
4059
4080
4081
4082
4083
4084
4126
4127
4128
4129
4130
4131
4132
4133
4134
4135
4136
4164
4165
4166
4167
4168
4169
4170
4171
4225
4226
4227
4228
4229
4230
4231
4232
4240
4241
4242
4243
4244
4245
4246
4336
4337
4338
4339
4340
4341
4342
4343
4417
4418
4419
4420
4421
4422
4423
4424
4425
4426
4427
4428
4429
4430
4431
4432
4433
4498
4499
4500
4501
4502
4503
4504
4505
4506
4507
4508
4509
4510
4511
4512
4513
4514
4515
4516
4517
4518
4550
4551
4552
4553
4554
4555
4556
4557
4558
4559
4560
4561
4562
4563
4564
4565
4566
4567
4578
4579
4580
4581
4582
4583
4584
4585
4586
4587
4588
4619
4620
4621
4622
4623
4624
4625
4626
4627
4628
4629
4630
4645
4646
4647
4648
4649
4650
4651
4652
4653
4654
4655
4656
4657
4678
4679
4680
4681
4682
4683
4684
4685
4686
4687
4688
4689
4690
4691
4692
4693
4778
4779
4780
4781
4782
4783
4784
4785
4786
4787
4788
4789
4818
4819
4820
4821
4822
4823
4824
4825
4826
4827
4828
4883
4884
4885
4886
4887
4888
4889
4890
4891
4902
4903
4904
4905
4906
4907
4908
4909
4910
4911
5010
5011
5012
5013
5014
5015
5016
5017
5018
5084
5085
5086
5087
5088
5089
5090
5091
5092
5093
5094
5095
5096
5097
5168
5169
5170
5171
5172
5173
5174
5175
5176
5177
5178
5179
5180
5181
5182
5183
5184
5185
5186
5187
5188
5222
5223
5224
5225
5226
5227
5228
5229
5230
5231
5232
5233
5234
5235
5236
5237
5238
5239
5254
5255
5256
5257
5258
5259
5260
5261
5262
5263
5298
5299
5300
5301
5302
5303
5304
5305
5306
5307
5308
5309
5310
5326
5327
5328
5329
5330
5331
5332
5333
5334
5335
5336
5337
5338
5339
5364
5365
5366
5367
5368
5369
5370
5371
5372
5373
5374
5375
5376
5377
5378
5456
5457
5458
5459
5460
5461
5462
5463
5464
5465
5466
5467
5468
5469
5470
5471
5472
5473
5474
5475
5493
5494
5513
5514
5532
5533
5534
5552
5553
5554
5555
5556
5570
5571
5572
5573
5574
5590
5591
5592
5593
5594
5595
5596
5597
5598
5599
5600
5601
5602
5603
5604
5605
5606
5607
5608
5609
5610
5611
5612
5637
5638
5639
5640
5641
5642
5643
5664
5665
5666
5667
5668
5669
5682
5683
5684
5685
5686
5687
5688
5689
5690
5691
5692
5693
5694
5695
5696
5697
5698
5699
5700
5701
5702
5703
5704
5705
5706
5707
5708
5709
5730
5731
5732
5733
5734
5749
5750
5769
5770
5771
5772
5785
5786
5787
5797
5798
5808
5809
5810
5827
5828
5829
5830
5831
5832
5833
5834
5853
5854
5855
5856
5857
5858
5859
5860
5861
5862
5879
5880
5881
5894
5895
5909
5910
5911
5912
5913
5914
5961
5962
5963
5964
5965
5966
5967
5968
5969
5970
5971
6047
6048
6049
6050
6051
6052
6053
6054
6055
6056
6057
6058
6059
6060
6061
6062
6063
6099
6100
6101
6102
6103
6104
6105
6106
6107
6108
6109
6110
6111
6112
6113
6114
6115
6116
6117
6118
6119
6120
6133
6134
6135
6136
6137
6138
6139
6140
6141
6142
6180
6181
6182
6183
6184
6185
6186
6187
6188
6189
6190
6203
6204
6205
6206
6207
6208
6209
6210
6211
6212
6213
6214
6215
6216
6217
6243
6244
6245
6246
6247
6248
6249
6250
6251
6252
6253
6254
6255
6256
6257
6258
6259
6331
6332
6333
6334
6335
6345
6346
6347
6348
6354
6355
6356
6357
6361
6362
6363
6364
6372
6373
6374
6375
6377
6378
6379
6380
6381
6382
6383
6384
6387
6388
6396
6397
6399
6400
6485
6486
6487
6488
6489
6490
6491
6492
6493
6494
6495
6496
6497
6498
6499
6500
6501
6502
6503
6504
6505
6537
6538
6539
6540
6541
6542
6543
6544
6545
6546
6547
6548
6549
6550
6551
6552
6553
6554
6555
6556
6557
6569
6570
6571
6572
6573
6574
6575
6576
6577
6617
6618
6619
6620
6621
6622
6623
6624
6625
6626
6627
6628
6629
6630
6631
6632
6648
6649
6650
6651
6652
6653
6654
6655
6656
6657
6658
6659
6660
6661
6662
6686
6687
6688
6689
6690
6691
6692
6693
6694
6695
6696
6697
6698
6699
6700
6701
6702
6703
6704
6770
6771
6772
6773
6774
6775
6776
6777
6778
6779
6780
6781
6782
6783
6784
6785
6786
6787
6788
6789
6790
6791
6792
6793
6794
6804
6805
6806
6807
6808
6809
6810
6811
6812
6813
6814
6815
6816
6817
6818
6819
6820
6821
6822
6823
6824
6841
6842
6843
6844
6845
6846
6847
6851
6852
6853
6854
6855
6856
6857
6858
6859
6860
6861
6862
6863
6864
6865
6866
6867
6868
6869
6870
6871
6872
6873
6874
6875
6876
6877
6878
6884
6885
6886
6887
6888
6889
6890
6891
6892
6893
6894
6895
6907
6908
6909
6910
6911
6912
6913
6914
6915
6916
6917
6918
6919
6920
6921
6922
6923
6933
6934
6935
6936
6937
6938
6939
6940
6941
6942
6943
6944
6945
6946
6947
6948
6949
6950
6951
6952
6953
6954
6955
6956
6957
6958
6959
6960
6961
6962
6963
6964
6965
6966
6967
6968
6969
6970
6971
6972
6973
6974
6975
