465
251
263
1005
43
474
199
343
913
491
880
600
536
419
131
197
364
899
150
715
1015
489
469
663
676
139
483
677
454
119
438
862
262
165
392
136
216
313
741
372
887
792
1027
657
945
185
930
386
733
808
479
60
96
644
195
147
853
306
847
761
111
82
53
332
937
812
859
795
814
218
648
822
498
878
432
331
314
996
576
69
548
621
1016
120
912
823
140
740
100
265
176
123
22
662
624
581
29
555
373
698
858
507
547
630
977
882
987
396
126
54
266
316
643
811
210
591
174
154
991
517
688
84
206
597
890
908
335
225
804
129
665
501
658
717
749
666
728
534
246
502
365
285
727
759
723
52
1002
294
1017
631
779
121
770
406
745
638
357
646
1026
755
394
128
610
949
81
1011
420
604
523
24
231
722
1029
535
272
726
544
605
463
813
979
941
939
820
707
966
153
286
664
435
559
984
236
243
916
187
543
560
21
91
818
327
315
974
585
656
976
207
219
194
716
14
835
873
235
448
349
927
311
378
845
162
242
71
773
584
946
85
679
449
76
929
400
130
836
935
384
539
973
511
467
541
851
671
77
485
104
983
960
799
152
159
549
654
348
706
302
906
1021
690
892
697
574
598
264
861
886
721
587
803
863
1006
196
810
172
427
771
993
296
577
893
155
590
354
1023
336
495
422
99
17
608
356
399
687
333
888
816
414
72
891
607
797
213
895
588
962
318
18
753
971
303
711
681
468
998
709
488
472
831
954
212
270
629
910
724
500
321
410
145
9
719
943
533
778
628
191
940
950
25
222
239
764
178
519
1033
619
238
259
830
894
1032
529
389
919
340
1008
458
931
860
520
684
592
278
221
461
405
530
30
868
866
446
955
437
3
439
65
464
790
781
226
754
260
16
350
568
425
122
526
15
832
143
751
481
57
1
415
817
774
329
359
1020
497
462
645
377
516
395
567
904
273
995
423
961
871
179
537
401
83
603
166
780
249
375
301
98
61
889
424
480
440
701
627
819
718
149
522
746
203
484
300
418
124
824
985
137
626
965
705
1007
562
623
1022
55
89
496
177
59
572
499
38
990
650
672
573
309
521
34
276
363
381
865
36
441
876
942
169
5
595
211
839
669
267
594
430
884
228
32
478
160
403
288
879
353
44
42
330
982
74
433
694
932
208
388
856
385
579
798
606
73
434
827
113
240
815
566
46
4
346
696
659
39
144
229
431
725
900
784
599
376
64
33
639
413
287
142
564
775
115
167
508
947
783
8
460
28
988
528
872
641
27
455
271
747
338
642
429
198
361
556
789
347
135
557
312
62
952
379
928
227
114
6
881
583
905
767
1013
846
171
616
936
80
729
807
703
540
408
854
280
896
476
298
763
762
342
917
102
31
217
538
319
482
48
525
168
972
1024
1019
148
323
731
58
175
188
531
106
351
292
867
390
204
796
601
1018
157
806
958
444
586
833
938
667
844
320
558
234
683
756
193
317
883
926
282
40
565
625
417
92
828
0
615
553
486
202
635
250
620
68
70
692
459
801
510
857
843
964
93
793
907
255
712
874
407
1014
248
914
214
284
720
925
651
66
45
209
674
94
107
355
279
337
970
550
967
173
125
682
933
512
402
134
686
334
948
189
277
118
649
268
738
110
109
915
934
901
855
63
56
834
426
542
869
612
253
852
951
20
49
678
825
1012
999
589
505
97
257
637
393
786
10
736
622
713
593
78
959
805
322
545
258
164
456
421
490
138
116
776
944
514
981
360
237
283
714
986
297
67
903
902
41
371
632
897
19
79
291
382
554
596
308
370
735
88
772
785
86
290
730
223
782
980
477
156
252
609
768
898
614
660
691
563
1003
921
655
37
885
1025
26
304
791
633
975
186
233
546
821
409
132
261
470
575
909
374
992
269
569
366
151
241
