890
586
284
52
934
509
20
752
361
655
32
8
941
561
743
129
127
717
987
265
985
451
39
788
13
832
939
241
269
473
685
438
794
390
187
209
40
484
325
1015
1025
500
807
354
190
857
809
304
755
362
967
142
307
78
461
825
396
286
756
601
753
137
95
577
950
36
707
316
673
311
287
165
248
189
1003
34
605
988
297
504
929
498
503
610
55
672
595
121
174
924
894
696
751
930
1024
858
276
219
392
411
866
791
616
683
826
522
200
459
4
699
711
506
690
641
245
71
494
790
687
499
274
170
186
210
549
68
24
923
852
480
579
821
576
35
235
375
676
23
1033
94
704
657
724
656
968
75
491
490
615
582
238
557
784
822
356
198
363
11
1005
864
944
185
281
312
560
378
141
735
514
423
271
421
538
574
544
591
469
479
192
44
824
155
275
915
46
486
959
909
489
739
920
426
1
677
21
623
350
609
206
1023
622
966
466
41
533
69
885
639
646
341
653
882
603
563
436
253
714
300
572
9
775
270
761
737
638
810
989
3
580
394
5
734
347
516
779
863
766
50
942
862
416
344
414
422
485
796
409
472
250
178
1014
564
817
30
448
565
1016
1013
874
139
519
73
474
602
143
675
377
481
348
897
429
757
973
562
703
296
224
695
913
195
468
524
554
202
427
903
309
710
90
244
60
290
456
99
19
762
360
256
621
56
199
571
43
164
62
98
53
799
636
718
597
999
87
777
667
797
131
846
222
15
774
868
955
684
488
748
599
367
984
227
964
387
151
931
978
891
917
1018
182
1031
72
84
184
1020
887
102
926
91
1009
262
339
1026
478
650
400
331
937
282
389
511
680
285
454
446
702
804
133
175
48
471
745
346
938
850
105
908
956
528
640
681
145
277
417
136
996
283
181
381
706
110
154
776
16
124
674
664
294
340
590
177
750
64
18
935
871
323
635
306
163
231
1027
618
0
385
1030
624
645
592
532
462
1000
658
993
308
727
803
447
607
29
835
617
637
839
798
853
844
33
781
770
771
326
730
815
10
370
997
225
403
291
954
521
147
404
176
787
162
383
981
513
116
584
208
629
611
388
349
193
876
442
264
434
355
833
1010
42
747
292
26
243
88
916
458
1002
900
146
948
558
470
455
892
364
548
742
410
539
398
783
991
61
998
772
899
191
520
236
816
310
836
620
201
525
679
613
345
299
59
419
722
365
106
688
870
128
463
443
242
573
159
898
51
854
445
945
258
47
811
12
1029
841
633
855
689
543
614
851
226
865
27
214
828
659
81
17
830
278
266
315
669
366
877
927
37
778
921
889
351
97
150
495
732
972
321
107
723
450
477
215
216
82
820
160
518
789
393
527
112
119
497
831
352
880
952
368
45
712
320
587
223
510
203
444
70
947
721
914
550
465
994
415
888
2
553
125
401
759
651
100
878
793
149
109
819
1032
838
800
218
594
132
322
649
662
547
268
983
872
66
171
173
487
570
904
358
873
228
476
379
301
946
953
395
382
108
893
608
65
259
960
754
74
600
856
668
990
905
302
630
975
625
408
337
780
969
517
111
330
432
814
492
217
719
837
705
305
327
502
578
512
589
763
526
765
7
161
452
303
418
313
665
67
627
152
626
140
120
744
910
49
229
255
334
566
1022
697
384
437
501
1006
709
188
31
428
581
713
604
246
515
731
1008
374
507
654
733
974
588
233
96
736
104
298
808
951
769
335
678
875
881
397
632
979
373
663
936
289
879
619
523
943
122
439
686
405
716
221
425
1007
343
25
441
79
288
168
406
493
728
726
535
843
126
430
671
113
940
540
691
86
861
895
483
1019
263
773
240
976
6
628
407
317
207
546
741
482
449
660
58
652
273
293
254
508
167
962
911
267
541
551
57
333
148
555
220
156
845
38
196
440
785
115
