3849
8769
2185
6327
502
2358
9233
644
6116
7769
5053
3564
5685
11071
6506
10622
11404
4116
12321
4941
8614
10313
3040
408
3406
3267
848
8324
7205
11390
3937
9312
11516
11954
11731
11024
6623
7573
6747
149
5427
1480
7655
404
792
939
3338
528
2043
128
958
2195
2838
11628
1503
582
2164
2612
2436
8733
5238
1788
11914
11867
2312
2162
11702
417
8222
7193
5668
5399
10065
9432
10417
4219
7393
156
4954
7687
3612
9596
2137
6931
6985
12227
682
101
2121
4865
1160
11668
10
10367
3236
6914
9650
8209
4845
1431
10383
10259
1546
266
4046
5650
7368
4764
12060
4442
9789
5297
5645
11853
5642
692
2072
10896
6420
11009
6233
6001
10391
5985
9309
501
6824
10262
2213
12251
11072
547
1795
3266
9981
3238
4365
8129
4543
4928
11828
861
10411
7645
5355
7886
8477
12165
5440
1021
10913
2015
10163
4420
8288
183
9905
2798
2627
3239
6855
7557
11920
8989
8418
3107
3409
9928
634
10071
3677
10118
3785
494
7560
9554
10928
10473
1755
4448
8862
11514
4761
739
1119
3769
8467
6058
10418
8880
7269
4950
9815
6484
2465
4870
7633
11545
7000
5508
7488
2409
239
7651
6133
9200
8513
1694
11758
7144
5499
1169
6890
5871
4053
8778
9965
5465
6214
8600
6177
2251
1298
9044
10975
146
484
3084
754
9559
7788
10244
46
10358
7561
2904
2284
10373
5130
5574
10689
1284
1001
5826
3146
8713
433
262
1178
5542
9160
7915
5075
836
5298
6439
10236
4560
9047
5733
7319
27
7391
11464
11902
6953
3054
5877
10593
1653
5469
8432
8366
4800
9553
7878
2028
6927
2377
7271
2506
6558
8255
11457
7844
3538
3228
2966
4449
9641
9823
2647
3104
7803
4278
7873
1329
9152
10224
10839
3403
11360
919
12034
3530
4028
4160
8788
9363
9454
8397
2982
7346
981
7394
2536
4382
6961
6543
11104
10644
2669
4553
6128
10853
2453
12308
4686
5808
8370
10980
1245
4402
1697
8711
2613
5071
8825
5390
4170
9378
2738
1488
7276
2642
11736
6099
11320
3836
6453
2920
9187
65
12008
11613
5930
1156
8850
8087
10670
12082
7872
8580
8084
9581
9445
1385
493
2640
604
10937
7943
4694
5375
7074
9177
5022
9224
10407
5834
11365
1708
7906
4348
566
12021
109
7855
9245
1749
369
5859
4281
6481
6238
4911
9658
6956
2398
3856
10211
1113
2564
11375
3298
690
6554
4426
3825
4754
6426
10235
9680
5815
10759
4740
9622
7165
163
3504
9956
12027
8460
6626
8270
9736
10625
11700
11940
4283
11101
7579
177
5881
11569
4594
5958
2962
6194
7998
9451
1286
4726
693
3855
6675
8357
10619
1707
9914
1399
5231
5328
8391
4654
994
7716
4327
2780
825
865
1264
8731
3479
4620
12235
9616
6588
4998
11441
4228
8160
2253
6153
7
11443
4666
3737
1737
3671
2421
10335
9408
4244
4713
1351
11141
9165
10642
12265
10586
11467
10426
546
8152
3419
8251
11725
4214
782
1138
1462
4988
3244
1847
299
4541
2999
3191
10649
6829
1447
10700
2176
11872
8363
1679
11300
5949
5339
5226
7424
11420
5497
3192
3947
2303
1452
3521
4923
10058
4739
6663
4066
8431
946
1235
8954
4473
1149
10572
4995
6852
12357
8358
11138
1321
5299
2119
1741
9485
431
4375
8004
8414
7787
9506
7802
11184
4809
1415
11445
8632
10822
10320
2890
9945
1643
8838
3274
11858
1016
3584
6049
1374
6666
11228
3840
1052
4040
10599
7337
5619
11923
12134
3563
2205
1744
4592
7766
6544
7375
216
1567
709
6161
8638
3027
1039
9115
5476
6864
6774
3452
1054
4306
7179
10233
7189
12050
4305
1082
2859
11199
3206
4141
3824
6704
5442
9419
3899
10310
9009
173
1289
10877
4930
4871
5103
10939
6434
11435
12319
11317
5348
10008
6425
9499
7006
3190
4851
2112
5715
9758
2639
5419
2800
11921
504
2241
8427
4456
10457
4695
2381
2747
2198
5987
6618
5583
8783
7668
7335
4980
3975
8944
4118
5036
9023
8076
7740
1787
103
6082
10995
7882
3983
4981
8136
10204
6715
1832
6813
7243
4300
8426
8115
3321
11660
4632
6505
10437
8720
450
3986
1477
8047
10909
5273
2497
6684
5865
5511
255
2993
7889
6761
1851
10547
2337
5033
6081
3199
1809
6215
1464
914
181
8661
1857
5070
7784
2424
10199
6059
9269
3954
11794
10960
11298
2926
2100
11550
52
8703
4148
8594
5553
7980
7255
6093
8980
9975
7719
8498
8549
3665
2788
3590
10430
6718
10042
6021
3447
6065
4295
8490
11247
8472
924
8822
491
1139
4007
10264
570
268
4226
6794
8818
9892
6680
8250
11272
5362
2024
2943
8923
480
10127
1783
9653
4630
7547
6810
12231
1793
1765
4837
1862
11053
6818
2470
4816
11075
6383
2656
7288
2408
1250
8639
8751
762
5711
11346
3076
10931
444
3198
4434
6904
9652
11787
12214
6571
4064
7649
10819
11684
261
8772
6976
11911
9213
1956
5941
2175
12248
6349
1534
1294
10178
7431
11502
6591
3378
1430
1529
4443
558
8678
4619
3544
3299
11763
8663
746
11185
5842
7003
10509
11772
9228
5229
1780
10506
5832
4437
2013
119
6046
10170
8005
6788
3333
3079
1760
3811
1896
12349
3945
1438
11875
8719
8259
2281
10799
2161
884
1489
6086
6411
9813
9716
5271
1303
6731
2075
3572
7839
4190
12059
5282
4597
9643
4011
1922
4680
3546
2804
4133
9176
5474
10325
5352
8768
3162
489
7077
2466
7004
4903
9422
4509
5559
1435
5610
11598
7534
1222
10486
2959
2300
10278
3155
4357
10461
3736
127
2209
10889
6909
9557
1085
4025
3359
1083
5512
5373
4154
2570
2692
9953
220
1079
648
5998
9934
7423
5054
10978
2849
6023
9547
1293
6887
10932
339
7767
805
7624
651
5999
6910
8099
2182
6667
2996
110
7613
4679
10087
8452
3982
3249
5211
11989
5759
5794
4468
5060
10221
2196
2698
973
2985
7798
6832
8214
6416
421
4606
7417
6668
73
4643
4968
5890
2678
4185
11846
7283
4107
7303
11064
4962
887
4447
904
401
12301
3597
665
6051
11273
11626
6104
11788
7591
4595
251
7044
12317
6611
1469
8609
3766
358
5505
717
4545
4610
4540
3408
7312
4132
4734
4270
5663
11080
8134
3848
1541
9612
9231
3458
874
7106
2512
8654
9504
1472
2919
2610
1892
3290
4273
9012
11413
6312
10574
6062
9490
6847
7104
11458
11509
8023
787
3142
8416
6382
10633
10182
428
520
6643
8721
9020
12142
8062
11020
100
5614
10832
10685
3932
9517
9887
11938
5051
1006
393
3657
6408
9631
8948
5084
7339
10422
6372
3882
2469
1304
9207
3341
10318
8645
7704
9234
5395
10922
11743
702
5732
1467
527
4939
11730
11218
9272
5662
11318
2726
6060
12332
10771
7954
9927
7567
6173
1674
1154
1481
3352
1437
7381
5191
4924
3491
8781
5134
2617
7912
11768
11621
2212
2522
8466
8784
6811
3801
9048
8326
7577
10605
6735
5604
7866
107
1764
4475
4717
7159
7775
10841
9459
11636
9798
5274
11531
7415
11222
1983
7213
11724
6594
9140
4563
8891
10078
4895
9244
4235
1506
1730
8611
4038
3738
1305
10197
896
826
7341
1515
4755
995
11765
10050
4549
9306
1962
8123
11802
9925
1725
8471
6189
7323
12355
4677
6699
1019
9853
4032
4438
581
3960
2274
481
5593
9054
1192
6114
3690
9721
4596
11980
7634
11436
4144
3269
7434
4888
9568
4879
3346
11000
7986
2514
4537
9002
10395
143
10990
12320
4427
4909
1410
10195
9247
9052
246
427
5441
12158
2180
983
7052
2366
6650
1161
275
6295
6184
4926
8336
72
1964
11769
11760
3467
7893
1380
9311
10352
9546
6374
7949
6702
9800
2878
2808
9292
11796
11630
1191
6328
10312
8935
2768
8766
609
4625
1381
12335
2892
9773
11991
839
959
1536
12130
10073
4573
7363
11552
1033
4098
5181
6234
3527
5661
1893
8234
7413
8699
1878
7475
2385
7656
10421
902
7216
11303
9942
11610
9774
8230
10479
7957
1806
9416
1496
6651
353
38
6979
4616
11942
5811
1356
586
6196
7360
892
11277
1871
7069
4943
4253
2296
30
6884
7187
9328
2552
387
7856
2840
186
10484
9090
11536
8317
11907
3729
12038
9444
1558
2301
10908
1249
8158
1416
3265
1369
9903
206
802
545
1682
2785
8192
8162
1219
11296
11204
3091
11776
1099
7126
7800
8849
3783
11704
4542
6415
9632
6340
9425
8945
164
5408
11145
1838
6461
8367
2323
5043
7706
8723
432
4957
8402
7569
10730
6612
5126
5506
10425
4602
7542
11973
2503
2412
12116
3880
5940
8059
8291
2950
5494
7059
1363
8348
3887
10231
10340
10466
1111
1600
10028
7170
2856
5899
2635
8583
829
7409
3512
595
6410
511
6265
9327
10964
2519
9411
2134
5173
4898
35
5111
10109
9281
8277
745
12046
3459
7563
7862
3999
10493
10253
9190
9484
2313
9458
2144
9357
9672
6236
2304
5585
7808
12009
1767
6749
2530
5392
9841
9570
8080
1433
385
3180
940
2658
11234
3372
2257
5025
732
2554
3440
11985
9288
5852
4820
10234
8021
2684
7466
4676
8847
7537
7407
4052
9501
11142
6907
12062
9227
5740
10682
3463
715
6721
1863
348
1638
7519
2817
4488
11040
9067
2955
4059
11267
11833
5647
824
9795
7901
4110
5980
2203
1199
5381
871
11587
2344
8423
5288
8598
4268
1860
5171
10161
9894
8392
4992
3497
2329
2858
2425
7861
105
3390
3296
12100
2939
8271
4522
5833
9995
6497
6877
2227
9137
7343
5326
6777
11428
3828
8057
8666
11709
11508
418
3475
12087
7256
5751
7595
330
6945
4012
5969
7395
2438
9820
4316
3647
12185
8457
9544
6456
10886
4929
815
8968
4832
6171
131
11822
7988
9457
1204
8010
6467
3767
5040
9628
8482
2794
1909
3145
12069
9759
12075
1628
8499
9523
2145
10412
6363
1954
6027
10613
6256
9539
8933
4019
860
3658
9169
6803
8528
5235
2791
4681
8745
7062
7446
8286
7673
11513
12327
1118
2060
11315
827
2114
1636
6020
11618
2691
8464
1060
11287
45
3137
1623
8074
11757
8090
202
6725
559
4384
529
10965
6756
9749
7451
6628
472
9426
3610
10979
4301
2228
7853
6322
11434
2499
4291
6483
5275
4002
3302
4795
11679
6389
7806
8102
7725
10538
8533
10695
6162
8179
7201
1501
9951
6033
6015
12363
10856
1167
2826
6842
2652
1885
148
5771
2628
7286
3795
8322
10504
41
7329
6867
9179
10691
10911
9522
1559
10115
4711
5530
1331
4629
8574
11688
11512
1723
10733
6828
10232
5011
4125
5760
525
3428
4249
4639
9709
8790
2290
7738
8616
2201
5978
11411
4584
11737
11487
6109
7172
3061
190
6655
5782
3374
9273
7532
11305
3301
10114
2437
12244
5096
10494
10302
7920
3648
6534
7369
9957
2501
1700
8030
6757
12213
5693
2170
6798
2524
10825
7352
6212
5909
10820
673
9930
5960
7617
10917
9804
9963
8137
4321
9566
3188
175
5951
4487
10267
6460
6975
2814
3395
5179
9847
3822
873
5656
4936
3606
2485
5304
8253
1658
6164
7382
1150
3355
367
10772
2428
5729
10408
11767
11100
5916
6358
3948
11290
3196
4056
4944
3465
6149
7733
8993
1297
1584
5517
10875
1074
7777
2532
8088
250
4232
2618
1988
2865
11644
8668
8237
7597
6641
9033
2259
7694
1798
4847
4791
6705
4989
8235
6018
11116
12216
9737
3348
6614
111
1790
5783
2936
10745
477
10001
2615
1925
3802
10565
7353
9646
5468
5245
1748
1275
1889
5414
5772
6578
10449
2422
8166
386
6950
7163
11976
11353
4618
11727
2884
6220
7132
2851
6386
2294
9290
11309
11219
1081
5886
3276
8413
11069
9990
4971
7907
10831
6069
2200
1320
1180
10420
5708
4462
1834
10898
3200
8960
11359
91
4991
4807
5803
8319
8409
3415
6445
5323
4150
3237
3181
9117
8806
11695
11693
674
9663
8524
7081
4146
3529
4622
9912
3446
11055
6334
6025
7498
4494
5360
11013
2062
10474
6249
3654
5425
4931
4171
10126
696
7996
1097
6948
5451
10706
6343
10304
10976
7235
9907
10287
7554
3616
2553
4077
982
9964
228
2937
7937
10810
50
7670
1777
66
4127
7272
1115
1688
6147
2836
10777
499
3560
3288
10489
1031
4208
9264
9130
7228
12042
4976
12086
11782
3710
10403
1290
4184
10314
3427
3839
8481
12285
2968
3451
8536
7825
521
11522
7293
12028
10713
2080
11507
10994
5115
9718
575
11961
2083
5317
10378
4515
8798
3101
10887
589
2288
9460
5615
2272
7376
3705
7197
2419
10904
5838
2278
3067
9172
5914
1281
10539
711
642
10668
4783
12088
4097
11939
10441
425
2765
9797
3683
12318
11073
6835
7811
7531
10949
5243
3473
1815
8760
9381
2685
7780
5101
7904
9821
8037
1714
6812
3868
7974
3921
6908
11378
3722
1581
5248
6126
6145
6567
9104
3060
3601
11671
3734
11308
10076
7152
2194
8419
11664
368
2543
551
5473
9350
10921
1375
2516
9260
2631
6399
9848
7891
5046
4297
10948
12183
11180
5897
5655
1891
10131
4411
2116
11488
5080
6993
1214
6878
6646
9377
5263
9486
4607
11943
4969
6242
882
10099
7158
7148
1429
10683
10637
3201
8974
9413
8986
6401
7967
9424
4698
6097
2736
2489
11510
1876
6504
2918
10317
10086
3886
9401
3194
9824
5331
1908
8674
4668
9097
2444
1207
4112
6427
1822
11171
1236
8301
8331
11087
9702
112
8180
10515
3813
2152
6608
1279
11715
10997
6759
11706
4134
7316
10015
7684
9435
12166
961
4479
1345
10749
11480
5278
8556
10829
6807
10754
4955
9587
10450
9025
11496
8904
8240
7198
6896
6671
8837
4774
1026
5640
2097
9682
12159
2324
5410
11597
2975
8854
12144
1902
4578
8196
11086
11400
465
11103
5710
6921
2779
2971
5250
11572
10676
3031
9192
4486
1373
1028
10315
8094
9897
11266
1269
11683
3550
8368
9473
11588
6026
9898
7233
577
12311
3478
159
231
11581
1428
8484
4282
681
6891
5944
10930
2525
1739
11647
5114
5785
1461
9877
10089
1324
605
12348
26
2202
11678
1810
3768
9314
496
5431
4191
7530
8710
8875
1032
537
5535
2430
3046
11384
653
6714
8344
10406
1873
7581
12063
9389
3174
718
774
7711
8605
7419
6595
8928
712
4905
3291
341
11301
2687
7103
2325
10271
11408
2666
3753
4192
10823
3273
576
8507
39
4455
2880
12223
5379
11922
10876
2155
6706
8387
4203
1951
201
396
2370
1718
8975
6508
3915
10330
4478
7513
58
7234
4956
3219
8715
1107
11380
700
6687
2731
11870
6523
7666
2916
169
2255
3285
6809
796
3685
2660
4089
10580
6107
8683
8691
9046
2795
6851
466
2265
11189
11481
6527
4825
1323
4446
10037
2696
6091
3627
11741
5456
3044
8503
7433
11469
10757
319
8762
2598
10519
1110
4796
9418
4884
372
4055
4341
1325
5391
7919
9701
4277
4439
2659
7182
10355
10401
5921
10555
10446
1120
2927
3437
8299
2208
11738
1134
11801
7612
7402
5495
2245
294
772
4589
376
8845
7978
1693
9361
9022
9038
9895
2417
8112
9634
6833
5412
11117
11826
8408
11016
3806
1273
2720
6455
4599
7429
11450
3608
352
1457
10428
1332
5141
6151
3182
10482
6479
8978
2094
1733
5813
9543
5418
875
9723
7916
7642
11383
3978
5277
2605
4242
8173
8293
4948
10063
10305
6720
2591
9365
6977
3218
10563
8844
8722
864
4857
1499
619
7524
9549
5364
1924
10365
5356
11962
1045
6226
2505
12019
6792
7892
6888
99
9265
4065
2193
2429
11667
1574
8159
11979
11957
2338
3955
583
10275
6806
5087
9555
12039
1905
4790
11326
4747
6525
4392
11474
12233
10436
3220
8154
7845
9429
1970
1703
8532
3052
2273
6052
6991
9534
5047
8351
2870
2154
573
9441
12314
6138
11288
8816
6654
2014
1152
7576
713
7750
9055
4664
1960
790
11935
5802
7809
9530
960
12368
5796
10273
7971
1366
9330
6006
8248
4008
3587
7390
7751
1217
284
659
3979
5079
699
9173
4091
1484
4349
4159
5163
10981
514
7875
1562
775
2029
6137
536
6862
9448
7928
7884
1799
1966
2857
8496
6582
2221
4387
2902
447
8946
7457
4799
3393
7995
1624
5159
287
1906
8278
10268
9095
2938
9062
3885
5099
5015
4290
4020
1209
7463
9217
11224
6898
6940
6388
8463
7049
7057
11336
9287
5269
10471
8109
1114
7644
3903
9170
5652
11316
9635
10962
1104
7659
3759
560
9313
1853
4368
3099
2821
10623
8898
5279
7002
12091
12084
1821
7674
2442
3477
11036
6657
12238
3323
2520
4428
8146
269
4001
6775
1328
7470
9731
6586
1935
11926
9049
4344
3037
10462
12259
11407
1365
5312
7708
11159
4842
4846
7196
9189
10112
4264
5458
11173
1211
6740
115
1210
734
11115
7871
4600
11088
2090
11246
5606
6057
3513
7743
7141
4189
3282
8247
1100
9562
4973
9032
12056
3260
9157
7195
3426
5816
6284
1057
4719
7292
4934
594
788
11852
6541
2449
5777
4390
10123
11410
6778
2
10830
5354
7358
3919
1854
6009
1105
1127
59
7747
4872
7146
10895
9875
7707
8292
1932
1640
12325
2151
4140
5144
8393
7997
74
10910
2781
8442
2863
3907
9637
6583
10688
8169
10721
4519
1220
34
4933
2102
12353
9252
7045
10032
2413
2576
9243
5747
3786
11125
10326
182
6298
1731
4108
4014
4614
11815
1953
11220
8314
1383
8800
5190
10821
2827
2783
7934
5776
459
11448
6443
1165
5472
11257
6822
4896
7671
11403
8527
2894
5979
136
5952
10338
2997
10165
10747
7015
683
9380
2271
272
2755
8034
6634
7444
2302
3946
1888
8181
3481
7101
886
5548
3807
2244
6958
1341
8439
4984
11050
2673
10528
1203
11425
8732
7097
7473
6550
397
3750
9836
8470
7761
8895
12270
5385
5374
11056
2690
7661
9282
11263
2334
8073
5200
10857
8349
1350
11541
6596
5334
5131
11916
10541
742
11207
10902
9986
5155
10196
12297
4274
8667
9801
10332
9011
12322
5873
2386
11210
9642
12015
10166
203
4187
5812
4687
11573
11515
7631
4627
8135
7643
8079
3765
210
5857
5567
8369
888
8967
11862
10578
5581
6753
10750
3125
54
797
5568
12111
3558
10858
1511
10702
3593
10756
10656
6136
11816
3001
5376
8205
5116
11579
7607
750
10164
8534
8764
11596
151
11253
5313
5139
4691
3150
3869
7320
10005
8001
3876
10836
237
9014
3904
9489
7251
5635
4361
5737
12298
1244
9278
4433
5170
1881
2861
11891
5860
986
1610
2019
9296
6960
2925
7450
9001
3364
615
831
8068
12258
4424
10621
12239
5455
7084
8884
9537
12104
6339
7842
1390
10169
467
4626
9351
4859
11369
6678
8709
306
11358
4010
7616
4385
3098
12152
11164
2071
9396
8829
5755
8848
8350
7662
11077
4324
10842
2754
2699
10546
3514
7905
7118
3688
10993
8809
5417
5758
6207
16
12365
6783
6353
9510
11948
133
8529
8018
6560
4177
3545
3331
2832
9102
8548
10000
8033
10520
1093
12120
2579
9370
10152
5393
6367
677
57
7696
2061
3745
12076
9167
4311
4436
7136
4106
11342
8327
8435
10143
12068
11910
7344
7010
213
2977
1750
10138
2719
1915
552
6823
51
10984
4688
1692
3357
6077
413
1129
5766
1563
4111
9323
2081
9006
10301
5775
7033
544
510
6530
3525
5203
4808
3337
613
3929
809
9879
7386
5699
3002
6103
6633
7734
7654
6557
9144
1646
3561
11304
8995
8634
6436
6691
6846
11657
390
8637
2772
4126
1508
1251
11697
3033
1583
620
9141
11744
155
2053
6865
4404
6589
3397
7546
7211
9120
8791
3826
6858
3570
4199
9526
11031
6308
6648
8797
8131
8994
1018
8841
6639
5208
574
1875
6802
9588
4163
8544
3240
9926
12128
7712
85
10963
3197
1532
10031
6814
6561
2454
11096
1094
11696
6528
3160
9110
5523
4308
7302
3577
1557
4634
1175
8564
10012
5601
3065
11059
6549
10532
1062
4777
7223
3034
1927
1201
9781
10094
1650
10631
11231
9439
2671
5031
1711
7950
8067
6240
5477
7289
2361
9029
6769
11462
7479
4138
9955
5267
5327
5616
6165
12304
1483
8521
2630
893
1370
2223
11698
2509
5254
2032
1601
2823
9939
5625
412
1038
2153
2270
455
7174
4165
12035
3622
7392
7485
3418
6894
2046
7478
9310
282
7636
6318
10892
4604
4450
12277
2596
12296
1448
7019
3925
7408
2187
9679
7847
906
7491
4121
9161
4018
10189
7867
5174
157
1858
9082
8378
9921
4768
4371
7705
9768
4027
980
3817
2333
5597
9109
6545
2715
7672
8042
4096
3829
1308
8305
8604
2367
11742
1137
7156
3270
9043
5660
4131
6499
6040
6154
2330
12245
11337
2954
9551
5492
8624
4215
7296
8274
2654
8121
9304
6478
1813
4431
11585
6231
10184
2724
11832
6613
5210
7627
4972
178
2350
3699
3432
10452
1613
9988
1570
5194
8504
2903
10272
5223
2171
3486
2353
9319
3396
7976
3782
5165
4580
4262
10438
6857
7745
3922
8354
11805
4876
4179
165
9966
10064
11063
8808
7246
6717
1257
10344
2607
3495
3073
771
1897
10097
6503
6997
11653
6532
6429
8486
5349
10119
6351
6274
4645
8506
7991
10018
9199
7253
3132
4405
4403
11284
4571
947
8050
10894
11677
2396
8429
1828
6118
3115
5687
663
108
908
8461
8382
2970
3083
9182
7220
8832
10955
4770
854
11823
5034
6916
11784
2351
8283
2994
212
10276
4355
10744
1724
9831
435
4940
7571
11169
10985
11052
656
6540
10543
4243
6127
5888
12138
7578
8362
10079
1522
8469
3642
362
8093
2931
2206
8342
1957
11361
1548
2910
10052
1651
5720
10364
4396
7496
1920
9229
1900
4332
9124
10947
6933
770
7764
10366
5997
1865
9230
9769
1572
3222
7038
5268
11762
2450
10627
10149
145
11312
2508
453
2541
7471
780
9316
2819
8335
7127
8749
6470
5281
6632
7781
1519
4763
11476
6996
2718
11848
2183
2064
11673
4772
9947
5358
5021
11892
129
5296
4421
7504
7425
11093
9385
8243
6492
5845
5501
9253
7797
5302
4319
8512
8458
11281
11112
1647
11190
40
11714
9431
5561
9924
4712
840
3940
8276
2481
9728
6943
10864
14
3365
9464
8489
11388
6278
6280
5343
1418
321
7388
1357
3019
11386
3335
8737
1576
5480
4298
6661
192
4528
9186
10996
10101
1916
9948
5158
7258
9297
7200
733
10124
8116
6869
1095
8941
9221
5475
8379
4715
5739
10439
5416
7880
11442
8488
9346
8372
10589
10731
7556
11271
3865
7846
1715
11656
6016
9155
1649
9722
9993
3741
11615
10499
4130
2292
180
9715
7011
3362
4803
5674
2906
5464
4966
5368
695
11473
794
1516
5255
2087
7406
2038
6125
9405
10792
12300
219
22
1254
9958
11889
11206
7946
1266
1513
2540
1470
12117
6779
12309
1977
5435
8265
3203
6670
1800
10632
1194
7121
2611
3316
124
5398
6564
1312
9315
6115
7789
7108
8979
8814
11685
10256
6449
9542
8579
4147
3506
12260
8742
9180
8444
9308
6323
1136
9285
10594
7622
1742
4887
3651
1420
3735
4852
4836
6230
1465
7217
8462
5919
6102
9147
12006
9307
11157
4461
3153
11722
7709
6649
4263
3168
2872
11471
5112
80
9196
2326
10531
8707
312
7079
11798
3523
11468
232
5586
7001
2410
11993
7637
1758
2575
7421
2459
6746
6640
11129
7941
12370
3424
9449
4241
1395
2356
8228
9746
3981
8596
4265
12041
10388
6405
624
12061
1855
5329
2146
1664
6197
375
5995
5774
10773
10956
1450
8853
1344
11662
5314
4102
2248
11275
11483
11243
6368
2733
11540
4521
9474
8560
8623
12025
12118
6713
4831
4906
2555
3016
5032
11470
7138
4849
8676
6772
2247
11322
1208
11176
3258
1538
5308
5939
4787
9298
3255
7053
9275
6520
5202
10046
7008
11042
10675
8906
3221
468
706
8395
8294
6797
8022
4760
8388
20
11893
12139
1171
2224
7653
9475
11140
3371
10113
2033
5002
1680
6371
8156
8443
6276
1514
2965
5573
11250
7894
11376
3163
6502
2887
1008
1502
426
952
9178
3881
3387
3343
7776
1408
2488
667
2460
11789
8997
8493
6444
10710
7257
331
2163
8620
8518
11371
7959
12151
487
2908
6348
9142
3105
4779
6005
2082
658
9042
9591
8922
9700
10397
9677
3404
9854
8606
7418
4383
5882
5470
1543
7790
388
7295
1291
10936
1265
1158
11025
4372
3931
6087
4672
6957
10851
7116
2237
3354
8794
2548
5867
7237
3637
3485
12200
9707
1092
1451
1612
347
9219
9280
5920
9291
7130
11648
12178
4246
6575
3410
9582
8581
3555
9802
7964
9040
1338
10620
7877
6311
4878
3586
7820
5761
10583
122
6755
1326
5734
10843
8673
1474
6805
967
5055
8930
4915
5400
7404
4524
7793
4718
1961
4554
7070
3520
4805
6692
1055
5741
5657
24
3698
2473
98
12316
8287
11074
11856
1884
5646
6566
6930
32
5876
2793
4502
10188
11362
10901
1076
2226
10324
1354
3204
3314
8381
895
1814
12011
11144
11202
2135
4183
10369
590
727
4483
6273
9203
8072
5598
10885
1195
3039
2565
3725
8245
11061
4693
10982
5819
4949
6144
11372
3650
9156
6143
12140
7410
10424
3707
1070
3841
12184
1307
9206
1773
4990
8256
4374
5970
5959
5532
10491
3183
10814
3045
11968
4501
9673
2432
6310
4651
8657
3777
10701
11188
11146
11179
7731
10740
12051
10729
2609
187
12283
11518
11092
9874
5498
3281
4709
9974
11099
2207
6665
3444
8415
10661
5085
753
11808
5336
4714
2133
601
3573
4759
12004
5518
8219
5943
7955
2744
1934
7191
5918
7199
7931
12225
10746
6872
8932
8599
1914
968
11599
10454
7924
10240
10311
9
456
9724
3589
28
2643
10568
10468
10606
7500
2805
763
4517
6123
6936
4894
10849
10029
11717
12147
9748
9584
4162
1112
1797
6780
10459
11076
927
7918
3472
5359
3854
9208
2789
7992
2103
786
8339
2853
11004
8377
9031
2813
11175
2389
9870
11964
707
2355
6090
5690
1784
3379
7533
8341
8268
6982
7848
9563
11850
4272
9496
8956
10433
6013
1823
8167
8961
3874
11589
3308
12149
10146
2411
7583
11201
5142
3064
7756
9767
9868
789
7210
1238
9123
518
3166
5241
5490
9371
9293
3588
12280
5653
326
9878
1523
11544
4238
6448
6296
3556
3549
6850
2625
9923
11147
2249
6466
7439
2264
9608
8882
4919
9198
3724
10669
6471
660
3751
11018
1128
7412
9131
4744
11887
6601
1518
3095
11192
7150
7184
247
7499
2990
11708
710
8801
6432
4013
6782
12089
12005
6736
3674
5089
1020
7305
11795
5107
6140
3870
10440
4946
1414
3733
1880
7735
6863
12171
6120
6217
3701
9471
6795
2695
215
6876
6624
6551
11778
4781
7990
7029
1478
3462
6905
9932
12148
3557
743
1196
31
4901
11027
6
2179
8505
5266
9299
9053
5879
3956
1948
5457
555
10176
5167
11270
2775
7754
5954
7481
3794
9257
11330
3041
636
3376
10220
359
10614
6385
9866
3596
4380
6239
9456
5124
10444
7447
3958
11392
11289
10075
11382
10535
5786
784
11972
10782
538
8819
10778
2486
5768
9621
5925
1712
4731
2263
4292
8127
7568
6034
9727
4637
2181
5563
1504
1928
11694
2569
6652
12036
8553
1177
842
9929
12080
7067
10992
9395
4674
1713
5988
543
6522
10983
1302
758
11604
67
8048
9738
5696
5519
1126
12338
10548
6607
12105
6682
2315
8827
9202
9301
9538
8440
9662
4206
3866
6696
1527
3042
11645
6048
7667
300
2011
9745
6244
1131
10882
725
3895
9437
10229
8659
4139
10083
5806
3226
10824
2735
2946
6430
1168
8525
11614
3747
2986
12072
10866
1247
9107
276
8306
778
4058
816
8346
4129
490
6364
3259
8024
3216
11864
6083
8246
11524
3126
6113
11634
9890
1339
2573
10602
3695
6902
10497
1611
7113
9936
3594
12257
5066
8049
515
3827
3604
4577
6841
5351
6708
8612
7153
10542
1726
5217
11936
3118
5664
10666
2667
1614
6925
2016
6473
9251
10334
7742
3712
7835
10024
329
193
1952
2636
8038
10180
4963
4987
7589
2091
3524
6307
2117
8194
11335
1766
8479
2741
8139
3716
10148
11259
10672
9812
5858
1240
3370
3402
5315
3184
4683
11136
7966
11521
12358
3959
6897
10533
6719
1972
3430
8597
808
1743
8459
5212
9569
1604
1904
8511
6893
11348
3993
6954
2160
765
9342
2830
9681
6685
2803
5192
6404
8977
3702
10020
6003
5570
3072
3234
6199
10480
5631
5008
6294
5942
2012
1849
5489
12099
2988
9915
4484
10172
8438
8138
7024
1500
3305
9493
1556
10265
322
5896
11959
1017
6247
8454
1842
6742
1759
1067
7405
4493
10845
6883
10972
3664
11988
6376
5127
2515
4656
1102
1421
7552
9255
7030
6531
2531
1958
7517
1233
3247
10818
4432
6514
3140
6045
11447
9665
1938
12351
5128
7401
7805
7843
2907
11570
8660
11965
1879
2277
1633
8915
2941
8593
10380
1521
6899
5575
1155
6277
10817
1736
4960
8705
6901
5955
11044
12247
9060
11381
5536
12014
3851
740
1635
1596
1621
6693
1300
626
10848
10803
12090
63
8701
10527
4690
7168
11256
4016
5829
10465
2528
3425
4925
11661
9704
4325
8959
5387
8436
7857
1064
4660
4413
12203
3340
9099
4276
2365
7522
3295
9021
3730
3021
3715
11460
5341
5366
2682
4030
11690
8434
9394
2566
8514
1027
3535
11203
738
2898
10077
1751
4798
556
4328
5961
1340
5294
9532
3117
5869
10399
2551
5926
9999
351
11255
7264
1198
6573
11878
2041
168
5222
3361
10624
8151
2899
4806
141
17
4751
9242
3448
5607
5502
8716
7300
2534
1618
9382
755
10117
11950
7629
4603
8812
8913
3136
4296
2305
1781
12030
12077
1404
12326
1292
9329
5151
2756
5572
1597
1912
12243
6261
9005
11345
1946
10153
7250
7355
5389
856
1029
7268
11992
3789
7914
1392
12002
2380
6728
11528
8517
11083
10316
3526
8969
5216
5900
8389
1263
8098
6464
2732
1735
4899
10708
1627
4638
304
5584
6903
2545
3823
9918
903
9806
7315
3804
9071
5397
11635
3936
3509
5587
6603
9668
9585
8964
5927
11953
11466
716
3075
10557
9765
9861
3453
11355
4705
5550
5736
2518
2490
6219
1530
10307
10974
11838
1868
3441
5380
2066
5280
5544
6726
4491
8759
4093
11735
4834
6659
446
3873
3138
4961
9922
5383
12343
6986
9644
9494
6419
10510
7702
12093
6326
4435
822
8029
3773
793
4504
9453
6387
11913
1898
10212
9209
1041
9788
7572
10785
8779
9791
8315
6078
5603
9985
11165
6142
9659
5081
9617
5185
9629
4496
8550
11341
7881
11659
4023
12098
3598
6826
3018
2542
5986
812
9266
10779
6879
10130
4902
1566
9913
7411
69
8655
5045
394
6673
8149
5798
9470
3344
4921
9220
7826
2174
11595
1668
355
5485
437
2633
10292
7933
517
11449
5042
2030
11354
9414
563
10530
10966
8176
1051
1699
11937
4647
596
6314
5993
2197
7549
458
8002
10769
12048
1549
766
7930
1968
11773
11023
371
3268
5272
1593
5503
3445
10755
1984
6369
3819
1654
10686
7261
2210
5413
7061
8175
9105
4707
8568
5201
7377
1459
3532
1802
6475
3135
6569
1432
5411
5706
3085
2792
1388
5433
8223
10206
194
851
9837
310
12026
3966
1174
8155
462
11280
11639
6861
11945
3911
3175
9016
189
9513
11930
9725
9369
820
7046
8332
938
10514
8694
8316
7445
4339
11090
8761
8510
2266
5705
11385
10869
3422
2129
5077
10288
4875
7203
10699
9883
4000
3912
7963
2484
11532
6135
8054
3566
5924
4737
3518
12
8383
3209
5527
4753
335
4049
5779
5322
4175
4083
8889
5565
11900
1278
3082
4811
5461
9992
10811
10321
5017
9900
9111
6587
3398
1463
777
10106
2317
1975
7558
2306
12125
11137
6542
8483
679
7749
5515
2138
2571
3694
3861
3313
4423
8619
1980
10942
9406
8693
7123
6227
9524
10977
3985
11344
3721
256
991
2214
7467
8641
2451
1348
1229
8334
8163
1334
7435
533
1524
8241
1510
7876
10498
364
2471
12237
10573
1190
5716
2599
6263
8744
474
3662
6000
9512
7414
11638
7037
6393
8282
7310
11239
11748
9412
10186
530
7215
3625
5479
7548
9390
731
2657
2952
2549
2098
1756
11269
6831
3656
3401
12085
2869
10906
3053
7143
11229
1734
1471
4063
411
6510
5082
2561
8582
10629
9368
10664
5889
12192
4309
3283
9185
7618
9334
6096
4675
12290
5205
11439
7814
9218
10941
4266
4892
1145
4646
6789
2841
8526
4326
6031
1942
5189
8187
3551
3286
640
9867
10410
4210
5019
7553
8943
7606
8000
12313
11310
7266
2784
2675
10615
2837
7730
6920
5789
9967
11611
2799
8650
4360
4999
7620
4492
7512
8340
11302
9238
3568
9274
11718
6563
1069
3562
10007
5917
2820
10074
8576
4743
1899
3599
6490
1223
11987
7849
7448
3909
8704
1497
8929
7948
5020
5074
684
9540
1071
6743
7140
4661
5012
606
6971
5214
3569
7009
438
12359
12264
760
5636
9902
7494
4395
9880
11568
5823
6361
11771
1578
6729
4220
9450
5692
11119
4996
8065
10536
1986
10025
10874
1670
5178
1561
5117
9814
5621
2225
6834
9034
8421
10903
580
10720
9487
10070
9937
6716
482
7027
7575
7879
1973
6117
3205
1212
8043
2974
668
698
11553
7162
2759
8092
8712
8386
11880
11152
5463
705
11463
5935
1151
12323
3860
5513
1248
12217
2242
4556
5697
4259
2021
2846
4566
56
8519
2482
1371
283
7874
1874
4883
10215
2124
5780
11547
9882
6660
3976
5482
7722
10081
4034
8262
5628
5718
3585
978
8051
10879
2048
9826
3158
11804
10893
7580
8807
9863
7823
2156
8032
6179
7389
10291
10173
3809
817
9708
9317
4722
9388
9911
6949
4314
11543
3400
4100
5682
7399
11593
1941
5449
3990
12337
2199
669
5929
12071
2614
1316
2672
53
3703
9670
8171
2922
3235
2036
4839
9519
7638
12193
1537
8883
2322
6664
6547
8360
9347
281
2311
11155
11874
6251
4095
7477
6886
1547
8153
6963
3229
618
691
2940
8555
11703
8110
6472
9112
410
11747
11001
4472
10056
9127
6252
3215
2002
8066
9574
4583
8911
5258
4773
1740
657
6167
11154
8535
11193
12232
11432
5460
436
4467
11574
5667
564
9859
2462
221
1721
617
457
8226
12241
4576
9550
7650
4412
7516
4794
6134
9891
8058
2644
878
1683
8885
6873
5188
4408
10725
550
11357
1882
12205
6157
11906
7669
1162
8869
4323
795
10266
5991
1722
11198
6390
3130
5707
11883
5428
10133
314
11631
10210
1835
8456
5588
7813
10727
2360
7438
2125
4451
11402
5613
473
5931
689
680
5800
8899
4801
370
5582
935
8738
6766
2347
1607
4932
9595
4982
8487
4970
154
4863
11430
4727
399
5875
11030
997
1525
5307
11817
9619
6354
5346
5787
4525
11955
10282
923
9423
8971
7134
11113
2723
2740
9589
5756
225
5910
9761
7785
1573
10561
8225
7799
8220
5698
909
11562
10738
7521
8618
11761
11865
3918
9129
7051
11349
11438
6017
9360
5063
172
6272
7566
8590
9843
104
9744
8213
1575
7267
8165
6515
2645
4490
2407
3026
10511
3097
5487
12187
10571
10279
6962
2942
6235
3048
2809
2287
6286
7763
9507
2340
479
8321
4406
6816
2165
10806
5064
8833
8671
10516
3
3245
5073
6206
7041
1539
3170
11866
8983
12169
2246
8045
5665
1498
2581
10575
4115
8318
4868
2586
6292
4458
12286
565
3455
1901
11485
12282
627
9465
1226
10790
7371
8540
4067
4993
6459
245
7232
7427
4742
9567
5195
5236
9976
3977
2382
8430
8055
2507
6974
8478
2981
1807
9536
7073
10736
8867
11118
3649
1130
1047
4882
8078
2343
6170
7107
9818
8633
9119
8643
5154
6636
4750
3540
10582
6359
10047
1258
6155
988
4105
9212
5295
8953
10289
6245
948
1998
3739
3411
11486
2113
9364
8702
781
8204
10361
6617
6581
3476
4299
10384
2969
5177
10786
8290
7204
7273
349
10345
7689
8951
10003
9225
7774
9267
7585
9087
4536
7042
1440
11602
6193
7969
3055
835
158
6200
8003
8184
2839
9980
6237
9013
11235
1843
2461
9249
3894
8015
6951
3621
6201
8310
5242
2397
9116
2843
832
1747
3264
8177
11558
6172
3630
7523
2713
6539
142
12364
4617
11126
6141
3508
11008
1012
2332
8281
6698
10022
554
7641
11873
3271
9007
9010
8261
11842
12194
10998
11834
4471
6254
2120
11211
1234
4440
6600
9685
19
3655
1456
11981
11839
2958
6259
10562
3938
1157
296
4381
3159
2745
2141
7035
8652
1845
1642
10394
106
7795
6627
2216
8890
785
6080
11675
5287
1443
6095
8872
10503
1025
2387
4585
3388
6004
6511
2250
2426
8063
7324
7625
4551
226
6458
10348
11863
8958
12113
7032
4767
3681
8046
10013
3831
6301
11421
9686
9607
10865
11583
6889
207
8097
11901
1187
8284
10881
12097
4015
5104
11364
9973
1358
506
9573
1540
9733
11837
4628
9819
11896
965
1242
471
2316
274
7520
6978
4959
8615
8851
622
549
3816
6105
6380
9669
12047
4227
9384
6063
9402
9348
6955
7831
4505
5252
9817
10681
11642
7834
1568
3531
4559
10884
8218
11894
2483
1491
5182
3317
3090
4500
1595
11181
1620
6438
2972
6703
6629
4927
1360
11363
8990
1526
9168
11899
12199
3156
7526
5145
10761
4070
12275
1073
12356
3029
11323
8799
11929
6602
2000
3595
10929
1794
1903
8543
10687
9075
4430
9171
7830
2184
7713
803
8183
4579
3399
3349
9343
12252
9620
4555
6674
6918
6269
1261
6700
7379
2589
7374
5239
3185
1015
7796
8376
4318
7832
943
257
2441
7357
5836
8874
2190
5948
6299
7503
801
6501
9250
5524
6732
6512
8905
10940
5213
4730
4869
7340
4922
10665
11577
6912
9352
2298
11319
1701
10346
522
10827
1276
2934
5928
9404
9434
10890
535
265
8491
9605
3602
9336
1770
5684
2511
3867
7987
9391
9376
452
9735
10678
2345
10011
12126
7921
4907
7757
10712
10812
1091
6790
10010
11409
8771
8591
3223
8777
9558
4657
7851
10226
5752
1135
1615
1991
1043
2040
10198
9901
11810
7131
10162
8297
11790
11561
11669
3407
5147
2929
11396
6760
10552
2850
12220
5083
1921
10158
9541
10796
9505
6428
7758
12180
8863
2188
12095
1315
6745
1965
2352
2877
610
9657
8774
12190
10053
6548
7151
10502
5086
5483
2439
4582
7194
8773
6796
5934
3693
9674
2989
6375
7183
2148
3898
9977
4415
8095
12153
7936
748
11750
5415
12344
2368
5283
3232
11753
8500
9158
9982
1148
10795
3414
1632
5311
2753
9136
1869
12029
10741
9719
767
10191
5270
5868
7972
8708
4394
7384
8570
6572
5835
12115
5709
9696
11931
4697
3369
6122
11133
10900
9636
9366
2177
9410
2494
8039
2143
4031
5257
4407
4035
11666
1565
9514
9289
8735
8545
6198
8390
1981
3100
4209
9742
2434
8857
2829
7692
7746
6100
4615
5844
12066
9237
461
614
5050
8792
11034
6941
8199
10920
5446
3743
5143
3038
9162
2339
12312
7545
7944
11601
1819
4074
8320
5404
10120
5044
7639
7676
5728
4287
5543
11122
10987
4609
9920
937
4345
11928
8640
495
7036
920
6880
6229
859
2771
1034
2728
6331
5566
6112
1752
637
955
2758
11143
3988
3421
5669
3356
3669
1507
9383
8476
5041
3541
6656
4003
6592
4303
10038
7034
1531
150
8608
9881
360
2882
4706
5528
10062
10017
9764
4738
2005
9098
2769
6336
6695
400
1224
8726
3510
3078
4237
10529
1256
10774
7020
8963
8811
5232
3306
9730
6559
3363
9154
5790
3439
11139
3347
3565
12135
11440
10784
1709
505
9586
7239
6765
2268
9655
1616
7529
11241
6493
2115
8119
3272
5382
3539
1963
10443
7422
1065
10717
4480
12226
10938
7728
11592
10431
6304
9807
5452
6849
4085
9564
5109
4260
1631
1170
10883
3547
1002
1959
5342
10863
3718
9270
9839
4489
8893
10139
8044
1993
5749
2472
8690
5026
8178
11793
3423
11520
8257
6817
11414
11903
7932
6536
9056
6972
11775
6758
6211
11177
10201
1580
8727
2319
8572
8567
2371
2007
4367
921
10716
2086
2760
11542
6344
5580
5893
12161
3689
439
4724
5600
2714
10381
2476
9777
6677
11710
10160
10460
7396
6110
870
10122
8145
11786
11881
11888
1311
7648
1887
8520
6010
11135
12003
9302
1645
1268
8380
114
8508
4101
12058
10177
5975
5097
979
10714
3275
2722
9295
3389
6934
5915
1848
11151
6246
3543
2420
1933
2309
12350
4078
11236
5678
3164
11389
4983
3195
3720
7219
10953
3187
8168
5009
464
3086
5333
11519
6202
7717
6768
9393
1910
12269
7244
3576
7999
5694
383
4994
4103
10331
8009
10246
7752
2896
6762
10405
10351
9979
7403
4533
4608
7664
11538
5839
5466
7166
10638
5365
6281
76
8804
3380
11170
8096
223
3120
11691
6309
747
3484
8475
1096
5199
11029
12107
5648
8198
2504
12157
83
8114
11446
4045
7294
3991
9602
6158
2871
10999
5884
9135
7063
12143
2267
10061
7635
611
4513
708
8820
6866
2415
6882
6175
11105
3217
2084
3129
4047
236
1411
4570
11127
5149
1441
4938
4080
5745
10694
12064
6356
9066
12276
3080
407
7026
4855
1997
2730
5557
4363
4733
9873
10512
9045
8585
11946
2359
3778
8027
8236
2917
11843
4376
8233
6032
4885
10066
9739
10251
5654
5121
2280
6050
987
11975
5221
5319
5234
160
9438
3122
608
3790
10753
10715
1295
9978
10477
4908
8644
11424
8303
3591
2550
11045
4320
7958
3791
7117
4079
1936
6019
4267
139
2574
9337
8621
6994
10132
11956
6190
2653
1078
4419
2047
11291
5029
4340
8323
587
5643
3325
2712
7592
3179
3838
11814
1419
10280
4648
7525
2601
4302
23
7744
8035
5069
6303
4082
11663
12234
1791
5119
8203
5764
11168
6605
11600
7133
11849
2092
6637
2058
7364
10379
2786
2729
9793
643
8763
11149
6964
1133
10040
12053
2031
7249
10554
498
8428
8070
2328
8688
5862
1769
11226
5805
12328
4280
4662
3436
5742
10055
6180
2027
3493
1839
9984
3883
8900
4022
7087
9846
993
4860
10751
10852
1923
1555
11062
687
3997
9593
10550
7420
9917
8665
6568
10970
942
5450
1796
1533
11847
2960
11106
2423
3251
6631
10254
9428
2136
8394
1389
5578
5421
6781
6257
3626
7952
6748
10537
8999
3740
10249
6131
6248
4897
8384
2491
9832
4151
3412
1836
8734
7285
6338
6300
2467
4289
8886
7099
5748
11607
3171
9358
11751
12160
8861
11102
686
9057
449
4598
6552
7350
10645
10490
3208
7786
3906
7080
454
9611
10179
9858
8258
2395
6688
1552
82
289
10834
1969
179
10933
8401
12307
876
726
6738
10091
9601
11932
9638
6084
2816
333
571
12287
10333
5895
6319
3319
3673
9303
2025
4736
10646
11167
8578
6396
7518
8810
4042
2067
3542
9108
7311
5817
7167
6064
4331
4338
3257
1710
1036
8687
7202
1937
9059
10102
12262
2457
10200
3123
11732
11840
11713
729
4830
94
9114
5906
5686
6043
2384
5688
4766
3961
11067
4495
8648
5095
5347
2957
2844
8870
7511
5198
7125
1376
3111
9756
11223
8313
12242
1603
11131
11089
2876
4307
259
2677
9763
8399
9000
7464
5253
1939
4039
2037
2101
5038
883
5516
6859
9552
224
7076
7040
1789
10872
10880
2354
5152
7281
10376
9079
380
8793
3583
6621
8965
512
2282
11571
593
8547
1926
12295
10187
2186
2232
11651
11960
3391
6168
866
7965
9614
7338
8207
10136
5982
3844
1384
6218
2689
4497
2650
7975
7614
4986
2159
217
6407
2806
7260
7164
5332
11377
5522
3152
8019
451
7460
6825
3847
3756
7279
7657
1398
6007
1058
12255
3442
8934
12181
6786
7306
11565
11670
1490
7985
10860
2331
1626
4202
2700
1048
8373
1705
10151
5870
7139
1974
10551
2544
11174
894
11098
5804
12273
4644
11915
7791
12174
8996
6029
11433
1075
7652
4593
10069
9521
4821
741
10800
4769
10697
4119
12278
12176
2711
10617
2556
2477
11393
4624
3552
3243
218
12197
3468
9345
11356
9625
8445
12253
12001
3023
12150
7658
6509
8864
3850
5946
4586
12124
7114
11797
10660
7960
1460
4530
10835
1870
6055
5592
1778
5994
6983
11624
9070
1086
7840
2022
9811
847
9073
7899
3537
4518
3863
10216
6973
10257
2147
2686
3058
3297
6751
7940
9497
5558
6329
7822
863
6446
10337
4164
6727
548
4785
11729
8828
93
8984
4658
10758
10566
9790
6969
1147
8422
2023
6146
0
6070
2873
3660
5001
3600
6635
837
8494
5068
7458
7469
9752
5251
1775
5626
2864
3614
134
11032
4565
235
8920
5462
4194
5321
6192
6315
7895
10897
5894
7332
7550
5537
116
11557
12074
5048
8871
9400
5724
11405
3580
2394
12324
6345
9126
9613
4128
342
3186
11885
1639
4782
8682
8805
941
1422
12045
10363
11806
9571
1696
6690
1172
4239
3714
4636
10409
12212
1347
5624
2604
10764
10601
3893
5618
4700
12016
9960
5529
4771
11108
922
7701
3028
6840
954
1940
4073
9850
8767
3377
945
10871
10432
6163
6156
2235
10553
11347
7495
850
125
2963
7400
5883
3515
8275
442
9433
10230
5849
12331
10245
1982
5658
5983
5605
539
1589
2824
2262
2796
4546
9065
6433
10915
10946
599
12067
6392
6808
12201
8855
12240
4021
7782
87
2825
9972
4087
211
9069
2406
1808
3471
3926
11307
5353
6071
6169
2168
8468
10495
3941
4916
10016
12315
4833
6754
4758
1856
4951
6437
12302
9997
10608
9886
2847
4569
11719
5611
5596
1671
4172
7726
4623
11035
3233
3381
1342
8846
5496
6406
10370
132
11444
3878
9785
10049
5209
10219
5325
2003
113
10567
1391
3435
10828
3503
7594
2215
5061
12121
12168
3433
10951
5432
4466
10958
11182
2701
8563
7354
2295
2078
3708
7274
2655
5594
3635
7462
4061
7022
10448
4813
1805
4469
8188
8982
10732
9125
3287
3889
1382
3987
4498
6381
3832
1318
5818
10368
9019
4195
602
889
4947
4802
11523
5072
96
4225
7013
3507
10739
10618
1288
9028
5067
2930
153
11268
8172
4682
4977
10679
4157
9379
3077
4611
2935
9211
11689
8212
9968
317
584
7647
5264
7888
121
8949
3386
2578
363
7441
11580
10237
11017
12279
5261
1907
1872
4250
7817
8516
7816
5754
11401
8835
3057
9100
10840
3358
12330
3528
10296
2852
11995
3798
5088
318
12254
7206
8939
1542
7564
523
10603
9698
4161
9893
1883
10789
7679
578
8371
9754
3147
2629
6507
3928
8130
11811
3761
7336
7094
12114
5887
7263
9825
43
654
9121
12293
8343
11251
11556
5316
4364
11370
1550
5197
5394
3151
6185
5429
4853
11612
2375
2721
6264
7058
3047
11060
6733
2924
346
10371
4182
2077
1124
1648
6763
926
811
6770
10952
6152
4094
7860
7660
8312
2577
1262
11262
8992
950
8075
10924
2308
6800
11150
9747
2801
9488
9392
11641
7543
2879
1669
8161
3490
3252
64
3025
3062
12215
7178
5118
5746
7287
8755
7732
2157
9829
9639
964
1402
9030
11418
632
6440
2346
4958
4212
10954
823
8182
11114
3121
579
6159
9687
6580
1106
1436
10157
2045
8077
1609
7603
912
7169
5237
1673
7120
8894
5166
11339
12154
11258
7994
10684
8916
12218
3780
2400
9174
5750
9035
2401
11792
4399
1313
1947
2913
11766
9320
3470
10873
7947
2517
5861
9128
5898
6342
768
10635
5546
8497
2888
10634
1361
5113
9151
6737
2383
11078
2293
8441
10690
843
242
4051
2118
7720
3036
534
7068
3511
1890
10844
2392
5286
4667
3700
10826
4211
8684
75
6500
6944
4037
6203
6734
5878
2391
2178
3189
5533
10205
8269
8748
405
233
10674
1677
1774
4304
11343
10414
5620
8646
5183
3030
6709
541
4358
2059
5892
3000
3567
1493
5
5644
11652
11398
3713
10944
972
2983
7979
2127
9692
849
7989
44
4346
15
10513
4104
9279
11934
4514
4240
4285
9714
1554
7299
5560
685
1011
7054
8896
6370
5721
9623
6379
8728
4723
1599
130
8843
11971
486
10650
2694
6604
3754
7459
1704
10144
11925
10183
7772
5922
7688
8396
11721
12222
1479
10175
7528
11859
8120
6711
9572
3684
1866
11967
320
9805
8546
1427
11654
11844
11085
1059
298
5150
591
9353
10260
1117
8789
11426
2705
2923
6222
6035
11632
10464
11197
10925
9640
11827
9064
9072
10068
1283
6225
1717
2815
5722
6679
5024
877
4775
1528
7828
2956
10662
2891
915
7265
11276
1231
350
11918
1377
9676
2770
11555
9864
6290
9971
833
313
2909
9175
4914
9931
7454
7487
3434
9018
4786
120
3974
4356
3620
7186
4117
9356
8279
6935
7870
4048
5447
10375
389
2004
8285
5078
1768
6917
1314
5330
5992
3923
3984
12103
7012
7535
6124
3843
3210
11166
8124
5541
7005
641
6773
5904
7685
4877
5719
7977
10719
9440
612
8795
10033
8208
10524
3964
10360
10748
278
11554
989
2580
7224
6999
7102
7147
10598
3501
2445
9624
3845
5700
12073
7514
11200
8642
61
1098
1830
5638
8741
6513
3193
5014
818
3943
5057
9262
37
10190
6366
2831
2833
9399
1184
11869
3420
7601
12173
1763
3553
4511
7050
6232
5039
998
1335
5675
5453
7270
4465
3049
7600
6221
1343
9284
4985
4084
2648
10816
1141
8298
12362
3460
834
1804
1594
4823
12110
666
2105
7176
5781
6764
9094
7951
9753
460
12372
9760
258
6819
4550
403
1945
12191
9181
2624
7331
10171
5540
8272
2727
3888
3177
11749
752
6424
7623
12109
6576
7765
3905
6223
2563
6676
6942
7465
5855
1861
6216
10085
804
11422
9740
1571
9480
6260
9899
7222
6435
8754
8830
323
1659
8193
7505
3668
8878
3383
11783
500
2683
11215
2495
10659
7313
8865
10711
356
5230
7160
6776
8495
9884
5712
7226
5872
1123
9452
5156
440
10584
7983
2976
8086
3902
7365
293
4256
10850
1458
7317
8700
3691
8628
7071
9952
1271
5122
10640
9857
2369
569
6255
3102
10277
5207
6092
9904
2128
11952
7604
2231
8724
3842
4180
1931
2088
2217
97
4389
79
8706
5018
2008
2468
8437
8107
4880
2122
8252
11006
3879
11567
7398
9118
2992
3035
6486
6047
4997
11417
10034
10222
12024
1987
3516
4588
11065
6350
2670
11415
9697
2862
2680
11038
3009
5903
10923
10021
9838
4120
6546
4279
6647
5402
1022
5938
8554
9548
5757
9989
6609
7908
1864
4454
1252
1753
11566
540
11933
10194
5795
8950
2521
8330
703
12266
1014
10228
6441
6785
10801
10389
5224
2742
6108
5377
3483
292
11153
1182
11283
7863
11924
6068
9845
9080
3492
3311
6325
8879
6701
10534
4477
7721
332
7209
5821
4393
3653
11095
8717
10107
7334
8985
5193
2593
10781
10847
10692
8
10846
4124
11454
6450
9775
1754
2895
6669
6489
8190
3686
5564
2446
4649
8056
11484
10762
11081
7328
12284
3796
8006
12132
9498
5552
11427
12206
301
414
8689
1690
8743
10209
6183
5162
8064
4778
1277
4213
7129
8697
230
5184
4218
4315
229
4476
424
4178
11855
3748
10652
10470
1400
1652
1719
11617
8365
2778
8020
7254
12119
11477
5880
5996
6959
7088
6839
12054
11237
9648
316
5180
9467
12198
10043
7064
7214
6067
3124
10067
4481
1551
7301
3464
2964
8988
9575
10798
12037
2070
2763
10564
8337
11373
10088
5386
3719
6088
12106
11161
4557
10628
5161
4792
4205
10362
12299
11313
4508
3670
5344
6377
5885
1588
9779
4221
5303
8740
3697
3644
7942
2254
5135
4254
12136
10472
184
2668
10492
621
4789
1000
11871
8877
9649
7453
2619
1042
6474
4689
5691
7304
5767
11578
5990
9576
4024
7923
9027
3784
3757
3074
1362
12204
3413
1386
9809
2435
11622
4029
9344
1108
10986
6517
7741
9502
7836
10968
6854
10372
5901
195
1545
3834
9239
1852
12013
5003
1189
11525
8610
42
81
11551
2068
1221
5310
11084
10945
4701
5507
7587
5801
2131
6981
7682
6988
10667
311
3726
10591
9375
9193
4076
11637
8695
9335
391
2236
4728
10329
11699
3629
4848
11978
11311
2034
11333
9277
6827
3770
5091
2167
3696
10103
4075
291
7968
10261
885
1330
7456
3962
5244
7016
5424
11111
5809
5300
2487
2085
10969
12271
7190
5037
9671
12249
6297
11745
3533
6462
4979
2757
8558
12366
2479
3706
7157
9630
10704
11535
5937
6535
1405
7154
6454
9933
5363
7984
1061
7768
3487
3559
600
11274
10402
3787
4631
7021
2123
6599
11606
3645
1397
585
8836
7565
10793
3980
4196
4978
10677
4716
2707
10569
10723
11423
11799
248
11511
3636
8823
4746
12012
8617
1976
8725
6041
6848
6160
1844
2973
6970
7262
8356
3517
4942
6384
6317
7207
1253
557
5225
2912
7356
2828
799
5227
1818
11459
2018
8433
10570
5863
12175
6672
3119
10357
8776
3667
8938
9991
999
3872
11498
6075
1413
443
6610
2572
7698
2111
11825
7609
1917
2867
361
222
7078
10356
126
3438
4881
445
3096
4398
3779
1911
3800
11905
7149
4669
737
2044
3394
2664
6838
1676
7538
10643
723
2310
6452
2932
4474
7180
7330
6423
6482
3803
9703
11620
1657
11720
2600
9332
2782
7864
4974
8449
12261
8718
5357
10167
8040
7690
12250
3640
378
2961
9633
773
12182
2797
9503
11882
11841
676
11672
1629
8141
9387
11785
1185
5164
10654
3742
7710
10140
8353
11242
1215
8813
1241
3230
12228
7810
9338
6195
7277
2860
9362
7014
12303
764
9063
6860
1259
5763
2403
4217
4414
8191
6266
5848
3334
2063
8424
1216
7508
7663
7452
11497
2547
3815
9091
6417
10427
9481
11048
2949
12345
2440
4482
3176
3675
6642
7841
7240
9024
1186
10485
553
11687
3603
2299
869
4900
5065
11779
2252
308
9420
4574
1333
4526
147
7493
3332
9896
7247
10393
1592
6373
3315
5423
483
3089
8936
6616
744
8921
7837
5338
629
3908
3833
11091
11586
2693
10581
95
4071
9664
11997
3480
6121
6210
7962
2866
7858
2220
9693
117
6422
2538
7917
1999
1655
2749
6644
8537
8566
11194
8775
1205
5932
3575
5220
1299
572
1072
10359
11774
9516
4460
123
7715
8613
12137
9263
3456
3225
4741
10328
10807
899
9214
10285
488
7440
6874
2665
13
2335
10776
10096
8842
3416
1634
4173
5396
975
4704
1520
10616
8947
2327
1617
9321
2089
11890
7506
11162
11860
11286
4535
4745
11295
3772
12188
761
8465
4575
252
11205
598
1077
171
135
4261
6337
4819
8942
5445
7115
12292
270
10957
3326
9962
7280
821
5372
11927
1729
5534
10269
5520
8352
9455
10737
5555
3246
3443
4633
7551
5106
4874
6409
5933
1761
7859
234
9101
9734
5847
9283
11406
497
6487
5547
6723
9856
9560
6885
10350
1950
1188
8150
2320
8221
7416
8480
1446
6148
9592
1417
6579
7282
6039
7248
8091
2885
33
6209
10095
8834
8295
77
5289
88
10718
4386
11109
5602
4732
6923
6357
3913
11033
8559
3632
11014
5345
9729
3755
1826
1280
11245
7086
9132
25
8631
11746
161
12246
5945
6391
9755
694
10092
4248
4890
2608
6002
9483
10597
11627
5140
11908
1644
6791
11367
1401
9476
671
264
11740
2764
12127
5284
9578
8412
8485
338
7105
170
6984
8359
503
7472
6054
4137
3638
10134
9430
9615
11836
1144
5905
2953
10415
7372
7100
1605
8451
11475
4072
8170
5714
3309
377
11777
10111
6403
828
9666
4562
5306
6875
12289
10442
5259
7484
1200
5874
4840
3639
11046
11649
3289
1
10343
8060
976
2427
4122
9712
4114
4776
7297
7938
5676
4748
4503
11977
3207
11453
4815
5717
3762
845
10154
11895
10451
9599
844
11479
3814
4370
7109
4703
6008
8106
675
11576
10496
11019
2291
11314
2336
4835
2632
8052
4814
10540
11352
5841
2588
6174
2480
5744
4201
84
4136
295
3607
7755
9462
9258
11575
4621
8750
10247
9417
3892
12052
8786
1125
10281
11990
10413
1142
9842
8455
9590
7428
8747
5169
10752
2321
963
10735
5738
3241
2980
7502
4640
4388
3891
9222
11340
8589
10671
6966
5403
10051
9528
9604
5260
6011
5538
10453
5856
1049
4391
5309
751
3574
9695
6480
1090
11733
7089
10250
9254
12256
1237
1886
5891
9766
5539
2108
9415
4445
6820
5052
4457
8670
6837
9068
7449
11107
3250
4197
9354
4587
11279
6491
5090
12210
4590
10238
2623
2342
9436
9647
6937
2762
11559
11658
10988
9783
6270
5168
11186
4653
48
11970
6030
11537
4788
6267
11526
5677
3345
2388
1466
6176
7018
325
10478
10641
7970
2109
6362
1181
7753
10607
5902
3808
8679
6241
3758
4156
6073
7883
6431
1040
6606
5157
7501
5947
7693
6228
12202
253
11646
2945
5436
3641
1829
68
6258
2416
1577
7815
11904
11327
10082
652
5133
7367
9236
4507
5148
12189
11208
3312
2802
7290
9906
4886
9235
12236
532
881
3144
984
7953
2001
9661
6335
11261
10724
2787
5000
10002
6022
10203
3336
8919
7245
10626
4418
9594
7812
10104
10398
11252
8868
10525
907
4749
853
2006
3578
11781
7362
10286
3788
11254
12133
661
7443
6106
1486
2475
8216
6166
7829
7480
8069
6313
4441
6208
8803
542
7794
9690
11216
1179
7322
10517
4810
3917
6341
7181
10600
11431
4158
1691
7039
3320
6305
8157
8696
7227
6291
7771
650
1306
8824
5027
3957
4613
1598
5301
10121
1213
910
3933
9468
9036
4286
966
7686
7821
10673
4841
8918
7461
5094
9106
2173
10647
1023
6926
2602
4026
2558
9803
8815
5318
9477
1046
985
10914
11260
5486
2995
2073
9987
2706
8217
11478
1319
9946
8852
3666
1995
1166
4673
4337
4004
11759
9840
9862
10048
6243
2641
6537
880
3949
5569
730
2774
11041
7065
7259
227
4534
4581
7278
3877
1608
392
5907
10722
4828
11021
10456
8552
5609
11780
7590
2674
10004
4506
10639
5576
7007
11752
10469
1227
2500
6570
5290
5843
8669
12179
9994
1337
10861
11851
11999
4222
9535
4366
1689
6224
7913
4255
6694
2050
8522
11534
7387
11178
5219
8473
1310
4234
11701
7681
6451
7619
1003
7801
9713
9184
5132
900
12209
4336
6395
7066
2649
724
2035
4294
3812
6744
8143
9998
917
11877
4377
3818
6414
10297
6750
3970
8347
10505
10775
10742
5370
6989
11986
508
9705
5204
11391
2697
8752
11949
11590
10709
2458
7833
3261
345
4333
1492
5153
3103
1894
5481
1407
9844
1084
4641
10905
2933
10918
8714
6799
9407
11472
8474
419
6394
9397
2132
2526
929
9816
8530
3165
7724
4568
9113
3353
1164
5136
933
2379
10300
11982
9466
10934
1716
8653
441
8031
1425
3942
10386
11494
2363
8144
7284
3006
4826
3613
8785
936
5659
7252
5704
11533
4470
11857
8280
2901
9461
6365
1010
10263
891
6268
10522
11079
12263
4920
2594
7699
1681
3043
1387
3505
8629
11680
11015
8914
3457
9889
11674
4362
2230
3910
10035
6830
1475
11490
3350
5608
4347
1824
2998
8103
469
5753
138
918
12164
470
4523
7640
1698
7241
2289
9855
6598
10556
10045
7177
5384
1978
1779
8592
10385
7486
9533
4044
2811
5426
4844
10611
2790
3728
3127
592
10060
10290
7945
8502
9195
373
6707
3069
603
4223
5562
12369
2897
10943
5105
8931
6038
2842
3554
11328
6037
2883
9943
11770
6119
9318
2464
6250
4642
9386
1282
11325
9726
10483
2418
9609
4245
3611
9834
8273
2056
1606
10039
10959
7541
2279
5923
6287
3704
5100
4293
7574
6710
5247
9851
1943
5350
5967
4352
5525
7762
3792
9776
5629
2510
4539
3405
12146
5649
8926
327
8859
10100
996
357
4964
4099
10327
11240
2283
678
12224
6881
1985
2276
9508
7318
8113
1859
3858
7378
2065
10989
10135
10252
9248
7122
4373
1449
3687
4231
8329
6724
10609
7819
3498
9938
10059
934
6518
3113
2717
7031
9084
5627
9421
5966
2752
7110
9305
11707
7527
8374
3017
8364
9751
10308
10455
2318
5256
4866
5681
9916
6205
7865
10526
3499
2746
9403
10323
8565
10419
1971
1396
633
6181
10054
402
2219
10185
3116
10125
12083
398
1355
8446
7897
8856
4204
1243
9908
3081
5824
2868
429
8636
11886
6495
4416
7770
1225
5778
4945
47
2603
10306
6620
7973
5438
4967
3646
6302
4417
6593
12032
655
3663
901
9852
3173
10429
10298
12102
6565
12354
4188
3050
10862
2362
2414
409
5735
7385
1641
8758
8117
12196
6079
10783
6355
2493
3992
8404
8876
6477
315
3375
382
2681
11051
5769
6919
6932
7621
1232
7739
3139
8924
11265
5989
2928
9268
9787
8739
12108
1089
8991
8492
11232
5125
11756
11958
3071
11726
6658
12131
11974
9983
6044
8126
384
3012
11132
2739
9051
1285
11665
6421
6101
11066
639
