8824
4834
1387
4519
4344
5995
9737
4980
1097
9117
10883
10316
2914
8808
7050
2377
10981
5615
2733
9975
3354
2466
4776
3728
5652
10675
3998
10638
1319
3813
8699
9771
3076
5494
821
9708
4544
11045
456
1792
1241
8679
3912
5268
11065
2949
8120
11821
6044
816
2975
12078
8356
322
3670
2357
3504
1072
1919
10349
5352
5339
5233
11034
8772
6376
964
1622
3919
9442
441
5738
3582
6089
5743
4516
5507
6903
99
7406
2870
11085
11663
8070
8018
947
10846
2863
1849
8301
622
974
5785
6957
9960
7602
3310
6280
3351
5805
1484
58
1513
12143
8005
1304
12358
2984
121
9167
1894
6961
9008
11011
1572
3889
10644
3810
10588
5331
7518
10535
5691
10001
10481
11140
11127
9051
3495
6418
3960
1010
8218
7656
12336
5683
746
4751
10965
10234
10467
11880
3512
1887
12139
1540
1906
4068
850
4264
12071
6053
12189
2578
4039
5192
6029
10357
12327
4056
4284
793
3534
8657
4402
7503
10630
1011
8813
12012
2311
5731
3904
5409
8025
5189
748
8284
1280
6081
6994
1267
8740
1430
3992
6431
4576
3570
10279
8124
3303
4572
7983
3448
844
4051
3887
11628
8629
304
2415
861
2918
9120
8288
11015
1321
7681
11104
9720
50
2941
11844
3628
4043
881
376
1250
95
12325
378
7252
3608
6274
7686
1305
8076
10428
7315
8781
12157
9719
1869
12081
3491
6390
3383
3836
5320
2364
4030
7398
5699
2749
3850
4371
9035
110
12091
12330
2942
9948
2797
499
4034
7352
9420
4963
5997
935
6989
3072
6257
2439
9738
11769
8135
4015
4512
11756
4543
950
4734
5238
2376
5369
7360
3423
10462
3531
7876
3718
3059
5485
5416
1309
4557
10505
10598
5653
2912
2895
7549
9158
10007
3548
817
7570
2859
9076
2254
3575
4729
271
3335
10493
6895
10311
11620
10655
9467
5769
625
8489
8197
2758
2291
3537
2582
4839
9409
10257
10570
620
5489
5642
9433
2419
8185
10312
11708
2742
6282
3657
11056
470
4356
10411
3906
803
6074
11787
3535
2335
11630
10537
5972
2937
5324
6377
3549
7328
10627
2907
2762
7418
4325
9428
11105
10978
7229
397
11631
9156
370
7274
626
5288
884
966
2788
1113
9014
11674
944
260
5710
6086
3935
5284
10976
11141
795
9027
6934
1437
9104
3711
3571
5146
6461
9149
11082
11892
10032
4049
10393
12026
3743
2872
2939
798
751
1401
3698
7359
3054
285
1794
3648
3576
1273
7412
1114
5634
8145
4352
5677
6939
288
7470
2838
9052
5841
4795
6968
5337
1602
2469
1586
9947
5441
10342
12111
3360
4610
3483
5257
10187
9473
7337
9490
6537
12343
2889
8462
5291
4347
7491
5987
2481
3916
5717
3579
11785
9463
8783
549
1833
5230
10842
11722
5147
2814
5395
4180
5161
3803
3907
8037
8993
11077
784
764
3010
8278
10491
2657
5818
3658
224
9021
992
11622
3485
1777
6060
11118
8704
7350
8180
8732
7091
3938
2868
6434
1420
10646
5402
12346
11623
5227
7450
3733
8317
8700
11868
9417
7336
1502
8734
2979
96
12179
10593
897
3330
1535
3689
8404
3370
1328
11021
3948
7354
8372
4299
4724
1791
2410
10346
6991
9987
1350
246
10591
330
7673
4014
4812
7367
5981
10916
7230
11883
7034
2995
613
5760
9088
10020
10183
6065
2426
4985
4948
11873
2963
9087
3862
7471
1012
10000
9402
11060
9109
268
1462
11759
11635
5194
7348
8422
11044
7329
2569
914
10523
8464
3758
5443
7351
5772
4521
6477
4012
6049
2736
3416
1797
6909
6003
290
3700
12124
761
8376
5142
4404
2886
7561
10266
3754
86
7281
4710
2362
3923
879
9976
9762
11576
991
6529
3610
10704
4831
10004
21
5695
10902
269
9918
1286
9100
2454
6088
10563
9505
8527
6262
5829
3063
7246
12037
3969
607
350
6542
381
11746
11767
2280
1336
12357
8319
3742
10356
10898
4766
4758
7527
281
5459
9129
3398
10614
6417
6899
237
4183
7299
4793
11732
5681
10643
1408
4820
9151
3719
4805
8477
9107
8681
1293
8300
2811
2448
12367
11831
2795
3739
4027
3302
7065
383
10984
12120
3645
4517
8754
5512
106
7313
5208
32
6940
9755
3664
1823
1585
7459
7043
33
4293
10384
6386
3311
7332
5447
10473
11583
535
6913
768
8051
8619
7559
5362
6043
2352
4986
10936
4375
3911
3376
9714
1921
3475
8036
827
2239
5159
2397
6254
8292
583
8226
2588
9001
8174
6006
3685
10431
3866
5293
10005
1332
8755
9764
12094
8766
9072
809
942
5184
12011
1832
354
8400
906
4774
3825
2707
9511
10852
8658
6421
11619
10701
8697
3894
4399
444
732
2741
11685
10702
9152
932
9763
3581
1623
8377
8142
12017
8427
631
7326
9974
3415
11109
2882
495
2509
7585
6945
1353
8710
8730
9766
218
6910
8089
8119
317
7399
836
4792
8024
1071
6409
3659
11061
8643
6084
1429
8224
11735
1593
11819
6915
316
4949
2287
1357
2390
10305
9174
10332
4541
6077
12027
3955
3943
6019
8303
5836
9159
11638
9452
9186
5853
3394
9403
10961
7029
4744
2778
7683
9952
11574
11617
228
22
9050
12173
6255
3800
3853
2433
4363
7533
2880
9733
7409
16
2307
11802
3928
10294
5152
3074
10889
2709
74
4567
6923
799
5385
832
7241
7250
1558
2857
3680
7695
1442
9691
2265
9175
3638
2738
2235
8386
5504
7334
3968
1376
3901
2852
3417
2217
2732
12168
2564
765
1781
12355
643
9080
9930
936
9063
7621
3709
6425
8079
3710
10520
51
9950
8401
8093
11710
1380
9728
5759
7513
840
10260
10694
2430
8034
937
9112
333
9991
10369
10262
11650
4081
2354
1088
5466
1388
394
264
8336
48
10600
2931
3432
2846
8016
6892
506
10419
2744
5155
971
5616
3532
2720
5638
5646
7378
1480
11786
1254
3865
1897
12035
11757
3753
6286
11992
2661
12335
10016
8467
10886
8063
5640
5703
8996
9138
7247
4319
9480
1264
10454
5309
8667
5812
232
9461
10236
7244
1805
9996
7404
945
8297
9116
11792
9033
8
9726
11707
6269
10623
640
8217
6398
5978
9891
9135
494
100
6441
8507
2946
5263
3956
7428
451
7320
8304
10918
11727
6547
11128
8146
5234
10379
2730
12043
5173
295
7371
5326
6407
5799
5382
3458
3024
5218
12360
5221
6439
961
3630
6463
4255
1265
4374
9502
5264
3714
6506
5625
8327
4037
11703
10249
2292
12059
3974
5213
7687
4547
2432
11846
3786
7455
601
10422
6920
1581
2461
7594
2945
9028
5381
7451
5167
1077
2903
3766
2911
2817
11636
9937
5242
122
1922
8341
3593
1836
2665
5741
2871
8188
2429
9922
3975
1852
1873
373
12123
7506
7339
12030
10866
8671
6969
3908
344
1369
7420
7508
11755
12180
7474
6270
3649
3449
5341
6017
10208
9510
10206
5307
3382
11023
10932
10524
3716
10465
1784
4288
5984
6467
97
10920
1562
8366
5223
5212
4364
10324
5255
3363
10192
2805
6478
10397
6952
7519
3858
4566
3615
7487
8321
557
12191
365
2590
7397
3585
10997
7265
2240
8176
3011
7675
9742
915
1262
1520
1104
12137
10272
8665
5405
8650
1842
7591
5645
1073
6256
7317
8263
10840
124
3002
479
4570
3778
882
10270
12126
4331
6399
2248
3008
9414
4265
11825
1575
4732
5299
10557
2790
132
3854
10634
137
7248
10313
6
5626
11712
11797
1844
8104
2659
5619
3442
2421
5854
8374
5730
2988
3763
3642
2496
11014
788
902
10982
1394
7033
8802
957
8636
10333
3501
891
5792
357
1560
3965
6285
5252
5644
1524
1488
4786
3973
2562
3636
12023
3456
7073
3713
901
12001
4542
6955
6962
845
11600
123
9507
848
6520
10500
3055
4546
12127
8087
3469
9013
5716
8695
10876
5397
7485
4789
9124
5410
983
5708
8381
10632
8709
11586
2740
7703
2765
11649
883
7609
567
10946
3918
8095
7544
10684
2360
4524
5664
3526
8069
9071
4727
297
6486
3602
8065
5232
10581
4798
972
4040
3396
594
1269
6518
562
791
6960
610
999
11672
10552
9744
4957
115
7989
8053
5633
3669
5329
2910
7007
4069
5843
8470
775
8011
2705
8406
2230
2968
8302
11025
9411
8364
12009
10551
11618
5148
8165
11900
11087
7505
5180
982
2451
3756
1368
469
6369
5187
2408
3687
8289
627
3665
11696
8426
5623
5049
7308
2515
466
8077
783
12171
4280
7984
4961
8322
10618
428
9438
4989
9893
10994
7670
3824
3994
1457
824
10244
1458
7074
10217
10480
1327
581
39
8033
8127
9177
4833
8258
7996
1412
2380
995
3929
20
7049
9722
10574
1618
117
10366
10573
9920
512
447
842
645
3697
9886
8692
4060
8107
4282
11572
3425
1393
4767
409
5761
608
6517
7453
2259
3863
9399
1798
2296
489
1398
9075
221
10314
8716
10672
390
3305
10521
8510
2799
0
11598
7600
3993
2249
3927
6458
6545
8323
2848
9185
7424
6466
5444
93
10396
1417
10325
7318
7096
8086
1850
12130
632
225
7227
10382
3366
11775
10
4545
7553
9081
9907
1330
7515
7020
1600
6069
12103
11095
4336
633
1000
7384
4846
5685
1512
5198
538
2825
209
8138
599
12076
11851
4258
4754
7090
6888
5742
1375
3808
6046
9006
8663
458
2971
10926
3987
6508
12145
10693
12141
5415
3924
9724
858
136
5448
3885
2672
8760
10269
5748
4389
4393
498
628
2807
5156
3940
10844
245
5153
8378
1782
5366
4007
3450
5276
9910
3434
1472
10928
280
4972
9165
6036
8702
3498
236
362
9130
5440
7000
7010
1617
1523
11046
1253
8078
10874
8804
491
11589
11698
7625
7039
8456
6884
8276
4029
10637
9735
7009
2455
990
94
10988
3058
8809
5473
2574
7414
7342
3653
3523
6916
1449
11770
8040
417
8797
8250
7501
8211
12036
1392
5396
4346
12152
3699
9958
8790
2470
4953
3317
4551
1385
3329
9889
6953
3755
7990
7353
3306
1829
984
600
1643
12337
3322
8266
3774
12146
10031
2488
9761
10506
3600
9056
3727
8166
9038
1475
10873
10189
52
1433
4005
1638
1358
644
87
3690
10370
4601
12165
4309
3352
11820
1614
4050
1785
4592
2813
841
8179
7623
12104
1288
5250
8128
10921
938
9405
864
439
12158
3577
8256
11847
6380
6921
1318
517
10992
2934
319
11671
5190
11101
3787
8083
1004
4315
5798
3386
6954
1786
5986
553
4061
482
442
12022
12055
579
9491
757
307
10502
5436
11570
2658
7469
550
11848
11607
10628
302
9062
7481
9010
7995
7682
3977
3840
1006
3759
10510
1522
2425
6058
502
810
752
1811
31
5830
878
10274
4380
5258
1339
2836
5733
6059
7578
9739
8676
1536
11815
9949
8998
4958
8759
363
7644
3859
1087
3764
4960
5816
6440
9460
2366
11745
5162
1800
2827
2854
736
6509
5665
11581
2401
8307
301
10945
3986
6539
12136
10453
3893
5461
7663
7386
3729
12085
9451
9954
2234
9955
8332
856
5292
1351
7273
9514
3829
3538
9951
3723
10548
3999
3851
348
10610
11817
1881
5722
7358
2348
1419
9932
2252
10847
1382
4782
2999
3688
11999
11098
9710
1251
10225
9493
8112
10484
6075
10511
12372
8057
872
913
9026
6021
10709
9444
229
11091
4047
9011
4585
8275
11626
8222
1443
10319
1355
10341
3
4715
11616
4843
3745
11801
9450
7615
2315
12069
8343
27
1802
6964
2757
7443
8424
7285
1292
10919
12068
1115
749
7676
5771
4826
852
3499
7280
1624
8690
1244
3757
588
1888
10861
3023
1578
5492
5219
12319
877
4249
437
3509
8191
3643
8362
4587
9413
238
3407
5656
7659
6908
11736
6259
7051
12352
5354
6462
10705
8347
11613
6922
7624
3444
9750
2750
10240
5801
7066
1499
2739
573
11603
253
529
10293
1495
1861
6528
11805
3860
6905
8512
5177
8283
11743
10446
2804
6090
5145
1817
1587
527
11565
8417
14
8473
10378
1787
3601
12175
6388
6533
401
7666
1863
1080
10553
312
9995
4966
12345
5328
10526
2718
11032
11662
5346
11728
3902
3440
11099
8190
448
1325
3541
773
6890
2766
8435
11781
5243
3343
8105
5350
807
5795
6085
4811
1882
8405
925
11585
1337
6067
12007
9188
11816
7366
1476
7372
3750
10941
1287
5373
3418
9054
10258
9012
10289
9022
11813
3867
459
9111
863
1510
7985
10934
4594
5166
10851
3389
5336
953
10353
3734
2462
2962
3627
4359
5199
9721
5458
2785
6532
1530
6996
6494
8482
2722
10287
12373
131
11719
2499
12020
8028
3891
3694
10954
3455
946
1372
7095
7301
3411
2708
10659
9106
1903
10533
9187
2913
10466
1518
6448
10030
7690
615
7340
8639
3833
1885
3903
69
3957
10905
9429
11713
8068
3941
3870
8351
1015
5193
352
3996
11024
1386
8326
12015
12080
11116
324
10860
3707
5150
2347
2297
8084
1013
8440
7603
4396
10515
2513
4591
2930
10276
4539
10197
5702
7497
364
11758
7575
8371
6474
399
5378
1905
5499
12151
8497
2442
11092
3661
5732
5720
4511
5516
3019
5852
3587
4379
851
1656
11007
756
7435
8352
5519
766
4078
395
2858
6450
1553
5196
8014
4387
5143
2654
6020
9940
10496
255
956
7070
3785
1478
5982
2712
10973
2755
9990
5783
3749
11993
11686
9036
3345
9058
822
9162
2751
65
9736
10708
10421
2862
81
4977
8052
8753
10975
2233
6990
7462
8150
328
3920
4607
1348
2916
2841
5446
247
4063
10929
5719
9956
9101
5174
2478
3556
1546
1568
5518
2443
475
8757
5828
3064
8325
9176
10715
5423
11997
6061
5837
18
12053
3650
8748
11028
2815
11568
5670
19
1788
7036
9971
1625
388
5666
6897
1851
1299
10275
11038
9495
7078
6883
570
7465
3765
1658
7388
3991
10680
8293
650
7374
2349
3947
8208
6047
3543
10596
11738
6433
7268
9758
10963
11879
10665
10895
1583
2780
1820
6950
2719
7434
111
3016
3336
11645
8633
12098
8642
6033
445
7632
8475
263
519
3503
5372
2262
980
340
825
2363
9897
9437
367
10251
10913
44
5674
5172
8090
2261
5491
4841
36
9959
6267
10879
5220
8653
3567
2334
7566
8102
8015
1886
4553
1548
4832
3307
531
12110
5282
8792
7463
3604
10622
336
8153
2223
3566
11807
7617
3528
5375
10444
2221
8116
5474
3070
3459
3346
2370
5417
6405
5200
10881
2274
1630
5281
12044
4588
9169
3397
3574
7635
7027
2244
10952
4392
10438
905
9459
3488
5389
3708
539
4814
5266
8450
5176
847
5481
1812
11041
1847
8763
4076
4742
2994
2350
2506
10474
11812
3846
5847
9939
366
486
5432
8020
1246
1818
2955
11826
2894
335
128
10487
5188
7432
2570
1796
7620
425
5727
7019
2447
9133
5165
11022
8443
10398
53
351
12105
10979
7611
3762
1483
10317
9096
10504
9447
4978
3369
5048
7416
12058
10863
7579
2224
1853
4391
82
1278
12160
9494
10237
8519
3672
10455
3451
7084
3486
1285
8707
818
8683
855
12066
2756
2489
5195
11814
6476
450
1404
10434
10420
5270
4350
4600
347
1554
9067
8715
6544
3988
3353
8360
8342
6470
10015
7612
10650
2953
277
1324
5236
7062
744
9144
325
8660
9181
4806
4783
582
5476
7391
7379
4073
2299
8801
11601
2330
3338
11899
5406
12003
2926
8805
5764
8803
8745
11134
7422
3781
7678
6276
9064
1463
8367
10948
4559
1291
7369
10569
774
4791
10674
1529
314
11609
750
1914
12144
5700
1537
1599
5388
341
2892
1810
2983
9989
11882
4062
7008
8380
10612
10930
2310
12014
10969
6998
1243
8617
329
8505
9443
6083
4084
454
7396
8416
8170
1879
416
6536
5755
10265
8140
1313
11875
6392
8041
9440
4381
11803
9914
3546
10862
6893
1092
2752
7486
5361
2729
3898
7665
6080
5713
251
8678
3461
2802
2237
6008
11898
8285
8312
11569
3460
969
10698
11119
12006
9066
6010
8481
7270
423
7614
6063
3334
8375
9456
7567
5197
10315
2816
6525
2391
3521
3772
12353
10351
10291
1508
12021
4322
2818
5151
3873
10605
6039
4406
5851
4290
5429
3828
9004
745
10667
5295
2960
5279
7433
5343
10403
10855
9713
10337
10235
7479
4849
8739
9912
2483
10331
10949
7688
10645
2835
8345
11795
11865
10239
1245
4074
1918
8484
9717
5786
2517
5630
10922
10338
9095
9102
1875
1307
11122
7473
6062
3857
2463
889
6001
10464
5679
4579
10365
9047
2514
1574
3667
11798
10944
4965
1868
11121
5636
1848
5848
12328
1118
4720
11664
10471
6898
2908
2782
25
1632
10953
8705
9740
6385
1891
10564
8002
8279
11634
339
434
2250
1414
12174
11855
6246
10018
4304
8487
1579
11730
649
10910
309
857
5773
9123
1826
10957
2933
1539
10241
1567
7025
11066
2840
10339
1594
11896
9110
10412
3931
8773
6027
4952
2332
5739
11126
6422
7589
8775
2316
5632
4842
9427
2888
3620
6928
4574
2322
7440
9170
353
2853
3552
313
7660
797
4182
544
4297
7529
3012
6438
5228
2404
543
2783
10292
1910
1474
133
8048
6479
11086
5387
10308
10937
8620
3470
11653
1642
8021
3563
10019
7580
9482
5449
7530
4303
29
8706
12149
8432
8273
480
3895
4341
11004
2768
8694
9966
9426
3482
6949
5425
524
41
5500
3517
1780
3502
4087
5747
4287
9698
11059
7325
5758
3871
11751
8388
8625
3511
9917
740
5486
10306
6443
2378
2379
7260
1901
1517
63
5667
9904
7293
8335
1915
9946
928
9408
2917
8756
5358
9418
5418
12365
9037
7291
7258
1806
9895
10968
3939
4411
4013
1819
9692
11734
5157
5240
8365
8169
11790
5251
5445
7357
4334
11055
9397
10344
7232
4
8094
619
6941
12057
9760
5248
2342
3675
11036
211
4281
1453
2675
2501
10635
9472
7375
1093
12132
6546
555
8391
8675
2290
3838
1640
10858
85
6975
278
6040
2263
6493
7361
7319
5639
5183
10658
3635
2923
7649
2484
10676
4036
5312
7466
2775
8101
6501
11771
11789
10371
7616
8777
3379
6244
4717
9923
6447
846
5160
9749
5712
10033
361
11083
593
7302
2294
11072
6471
11051
2844
8751
6011
5403
9933
6403
4790
5825
1258
12176
1431
8139
7581
294
10307
4324
6048
2412
7637
651
9396
2748
379
2306
6408
2877
10253
7068
899
921
8502
7598
9969
7331
4263
8451
4053
8744
3855
7061
3367
5454
3020
5235
8521
8030
5697
11862
7365
11709
9488
7668
11716
356
239
2670
4313
2
3075
9190
2495
1659
9988
8306
8524
1498
1363
6904
4562
11761
4091
2964
3067
6038
7667
10271
410
11762
10927
7387
2440
8029
8441
12172
12185
5456
3662
3466
5301
9892
6912
9997
2423
4578
5289
9137
4788
1078
994
3654
3820
9690
2392
3319
3591
11604
6072
1091
10283
3666
2358
4718
6260
1008
72
12000
4735
1657
2281
7304
10983
4837
10908
11780
460
3414
3932
2573
9747
3730
4327
10880
5468
5672
11760
7691
5451
215
252
5442
8290
6937
10579
8761
10562
1074
4964
985
490
2409
5840
1650
9727
4247
3794
4094
12045
566
10006
787
10513
10660
3584
12362
11054
8181
2293
1377
8110
7430
11627
1101
10408
537
5313
11822
8357
213
8990
6071
930
10692
11894
7067
102
6943
6482
9084
3453
4035
10527
1500
7257
408
5401
6035
621
3618
10606
2393
1912
9515
2369
12154
2508
6401
896
8616
5457
3339
3881
2242
10518
3309
826
7314
1356
10599
3446
10322
12350
1270
1079
1538
1242
2851
8316
46
403
4968
1473
2581
6504
3801
7528
5989
9757
11893
11612
5407
10186
4522
4787
2476
5283
2326
3364
10205
4828
321
3896
12073
2734
2727
8670
1310
103
5628
907
9509
3384
8054
9475
6415
9483
6037
545
7286
12034
10213
10203
6911
8009
2833
912
9448
1383
8749
3073
9942
4398
1654
305
5705
5498
6378
3447
12187
2490
3022
4954
9772
3565
24
472
1660
8410
10437
2420
7309
513
8056
808
77
11107
4046
2976
84
2505
9965
463
12138
3013
782
5348
6519
10589
10447
6502
88
3768
4979
8281
10917
1544
5467
10209
9466
2344
11878
6483
7520
4008
10703
3966
1621
3725
8274
12096
5749
2465
10479
4372
9751
4355
427
5472
5990
10495
2504
3834
2319
5210
7052
2301
8066
2284
6455
11740
2996
9098
10697
5687
10352
9470
12087
8654
3320
1501
10295
7564
1329
4745
5775
9119
3990
8173
1345
6522
2260
11749
3905
5618
12164
9501
3779
3332
10461
89
8479
8060
3603
5844
7499
7441
9406
12106
2400
7449
10284
8305
488
10685
2384
2340
2745
6530
12193
9424
8729
1239
609
4021
7483
8314
4254
11682
2897
4332
1076
4335
8022
10987
4540
5
8459
4028
8822
10457
4801
10572
1482
5205
1083
1619
504
12032
2819
3930
2313
7444
9153
279
12147
10429
10247
1257
67
5053
4746
6030
2502
3380
10221
9693
10629
5211
2956
4973
4823
11010
3374
871
12065
11804
11837
2218
4252
6416
2339
11742
6496
2314
4082
6480
3782
735
11839
4756
3527
9508
12161
5260
767
8455
8262
3539
10707
10577
227
8685
10595
7321
3874
6265
8746
5994
10182
10970
2381
1
1514
1639
2655
8059
7634
7664
3883
2282
7047
2713
10304
1438
2302
4340
1094
6242
7546
9894
926
12008
10841
1911
11684
3641
11633
3051
10647
2724
10706
548
5767
4386
9455
8395
1577
1425
10604
8340
7523
979
5657
438
457
2777
10501
624
2471
1434
6456
525
7516
10268
9042
4314
12153
1893
949
372
2264
568
12005
1605
5797
2899
9020
4713
4586
56
3616
2331
1596
5237
7263
10980
12359
8159
1855
3995
10008
3844
5273
1009
10405
11042
8148
7532
6079
10456
5475
5435
8717
7652
5478
1347
331
10296
9143
3595
604
4975
12159
11081
12125
4360
1426
2414
5286
422
10214
618
8518
5178
8784
5360
10482
6064
8622
2671
1616
12178
126
9070
6375
5999
265
9401
10654
12070
7242
7427
12339
11031
5278
6967
5746
10531
9711
11677
2405
10301
1454
10901
5215
5690
9931
3897
9732
12135
7452
868
5465
12088
4075
5224
6889
3430
7305
346
895
8080
9061
8160
11704
3644
8061
9139
6512
5756
8126
6394
7243
4816
11665
73
11860
8171
7251
343
11069
2268
10580
7576
11683
5345
8299
1301
586
7590
10211
4276
1294
7269
10207
10329
4593
2580
11035
6041
2904
10297
1652
1331
3872
4520
2876
623
11824
4810
10962
10442
2228
11690
2861
6435
386
3775
11700
8768
1807
4750
7028
3500
4248
7693
8621
2944
4020
8225
3555
2822
4967
2500
2298
9979
3976
8769
8741
2887
7419
11132
98
8355
6016
5817
11741
12075
12112
8652
3614
1822
8819
2232
3926
1451
7698
8488
3402
11777
10661
4308
7288
10358
4361
9
2890
4377
9916
8997
9962
9425
10878
243
275
8043
7704
8522
7415
7641
8257
11726
3404
1552
8635
8767
2373
2932
9486
2321
7586
1439
10490
5809
4373
968
2450
9774
5704
4358
3328
6093
8465
10443
3832
3878
286
8811
2507
7092
780
6965
3572
230
3373
5831
7272
10347
11039
4095
6918
1354
8816
1466
9890
1899
8764
8466
11003
4057
12109
8313
5471
10713
3507
7076
8207
2879
6933
7512
419
6444
6284
8184
7394
7502
11667
5728
6971
11827
10839
4595
2585
8829
2271
3441
9972
2947
10870
10321
42
2424
8782
9500
10985
11838
1874
7294
3809
5182
2959
975
3886
8752
3431
3304
559
10011
1290
254
8486
7393
4295
1014
9489
4273
10625
371
1559
8516
9025
8666
8742
8725
6279
1107
129
11810
8122
5460
2304
10955
9921
3717
1467
248
8349
11120
5306
7431
8513
4261
12089
2920
10906
9118
646
3715
5319
9465
8449
792
8038
1465
9496
7661
1084
5438
8684
9471
8758
4575
523
8989
6281
1608
7655
8504
7556
11725
11670
10893
11006
11774
7275
1778
2834
988
12332
8662
2367
8125
12004
7500
8331
7588
9412
6900
11828
7345
7535
3612
5624
1389
8396
12054
2427
8442
4054
2798
4385
3622
796
2575
4534
10026
1570
8309
5164
823
8623
4089
5335
7087
369
10345
8046
11027
11071
8478
12155
12051
2459
7253
7658
958
5781
7005
2474
7460
6396
843
2337
1924
6073
8393
5453
5807
7555
2977
6055
7540
7643
4822
10327
3544
7094
12370
4407
11049
2885
9707
10363
1089
7256
6987
2498
9725
2921
8727
12342
8430
8271
6082
12056
520
3439
5715
11661
9752
8019
9178
7021
8793
10555
7015
4561
5394
1081
11782
4851
8137
10576
3818
4981
4781
811
3049
5689
3979
3454
8311
5222
3913
11578
10887
5399
4982
8186
9885
5274
10558
9936
3333
1613
4603
10335
7079
8664
8115
10488
8433
9039
1112
4723
1880
6917
2333
1441
234
3702
11594
4775
2394
5479
38
342
3751
11733
208
449
12119
2929
443
4275
2512
4317
7389
8814
1082
8644
7234
9908
3788
8515
7017
3484
815
3605
10330
3518
2726
2905
5217
7022
299
5413
10195
12182
3814
360
4969
2305
5495
9015
4065
11863
4262
9905
977
5787
10711
3550
10603
5649
5496
11869
2516
7300
11886
2272
7648
2969
10218
5661
9090
1612
10668
3522
4257
5813
739
7381
5803
9476
12163
9415
8259
112
10470
10224
3344
2800
2743
9163
10418
6982
778
3925
5300
6007
3945
781
9113
8361
2961
7999
4568
11002
7037
12334
5686
5737
993
8183
12329
1898
10869
10584
10489
5517
8499
7261
880
7993
1566
393
4974
8099
9913
5711
6045
5824
4847
1481
101
3791
602
11078
2286
3573
10376
3830
11073
4025
3841
742
7011
11566
892
10023
7577
9983
7550
1576
5204
8042
8267
7249
9121
6490
57
3047
9944
1252
6446
3812
6513
3958
12133
777
7306
6887
6009
7480
8493
3989
5318
1641
4376
4743
2231
5992
10602
910
4349
8713
6488
4382
10541
7547
1573
8614
3736
6495
4394
2936
11903
7584
4080
954
11842
8779
514
5371
2328
11691
5796
4589
6498
8815
2786
2669
996
11100
11669
3678
509
5684
2329
10381
2754
11587
11829
6526
7548
8215
4821
8117
574
2981
11904
1116
1406
2924
4705
8265
10631
11079
2982
5316
1636
3900
5253
10243
813
6381
10947
320
5520
2320
10619
10843
9492
10430
5427
7475
5482
10507
10865
6514
1367
4307
8651
5724
948
9009
1859
8199
8098
7226
1824
6948
2255
5310
812
233
4714
1471
9398
9078
12100
4509
7316
12092
11135
2300
1300
571
8812
8637
7597
4731
10924
7405
6511
10407
8403
3547
12019
1503
6475
2737
5420
9477
12031
5976
5735
7024
6052
5365
978
3795
1801
1390
1450
10998
9961
8778
9416
5469
3673
10231
3914
8453
2704
9699
1511
1456
12090
6420
7642
10188
3003
76
7495
8770
231
3519
939
3613
10435
6472
8485
12039
10601
5820
6070
1464
786
3899
1814
12129
7700
3660
10546
6993
8282
4761
6500
5342
235
259
2714
8672
1106
10609
2943
2735
11063
10679
6891
3771
829
3540
5826
10522
8641
1240
9145
3474
12186
9709
1001
503
2957
10387
3347
4845
3632
5384
7266
1322
10681
12095
71
12363
8390
6958
5275
1858
3420
6521
919
8818
4343
2385
12148
10264
8163
9462
3496
9423
2285
3967
2779
9999
11075
1272
8287
10958
11675
11614
10406
11695
5379
5637
4405
5782
6429
10433
10539
431
3783
7448
2706
4058
8172
5323
7569
8496
1100
4067
12097
3692
8131
1407
10400
4838
2667
7013
8109
1281
1589
10567
2820
10472
3982
8147
4840
4573
5272
9487
8613
12063
3569
11647
6389
474
5621
332
5980
3720
8511
256
7362
5344
3315
10223
11996
10972
10615
1631
9485
10002
10286
4045
11788
7534
10402
4302
1634
4072
3514
10549
8457
3348
3471
66
3069
4527
10193
3847
8429
1413
4971
11666
6245
3057
534
4703
6983
2266
9513
6395
9982
2295
1846
2324
1815
1410
8202
3815
1867
3817
4306
9019
6023
11648
3007
3944
8492
1444
8050
11068
9103
3705
349
3578
11783
7674
326
293
5709
4354
1070
2308
7323
5725
8384
12002
337
9172
12366
5439
3845
8412
6932
11043
8719
10261
2986
4737
7245
10483
10424
9125
11706
9184
10560
9730
10427
3467
10460
1487
3554
9005
10656
11905
1447
5154
5314
8261
2845
1271
8659
1422
3337
5315
2473
7696
943
3340
518
7042
3391
9745
10547
9899
7089
6491
970
7014
2346
3493
3508
2723
12150
4019
4367
6449
8437
9439
3917
8747
10355
1263
959
6042
11138
5682
10664
2493
3497
5659
7006
4305
9773
3746
11891
5655
9481
2938
3463
1603
4804
927
10666
526
5452
7631
10516
1865
4549
4090
7307
5412
8787
7439
3017
7638
11885
814
6414
10436
8458
1334
12016
2445
11125
5794
8480
965
12341
9160
5414
10386
3462
108
5784
8646
11724
10354
976
9024
10911
2958
10995
5483
9768
9164
9157
5736
554
10532
6024
3368
8081
6427
9474
635
3624
1795
8419
12369
4400
10717
9888
5671
8194
8175
9759
10683
2372
5660
92
7679
1111
3476
2403
3793
5206
5256
7622
4277
4009
11754
3937
5391
210
5303
10190
6400
1428
10477
8736
4026
6436
430
3400
569
4330
5271
11131
5611
2950
7310
6929
10857
5424
2856
4526
11117
7083
6540
3060
9430
9445
10586
597
47
493
3349
6489
5262
6426
8329
1298
5370
11013
374
3963
7312
9479
6013
1421
11123
4298
2386
2395
1374
4048
7290
7403
7060
1505
1821
5777
1607
1839
10673
9000
7289
2952
9743
3726
8446
2269
1323
8337
3419
800
249
1497
4388
5175
11084
7587
6465
1448
2763
5680
3737
2832
1611
1395
2883
8106
1916
5280
1238
8017
9705
577
5985
869
1436
875
10592
11744
11080
1543
1303
10288
6031
3490
2717
4041
10641
8408
8067
4064
934
9469
6097
1555
8789
2406
738
819
1883
2855
6523
3301
6411
3551
801
1362
2435
6481
7032
1284
11841
11840
4956
11637
8252
9753
4031
12368
4531
306
755
392
4018
3510
8201
4365
5338
62
10565
2978
933
2990
5296
9043
3822
9410
1341
12122
11809
8091
4253
11998
2219
532
1090
4830
9968
12093
9115
3308
61
9074
7411
3922
8991
4403
10575
576
1248
1491
12116
3695
6087
3972
270
8206
5287
3562
1344
7044
4768
8010
3405
12364
9706
2460
4000
8468
75
6931
3489
10439
8820
5753
3065
1391
7322
6268
9984
2477
1843
12048
3005
4070
4777
1904
5169
5627
8737
6248
11901
5421
8673
8394
10538
477
7048
4292
9964
3520
866
6066
10639
9718
8055
734
8796
9168
2361
916
7072
9073
291
471
3681
3372
3480
8338
4289
274
7699
5511
10263
963
4260
8826
5726
2830
2253
4569
6516
4772
4730
9993
5241
10991
2828
4268
3586
9069
12113
8999
8491
8656
3704
8645
6032
5302
911
4409
6986
7511
6505
303
5297
5718
8612
10404
4760
7030
510
7551
7592
10652
2803
6393
8743
9898
10212
7426
5521
3646
9977
1274
11676
11657
7341
1411
3663
3399
8460
5239
3640
10448
7694
6025
2784
10977
9154
546
473
2318
10425
9986
6384
7601
6096
2464
3983
3617
10229
5668
13
11711
3331
6468
4597
9715
3888
10617
1373
1277
743
10184
3375
3962
9446
8682
3875
8382
3619
8987
34
4010
2458
6028
8799
7542
1647
11705
5376
9436
8731
10967
7447
8035
11994
4362
7392
7085
8383
11852
8628
11089
382
10897
1828
8712
11902
8136
4017
4274
1648
507
7489
5977
2309
5428
12047
11020
8255
12041
2351
8320
2480
10951
3981
8817
4556
10391
8118
412
2997
1455
7271
8640
10377
5790
3831
1349
3952
4316
10682
3848
10451
396
4032
1403
3651
11094
9902
4836
3656
11590
6243
222
6094
3706
9906
9777
3949
7482
9927
7988
11624
9697
4598
2972
467
4003
7054
12118
8082
831
414
4329
4320
1526
10613
2993
1789
598
2387
8220
9963
4785
6002
8013
10670
12190
5998
10469
10372
411
5231
6988
9901
7538
4269
1416
1096
109
8733
4291
9497
8071
533
11076
7606
7038
134
5493
1095
7282
3936
368
2987
3747
3006
12333
4256
8187
4590
6391
3015
10385
859
359
8711
11642
1506
7545
8129
4800
2787
4518
5778
4294
10696
578
3735
8039
2375
648
8771
967
9703
6938
5490
1509
8810
2245
8264
7254
2389
4554
10512
7046
8141
10556
9141
10559
11850
3436
345
11773
7672
3506
8359
10942
7088
5247
2874
10233
5641
9030
11849
7507
2662
1569
8428
8439
4066
7296
7333
10888
4773
3009
2985
637
3964
3629
1418
1424
12320
5833
11103
11778
9484
10494
10710
289
9915
6428
7407
1557
7446
10362
4740
4401
10514
9454
874
3761
11047
3770
79
9431
207
461
7324
7677
1402
11062
2416
11611
6095
2801
8631
3980
5509
11681
2839
4950
9926
11139
522
9083
3314
10960
2227
10413
8253
7492
2220
11673
5340
2991
617
5842
11895
11652
7349
4815
6050
1366
11018
10590
10616
12
2900
8788
7278
629
276
7056
7596
4342
8007
12338
9003
3607
7595
6266
10663
2452
8182
2810
7240
323
616
6966
10543
11693
6992
7461
7478
1531
3326
8718
8414
4605
2715
10300
1308
11811
3358
5979
7464
7476
10544
7346
5810
7236
12024
212
9903
11688
3696
3790
5351
6469
10323
6997
2796
10925
1326
8158
4725
8806
3052
9741
7023
1637
1549
8286
3395
10360
12079
9031
9775
3686
5629
7429
10416
12025
7987
7373
2711
3000
4780
7571
11001
440
8469
7016
6437
1527
8216
3388
10519
11057
5046
6924
5707
9970
7041
5838
5355
7552
5768
542
986
54
2338
9091
4951
2341
2902
11114
4769
8103
3050
9769
1249
4397
8703
11717
11052
9746
642
10678
452
7267
12356
11806
496
4990
8523
11668
5364
10508
12108
3426
9166
3599
1629
5975
10423
2843
7344
9754
2791
1440
4038
10492
924
3880
3561
3984
2565
9068
3580
7636
3583
3609
3777
8227
446
10302
9896
7657
3773
4819
10850
2974
10607
10525
8295
7040
1532
9150
7524
2283
6367
104
8827
2383
11110
10326
639
10651
8445
10594
763
7276
2837
1645
9127
10282
5290
5745
9173
5497
7327
7467
9422
11818
4726
5249
5850
1316
5845
5325
6371
12050
762
10399
1468
2434
1494
5246
10226
3789
11701
1533
7238
10582
80
11872
4962
10884
2567
2823
8045
9108
5701
8723
9147
10277
2589
11050
4753
4550
4764
5488
8203
5800
7509
4850
7640
9421
8212
4606
11876
4762
1649
1862
10415
2668
5740
10281
1584
11856
11597
9919
3724
5766
9767
3760
8178
7650
5658
7628
6896
1415
10640
3350
6379
5811
7563
3437
6445
10871
2812
1592
10568
10452
2829
10194
7235
10999
2967
5214
11012
4267
1365
23
5694
8680
8324
10540
12167
5503
521
11644
216
6272
3683
853
1109
4525
8333
860
5400
10013
7701
8415
9498
10318
7669
11115
592
3668
405
11870
516
9086
2436
9731
4016
11112
11737
4339
384
2256
2824
9729
310
9909
1876
3748
7284
10864
11579
2467
10892
1902
6535
2769
5321
10367
3861
10273
10845
11655
8064
11058
8130
5477
8750
8407
2666
282
1837
7233
5334
2456
2276
12061
10267
1917
7568
5663
3626
10620
10303
8168
10204
3516
7058
1260
7541
12192
3589
4024
5757
283
10254
5752
9142
10529
11779
60
1493
1626
3915
12134
4250
8474
8738
9044
10624
3533
6935
11037
611
4086
10215
9040
8221
10695
3597
8411
1793
8823
1838
3325
3864
10210
1314
1653
11656
2487
760
1610
4285
7018
455
2241
5620
7457
4410
3738
4378
226
8501
8688
8762
10475
214
7400
11747
8189
1311
8156
5144
4759
9756
5047
3056
485
261
1783
973
462
1446
3385
3835
26
1816
908
1489
12077
989
3468
10642
3744
30
9016
10657
9449
5696
1445
558
2747
3071
8100
2728
8003
5762
11718
886
10458
2355
8092
2345
6076
10662
11765
8425
8154
5374
12183
4337
7045
2438
2915
11887
7075
2954
7991
5635
3061
2771
4311
5839
5763
10432
11808
8096
4351
5780
5508
12169
11106
4384
5171
2998
11687
11641
1854
5647
6387
10350
10390
10401
741
1452
4272
8334
10242
2323
11658
7477
8447
10359
413
3625
10971
6543
2781
2909
402
8310
8454
1296
5158
606
11610
6459
8634
7012
1571
515
11108
10712
6541
4368
9516
1590
7610
105
1872
2891
64
272
1541
3048
7303
5789
1644
3445
9400
10849
4266
11097
7237
556
6951
7514
11033
7082
11580
5433
10499
4092
8193
9180
12083
8389
3942
603
5729
2277
10310
1564
3429
4604
941
8085
865
5834
3884
11129
12323
7385
2258
10417
3558
1486
4565
5688
8438
638
8339
4033
10907
10245
2746
5996
8452
12354
1297
242
5988
790
10029
3876
10498
6056
2402
5484
5368
9504
11016
10216
3623
5450
5317
9132
7629
12101
8177
4271
9435
4002
7493
8776
2486
6978
1825
6054
3592
1397
3487
854
6034
7994
5463
4984
7654
8032
2278
1086
4733
9702
2325
4808
2761
12038
1866
4802
3752
3312
28
8223
481
3525
5822
849
3324
8444
3559
1490
2867
9097
552
12324
12140
2257
8298
2826
1317
5050
3606
3323
8369
3408
5386
7684
5622
8047
6925
11130
4369
7425
11137
2510
3443
11692
9712
952
2896
11897
11715
785
564
2428
753
3422
805
5052
2875
10375
7231
10380
6373
130
12062
6423
2989
2485
9048
5330
2809
2453
3933
9517
2842
11796
3677
3359
5437
9053
3381
10669
2441
6984
7877
11866
4983
11029
10320
8200
407
6264
267
5515
2226
8476
10956
2773
11864
918
4824
3909
10882
4817
1827
11731
3316
12033
9161
2653
10034
3819
7438
10935
8506
9748
478
4296
6442
1266
4055
6487
11096
10497
4797
10714
11794
7002
3327
2571
9055
11766
3021
1845
11834
3849
7031
83
7458
3004
5051
8618
2444
4803
1923
11573
5168
1247
8023
11689
9065
2673
4286
10868
12028
1378
511
3879
8155
3802
2776
11791
508
1289
4970
4093
2472
10856
960
3465
5455
9468
3066
3479
2753
7646
11739
6985
10449
4555
8144
4988
11867
8379
9734
4609
8647
7055
3869
8828
8008
8254
4052
8995
1469
8786
8308
311
12084
10848
5846
4395
7255
4716
8031
5754
5510
3313
4370
6995
4338
2449
9134
91
5651
6051
8988
10633
3494
541
7490
10246
2860
3321
1528
12162
8735
9085
3464
2492
1259
4042
8649
11654
11799
1359
2703
12052
6970
2576
10571
7368
5259
2806
10426
8461
2437
2951
6538
6000
4558
385
4829
2267
10027
5983
5392
1604
3621
5285
1565
8500
3959
7627
135
55
2343
70
4722
35
5390
1525
10653
3438
2382
10409
3545
3409
11884
8434
2789
2563
1400
3639
2583
5617
4345
5765
5426
10536
9925
7413
2660
5770
4548
7613
8674
5363
2374
6942
11067
4184
8097
10542
7421
6980
5308
6247
6885
8328
8108
1655
4321
6531
5267
4079
11832
11030
3492
8370
6515
2772
5225
4510
1877
893
1884
769
296
2243
2303
220
1255
10374
1779
464
8006
4383
6068
8648
1102
922
3424
2919
5398
3780
2568
9136
12010
580
9506
11596
10255
3457
4825
3371
11102
398
8626
3821
1516
3536
11679
9985
2927
5734
10256
6026
8720
7370
1892
7026
7626
4301
10626
6012
873
7537
8992
900
641
2774
1519
10373
835
1889
8330
3433
1504
9182
8161
7071
3553
9404
5244
7259
5430
2422
7572
3421
4278
11026
3637
8397
3392
1306
7395
1860
1561
2368
8795
5819
217
3025
1841
2922
7402
8686
6906
9057
7436
2725
4728
8687
1320
7401
4582
8420
9183
10021
5269
2497
3712
754
5505
5678
308
12170
11008
10534
5054
5464
4348
3890
8632
6252
4757
4011
9099
9140
6372
12018
876
284
11836
3390
1835
11830
1099
8027
2475
11040
7059
2973
3652
8701
4177
5347
1620
7531
11602
10578
8350
7380
9992
5163
3412
7702
1343
5055
647
6907
7363
3435
5791
11595
5654
5357
8624
5802
8421
10915
565
10459
3318
1857
2656
6499
1547
2893
11632
2663
1312
8615
820
3868
12349
9943
5614
6947
1878
6460
10445
6382
262
8269
8151
6936
894
6424
6527
10996
6473
770
885
4283
10230
8423
4178
1460
931
10012
7543
6430
5380
5823
10699
7364
2457
4778
7277
6946
11
1381
7063
1556
3611
8368
2353
5744
11599
12117
8114
8494
3732
8726
2898
8785
8463
591
733
5265
3590
8780
4749
11752
3428
8152
5721
9716
2831
10238
358
12142
1007
7053
6404
595
4326
6453
3882
12321
7472
7583
10853
4711
3827
9998
8525
5322
9007
8143
1496
10280
5404
11048
8661
5305
8134
8214
10597
223
3679
10877
2371
10854
10017
5774
273
9978
4581
1591
2866
5849
10687
1477
4755
9407
11833
12340
9453
10014
7228
6894
1384
4580
11702
5327
11857
7488
7295
11720
4538
737
9478
257
3564
7498
1117
3452
12067
9696
8708
432
5333
4059
5186
4770
7456
7562
10388
8774
10009
920
6004
8001
3393
8387
8260
11064
7390
1790
5179
7697
1870
476
11753
3721
11854
2793
9146
3740
7484
1409
5377
867
2418
7035
1315
1370
12181
125
2884
11859
8157
8270
6902
12042
6981
3843
6261
7536
9094
9131
12326
3401
1396
1563
6406
10290
3682
828
355
6397
8508
11890
9032
4333
904
3001
2431
8075
560
2767
3797
10867
6251
9077
10343
9945
7069
7639
6263
287
9929
2288
10986
5294
2398
334
1268
862
4560
404
7618
12331
315
11111
536
424
4599
3934
11090
6977
4532
10003
6959
7539
8113
1913
9776
3676
4312
929
771
4022
5506
11019
5431
4085
107
7607
7383
8392
7279
11800
5779
1895
8825
8121
9941
49
4608
7685
5692
10938
6283
6497
585
4707
4799
8520
9900
435
10943
9046
917
2731
426
530
10334
2413
1346
5181
955
987
10509
10368
6419
10450
5359
9928
4181
8409
2721
7633
10875
6271
10200
2246
11723
1461
8058
8498
9884
1459
4739
40
11005
5462
7442
6410
10950
3953
9093
612
5788
8219
630
12072
8133
6015
1831
7504
8517
590
3647
4390
8402
2925
5229
10585
1340
5501
5304
11823
998
118
8398
8344
12347
9499
6503
5383
11009
465
10476
7651
2388
1103
7997
5750
837
4408
10890
10636
11871
9967
2847
3524
3691
3798
8691
10219
1606
6277
3799
6452
1005
4736
3811
4704
11093
923
8696
8196
3357
10336
5191
8000
318
8315
12102
11000
4044
2566
9017
10903
2906
6973
3596
6524
8209
2356
7057
1479
1333
8385
250
1609
9973
1588
1364
400
5821
421
10220
8611
4515
3971
7382
5706
7662
2821
2808
2674
5207
3365
2359
10227
806
1237
7330
266
758
2572
4251
7297
113
8195
9957
6383
7653
10611
1871
528
375
9700
501
7565
4959
11768
114
3068
11697
3823
5216
1907
3342
572
7356
10677
6432
636
9002
6018
3481
5185
10468
10671
2229
4536
2850
887
1920
10364
5675
1432
940
6022
8655
433
5648
8490
11629
4721
1492
10545
8272
8111
804
6275
3961
4523
7604
8495
453
6492
3784
10691
10285
2275
1276
4813
11750
1799
7239
7377
3655
12046
10198
5487
10621
2716
2411
8798
10689
1890
12107
5793
9114
