977
236
665
141
567
1058
143
725
476
928
309
1016
584
1081
175
408
552
169
158
683
1052
423
960
1021
547
934
106
67
87
831
657
267
597
529
378
541
34
42
650
229
860
190
162
699
854
313
792
380
287
806
427
117
647
497
493
391
963
318
903
431
1027
669
231
54
134
108
539
610
31
102
633
183
946
1007
870
852
470
729
334
475
649
1076
21
407
904
325
896
153
446
575
1028
332
562
201
85
848
974
511
420
283
949
315
580
892
1082
762
710
474
935
894
1025
28
866
782
673
386
12
445
713
656
998
884
719
767
121
945
825
100
662
608
574
135
859
807
740
1077
7
905
595
1015
248
319
69
167
530
705
298
104
1040
265
997
160
621
390
618
534
394
1074
1068
88
579
728
815
810
822
942
543
804
20
1017
181
569
704
80
209
361
148
908
990
1065
482
568
1041
933
98
258
939
464
950
537
788
27
746
1022
1060
228
941
561
1000
107
840
507
523
879
953
566
802
577
759
463
115
898
487
681
836
515
542
99
834
572
659
76
416
646
152
966
125
439
849
871
501
901
376
186
500
362
531
832
1014
182
396
55
907
220
32
150
514
399
415
105
781
364
354
962
274
536
485
658
215
982
174
750
964
299
496
841
967
1064
489
776
518
589
404
629
406
154
194
838
261
337
707
640
654
744
559
1010
295
900
995
797
71
419
196
311
674
519
180
787
692
868
438
975
413
504
833
251
749
770
448
205
897
727
886
277
40
144
680
96
170
824
521
260
82
885
628
890
503
593
139
796
748
93
551
671
1061
347
58
861
263
609
664
301
883
701
335
917
893
488
506
723
715
45
930
752
62
827
320
735
576
623
483
712
678
596
434
601
74
731
388
1056
648
642
484
912
730
426
304
19
943
382
53
548
409
931
737
711
502
1067
326
345
357
768
959
241
1057
1049
686
116
925
522
418
136
887
245
694
403
49
387
812
698
400
495
307
499
909
329
239
927
626
571
214
259
816
81
636
872
991
155
187
384
565
613
911
857
10
842
769
492
1023
844
741
351
766
145
761
198
272
874
532
1029
940
262
222
591
233
670
644
553
429
490
381
212
225
1001
202
472
366
996
696
103
799
395
246
341
164
86
430
979
440
843
147
350
1026
604
837
800
270
199
987
1043
1046
437
435
760
587
747
821
204
112
938
718
863
616
535
3
528
126
891
688
988
513
468
779
533
578
508
716
109
520
835
663
978
914
877
516
786
373
667
954
375
454
211
645
1045
1032
612
342
745
133
919
845
583
1048
486
652
839
459
637
75
1071
234
51
606
653
352
1039
811
585
994
875
992
545
305
554
1003
256
1031
161
755
801
282
39
383
505
289
809
138
247
360
969
527
95
424
989
163
226
918
830
850
980
789
339
296
127
1034
279
314
249
37
1078
1009
592
207
456
89
185
1033
398
168
582
370
244
379
254
981
151
687
461
273
371
179
560
895
292
638
414
281
192
195
828
243
661
455
855
888
814
368
29
558
689
405
26
401
238
38
481
268
101
410
436
227
600
902
957
643
915
442
820
84
15
48
176
1066
171
466
57
149
290
221
1018
24
218
677
724
288
556
8
1080
968
1075
790
203
97
619
130
851
607
774
412
617
359
668
932
110
743
598
524
425
639
433
753
458
250
498
586
79
1038
324
77
285
428
570
676
818
402
697
590
936
2
993
385
693
563
573
165
1004
1011
208
853
264
91
620
1044
328
191
754
451
742
460
1073
756
819
365
622
343
9
224
193
367
450
564
733
1055
948
331
22
6
469
491
358
232
813
1008
627
1002
255
200
213
555
142
253
509
303
923
1012
603
732
631
805
348
70
266
602
599
52
722
826
881
512
16
294
269
682
798
517
432
1069
984
291
197
1054
878
83
189
856
1005
937
672
284
873
1050
889
641
302
473
353
920
316
926
550
271
389
846
751
159
312
300
4
111
210
480
322
338
275
525
146
278
955
65
829
922
757
17
717
43
0
970
465
172
330
709
355
913
655
634
453
252
1035
862
771
363
952
867
611
1059
605
73
