603
133
780
908
81
92
519
951
425
544
241
253
941
356
530
861
724
457
219
489
110
792
665
1004
929
647
396
564
2
940
122
722
555
659
781
694
906
11
869
560
401
833
920
196
59
404
31
641
397
164
198
154
337
88
873
965
896
147
950
801
642
277
132
260
975
283
846
746
438
741
177
1023
917
589
687
439
174
142
412
856
740
312
934
423
139
406
165
578
559
321
484
173
584
244
118
583
725
774
1009
769
679
863
362
733
706
429
451
756
415
35
632
818
424
1027
379
458
901
136
159
207
231
742
39
71
785
437
921
230
426
149
63
491
447
471
842
671
657
265
622
1013
282
495
693
738
614
377
498
960
347
766
893
443
572
615
453
402
824
271
325
688
675
99
627
808
101
70
581
667
416
240
1016
167
294
795
643
838
987
155
381
889
527
630
909
227
758
686
511
644
902
855
191
117
162
300
501
10
812
898
233
723
158
98
822
464
417
831
713
468
193
521
755
862
150
932
571
32
815
894
295
814
65
403
1014
399
672
494
292
280
370
887
24
181
503
422
394
184
930
7
853
229
435
634
413
911
208
291
43
1026
840
786
532
369
680
91
310
444
600
333
273
700
800
320
881
427
214
199
130
232
302
698
857
924
225
691
127
319
727
847
913
375
809
239
46
463
662
757
42
948
1017
624
666
714
1008
736
103
729
590
83
79
433
970
533
180
762
434
40
217
350
287
797
669
565
197
884
19
492
879
799
1025
735
743
90
1030
27
547
817
654
899
97
639
787
137
440
1028
13
596
926
772
868
997
121
745
715
770
305
262
332
512
445
380
359
353
998
334
860
978
480
62
336
431
467
575
844
487
157
570
461
553
36
358
905
592
276
1001
466
598
794
352
967
251
938
813
1010
14
816
900
618
976
298
604
206
307
242
170
984
134
411
1020
562
845
995
904
238
254
493
469
637
611
378
1022
935
748
481
1002
783
999
513
719
200
160
236
925
470
56
907
964
697
226
959
617
609
953
522
616
807
864
414
218
268
949
0
828
728
80
966
29
343
730
202
538
228
914
252
848
84
408
126
676
331
568
663
897
432
205
919
499
107
436
652
41
284
621
536
619
104
910
526
308
751
567
22
28
810
540
339
215
980
779
6
778
636
60
259
392
602
1029
972
516
388
918
67
367
1019
699
222
835
266
328
285
274
803
9
931
172
549
77
927
102
631
105
201
3
674
301
281
623
72
739
837
116
221
961
661
954
475
892
718
338
185
670
563
216
506
299
243
100
620
878
497
140
628
371
85
811
135
288
483
645
576
421
876
683
759
146
542
776
364
382
1005
1033
329
852
994
696
82
916
915
1018
952
15
597
496
212
502
324
351
454
261
819
188
330
827
479
574
376
314
4
891
169
963
996
89
660
767
257
613
374
717
418
705
594
943
34
678
86
175
322
106
348
866
452
937
346
956
76
211
17
490
390
588
989
551
712
529
737
969
153
1007
535
541
309
638
365
804
806
843
701
179
315
53
587
474
682
646
345
87
442
488
858
263
732
203
69
476
410
703
782
248
446
523
51
306
509
556
601
94
775
1003
49
1032
539
1021
363
50
210
749
990
704
874
47
129
834
323
754
455
569
968
977
340
38
543
209
327
114
44
391
942
279
395
204
141
882
54
664
633
875
946
548
124
37
450
1024
595
973
841
317
962
23
656
18
734
341
791
823
777
393
386
773
115
957
721
131
151
789
988
258
955
983
731
890
677
1
465
793
74
25
30
514
247
473
33
673
606
974
93
430
520
269
486
832
880
850
591
650
335
145
405
557
593
826
945
420
912
485
357
607
73
870
510
385
531
851
5
194
120
166
788
152
190
313
318
1011
20
586
854
790
183
836
871
66
383
707
249
649
296
752
462
156
113
304
186
12
1012
561
760
865
883
