858
19
37
872
842
825
460
1053
639
932
116
1026
337
614
397
650
1056
295
785
834
319
743
1098
649
572
263
94
1185
783
258
142
819
475
1161
994
921
472
1097
1170
76
1168
203
1054
716
597
465
549
985
505
507
648
1047
100
15
445
1179
907
695
517
779
1162
992
400
1012
67
1142
411
1095
553
916
119
313
542
495
1073
62
36
616
1114
763
656
844
1
1031
476
165
1100
167
255
459
674
331
124
1123
739
780
544
391
1066
372
524
292
670
184
1048
156
276
270
687
816
952
324
106
63
322
451
589
201
729
353
98
44
741
1149
435
228
827
309
1070
487
249
1143
935
348
260
967
1131
625
955
662
1130
336
185
105
189
1118
878
420
585
962
120
46
20
1075
366
469
981
66
143
257
241
533
870
1093
358
1115
307
60
332
17
622
356
470
812
594
499
380
333
482
804
1021
535
367
1096
764
237
671
30
29
980
956
1121
803
49
87
264
378
832
748
177
910
417
628
34
888
1104
427
477
1109
1061
95
654
596
754
623
181
97
389
738
563
926
315
773
250
930
409
326
599
999
598
673
574
197
145
1157
699
896
284
944
244
567
557
820
1172
127
334
64
208
536
1186
682
1125
461
530
545
51
328
486
1009
323
109
681
1110
497
278
679
379
1167
467
350
512
293
502
279
1002
765
227
424
1108
1174
931
511
192
40
772
335
1023
474
317
582
164
104
663
835
1022
176
941
147
778
1046
1105
1091
155
635
384
269
28
1035
84
413
839
79
595
570
705
711
1147
25
915
364
731
884
630
272
564
571
1032
254
10
736
388
1069
997
217
300
294
381
32
852
856
1058
1063
669
1003
77
636
441
251
303
229
268
1076
964
253
718
624
463
986
361
346
579
153
537
259
206
957
1184
55
339
940
395
8
518
503
706
131
457
504
1001
1139
202
725
704
407
968
242
527
220
1155
404
392
984
735
141
340
1146
758
180
1150
330
103
988
75
541
874
1027
58
365
1067
709
464
489
1169
1159
90
676
592
719
35
410
925
887
169
612
831
881
246
898
1156
797
703
14
1158
1077
412
824
173
225
1117
562
45
691
895
248
521
128
620
802
868
423
422
61
692
846
880
953
430
1175
221
214
966
818
480
286
1103
694
1187
769
677
282
672
645
485
908
191
1006
347
506
298
394
602
889
1015
81
761
368
927
33
283
970
520
510
454
281
829
581
869
290
59
47
732
245
543
751
126
179
697
799
1037
405
724
666
438
613
314
657
1005
421
449
1163
561
744
963
1166
897
123
667
80
603
1152
787
1051
809
591
211
183
746
385
1088
1106
565
580
641
13
576
39
601
65
906
426
947
653
593
1080
646
1084
415
568
1119
877
637
125
588
277
991
1094
515
42
840
431
734
638
455
345
607
369
301
551
275
187
448
845
989
833
1013
280
762
166
938
414
911
316
782
668
1086
1138
312
920
781
382
664
1004
240
310
875
1028
660
403
683
578
556
1111
285
555
776
865
959
140
1010
979
343
117
297
774
633
808
111
823
990
791
1176
577
715
235
1182
4
546
1042
1148
419
1124
713
311
3
230
647
891
1112
786
182
492
848
209
488
538
789
655
226
1116
355
643
794
604
152
631
702
830
23
396
1008
256
261
961
172
383
943
685
498
1072
398
863
188
52
529
717
450
583
82
712
850
200
996
204
525
370
399
327
1165
810
1020
900
837
749
271
325
121
1089
513
768
53
740
216
1101
651
210
1129
439
234
113
814
1000
69
879
138
1092
807
893
193
1018
118
686
360
48
1153
728
406
91
788
112
978
948
135
965
836
540
458
428
479
363
9
478
473
1145
199
890
24
733
442
433
243
99
1122
759
1044
73
727
1025
1154
161
108
175
573
163
977
523
693
110
205
969
917
661
854
1007
684
1087
514
137
922
352
57
273
274
652
949
408
876
1043
267
606
531
154
946
790
12
815
526
86
560
806
821
308
466
885
974
1134
847
914
901
43
1180
1040
318
629
354
1173
675
1128
456
262
115
416
83
296
1019
813
158
1079
56
1090
1135
1181
609
883
707
621
1059
861
610
1017
1160
2
644
1178
1171
857
1055
349
972
0
429
841
178
401
680
760
462
157
213
101
1033
882
909
509
1113
195
443
784
586
590
218
960
801
918
539
737
359
481
432
615
102
129
805
471
159
393
1068
605
302
1071
1049
945
722
11
344
160
418
987
496
491
500
659
287
951
149
239
937
144
215
982
1151
995
16
133
976
642
139
853
950
860
552
757
1102
122
377
678
54
1099
796
708
822
1041
306
341
627
753
608
905
617
904
600
