40393
44746
43370
35957
36486
35710
41849
34238
38005
42040
8820
46592
13352
36559
47538
10981
12133
46767
53476
40153
40395
42874
18355
11649
27319
13540
42013
30263
3769
40068
3790
32786
31310
13274
40066
36395
59935
58633
12704
32143
13650
62428
11022
41207
12324
32818
62410
11533
12562
15437
35789
46264
11061
12063
22544
1607
12884
35601
22524
29938
61494
42681
35994
15170
9267
56599
40654
41261
32729
50535
57613
36391
13080
37893
42709
33384
10754
61925
12468
57594
5082
37556
46744
10676
9472
42557
46599
30697
50682
11646
35805
11682
1312
10974
60940
11144
46495
40195
35918
43135
32191
50626
14870
43632
36241
12327
41514
26926
42795
36016
13804
13273
41522
11156
59136
13353
46946
23739
40095
36185
61988
13487
12503
36539
13451
46379
63288
32985
61944
19271
36290
46724
36210
36398
36112
8882
29308
37564
12892
40461
10868
33489
32911
1759
4719
37199
19511
30726
14199
43386
40714
10117
37615
12768
31052
43440
14727
30900
32792
12716
15267
10903
9652
10444
12687
33246
13610
35987
58635
40183
29777
25956
42290
36135
53503
12066
31157
53787
36357
41731
40771
42985
19347
37184
46802
41160
32759
42257
36526
46565
27169
44786
36226
32634
41078
14156
37340
31062
13785
57220
13198
47246
46214
29976
12254
31318
46659
41995
5033
57232
41901
62397
37447
12837
12557
3972
57591
30974
23952
57310
41785
37070
37270
30406
61529
9341
42454
32983
10633
11912
30588
31299
33479
53724
43545
29958
62771
11715
42779
47040
11222
35579
47217
30600
29868
12110
18357
12654
30587
29266
40188
60011
50699
41055
18289
30254
35609
32825
25676
13394
33291
37140
13368
13161
29309
61920
30529
53517
34515
30521
59086
29867
47323
46692
30388
11896
5363
10681
27090
37623
50666
29267
12624
30087
36687
61089
32970
42151
47012
12846
11903
36906
5112
9209
61911
55002
14318
30179
13354
62860
40567
10852
42618
32769
58643
18802
40202
41284
40467
12280
4742
11832
60971
29560
36216
10993
26933
56556
42182
4762
9716
11226
31135
12960
13710
13138
42775
22420
63300
29802
12463
59123
30887
47170
12826
8695
15163
33333
47083
13289
22518
33368
57610
56614
36011
59955
57247
9324
13014
46270
29853
61029
58203
8728
37396
1446
30346
11767
22070
30424
11780
43607
18900
5058
11880
40208
13739
62408
21979
43537
13666
53581
27311
36471
47213
32815
29805
41279
43423
42517
34514
35818
40140
14224
35725
37050
31180
29727
36101
33145
50605
36499
29872
56619
29774
1535
30018
14742
11173
37466
33066
58156
40664
30952
37681
62542
33232
41084
35791
30321
12862
37565
12246
10022
46598
30896
27164
4474
41389
32867
32813
1549
9327
41668
10696
22032
41217
43168
40593
19043
27146
11625
40797
33240
12021
59911
29894
11025
52080
10619
40973
37261
36089
42879
37655
37312
40933
41729
61062
13475
27155
13239
61853
14621
33319
50672
42385
42763
1766
30876
33039
40924
14134
33006
29261
13705
29876
31088
32858
37009
40072
13736
32757
3776
32686
27304
60944
41655
42930
32765
9787
10354
13466
18315
42888
40115
43040
50718
54839
24092
10692
33191
13570
61839
34246
46860
4704
41050
59069
1627
36706
43169
53688
54877
29862
42131
46799
11794
36504
1647
36417
47149
13162
14250
32810
31158
15850
60080
1585
35915
41303
41923
43649
59154
12526
30915
56735
40953
41665
19308
51670
30282
14739
32876
36340
30111
30274
9416
36536
12221
19078
61009
9822
32616
42593
22057
61010
42246
40736
12726
46815
42977
12150
53612
41012
61973
42898
40763
59267
4372
15179
15842
1547
41132
14221
46974
42886
41414
47174
12203
11382
4716
37640
3712
36821
31200
47095
15417
42965
29363
40831
29888
19061
58628
37606
8767
41781
37885
58669
4476
42546
37328
47025
61014
10388
11808
11471
36762
46771
1599
9808
47241
11737
19494
13446
42707
10134
42195
37534
43618
25930
19338
41875
4376
36033
40629
42793
10342
38017
37699
42609
42664
13183
33602
46828
14242
60004
51673
10580
18308
22008
35859
43037
31292
18310
13084
11032
56737
29793
35990
48094
9739
3739
36073
37303
42864
9489
61930
30128
30241
41528
10464
12276
43426
8738
31220
46925
30790
41914
26851
37078
22065
11416
36662
46976
4485
10733
58637
36935
36932
1432
53696
11048
11824
19073
36743
13615
31148
8723
40133
5024
26949
46382
19344
10067
12387
32154
13117
51661
12682
41640
46718
36642
30026
8792
41194
62402
11718
30014
32688
62854
40941
62768
40713
41865
60454
40627
42510
12943
59914
31877
30189
25955
5341
23957
22750
50549
9996
62779
13754
41740
51676
18324
33265
37364
42784
14233
10823
41587
42248
47197
12117
37197
18389
40628
4450
11161
60095
12563
29762
46993
33081
42491
30290
13801
30039
11895
41226
11653
22360
40884
30742
36576
47001
11744
14192
12097
13745
29701
10946
24038
41888
12828
9473
41807
43434
37137
23947
40097
37004
14597
37188
54819
37113
41567
37357
1394
46517
4368
40680
35602
13523
12975
41061
8868
61039
11041
44761
50575
23945
41107
10356
42118
59927
47108
37664
24116
46648
15254
12605
24086
29789
4676
35864
18358
11597
40929
41975
36325
61040
12461
12823
47122
13285
37434
35960
36493
15186
1763
30951
47314
62533
53718
30423
54871
40073
5076
12984
41037
10081
11934
42875
27078
11308
4649
36078
10715
30113
18998
46838
51059
32638
42700
54817
11200
31029
12161
8670
10587
13503
13089
30744
14859
50715
47231
10331
29552
61921
32870
11154
31090
41756
12746
36461
58217
12734
9630
30200
47000
60003
41803
42518
36604
42782
10129
33015
18796
27192
40779
30220
14151
12647
41077
11021
30702
14321
36756
52967
58641
32935
3967
46587
36144
37200
37413
40740
10016
1740
14905
24089
37211
1396
13030
18401
41432
53777
37720
42482
51049
40545
29582
22751
36816
14117
46667
62518
5099
26931
60994
4992
31041
9436
46597
10328
14897
36239
42000
11988
10406
41848
53488
9424
30033
12236
11298
33431
21972
59958
31007
40571
26736
61877
33385
60057
53614
36824
9633
19268
29707
8821
42949
41272
18651
13709
12435
9718
10408
53565
32947
47090
40741
40446
40406
19503
37052
18636
10629
32645
10455
13519
29301
42011
11400
12488
23762
8709
13346
9238
12650
40992
36442
19350
26937
3970
42434
23960
13784
33234
63162
50693
12842
61011
41245
11109
30816
11478
33477
36006
11187
30216
42530
41957
10383
32118
41575
10734
37068
14611
59156
57605
37630
12143
33457
19051
36521
29366
22014
4718
35705
61122
31370
15125
9773
43108
37453
13043
19246
23946
10923
13094
37325
10804
41206
22022
51081
19284
30432
43064
46825
61024
47312
12766
26859
5003
36192
36893
40945
37204
30892
12449
22041
46616
42918
14291
29352
41898
42215
47079
8858
42519
13694
15216
5361
41069
47154
12583
12694
48099
42125
32931
43378
37951
14963
37909
29553
51077
24416
29693
37146
24083
29585
61891
9213
30745
33093
60957
41531
31096
61892
43439
58144
13656
12690
11500
42317
9811
60440
19491
53670
60061
36534
47215
11847
37148
12455
11639
18396
26856
18301
47047
24058
30247
18319
32801
8871
33268
37725
46491
62789
63159
40084
63285
37569
29857
3973
43156
13634
32778
42032
54888
1641
4629
42058
32974
35920
47085
44866
37596
5036
43514
30950
11512
10445
25693
13717
42276
27107
41980
51646
12380
37124
13398
32919
46612
10058
30672
12243
33027
30049
33312
31376
15455
13276
24087
43525
10092
42398
43408
48122
32743
12959
36052
35970
10776
42075
26993
12997
13169
42679
51672
37177
30807
59970
53714
46536
37269
13483
43090
29879
11605
37288
18826
53515
10689
46631
40780
42975
58145
29694
11549
35831
31199
56731
11377
59926
18238
11397
30365
33577
10393
29317
40201
29692
13805
11635
46467
12578
37189
41232
59975
41474
42830
30796
36092
35937
32916
1548
41767
21957
42757
4672
12939
12444
13654
42270
44776
30262
42741
14279
12125
11867
30198
32955
36969
32933
32953
41889
5097
61498
37056
42850
12072
56733
47235
40734
29386
14973
42090
35576
13207
46696
33241
50639
4997
57616
37088
19272
36236
37284
46897
61945
10414
36591
29564
37552
61043
12208
42872
18339
36175
33408
10910
36420
37033
37454
13170
15128
32848
9485
5084
13526
9656
13008
11837
18300
14642
41439
18632
51042
24218
11687
40085
30917
59104
14264
30975
46746
59092
51677
43646
44860
12019
13684
36660
4952
21983
46961
38055
10771
23963
18294
33131
31809
12278
57673
30956
63309
18244
12529
40463
41570
42431
42081
43110
30930
13696
59268
11168
14220
61934
40154
40552
10382
61073
42736
12210
35890
59276
41763
30309
40165
37965
9443
8897
15847
43463
30643
62438
22009
32964
31167
37878
42702
12648
41515
33386
59278
29975
21996
44784
14956
11709
36612
33274
31365
32971
33470
13427
36164
31843
12348
22497
46231
32857
51654
12446
1538
10637
43148
36565
60466
29865
13715
12452
54855
53628
43458
12343
46814
3778
41659
46586
32782
60945
36877
37427
4691
31297
4335
11882
30987
59991
43657
36447
30178
42057
9346
13719
41169
1251
30364
61479
11745
40776
30804
29549
30439
36485
13146
4497
11830
10899
8671
12957
11403
30690
11769
35611
63295
22094
36512
18330
15191
29720
37912
43424
4775
41822
22416
36025
37524
8864
34339
46422
14964
30046
22069
41530
15449
5898
14349
46807
36611
13704
40525
18306
53770
47337
46212
30873
40873
41759
40679
33140
29837
41598
59953
30105
12129
41481
29327
30749
44752
46893
1642
37423
40069
53745
12004
13036
41802
11996
1767
15242
9765
12935
14754
32674
13847
4679
52957
13413
24128
11631
36613
30797
32845
5320
30905
46930
42720
46783
10739
30890
61502
5126
60468
30165
40691
41501
33005
33588
43004
22395
5889
40134
42287
43137
35793
55634
59127
1241
30874
40885
23736
57597
9214
60934
31002
29347
37540
37570
14158
35803
42296
40476
53710
36639
60014
3797
37976
12494
46611
56543
18833
42167
3762
29322
63306
54813
12730
5360
42643
11079
13864
40554
29703
15139
35843
37160
11723
40943
33397
30411
9614
42844
58648
18911
26745
30092
37318
1254
46482
54864
13778
41424
30517
47130
27085
10094
14641
46693
41454
42535
37691
32954
9440
43087
25940
43152
54890
37468
11948
46900
60451
42882
53589
11800
42995
57599
11484
41262
4356
30694
53747
18223
13658
37233
11148
15152
32642
61528
43480
10335
4733
32951
47011
11783
10351
46676
12118
10724
38012
42111
30453
30356
33208
12495
40127
11193
42437
12736
62777
40682
37668
12996
42506
4659
36903
41612
25878
12158
42177
32997
41718
12090
14312
19102
32984
12865
61118
37706
9304
33545
9621
41699
10133
13603
42584
30338
51638
36145
2043
9722
22404
25849
32736
13244
11789
13412
42147
14381
30386
61504
32986
5040
13418
10441
32189
31059
40708
14330
11320
12912
40421
32115
30235
41813
54996
1431
42739
42754
55638
59274
33434
42334
8805
11781
12229
36995
14293
42678
41652
26952
35985
32938
61860
22028
29360
24097
37120
47015
5892
9818
61937
12597
46500
9799
11332
13059
43071
46568
30692
40824
33216
40514
36409
53608
42422
30754
58161
46489
31360
8679
19493
1626
36889
42706
13187
31242
47126
33418
40482
13537
12628
47326
29584
11351
10428
51728
13203
9782
37946
1741
22495
43437
33461
30391
43471
36189
9415
35856
37127
10038
14916
12082
4967
10626
47006
61967
41559
10700
42745
42753
12083
61835
12080
31294
46731
31172
35838
10030
25885
37108
31844
59941
11331
26954
8838
25710
30140
10098
40453
33105
18416
61052
46219
29844
46271
30854
40957
43558
40137
36151
42502
9728
19287
37417
60064
36410
18276
27139
26974
46421
41128
31063
14303
59134
32668
13065
37090
37710
10090
31190
11058
37589
62876
25651
31093
1239
40946
37544
14616
34235
12559
46768
60027
11408
41406
47172
40822
12172
10603
14375
42579
41222
29561
42648
13406
13597
42156
4765
40794
48217
42349
31215
9212
63293
5041
42876
13023
13838
61993
46805
24046
54835
26755
5336
14915
42492
13038
13264
4456
14384
36423
37275
13793
29388
30586
13729
15245
36923
12356
13281
48204
33047
11928
40772
14874
11253
37983
11516
40492
13582
52956
46439
53501
61918
18248
18397
42314
29273
40728
36094
56558
36643
1561
12985
21993
38009
46526
63301
12927
46727
36214
18426
4638
60491
36184
35896
43513
32542
12311
13655
43159
61036
30145
13359
10066
11933
13574
13384
36791
40773
36303
42355
53737
46445
36120
29733
19297
19071
19873
35935
11419
63210
37883
12800
25929
10808
37675
13587
12898
41576
24082
36575
61837
26925
36924
11974
40596
36949
33014
42480
33101
30508
12805
37203
3809
13612
62859
18235
11502
10562
12540
13534
11971
41839
9752
4731
37968
12948
22079
29830
11496
12852
19273
43658
33233
14660
11303
13211
41940
31043
3728
19360
36854
29973
42676
1565
29840
8689
31880
30048
12222
10984
32719
10500
35580
13637
46211
34349
32846
30593
12052
10718
13045
41373
57668
43470
41326
9240
10332
12228
54874
43550
30925
46890
12460
60092
1304
36119
11761
5089
24068
37743
10947
9474
36199
35949
55763
32895
58200
50602
36273
33289
12245
12040
10685
59963
57671
58743
14863
47225
60951
33346
42206
63167
30842
46984
32827
4970
19513
12821
33250
41836
46894
41620
46760
22031
10579
11111
14294
12136
32121
11459
15843
29314
11050
41464
36895
10725
4768
5331
40519
13755
1748
63328
41972
24063
18795
19502
14939
60051
29827
15212
35776
9817
14647
12487
31873
36181
29960
22311
32894
36271
12030
32167
42229
47007
14132
58205
14340
1544
56569
47060
22482
62417
18326
4772
60461
35709
53604
10569
42389
19239
4942
13828
30180
41015
42327
18285
36085
41418
15174
43620
25695
30152
29286
41716
11656
40474
33297
11637
19319
13545
13583
13373
10087
42583
48123
56588
41106
22752
40844
29927
35797
46453
25943
41899
5077
30130
46787
43182
50545
14333
46455
14904
30943
4373
4972
13077
30924
31814
42626
12798
30405
36753
9717
3787
14239
60060
12752
29759
46991
29321
61844
25839
36610
43366
11335
41425
13806
12440
41745
12671
40635
43518
33556
40978
18250
37055
37375
36080
37967
10952
9259
12988
22397
22295
56613
33406
62775
19349
22299
13017
47037
30032
37332
50709
14335
36542
25698
19484
30653
37336
32956
61890
18228
41343
40455
14877
30268
18643
41465
29809
15117
35906
13734
10835
11057
10935
42400
62850
10864
12633
34314
43129
42553
36467
42343
18304
4364
30662
25717
59974
13759
34309
36429
36057
32709
24114
4715
30657
35976
8712
36635
22398
11422
23747
15166
41408
9369
9246
40210
41486
36350
36022
25720
62845
19013
51663
5883
36953
61020
11302
30729
11509
43496
40994
32239
12058
14299
30244
37362
11828
33302
47248
12538
13011
61511
60476
42045
19229
12451
61477
19223
42274
41725
42134
42043
62427
10069
13620
46532
40131
11262
32535
40598
41809
11556
42363
38049
1623
36020
12174
1574
57224
37049
13757
32924
32835
42967
48116
22039
46593
30265
11177
41560
14624
41475
37376
42318
11216
42072
9627
35617
41007
40939
43085
46533
57667
33257
35908
55649
42933
11336
30750
23722
31087
9410
14214
1411
30028
12532
1409
15159
9813
46273
13716
59999
14652
1255
60072
19228
53570
37169
18411
46233
14380
10705
32673
41188
36980
41697
4973
40538
4670
10982
10721
33485
11194
11453
41010
5042
46737
14618
24085
33114
43441
41878
43629
4683
19227
31120
11011
43552
1406
18806
31331
36976
53674
13691
13480
12573
37496
34258
40666
63077
46817
12936
40090
41179
29302
13699
46243
36600
53519
46401
14345
61064
3800
29903
46694
5090
36669
32875
4669
33062
41853
46741
33334
12891
59160
43179
46997
12330
41503
46545
8849
35842
46929
13035
42369
36826
11246
9322
37958
10892
60036
11421
14102
9493
31136
1756
30831
40657
59973
46798
61849
13819
40574
12157
61805
30319
37035
1319
36830
61847
19080
29991
10706
61830
13450
42596
41205
43500
30583
10590
36634
13041
30725
36682
11163
10584
23964
5369
12041
43056
10898
42929
42472
36270
4745
13616
4384
13686
36265
10502
41730
30773
61879
53643
53776
42540
33576
12961
3747
9490
46409
19234
33064
3764
14275
51085
40988
3801
15446
46378
11476
33162
12336
32937
23934
41016
61503
36774
13685
41724
11141
11777
13504
10916
13502
4781
11966
21963
61825
37555
10980
44793
37961
56741
36308
40562
48111
9361
41325
29916
32173
32996
41568
12753
12378
24103
42630
37002
12725
25719
22013
57242
56562
35934
42916
35851
36061
43640
13389
5019
12951
22072
13758
9607
11427
60083
12868
41004
31295
36389
61032
46201
63065
13174
48203
42504
41988
56746
57592
12263
33273
11965
59106
11299
37648
47335
18799
13419
13585
32991
33211
41672
31169
37684
42608
37499
35868
56584
46603
37956
40699
10123
33315
46620
63333
40837
12261
35783
40993
24109
30259
41811
27080
32872
36517
46708
56575
5120
15226
12099
30760
37248
18784
42221
53508
4735
36466
43469
35766
14938
8766
11818
36985
30533
60066
10671
12355
25669
12012
51051
13635
11563
15210
53619
33326
14194
37737
22012
13548
37732
61094
47196
15264
9332
42780
53826
57317
29335
1587
37246
12421
31010
35835
11480
1584
19054
41766
41291
5008
47027
36554
37533
3799
42997
41273
10796
4739
12146
41641
41795
10048
25884
55630
31239
30090
12209
1613
10119
63341
53584
36697
36860
40486
42266
12231
46209
13624
36161
60016
14311
11562
61092
55643
35867
40167
11947
43502
36369
36624
41304
31038
12183
40816
37669
61124
46723
13530
10801
41306
29983
14336
11372
12769
30451
55766
37119
10074
42687
18346
30520
22047
42716
33277
29558
1427
42326
42332
33091
36412
63071
36324
19278
10722
34268
37896
42256
33551
24115
14893
46791
22059
50623
12472
33450
11694
13859
60479
15202
33209
36067
46381
10773
11292
12567
14189
24418
43560
13850
12589
9792
27167
43465
32551
29617
42002
31796
37646
10601
32147
37044
19006
4727
32940
35798
5374
14229
30013
10937
63206
29906
40838
31811
35847
32797
61108
29950
36761
36730
41462
55661
13672
11398
51669
22093
35819
41596
27316
40878
10376
9248
46394
29559
46770
36367
33141
22052
31287
1404
53780
11995
42788
12339
30260
11225
12328
8857
10948
14360
33082
46416
18395
10490
41274
13096
1638
42922
41354
10485
36473
37061
27174
40601
42414
15118
18410
42468
11371
63060
37500
13319
11804
13108
14331
40722
61924
29700
24040
47017
33204
29349
33002
13231
10385
63339
56592
36261
43082
41171
47255
35786
8688
15223
42184
13302
40693
37881
43553
12658
41445
11983
41769
24052
14341
37187
37010
62404
3806
8901
30670
30836
19247
52325
22480
13569
56580
29334
15155
47081
42310
37443
19516
56577
31147
36279
43477
58225
30435
4681
43491
30134
13205
11805
46913
53821
37504
61812
4354
53644
61803
53785
9299
12659
29909
43397
10107
36253
37474
22318
57614
13329
14864
43625
10766
31308
50540
32715
43462
11883
36665
41120
43647
13454
37576
13832
38335
57226
32547
11297
13648
40122
33320
40518
32687
47203
50690
30267
14277
30024
14650
14975
23931
13494
14953
11774
36167
42003
14882
4750
40060
18251
11462
29831
1637
8850
13367
31341
37595
12115
19000
37363
33035
13341
59966
21992
54853
46867
36738
36030
61932
61957
19353
32734
41264
42825
12773
11958
8781
47046
42666
14111
42501
46625
31034
36773
32155
61832
40530
53639
51063
12200
32678
55620
43041
42917
34310
40804
43403
43554
24102
30106
13732
31342
40152
11576
37195
41473
9422
14108
61882
31139
12765
41616
12907
11678
47239
12122
40111
10842
14283
46885
30037
30986
46710
50644
41804
42087
4960
48125
30149
10080
60485
10737
12340
30969
41832
32748
42536
13234
41199
42347
11741
29627
33152
33280
1314
13497
36157
61523
63286
36455
1036
37939
30138
33201
12699
11517
10079
44790
19233
30027
13849
43393
9815
61992
26774
47564
41741
62875
11281
47014
14346
42871
14649
31290
37335
12760
11112
46413
61026
40648
15209
9653
29933
12953
18241
42242
36758
10329
41858
51080
12744
47004
27162
14353
43528
9244
43017
63213
29948
12777
12347
43103
36479
9746
26984
43568
11494
37382
43127
43417
33584
43047
37007
27301
46432
12700
10878
46390
30880
29742
62769
12331
12712
41173
13776
29859
53697
46438
47041
23972
36585
27122
3758
30419
9727
41115
37446
1630
37013
41970
54889
43094
29739
46712
63222
42391
11035
31119
13022
13009
3718
23951
15424
13470
42051
62384
42486
4761
41939
32741
13501
42528
12497
11654
13781
33581
14902
8816
58667
13543
32702
8831
57311
24121
11240
36315
56596
18424
13469
12431
15116
37557
13388
11543
42846
32614
19261
27136
29313
18387
41413
46821
29542
10917
5001
10057
36453
61034
12850
53758
42392
10975
36096
24118
5888
18344
60947
42887
43132
13524
10120
61908
53585
46398
37517
25690
11315
13827
3727
8737
46407
11858
12516
11890
23755
33339
12976
41910
9293
32545
43051
13822
36402
36533
36254
1238
32982
53712
30011
37018
46535
18809
40618
10068
42141
10807
19008
14631
41290
9380
27131
42762
35942
18909
61975
10099
2036
36733
30341
27302
18657
25938
11417
42820
14183
15112
29930
24215
11026
9730
41398
29357
41479
19275
46782
35981
43164
37953
31110
63357
29752
19089
37894
46513
13372
29826
53693
30069
19263
33491
36345
35759
13447
41202
14329
46585
9760
60983
37529
58209
43400
60929
5125
30264
37486
30863
41617
62446
53513
32849
35946
40656
14911
41196
11642
31334
9992
26953
34233
37431
4784
46831
13641
14358
41083
47057
58651
12354
18331
31223
9826
33136
58343
43531
50542
43428
42027
47141
11972
37180
56734
13396
37296
12701
47208
10994
36723
37097
14296
30666
36113
14940
13565
14207
26988
35769
42496
3784
10020
18364
61985
37903
60984
37696
37260
14280
29383
30174
10578
33247
4702
59114
59122
44863
4339
36168
12443
41430
12074
11265
41268
61989
36664
31037
40494
56743
30387
13474
43065
37672
12797
1590
12878
41639
36562
18328
35959
47259
41088
18363
8865
12291
12178
25888
37680
11622
33432
13249
31386
52350
42042
40070
11027
50660
61810
40756
26986
29873
47544
23859
10625
11751
36630
46294
32995
35980
41788
46902
62773
13330
47244
43412
11199
30408
41386
36034
13172
62398
31286
46463
9807
46460
9219
23760
12067
46225
37083
37535
41361
5025
30780
11385
33041
42794
15194
47179
33347
55652
11414
22754
23893
42438
40485
11638
62561
46452
18342
52971
50629
62441
36574
48100
42692
9499
4480
14376
33144
36435
30316
13280
13853
46775
13127
58627
42549
27307
15253
36422
60467
36648
41953
53492
9793
3786
12788
9733
63329
13403
22547
10677
14928
41992
40721
43432
36644
11982
42210
13374
41727
40124
46251
14211
40462
42301
41041
18359
42407
36383
33003
19056
33359
60457
13599
37482
32536
60078
42162
11768
53816
9999
47212
13826
36948
36480
37560
11985
13266
10920
61487
56744
30853
41415
50713
4728
12194
10822
42730
12187
3975
11180
30977
9405
42309
13851
60009
36921
33383
8673
36809
12630
42822
33158
36211
11683
30747
35832
63212
51052
12574
53759
40076
11363
41189
40480
14970
10976
37635
37874
11296
12572
53638
11251
29285
30985
36339
42424
36468
42443
12167
41296
41938
30115
9721
22422
37476
31054
13033
43473
5098
36220
32850
56748
27313
37249
31109
13284
10631
47180
19885
12741
42847
37586
25656
36125
33213
50694
23959
12570
47218
36902
40758
31193
35919
41771
15184
11812
46490
37715
37926
15433
29999
30029
11241
10027
53567
40655
19306
14955
61979
14903
35917
3805
42319
27636
51644
29269
31108
33391
13456
62416
26738
12645
46850
41666
30394
25716
30400
13328
37080
13404
40180
43399
34338
10634
41358
36419
32692
46892
30243
29748
30982
31222
19871
32552
29545
9800
57598
37185
41258
61831
60042
12364
33329
54818
36651
60931
12089
22106
59155
10704
63069
40647
22319
14186
24104
59142
42732
18299
42067
47216
11450
53495
37473
32622
46511
26743
36545
52936
1425
15120
36513
8859
32929
61836
11782
13365
18895
13292
41243
1619
22316
47098
31174
46237
11967
46613
46793
42856
36661
18360
13481
59121
37240
12306
41986
33459
52083
33300
40775
23724
46250
41122
13185
60007
54850
12731
56563
12426
46227
42037
11067
40160
18367
59149
10466
13222
14629
42474
41155
32158
15244
33635
11994
36530
29722
36385
1260
30202
33207
30196
46762
13860
29931
53825
30953
42263
31017
41387
33388
11989
32890
33129
10767
32153
11019
46806
42595
19230
12341
30832
10833
11073
46776
11214
4759
31210
35913
15234
30938
10567
13123
19328
31177
33153
63074
63078
50648
41178
30789
11256
31383
46488
37349
33423
56574
42956
62872
29695
42060
12300
1596
37889
11626
30718
62843
46538
41717
4498
36081
12641
9284
42381
22425
33424
12829
31805
11002
10439
11062
4948
31154
43427
29890
4493
40207
30775
37395
61946
15208
37593
35876
10811
29341
14931
29812
18789
42234
18414
4767
54869
36160
30030
36658
46230
14651
14974
33290
41127
41426
30381
3794
29376
12362
46711
37490
21958
13669
26844
36901
33451
14712
30047
12014
30132
43414
13107
34270
30828
4982
47032
9250
23860
42974
46983
10837
32779
50576
26983
8720
11834
44743
19325
8785
42690
41489
14319
36343
9296
43433
21989
60022
10783
36872
62412
36823
30671
42478
11232
50671
9201
54878
12262
14320
37138
40662
40550
13317
36352
12337
30782
8848
36387
37152
15250
10793
40145
11399
35965
9998
37584
36173
61123
25875
31138
24124
1400
33465
35566
9237
32930
40612
18338
43069
58210
4473
19342
42368
47221
1253
58634
33125
22090
54845
11977
40170
22749
40942
9810
46624
40199
36620
3812
43429
53582
13301
33038
29690
18663
13091
14598
5334
60965
37588
33123
15160
10668
53708
13845
29884
13060
36002
13379
36609
1243
42914
15224
22294
15146
27129
33242
42704
10630
36688
32868
37465
42180
43099
4713
11799
40678
42523
12025
41362
30332
23725
58673
37419
53637
40834
37988
46619
14177
40800
40080
50584
54887
41779
38011
13675
10375
37481
37264
42812
34342
5376
33303
32823
31377
36070
15104
29974
10402
24119
10817
61953
10870
15168
13596
46672
9393
10723
22430
53019
30676
63358
9281
50578
57618
30366
42372
30089
10350
29891
42116
1594
25701
35623
19241
11857
11449
33086
14648
35814
35894
11337
32962
32541
41750
13128
12600
10650
58186
42146
12241
40792
31132
19001
33425
30932
40490
29326
46673
30942
35904
37969
36472
14263
27188
15441
9659
42253
24094
31219
14756
31105
58167
22503
33025
46615
42083
30512
9785
31137
27177
12681
42525
10586
32988
60079
29565
42697
10900
27138
53629
11204
42260
43543
36946
42055
12693
30502
57607
32879
36563
47035
46662
12376
11921
4464
35804
43598
18298
33483
11574
24049
29737
30875
31333
11735
1560
30705
51054
41113
4381
37441
11964
26991
46492
8708
13308
30141
19305
29780
40114
44774
42145
4988
53698
10602
36887
11931
40675
53726
5325
36751
4463
43448
43435
58351
37352
30898
33398
11009
8691
9651
29709
36734
36285
42178
62554
42960
5016
36831
10818
43572
47332
22364
47223
11065
23765
13037
19091
10765
47561
1421
10844
1305
9478
47074
1742
33179
42589
41545
47164
4325
46580
40733
47039
61861
43628
55668
32920
30051
61866
51050
42613
40717
46695
22038
36266
11464
11950
37650
11424
11685
36432
12660
42039
53757
32613
10435
43055
36126
10463
30868
24069
15137
9384
51642
46238
33330
46979
42035
60089
12008
37225
32841
43035
19221
62861
33187
61041
13798
62390
32684
10486
33293
14731
37653
37126
8832
37924
12684
11257
10075
61928
25670
63326
33018
46633
30798
8872
11940
32187
13702
14746
32805
13190
40781
13491
46738
53615
42650
46285
22753
60989
35565
32691
57611
43539
53783
30707
19025
10726
40100
11845
5037
38332
53702
41480
4990
36603
40113
61125
18266
30835
14240
35780
61524
13768
9351
12163
51630
13363
30171
36097
14948
62424
40496
22520
18908
40555
19260
41097
11569
53761
37343
46499
31097
30017
56571
14210
37936
41984
11481
11218
4955
37087
11670
1320
33370
43044
26767
31149
62421
25708
30553
60954
26951
63224
12295
31798
36776
60956
36238
4644
37943
10394
30328
46908
63360
40391
13701
24096
41246
14718
61974
41483
41094
33238
19316
10411
26839
13708
62423
36218
11312
12913
53500
41101
22358
46397
26857
11689
53576
42382
41604
47091
61482
10838
8842
12918
53782
61938
19031
11404
36427
35807
9305
32828
4689
22496
58650
41946
31799
9226
37047
4347
62545
30389
30021
8750
29378
37724
3791
40061
41976
36294
11016
22352
41548
29583
14281
42742
41609
13361
4478
40868
32946
32821
37106
10956
37709
12197
13193
4757
14602
46277
25934
37008
31316
27091
37721
30788
1307
61031
47146
12428
31217
42701
11904
13600
12923
41254
31082
4714
61129
11616
56587
9306
46202
54881
9243
3770
40625
40857
22034
62449
35599
8718
22035
26999
47205
36414
8724
12188
36346
11595
56597
10101
11305
41711
35708
29340
33117
5100
41680
26945
10950
27157
36900
14244
42979
60436
40636
61972
51634
11954
41963
12732
13690
54867
9466
42751
30753
19879
18634
13783
18368
14234
11293
19276
26955
12626
53753
12466
13547
12757
11159
5904
36925
26935
43489
10940
37166
12585
19216
43170
56617
37547
13855
32968
61037
40803
14200
9649
14740
29276
46530
36992
4366
11456
13118
55629
13156
50683
13506
14306
4648
36063
19050
33092
40851
42927
42892
60055
19323
36988
61116
19020
42024
10736
44779
41144
41754
40825
33382
30801
31089
62419
12816
13509
42139
37543
10772
9657
29852
37039
42633
36640
24413
42529
60443
36982
40871
31051
41971
42483
12408
61914
30191
30704
36209
12867
41621
36440
43089
36663
29260
11568
12508
42526
8886
41814
27180
30124
10605
42061
41532
4447
36746
30055
4723
42710
43079
12177
13074
42233
41427
37224
37297
26947
62418
54857
59131
42537
47013
44773
33251
63064
10862
54861
8744
12148
40883
35767
11713
27076
46466
57593
58350
35986
4995
43023
22056
41456
12384
12415
27166
4488
37618
59950
8891
25848
13175
14114
44783
35925
10395
37914
4343
25924
13005
46396
15185
47161
36957
32966
22507
12920
41762
43599
33000
30371
37657
41135
37193
33369
9362
27184
40192
60963
42300
23751
43384
59969
19282
33012
40737
10906
37656
40743
46889
42662
10122
26960
40650
41190
12477
37043
11115
11798
29997
9287
10988
23733
52114
36328
22550
12537
40880
63294
30958
47010
30442
10617
55005
4337
13257
30779
43367
61923
30098
12917
42896
30532
63316
13559
32144
30187
12391
11599
4657
31004
19504
9301
33367
47220
48214
42514
50708
46978
9368
13556
8705
32904
1451
30009
58199
43653
40874
32171
46797
9767
13862
32698
13586
11274
37702
12128
36544
30683
4968
40546
41808
32544
12377
12039
29629
9309
30223
31099
32865
37095
40588
19331
44791
46436
29305
36064
12616
10738
13668
5101
36886
3982
8802
29782
14133
12929
46600
32883
32670
1245
31241
33048
33098
30939
4326
10850
42161
47131
37609
42743
14887
40106
30806
52958
40184
61103
13294
12034
61940
37178
33168
60991
12807
43157
61126
13086
10885
46519
10471
26943
22546
33181
11920
4367
41183
8753
37016
11389
36864
11513
23758
46654
30431
26775
36362
43555
40621
27149
41644
33215
10683
46843
29959
41345
1300
9476
42566
30271
36775
42904
25713
36463
29775
24074
36457
22552
26764
36159
40091
10646
43140
14917
36822
41278
15257
29784
31794
22510
19248
35967
40584
9481
9744
8817
15124
4477
9329
18811
12501
14907
58342
58640
57210
41648
51060
44740
59075
37174
9254
36832
61514
33016
22073
15426
32124
19507
56572
41761
43564
29283
14605
35632
40846
3781
8774
33052
37450
12484
41056
26776
37410
12198
37705
41931
47096
24099
10966
50704
36353
9449
32675
14942
43422
50610
3752
14603
25721
38004
9981
11309
48216
1618
37206
30042
42832
1651
51034
35790
46426
47058
12226
41074
37354
47238
35972
30323
53767
35993
3802
13371
13116
40995
32685
22298
11375
40389
12375
46563
34257
46904
21977
36541
38016
24095
14930
47138
60987
32766
30343
41458
24098
42791
13298
19083
33311
18351
34345
11551
30249
1439
33109
31024
4966
11269
18284
31013
61506
52938
50636
11055
53822
35874
11696
25647
37960
12786
55677
46567
12422
12900
37687
57219
46968
5896
36370
11220
42881
33199
40163
31328
14146
37101
19482
31111
11706
61913
30878
42490
36066
18247
63058
46549
41447
10657
15453
40674
37391
26969
42425
5365
41104
42119
33154
40608
47582
13422
30336
41630
29788
4479
12629
61107
1581
10888
40471
41504
42544
36152
18780
9794
46562
30119
30928
4499
13695
12316
30251
10911
43387
31125
55621
14235
30906
58737
35592
12361
42800
5010
41048
14164
4754
14377
14623
58636
30712
12176
42816
40845
11515
46757
33077
36349
58211
13322
63051
12992
37654
5359
30651
11990
5343
41739
42765
31231
37063
12427
42364
33203
25686
62564
14112
50642
12547
36683
29764
36366
12745
37232
42235
35853
53675
40718
62786
46996
26854
3741
42939
47110
42746
33490
22045
12673
9430
59994
31384
37884
18393
43511
61515
11980
18317
42408
26957
41955
43033
37992
5335
11719
11223
13288
42878
30382
43431
19231
60939
8672
22315
36494
19079
35765
1580
30664
56740
19077
3743
10875
61936
43073
12580
43398
11263
41231
13461
31028
11349
13568
51040
15105
47043
8751
43549
40983
33598
14322
8830
47333
42708
36573
18256
36109
61897
41167
43404
40641
46986
30929
9784
35771
41828
4732
62764
32588
43058
14635
12120
42759
30926
31142
10097
41459
15457
10468
36910
25918
36760
41063
30822
61821
30085
11507
30310
35563
35947
46462
12248
19296
9230
12303
30428
11217
13351
14106
37695
42635
59945
37359
40631
41490
31381
19063
24209
13326
35813
2039
8810
46650
40175
12740
30846
12419
51637
29580
42297
14886
47155
60006
26994
47209
33196
1540
46972
4710
12450
1408
53707
10678
29919
30066
23720
13327
63165
33633
3714
11402
14237
53633
30948
5071
13493
42128
59084
33452
15846
9245
12635
46547
61933
37243
61948
60444
9290
42669
12287
42944
11228
46750
58175
12275
40821
31240
27322
36788
18388
47127
12438
33029
1539
11483
12056
25649
13312
30743
26980
13619
19496
12152
31801
60084
30129
19358
36909
45005
62530
18896
4462
62415
4329
41721
42923
43484
31793
4377
40852
35763
36937
22071
14325
58222
52084
41212
22526
30159
25709
12618
30851
36732
37928
1435
46229
1571
53592
14711
26766
42863
14724
4323
58632
43377
29773
30934
4350
12663
37161
36434
60012
25711
57241
30278
8846
13773
12858
40088
60981
53631
11359
23731
41577
36884
52939
12274
43638
36204
44757
61522
35718
19023
27185
36784
13799
40099
62391
36201
35711
46427
30296
15436
37910
41722
4454
30168
40166
42477
42471
30091
46437
48169
23771
43062
3966
9777
46228
33119
40135
37416
58659
63075
36905
14941
9639
54994
11160
53483
13343
1636
59981
15251
33222
35995
33159
35966
19506
9435
5061
36418
43101
61942
41780
5065
26941
40806
32944
12144
48117
29817
12271
5900
60996
29316
33134
12366
25706
42853
36401
33307
47113
11264
24111
30204
41512
3723
40930
30949
8668
41862
18274
31233
10430
30410
22531
14960
30116
36143
42769
40764
26992
31401
13742
60946
42827
40917
37156
12202
40497
27165
9631
18233
42614
42239
5046
58213
13831
37266
19088
15154
41796
60050
4961
19062
24061
63081
30871
13126
8745
9454
4671
31362
60936
33404
42913
32812
33337
42971
12566
13214
13112
27113
31042
42200
42199
63296
21981
41309
32942
5102
12062
5015
46246
61819
61117
14228
30103
31306
62791
32784
42004
19086
12268
30211
47118
42568
14720
60041
41691
42842
51069
30691
41334
63319
31204
33175
59934
36866
32936
40634
14155
41758
47245
13737
4345
12078
38021
24071
43009
10921
9423
22409
14138
9475
29705
29618
23840
35898
37019
36012
40861
21956
63317
46971
41185
29821
10469
50663
46574
43141
41553
60052
31813
32926
60967
4333
11376
48209
18311
12677
12116
26741
9486
37617
9445
14297
30708
58663
13608
40972
11127
61984
13527
11827
60473
12005
57676
15106
29823
9231
56625
19096
14290
12743
36470
36861
12288
1646
42843
40751
31073
46388
19057
34237
9399
41046
14932
51730
30811
30060
36280
61065
11042
30763
10582
12602
38001
11405
41116
46964
37484
61873
42022
11887
11770
29547
13606
59082
11015
33565
42144
12824
10438
10112
13223
37150
47251
42259
30041
48104
55651
42018
53695
32554
41685
11207
41618
37076
40932
42378
41067
53621
43139
22491
9456
5005
29787
46440
41175
5088
59083
10348
36302
11853
31141
32903
45007
43561
32998
30545
3750
37210
10583
11325
50697
35811
42204
21999
31332
33396
41985
46607
4656
25832
12212
29923
60463
40539
19026
10635
36843
12317
12486
43614
37400
31379
51653
11939
36808
36731
42329
41381
41021
33561
40597
41949
46882
41073
9330
29781
24093
30318
25953
42289
33078
41695
4380
11273
30201
9745
41850
37548
35950
42159
60472
13441
13067
36783
42808
13607
13297
31187
29770
5073
11231
58344
33255
30731
12001
37191
29332
12086
9220
4465
10034
38008
29953
36593
61811
33372
63047
10600
40719
13155
30402
15418
32899
1601
52964
46959
15177
50645
3796
13334
47008
35770
47230
31802
12257
22549
50599
14714
13433
12925
30732
51084
46287
37298
25866
23719
9740
11532
22020
40139
15145
42999
43145
41966
42592
18349
37128
42149
30012
33223
47310
53709
43030
58215
61538
63157
30348
37526
1755
18646
61916
1420
41643
58223
14643
46572
12931
12010
36667
4712
1573
37712
15158
23883
14193
30509
40189
5045
56555
11547
41241
29323
13824
41419
32162
40777
36424
50686
12077
42380
37523
30161
5103
41537
19310
41229
42470
4359
12771
36503
52073
35828
25838
43534
14292
4459
54826
43521
40468
42152
42561
47009
36205
11010
41013
18262
46792
27099
36137
26843
31819
13133
11485
42124
29961
11776
36376
46546
33198
3798
42148
37163
46252
41492
12047
40191
46749
36863
30963
58742
31129
37917
51053
9980
36365
36680
13073
12680
40702
41221
46887
42911
47257
31244
10664
37488
12264
57670
13463
36820
53578
11604
11190
61817
27325
11540
11283
24105
41900
11242
10371
37510
11594
43072
52324
41700
38330
37190
52937
58143
11999
12002
33063
32992
46292
22074
24064
29926
46829
63311
42127
33195
59986
1643
36650
41852
36927
40748
30840
23732
32549
36690
43048
13082
12091
41847
13278
32799
15841
10024
32917
8731
50587
37603
48201
35724
58660
42063
40572
33282
8681
40206
22102
37069
36759
41886
36858
30040
42642
41339
10936
11790
29785
24217
37667
25961
56732
41646
60053
37621
30970
36842
42328
12480
37418
4631
40575
30123
33579
9790
12283
37949
36740
14119
3680
23768
13489
30407
46947
57205
10752
8853
29696
42031
46400
42695
36844
29928
11037
11810
18261
43075
29951
30074
37139
36568
15232
11147
5039
9432
33414
37285
53756
13366
46873
11621
46523
18403
43076
26840
42652
14370
13486
24129
43559
1311
42582
40755
8893
30511
29616
9655
11823
40985
22427
14150
41664
15140
9487
18313
31150
41452
40086
56612
13026
32798
41338
37389
12627
33161
11778
35821
10050
44748
26971
45004
53735
30266
11070
41707
14317
61912
11215
41251
4987
30440
14885
27087
13387
14267
33267
43624
35982
8687
32840
11198
12691
53587
41764
62436
12204
40850
11105
61476
33323
5131
30644
30506
29710
35962
13769
37464
42291
30680
11038
60464
41513
41335
58170
41271
11409
58657
36405
38338
37993
41244
4492
35873
11803
36845
36166
37105
36677
13054
19232
32999
36878
42436
13633
32816
11504
1645
13144
59108
1658
42278
12296
46207
32175
36747
11652
27305
40975
40684
22393
22355
40581
36027
19280
4981
53741
53672
56624
41498
41379
10128
30980
14308
36811
10384
42969
19012
9995
4977
9291
32711
41626
8813
37600
40179
62555
58163
33476
42244
12802
63284
8873
36449
10672
18318
60450
42353
40465
37365
19357
46454
11107
59159
14241
12044
11307
8780
35840
30696
12548
33475
10829
53824
59105
53764
36780
43574
58623
5327
41826
41249
11764
33190
12137
9604
10111
29318
37397
30160
41581
12512
59095
30984
46720
58340
1749
42092
33373
36291
42423
36961
37344
30120
59923
18829
35605
62781
35911
53740
42440
46678
25667
9402
19235
35971
9320
53595
42445
12582
41058
10695
30396
43374
4353
35902
11875
41783
4698
58160
3775
35943
46919
12087
13792
59110
60930
11663
40967
63223
41227
10574
47168
42070
27092
32994
63163
60481
47322
54825
57223
1753
30279
41293
44782
36561
19497
8905
42153
30883
31226
46253
4621
30784
13560
12214
32914
36987
33284
22312
46857
1405
33454
33390
41805
31338
18257
42484
11347
3783
10826
37302
30885
53671
10353
30901
61074
14196
13230
62536
26735
29754
58166
27637
61982
11753
18237
19044
25948
18836
30109
14130
15217
10338
12134
10813
11131
37245
10686
41267
13531
62537
19047
10987
33226
33430
30194
41650
29807
61943
31887
23718
63228
41423
13512
5886
13442
11981
35585
54999
29562
12738
29702
37231
4674
52925
40761
37409
42096
18246
30850
5887
13550
14187
14920
8836
11879
41778
56629
53651
13088
14254
55676
13296
30518
25925
9823
12038
26996
36785
30284
41977
35881
40742
12244
36010
63227
10379
41096
35589
54814
36433
41110
22078
46816
24107
10730
42840
35854
58672
19098
32705
10983
37952
43097
22551
46221
36716
47193
11425
13750
15452
54836
46927
61527
42080
41075
29689
12549
25723
37632
36108
12153
40448
35573
61534
61101
34272
35614
10621
30960
30897
46601
13282
37918
37477
33108
37319
60933
29963
13078
61004
14148
53742
13683
13124
50675
22481
33448
4730
18380
41471
59076
10866
10341
9714
40603
46717
8683
11149
43438
11788
43556
13393
43124
10001
40632
11358
27639
9729
33040
12707
24039
21968
36708
10599
11609
29996
12523
11742
29750
36835
37660
12940
15851
10493
9997
41020
62440
11346
15231
41987
29328
12240
24208
40168
46559
36133
5059
37625
46377
42267
40602
12189
32826
11391
31213
43567
37213
13756
9295
61115
11343
47152
30215
11370
14374
41393
12598
9460
51082
30793
14716
33120
36403
13101
9726
33403
8833
43583
46944
10437
22532
12301
29910
42603
9724
41269
3715
29981
11771
43406
12911
19053
42109
11730
41892
18307
19289
42373
3779
46730
35569
25962
31234
2042
14638
36943
27150
30003
18287
61867
36596
12998
13342
14328
12023
22408
63291
30803
46218
29854
10632
61862
18408
46999
35618
9791
29972
9629
10064
30992
31008
41907
58630
44759
11401
30409
5081
12579
5355
61963
42509
14596
40410
42551
40652
13825
14600
41573
51067
13360
26982
61977
25867
33022
41099
8903
11924
2040
36501
11031
32802
29730
9215
11282
37129
37432
42654
63342
26822
1609
13104
42303
61038
30234
37902
30550
55003
10839
61927
3785
31807
12661
33254
22300
13324
41870
40209
41247
10775
53728
18220
13015
30658
55625
23848
12586
14871
42901
11660
10977
1537
8770
37546
37421
43575
29755
14208
12642
40959
11911
43173
33587
59094
41903
19285
11357
37403
42824
36368
26823
12496
5119
4744
42973
32644
48170
14898
13129
11759
23943
4993
33446
10794
43112
25951
23938
41158
54863
19215
4976
36075
19880
47061
24057
29368
33364
10821
12571
37272
36458
3742
33562
46278
33074
18425
35882
36203
22530
43642
1655
14160
10690
36464
33605
12564
12141
12919
3789
41156
19329
37322
33426
36263
10479
30719
54870
13083
30910
57235
14205
62853
42293
46701
13386
14901
40513
14645
37425
53518
35774
41784
40449
37642
42133
13738
56608
48172
40700
40609
12471
43008
12546
30082
12061
61105
36421
32851
40181
19327
43715
33381
59993
42120
37458
30072
36882
61828
41667
43077
43046
11648
56594
36381
50555
25681
12552
10743
61846
30392
11814
35578
25844
36489
14259
43122
13090
13262
46215
1588
60993
13164
43000
33429
42069
10846
22081
36885
41647
9218
41755
37981
36373
61947
41299
41360
33301
9217
35633
59272
43540
41942
61505
36522
41159
12007
4470
37530
10607
41487
26927
43369
11122
14884
58152
41409
60005
58348
11001
15236
10118
43153
46856
19213
8847
9831
19337
43147
42656
5017
26987
13303
40689
5130
37661
11542
37294
35810
11467
29336
33021
46609
3691
42117
11014
60087
27126
46419
51729
13391
12843
11620
30990
31116
59088
10954
29819
37925
11701
18322
37736
12889
37599
40136
63314
43589
22325
33410
47311
40148
29768
8735
13580
32980
46848
60037
32989
53690
42261
13414
18259
13012
37462
47263
12385
60099
40532
46702
41991
41879
10902
32864
61978
27295
41825
1546
33069
36278
41422
33147
12374
42986
9352
40215
30025
12836
40937
32842
32537
60492
27151
12140
15420
10470
43162
36871
10802
30257
58664
58739
4455
22085
12759
37727
29803
52926
8883
32732
32978
41827
13432
44741
26968
43138
50560
9502
35806
4475
41930
30031
8840
29374
48212
1410
14713
9731
33331
19065
42225
41623
9766
11870
30390
62535
61876
46403
19355
32700
22296
35910
61833
46578
41478
42413
40521
53498
11260
40788
23955
15144
37442
36259
1454
40808
4747
52328
32735
13858
40452
44763
30273
61878
33252
8742
42099
29590
30314
36914
56745
11801
8732
13338
58666
11413
46945
9206
27310
31296
59985
13168
40178
4665
44789
42406
32122
36598
37098
11129
36068
1575
1644
35613
8771
22394
60085
34248
41285
14736
15228
5064
1583
9650
18245
8777
60990
58661
1430
9634
10749
29272
26846
30250
36586
63307
50620
41044
14350
11106
37929
34254
29822
3695
62521
61048
27121
12498
15207
11328
13549
29746
1413
42699
12045
38020
19486
61991
40984
14613
36454
33253
31188
12383
9715
13435
36495
41517
14314
37718
42123
53667
33094
42943
4641
61106
14278
63158
33212
10355
31117
43493
58192
40557
30214
41529
42036
50656
14223
10971
12993
33283
2041
55635
53699
37527
40125
36965
1603
40624
14878
10871
10710
33600
33417
14967
43641
4668
40931
10647
31879
48211
13251
43415
30291
9983
9229
50632
41751
14373
13499
47002
42550
14113
30582
31009
30418
4957
32965
36599
42964
1635
41328
53490
47327
30127
46484
50658
41026
23847
10330
13332
31182
23764
12945
36172
36083
62437
41723
29624
9450
13844
31206
42262
11758
37064
33571
40092
12071
37289
11024
23887
52959
34316
43453
18645
36520
33148
36525
30957
38015
46642
57228
36215
43382
37948
38019
29706
46520
40110
42990
11185
60001
30786
42192
18333
12481
12154
32696
43013
41547
37121
11470
42647
29949
52081
32152
22050
1631
33067
30829
33467
42555
58149
27191
11762
14343
33085
46430
10800
10922
12149
62386
36084
5030
42346
19317
11691
33601
41584
37494
30724
36264
60094
4449
61035
9982
59085
9408
29348
25870
46641
46503
11153
63214
41801
58171
12678
41772
60992
10124
29365
43476
10370
13085
37994
38062
12950
37459
32758
12930
3977
59933
14226
30015
58151
33218
58625
11454
8783
12352
43601
14959
27112
10857
12322
5067
61086
9406
56747
3981
18329
46677
12372
50550
4783
40949
41748
43535
62520
19359
40620
9768
9754
48098
13001
52088
42219
12711
5356
24210
46265
58658
46473
30945
9216
29967
52092
13536
11176
41092
12312
42218
33634
9376
12016
12325
46380
10843
55663
12903
8690
42541
13206
14181
38007
46914
11681
63068
40875
13478
10390
46941
59271
15214
11647
29957
56539
61969
42760
12458
12621
29262
41677
50553
59959
10056
12308
31168
42085
60979
10873
23896
22403
40157
29897
47309
40118
46468
37898
25871
13457
12098
46957
22484
19478
26975
61097
13500
57212
57320
42600
23772
22424
36724
13632
11374
46224
36221
46521
13515
61019
47162
23779
42515
35561
42691
42247
61525
11534
5021
58656
15215
53736
31812
54891
37286
8762
10125
40147
52086
46469
43001
26939
40576
30308
30383
40812
36717
36767
40671
46671
37023
61100
33122
50714
36646
41210
46483
33095
30034
32856
46456
43176
12193
36182
22545
32693
30448
4736
63221
40400
12554
13598
10424
43608
36372
31371
1250
33343
3757
37154
12166
40798
14961
4779
40141
13507
41703
29882
12192
30076
12617
61071
18793
26855
61044
36262
29625
32945
53814
30936
29699
18309
36834
14105
29880
1598
3780
60018
13106
3689
11969
57606
41348
10415
9345
30756
46429
9507
41791
30918
30073
37559
37701
47020
9654
62544
33200
22023
4703
13184
40677
59908
41624
5318
40547
37066
22508
51086
61013
33043
40126
11727
32822
43501
63218
9257
37601
22599
12109
35631
42439
44787
34247
57675
46566
46635
13241
33553
43650
10641
25990
27124
30320
33111
59130
31012
30668
12827
14937
12281
59930
43530
37698
30551
61961
43615
33559
29864
46411
11311
22033
19510
10049
27115
46258
30399
11053
62383
42223
40528
4647
10943
41565
59147
37153
11440
36691
30097
41558
18805
41820
15451
37471
8768
12369
43146
36256
12986
31112
40388
10452
11877
30258
40159
61110
42877
13664
37235
59998
10662
47100
41485
41302
37201
36026
60487
36506
22036
13003
53491
41045
1606
41967
56566
4382
11134
12100
11997
12411
29962
5055
4763
11807
36527
14238
41500
13452
9358
46977
12290
13752
61971
57236
23774
41562
14599
19250
11479
22517
42379
31378
42088
61915
32871
9623
41782
19479
12521
38063
11675
31361
19030
33341
37436
29797
1555
41527
27118
9242
33133
29861
37046
43380
29814
32908
37990
50538
29279
46841
35866
9374
10409
23741
31847
36796
37880
30209
9763
61114
8697
19309
53746
42674
59956
61986
13449
13510
37673
9270
10450
46962
37739
53485
29877
14363
10861
41747
13566
37594
22101
13553
37100
36110
33632
42703
50641
36282
34226
40910
22100
37519
23839
12982
51047
40944
43578
11630
4959
33130
42668
25932
9308
42696
57238
24211
63359
25714
33110
10088
36846
30397
13192
29290
42066
24205
33132
12942
40646
11294
27082
52963
37176
47064
11521
13307
43499
32647
36584
12305
43464
9314
36726
9396
32760
36608
32832
26995
13438
40142
29278
53762
42621
30776
48128
9277
37731
27093
32927
46932
43019
40607
51062
12947
14653
43038
27096
59152
13286
24212
14309
13139
22066
46478
12946
19870
40701
41597
25715
41846
36355
14626
13046
41177
40604
21960
62866
13246
30771
37222
22411
55667
41770
8878
8784
19286
53689
36582
36128
47104
55640
27117
11712
14152
22055
47236
11306
10688
18226
22342
22359
42694
13795
32852
61801
13420
31194
42084
41794
41842
40394
12332
1567
42883
1648
9236
43592
25869
59917
41416
41204
13642
36627
59909
46510
43533
63302
41649
35572
4994
30826
14389
55631
15197
43390
12500
12309
36040
18230
3746
12170
47005
35931
12205
40840
42298
40112
53571
10021
41370
41388
11693
32819
34245
40665
11937
46481
61033
32830
41009
9428
42012
34253
57586
32716
33107
11575
41578
40611
14654
9199
46901
29281
11369
42786
54873
60966
29765
33256
46424
40745
31375
4351
32967
30735
33180
29342
24070
30255
36150
36036
10687
9608
36122
34255
30927
47165
52934
31810
35953
47023
62443
31229
41789
11566
58655
10791
40478
37913
42625
4452
10480
46989
22103
25668
53683
47339
30734
47117
50615
26756
12551
40537
25833
22406
30395
30349
14101
30778
53750
29757
12620
25939
53626
36431
30238
29849
10761
10957
37345
32928
11245
42397
10568
41346
37173
61061
22426
18886
42356
63164
35581
4773
10417
42562
11746
21967
13740
35795
11472
42749
27127
41877
40173
42978
36671
10859
42508
33583
42286
22506
11036
19017
61884
26936
61959
12048
11740
25942
62399
62435
30825
59965
11430
5002
11817
42848
41956
40123
33235
10702
5370
36375
9300
18816
36555
18377
19878
9620
42208
12683
40185
11863
22537
33017
11866
60010
36567
42567
22488
44744
22010
48127
10474
30646
41690
41776
60015
37734
14191
27094
22339
40915
5069
9349
22000
42790
9260
47167
42463
41218
4766
47076
12649
11572
22303
11550
18835
11151
53603
42498
53640
13291
36966
43401
36509
41951
11944
24076
61021
42166
46935
11046
60964
37281
59995
52973
42885
14268
12151
22320
14161
42524
31311
59987
11813
13638
42105
47329
10377
36700
12256
12983
42351
41658
9350
8736
37890
37503
15233
53665
13314
35983
58624
46995
32793
53650
14198
11773
11195
13770
31364
35850
11726
32704
35719
52948
4483
62852
12425
50685
11508
12475
22309
40935
19277
30077
36103
41255
36993
1572
11970
10403
61128
11473
14338
24072
1629
5328
14869
40729
13436
14213
4466
12932
12756
30766
30596
9264
22044
10691
46548
40203
13331
36828
32912
36618
30528
12219
37398
11457
37144
37317
46942
47321
32747
30144
12404
53489
12250
10930
43584
46389
25658
1443
46447
33305
41631
36079
37747
41372
14302
26950
41005
40493
8669
43084
63067
36681
37489
19274
40540
13467
62432
13202
30767
35827
35564
44864
47030
47031
36193
36478
15161
19341
13287
33379
61896
36183
40459
36121
29836
42860
18423
35938
27141
43022
5080
26970
42179
18231
42005
59984
40082
14126
5362
46247
30674
37607
5032
36400
59133
29889
10565
46296
33026
13237
12595
10729
18267
10856
63343
40412
40417
36617
10054
44862
62846
51061
40870
59077
11886
30810
37877
43405
37508
22341
13681
41400
27296
13395
12304
37598
32585
31817
61475
19068
54880
12390
40556
12813
23780
63050
40617
5104
33399
13152
3687
18347
41054
12779
50650
25653
12811
42280
37886
33436
22340
35961
37480
14382
36102
36919
46610
36904
33057
47188
10002
41323
46874
19039
40420
13834
33294
57672
46786
13339
35891
56568
34252
61826
37652
22362
1737
37697
11838
12651
10858
29871
43573
43042
46630
46514
43063
10018
37907
15204
13102
3690
31133
31074
41924
46528
43032
32756
24066
40495
42305
47340
42513
23754
36755
5105
13121
46518
47237
37326
53516
11929
19225
18824
63327
35584
62444
43045
41591
5029
8666
43026
56616
42142
59093
15196
43388
21998
5118
37643
59128
23971
62526
41332
36705
19222
12206
30121
37999
9647
18350
50634
32915
10741
37094
11360
33019
42959
41948
22048
40867
33352
46279
42370
12060
31305
37165
42456
11005
44758
46249
30507
1437
57604
47240
5890
14123
24110
30515
9197
62451
46544
40610
46934
59074
37096
4322
46858
15442
40451
54828
42785
33036
42963
10407
43636
12299
36963
29361
40418
12159
37149
19884
40570
33402
58153
11300
36337
42416
36967
37561
32680
43541
46801
29275
14950
12084
4448
13680
40859
1263
32806
14361
52969
11905
13031
25947
42052
46691
60483
5114
36428
18825
30430
29622
42157
63297
36623
46847
18373
11552
13345
40583
1628
53504
3700
13010
35998
32166
42163
29792
34306
30370
11535
42010
36488
4769
46842
18887
11495
26962
23745
47105
33262
14271
43472
61054
41613
19075
41351
12335
61050
36000
36348
1242
40582
37638
33469
13562
62439
32977
4770
37964
32641
37329
1617
58201
14154
33438
43425
22002
19348
30594
37676
37142
37324
31176
42428
22600
42622
41460
12832
18813
12095
19011
22527
4321
62759
58157
36163
46527
40172
37086
3701
12094
37304
37093
32539
40130
56609
37611
41933
46561
41366
22515
18891
50637
47059
36430
1621
30081
14153
14738
22486
11392
14753
36892
30654
60968
41136
9761
46274
25984
34333
13252
14364
41121
47052
21991
29587
11596
14977
10416
37550
41184
33409
19002
40198
5009
14722
40062
31236
13212
43011
42417
29779
14367
9617
42432
9814
40508
37563
46621
41039
38331
23777
18293
11080
41904
50544
55657
41405
29791
31061
33008
41435
61063
61804
46698
12293
42554
37744
10713
10797
46905
42098
14163
43015
46967
40161
43449
29929
33573
36243
59120
33051
57216
40491
24051
54812
10489
25662
12851
35822
40623
34336
18647
37406
42202
42855
42450
41143
51043
5899
52960
55637
29947
43025
53474
37373
24125
27324
62782
25825
15260
14137
12632
36614
41331
61001
1593
40766
53768
42107
10824
10132
14732
10337
53657
43385
35973
13295
18814
9825
9311
8861
52943
11186
12465
19477
11184
37079
37333
31011
42304
36812
12182
10011
26979
47101
50696
40121
40876
40411
42725
42807
61815
12392
19301
40760
13765
37741
56606
8748
13659
1403
8778
43655
11618
63054
42459
61885
13136
19288
46465
57318
41312
13532
42845
59280
4349
61513
14891
51032
25665
29288
29311
11884
51667
22089
61966
11560
60999
10622
60448
27186
42091
41997
37411
63055
42136
1442
62396
46223
10716
40081
53623
31369
41534
12856
42062
41881
5012
32803
59988
37897
12180
14372
52323
36169
62447
9494
41736
36745
32882
42801
37172
43616
58741
30190
11445
30976
36984
35626
12679
22421
63209
10429
10029
41632
47097
13007
14258
43619
35862
12905
37162
36781
63334
9469
46248
5115
53622
29686
19290
21982
62434
33401
61055
13076
42365
47234
63312
13476
18334
11612
43392
53786
36300
10836
32161
43630
62772
3737
47084
13797
30921
54851
29769
25704
41856
41704
32843
14354
47086
5093
30043
61809
58168
31184
35892
41686
50664
54868
40600
37259
41024
47148
52941
13662
26748
33324
35706
40638
42976
59151
18422
40645
10481
11162
59980
31098
11684
59943
3735
12748
37011
57602
11396
8808
9736
36771
11906
37157
12265
33378
61485
14717
58345
57245
60021
36224
10007
33710
12251
36475
59997
26989
18327
10015
30523
15438
40444
37368
11043
47565
19059
46855
9263
42941
4777
33229
12695
47194
46558
5337
43591
12990
24202
41860
42639
10872
10025
62389
11590
37970
36880
61015
11892
36118
10014
43544
41313
37037
19034
25830
13713
10924
40470
10830
41917
40814
29268
47051
31878
46931
33171
25872
41390
37334
11849
36443
43061
12971
40473
12596
14332
11702
46434
46451
24045
18792
18399
60489
40150
30195
61084
36896
11491
35764
61952
40065
11244
33348
11766
43174
32787
15153
30645
40577
30322
9723
13137
35629
41996
41959
53510
46915
12989
35992
11388
30449
12405
36827
59124
42783
60039
9337
57617
47260
10810
52071
33445
10109
18883
13800
35939
8701
30650
48126
13176
60035
33188
36439
41275
4658
40498
36100
37742
40869
37366
42441
53632
41081
4949
11802
37901
47144
54856
30940
12814
25985
36196
30656
8754
31058
43631
11436
62519
14260
1605
60932
11607
30208
36460
4667
10488
42511
24117
25874
9439
8714
37911
42135
37412
22006
62407
54858
37238
40914
36765
42781
46591
32767
24419
40484
56582
10712
37208
25828
27133
30446
42488
62865
12409
19082
37429
13377
40156
46525
30599
56591
13270
57215
42140
8812
9457
11978
12657
41866
13720
33412
26765
29838
12825
46637
46966
41636
32240
33441
37553
43083
1415
37408
41861
56595
53678
58735
46570
9479
35979
42981
9783
41168
53590
1436
60977
36437
15205
30252
47177
40720
12610
40450
50680
41838
19226
15151
11165
3753
33090
37241
54998
9278
8884
12476
5014
12142
37551
40216
37554
1397
31083
30891
44762
11164
33072
4682
5047
12017
32874
61994
29364
26998
40688
5881
11113
42942
32884
22307
43389
46871
36805
37084
12124
46497
10398
42359
61095
61880
26990
37610
30176
43165
31107
26753
60081
11881
30787
11373
46216
13630
5132
41433
41713
60985
15265
14636
14608
19488
27097
10446
22597
36246
43411
9789
36406
36659
30036
47262
43512
10961
29354
61872
15263
11208
36194
4749
55006
11514
8866
12576
1633
27298
11044
29979
63322
30101
27095
8667
4740
32727
11081
11040
35830
36311
18275
41109
1591
13245
36851
1262
11811
11530
41608
42934
18239
1244
37694
37505
1445
29858
54860
47252
14867
30008
37331
42624
42352
14910
42849
11526
36093
5350
41209
14140
61818
50598
12833
14159
18797
30404
41941
12847
11114
13593
63205
13390
58159
46960
4746
27170
29344
61983
33118
33356
42282
62770
43409
61931
61481
36839
46811
41602
47214
56546
14121
52113
9646
62538
37131
60494
13408
46834
36535
35779
10339
60469
46449
14614
40196
29563
46564
50534
14962
60976
13149
36605
30324
51641
42461
10667
36382
11350
12646
59090
47120
13554
35812
58173
40710
9762
43109
9207
63303
14149
41592
33361
8703
58336
9417
62430
57230
60071
19069
12320
10062
11979
9235
25666
8707
33070
43445
30834
11893
9625
42905
13572
26818
11120
9605
12272
37262
8876
36668
46448
29745
10860
30095
12259
58639
29980
59265
44772
11123
46457
41193
35899
10055
36293
12698
30979
47536
18254
9821
13027
30865
11469
40182
23784
62551
10925
11522
18812
50687
10456
37067
15110
25682
42828
19256
35816
10968
36380
61507
35923
30317
12669
43523
63073
40670
61823
11352
59910
29887
4625
37892
11695
10595
40696
25703
41582
32905
37254
37268
18905
11923
35870
36649
10352
42627
25673
10742
19345
12962
43014
30166
32681
19869
26819
50649
36465
36242
41062
25935
10004
43467
43160
19352
37290
32712
33225
10897
9347
41233
12737
47226
5348
42249
62774
13186
30681
31373
11786
41625
13228
37962
18815
9303
12234
10585
11394
41448
30064
14968
61906
47250
9776
27634
10986
4943
63160
50700
30814
36972
42851
32746
43447
13767
53784
57600
56585
42427
30845
13473
31225
31237
10819
19499
11321
10652
41539
60069
9204
14128
60477
58176
59925
47247
37028
56603
32724
53752
40599
36469
46810
11034
13335
46669
47343
12173
40658
46614
35726
30377
11287
13741
18655
12764
32993
10627
40500
43529
9771
36869
29832
35619
8680
36496
37062
35606
41131
37125
10989
4319
36132
10102
4346
46550
31001
31227
4383
43118
53769
34341
53744
11705
42994
46474
13698
12381
43031
43626
31079
37306
9743
11326
13780
46656
31164
36550
12059
11393
4743
11324
42007
36742
37239
30598
12603
10577
32762
22058
47092
22304
10487
37445
14865
57229
14157
23766
29804
10907
32740
36251
46560
51648
11710
43049
27104
41912
59936
31183
35887
30687
50643
32750
10887
29375
42628
53636
34231
13410
10927
30136
51035
21994
10387
12185
32763
37568
12201
37305
11487
10612
53662
13728
11266
31800
35772
41318
30281
14946
43394
41961
50592
42543
50707
13199
55666
24126
62783
41526
12510
11564
32146
47026
12590
12652
3685
50677
50543
24054
40565
9788
61474
3745
12230
41211
37440
31065
35762
36741
11201
40960
4985
46876
53680
56593
46700
40475
27103
4725
18366
13165
33316
37688
12107
46785
62524
46790
36862
11624
9645
37515
10787
47053
53484
18277
42605
11610
13663
31124
37186
4753
31289
42295
21980
4330
60488
59266
18650
32796
9453
11644
43637
41377
38047
11862
42646
14637
13304
40753
47036
37583
23781
13462
36138
30872
43149
13383
42683
19346
50684
4776
14748
13465
33317
35621
36964
3722
42068
18644
22483
5031
32869
25886
4673
14945
8759
47029
15190
50617
36570
42578
36553
12981
37659
5317
14752
36779
30758
40578
12389
12999
37277
5352
30075
9610
60070
42629
19249
37099
55764
62388
12505
35714
58674
23936
46950
42405
60439
59107
29256
18332
10914
9480
36176
29589
29902
11158
13651
41509
42307
15450
8757
19875
47222
41502
11411
36793
37518
18906
59916
13269
63308
18420
1256
37574
52949
13209
47055
26825
26981
36713
32961
13057
11859
41031
29626
31156
1266
48119
42169
9365
5375
53606
40961
10973
13751
41506
9484
52951
9734
54842
10613
30068
36456
41324
36777
19267
42991
62405
42489
5053
47072
41215
47038
33178
30303
14365
44765
19299
30733
41928
34250
29371
14943
34266
11268
61537
22396
37651
41920
33065
46747
10419
43121
61859
43028
31121
36476
12093
4944
36483
42774
42773
57209
41266
18882
12273
10359
4756
30961
12227
9471
10655
36848
10854
37323
14601
14615
59275
36875
44751
37054
30206
32795
61003
42243
9232
10938
4626
43144
40560
63079
42453
35593
32730
9342
36557
12542
53477
22492
27105
29254
42207
32630
37511
47077
18240
32861
13571
10855
40913
41790
12541
29946
14900
14894
37692
41305
18281
33464
10576
42838
30340
33574
32550
46629
8769
29324
60961
43482
42268
33138
41220
12963
10620
11582
29377
54882
43104
30792
36979
22297
32742
30150
2037
59924
11039
13541
32949
8835
57234
59967
37941
1299
33366
51071
12692
19321
22095
33349
55757
8713
9256
42814
34265
5056
43117
36556
30005
12844
13310
41257
4634
8867
47338
40595
27132
42899
10347
14195
60471
62540
40872
5884
30669
51664
5128
41633
54885
12849
12096
41867
9375
27300
60043
53607
43497
13749
41029
18418
19332
41800
10964
43606
37686
53493
29704
18801
42516
46924
24048
12318
4708
29713
35610
12033
24037
9477
30253
35717
42980
9316
10643
25664
41688
30667
36934
30156
10059
62871
11119
13733
37370
36601
46588
10990
13761
29911
9756
13380
1317
42231
30722
41391
35571
9433
10660
35604
13521
18810
8852
40464
32718
32628
36397
31104
26771
8809
32853
12307
10003
40828
13130
41239
62856
11623
10061
50566
13697
11797
18652
11583
37738
29783
60438
58226
30205
1768
31298
12169
9994
40958
41469
38336
36491
14733
53717
11614
11247
53481
14359
11030
33354
34260
12966
55646
11613
27110
29346
36316
4636
5353
47119
22092
59907
3711
23767
13300
9312
56545
26770
37438
11442
40879
30716
46485
26757
36313
61950
31045
12739
11888
43597
47181
40954
37735
42556
13416
12533
36186
48210
42906
19092
26841
23891
12637
60953
50678
9505
41119
10929
12518
59957
29319
8834
13188
25964
12502
12434
50619
46864
21962
31875
15448
11855
30844
41552
9211
62558
47204
4472
41944
42222
30063
30818
27175
12879
37927
19019
18312
29297
19027
23940
41442
53751
41777
9626
61072
41034
30331
9387
11447
34517
62532
31047
9758
10460
46774
37220
43116
14357
30685
29370
53813
37130
27315
1589
56540
53685
34348
62766
11344
10103
40144
13099
3740
41868
11224
40079
13349
42954
30151
23965
12175
42500
15266
34241
34228
53703
37401
48112
30879
25841
5377
47044
61864
41017
5906
30286
5044
40826
53733
63226
43652
41706
36426
46272
43585
36202
51671
32646
41117
4491
50569
61516
32979
18641
12662
40533
13735
22301
36481
27152
36890
61111
10985
41882
43590
36240
1757
41276
25883
26924
32188
59116
25868
60445
8845
53704
46938
46877
27314
30698
13516
8727
11831
10951
9233
12535
1398
53512
34261
10476
12611
37316
30805
40807
3683
40996
13293
36003
12721
36794
50585
25722
30231
1265
41404
51037
12534
11902
29732
15423
30186
35630
22521
10482
36306
12190
26760
30125
42015
36736
30723
13181
10053
37075
10809
30053
24091
3749
33202
41468
33440
11221
11519
42020
62849
50653
11060
10876
18904
11545
43845
30230
30709
36537
40071
4461
37904
11731
22097
33055
37404
53487
61490
11821
42912
36331
9203
31175
61965
50702
41383
62552
13337
59952
4627
40548
15443
14858
55681
1424
19492
11889
38058
33166
42232
60077
53616
1553
12820
13490
11378
19049
37358
4697
40399
18822
47341
9769
63056
37369
40535
10367
10572
14872
11714
47357
42798
59968
18219
30369
24220
41141
4738
32190
29835
12787
40926
12638
22548
10735
18227
27320
1746
37014
60459
10052
46939
32722
46579
32733
5367
36856
37501
14640
13812
14369
4655
12688
5034
12006
27106
25926
42350
42224
18296
1297
24130
11304
27120
36939
35928
15142
60054
15199
11860
42315
1249
44760
42532
60975
36441
14879
40971
37367
10606
9302
29726
37104
38013
41027
41583
10853
12715
9266
13647
42680
11856
29971
55659
29934
33096
32887
14923
62541
46534
55641
12432
9465
30305
9313
13238
12050
37605
18382
4764
36245
12407
30978
43430
30415
23857
46952
33272
63290
30379
55660
27312
4711
19304
10100
23845
11956
13143
25917
36715
32925
37145
46664
15431
14633
22755
41797
13522
21987
11499
37196
15188
29551
13693
11591
60082
30420
46643
41918
46442
31312
41240
19238
31128
30679
56621
30233
43381
12790
40213
36213
9660
9447
41840
41520
30785
13141
40738
41675
53605
9444
13551
26977
36123
36986
63083
12539
60950
10498
37255
10832
46509
42299
3748
34334
5085
11615
12217
35997
42205
11383
55648
36438
12565
43621
1614
31118
53760
37218
11555
60958
3763
37355
61060
37955
31056
15221
31173
32623
37950
43563
27181
23949
37020
14744
13271
32824
22402
30525
35562
14912
47313
33169
12841
30728
22529
11968
47099
34240
42889
18269
4984
35808
8887
40685
43059
9285
24062
32584
8786
12344
32907
14969
41661
11611
43627
13439
37274
53732
40877
37649
4336
43436
41033
42006
36698
48173
11327
30363
8788
63215
30275
30368
14896
36631
61022
30848
11420
10799
33258
23734
36076
37662
18888
59938
43410
46830
13573
36632
11205
40591
12904
3734
50622
60017
44742
8870
13520
9804
14883
13111
11629
11721
53598
63344
18321
36276
31303
41792
57203
8758
1453
9418
37214
41676
15150
29969
53749
41068
13261
12277
41496
12297
11280
36091
12165
18303
22017
10360
51632
13405
47114
60460
40523
4369
14327
33139
56749
8894
29778
50591
50588
40918
40219
32553
27144
33239
50597
19481
29728
32682
12326
31340
11861
58668
23939
18658
32772
4692
22337
36237
11680
15198
40690
46891
12664
42857
36543
12591
25847
46537
52962
30199
22538
61868
42862
19311
19252
22053
46208
37380
1577
11945
8855
56548
61806
54997
40820
4782
40979
22494
12085
26747
13376
30326
59919
41603
42497
37873
61491
11651
30549
41399
47082
12130
47159
10673
37036
10714
26848
30663
41589
37616
47169
11671
4947
29833
61802
34242
61960
43474
22542
36629
12581
40726
19291
30673
46936
13216
12770
59942
40414
46217
12399
42748
10440
42143
50695
57202
47045
10760
42110
40802
30300
12895
12697
15178
43018
38337
41786
13594
41028
41693
46235
51639
30693
34251
36996
31336
14628
19052
36813
10573
33566
18314
10349
11310
11007
41887
37963
61852
13426
41235
41719
35974
36589
61895
43057
42236
41417
30139
5062
30677
41521
13790
46716
31077
41187
29743
41642
40767
12416
40640
22322
37980
40212
37726
47143
31103
19295
27631
30964
35878
14861
9778
11380
11142
3811
30065
52946
43136
10039
42046
22305
14270
29856
13122
24077
40969
26758
41441
14100
4357
8794
33435
37711
9382
12928
3694
14301
36284
42188
54837
11885
46240
40673
30720
42768
10805
61530
37291
1569
13075
42294
42386
5378
18902
33458
61539
29351
63332
24414
35600
9221
10334
9228
37117
24035
11285
8875
30100
9386
30536
41165
36206
12755
9239
1318
24216
22543
35929
35761
59150
37276
10609
35968
12430
5079
30757
40752
41586
13381
10597
32959
43402
25700
61488
21995
48108
35575
30313
61889
10744
45003
9501
46504
60986
40158
36142
30393
9434
13333
41443
31400
51065
57674
30524
47103
15434
11290
43577
41100
18323
62847
18280
15849
50609
46652
37934
40744
25725
10790
19498
36452
12556
22434
41979
46705
11659
36873
40791
12323
41715
9635
14197
13081
1246
12902
36870
43134
19214
27111
60982
42983
4685
37263
30772
40392
58174
26852
14889
51070
10086
33004
5322
30019
12528
30548
9355
46849
62761
11754
19335
29298
37521
36725
11844
14947
41594
18878
10343
30353
12493
41843
11792
12266
42962
4695
37223
13623
9500
42921
18400
13056
40413
24067
54876
22500
47328
29544
29541
11872
48106
33259
13788
41172
55623
59983
42374
37381
47227
14747
36763
40912
42591
5020
63059
60033
4701
57204
10644
18639
42659
41947
11466
33286
22003
30122
42493
37512
27194
42316
51734
33031
37321
36991
4632
55656
3702
13197
11765
4950
41036
37626
41095
11760
61017
40999
30899
60040
46291
13306
10566
58338
29920
46987
51660
42947
46261
13263
22493
14949
11841
32703
42038
1247
41182
12504
15229
13151
19016
37258
46515
11342
31224
11212
40117
40950
12162
18786
29353
35624
42834
41396
42766
37995
36989
58158
43605
41440
37612
14899
40951
11227
56550
11006
29992
13730
22535
43177
36990
47160
10611
31845
11013
43034
12018
43571
53602
36374
27114
63155
36187
12780
53773
42220
51635
47078
36704
40784
31302
40408
43029
60442
19307
46703
42610
29907
50711
42993
43461
30361
31131
22499
31114
47175
15132
32863
41830
36916
60938
5371
29735
11688
37402
1622
11913
40211
11747
13665
27089
19099
12887
40151
8793
61540
41742
41864
61813
30799
29825
36971
41006
60458
29306
36232
29548
36404
34347
41410
18654
30088
37984
41367
13842
1316
12105
37179
41927
33363
30167
61886
18282
63066
48095
18903
32114
12840
36015
36292
29578
13817
10581
33189
62851
50673
14218
51732
12235
42021
43100
42890
21988
58181
11133
30229
61082
9409
1257
53679
12613
14933
26737
61526
12054
57244
63225
11539
27176
19336
50583
11182
37998
9292
41775
10005
13453
37746
50541
37339
13344
37685
53596
46220
36770
12179
42335
50606
29892
4334
11018
30436
53666
33113
41043
41833
33563
8775
41660
23757
50596
36641
40177
60462
11991
21969
29886
53647
26083
43454
11004
33010
19330
12758
34249
10933
29806
11365
9609
36024
36547
53681
36891
36252
9798
30375
23763
12914
32726
53706
30996
36005
10563
42651
11438
29952
1751
41902
14854
46955
12640
33636
41671
37115
33183
36515
11196
41874
55653
9364
13110
46618
12885
15157
26742
14285
52944
53820
40805
41320
60937
37000
10886
42755
3719
11490
40499
33076
42607
40974
25958
18778
9805
4360
40793
31235
18224
35956
62549
41857
32731
12751
22107
50668
58337
37143
5063
12104
42599
30232
42778
36714
13423
9274
5321
4642
42809
14378
32238
50638
13148
35885
23841
12727
22516
13618
33228
27309
46870
46953
10883
38003
61090
9492
12132
23890
36922
11938
36769
37244
52089
40613
13707
40823
14344
9812
54862
53722
42576
61066
25920
41921
43154
12706
35622
58180
41657
25689
30999
40668
46764
42644
37485
37461
12937
5013
61480
10105
30056
36301
46255
13814
3755
36881
46392
29990
51666
36711
29355
41129
14347
24056
31851
30218
12367
11345
5339
31106
46569
59977
12511
58629
43505
22513
46990
14862
41908
41845
29899
11486
13542
33176
30585
42895
48218
9359
12910
41749
29839
36929
22054
42505
60959
50564
18288
12545
11984
47153
25836
46638
43105
10047
13579
40489
4371
32168
4624
58164
22037
31068
3768
35936
4958
46729
46384
61042
30427
56622
33045
41993
59931
25696
33447
41151
15206
36258
4494
9468
42711
41040
42867
13305
63080
8763
3756
42390
53766
19313
19339
4652
11553
25829
13779
41663
13119
3724
4341
41265
13256
1302
40672
8743
5043
43582
29315
10693
25694
40104
15189
12817
10106
8789
59928
41008
55628
36393
12184
11573
35588
36685
46954
30401
18260
47139
13592
26849
27303
12587
10046
5123
12609
58349
47258
42815
30142
3684
9225
22025
33184
9363
41735
10812
36637
37279
42458
11435
10788
33292
29296
29751
40747
62785
15425
12470
9786
21954
4645
33594
35848
12412
9830
9463
14248
42285
41477
26940
56600
37996
11711
30862
61905
24113
30023
46241
11619
12232
51058
15122
11598
32976
8885
9470
25960
9642
12890
14179
10432
41536
21966
32671
40067
46404
35778
8801
37301
10926
33224
41590
59992
29883
43181
57239
36855
5051
43080
55647
42852
41195
42937
22061
13135
63061
56623
40101
37122
42925
25959
32666
46583
12009
37394
37103
24073
60076
30197
25718
30769
27161
42726
9796
57319
11455
13631
10043
13498
58169
63331
55626
12329
1391
42604
30261
62858
12675
30352
57314
12622
9987
36500
37537
12358
58647
57243
24203
61070
12848
33042
14936
27135
43600
1576
4348
42176
61056
31300
42409
42447
30802
57587
18638
13191
40669
47150
11666
37944
41103
46820
36672
37428
46494
4699
43091
31363
18633
9319
37171
43175
46888
12448
61949
43612
5895
56552
52076
61081
13533
1750
11210
37003
40739
12723
36053
40527
4663
1765
41720
46706
31046
42606
41380
10709
63052
42122
9353
41319
59937
10764
30104
4486
59146
43602
59954
41884
19883
10340
46553
10447
61976
61919
30777
5054
10880
36388
19505
9348
41230
13142
11362
60437
42324
36507
40128
36338
12667
42325
43081
18229
37629
54886
18907
14219
31315
40423
14172
42580
35834
46826
11915
42617
37215
51046
33219
41897
30283
63048
32902
37683
1536
12747
33279
54879
40401
61907
22400
22553
10762
30699
40886
30955
56627
10453
15218
50563
14175
11541
33170
62550
36778
13153
36329
29772
30841
22431
46835
36260
29257
35869
61520
31285
48109
43096
18348
43524
56598
61922
9606
35888
5106
42448
34307
11927
13039
42861
25950
9989
31203
29307
37451
4661
11932
13712
30080
30516
35877
30715
46634
36505
9824
36321
32817
40770
43478
10366
37311
59087
40909
32125
41637
34350
34256
12464
42077
22522
14749
12979
60935
13703
41488
22501
14926
37597
60455
36569
36394
14609
34516
40469
60038
15143
10042
37532
12457
25989
40569
42460
43054
10623
37147
62763
34262
61954
9268
36676
44778
12112
12156
35715
10013
40544
40398
4374
30997
21978
30711
34263
47199
12393
14656
37420
62448
35909
1578
1248
36039
44795
42395
4662
11955
46375
10991
53502
33332
11606
29711
57214
10756
41315
10108
9328
30933
18249
41140
57608
10928
60019
63211
36477
40703
35796
12447
29970
46531
43102
55665
4687
42884
12809
13843
19064
29913
60059
50571
13095
19076
13437
10472
46234
37315
18394
32543
40835
41883
46205
13132
32960
43603
62381
9446
52953
12830
12838
31380
14348
31191
53661
42661
53635
11779
3795
42114
30595
18777
13260
41615
29985
41746
4650
33194
37006
22096
4991
12279
13316
10418
3792
12042
33068
19508
44768
27160
8902
19264
11384
37361
13049
10077
32679
37271
41555
46734
26956
11733
22306
24059
43379
18320
62401
42645
59141
41336
22051
40847
11219
30297
22068
30304
13676
51072
41654
12469
30126
10697
41444
36540
32770
42655
4660
41287
47330
23954
36141
15454
33099
56583
46743
26978
9366
36116
48208
25949
36719
40103
41505
43659
11960
61121
42587
1761
13815
4751
11387
1556
33100
12386
13625
29932
40162
30830
46994
4637
10638
23966
36898
11063
61939
5072
40683
22324
40709
54846
23881
40799
41286
13581
9618
33034
55644
47018
46658
58147
43043
15429
12267
35926
46789
14313
36371
37619
37906
30962
32690
30823
12171
41981
22024
61531
59281
41397
18890
5885
40730
36997
14274
29320
30580
46803
14644
53811
60008
61854
37932
1650
14323
13315
4694
12401
47562
36354
37905
29304
59070
63315
35977
10770
53574
46722
42487
10031
56573
47156
33607
5319
37491
46239
40522
29343
35855
41738
41844
37562
42729
13529
19320
33711
50559
40863
13229
37439
4385
41402
40630
30210
40169
25692
22105
52352
31309
37300
1455
13105
30434
15201
46222
11497
9797
8862
12888
32791
11957
10426
33126
37257
60974
19266
54995
26769
10996
18291
42756
36198
46639
53588
30337
13774
41994
37183
3744
30416
50607
47261
29842
32637
61881
22063
35612
37024
58191
41148
29333
41216
43010
10745
13200
37942
29358
57315
41234
10093
36528
33387
40676
51074
36693
11961
40856
9628
30385
41673
46204
43547
32794
13677
33032
36959
14612
12728
11150
11667
56570
58146
4989
42479
36694
11474
11289
30107
5011
36326
46653
46471
36459
11138
42029
60998
12216
11643
42333
12615
10795
35897
30084
37689
42197
29998
47336
14136
30967
36581
1388
42203
1240
50565
42023
14966
29900
53656
37383
37708
36191
41495
11993
36286
53771
59939
13006
29915
50616
13602
10457
46784
10467
63219
36945
61871
11510
30245
42717
41224
9280
3754
24123
61856
13748
36195
61091
41344
37900
60046
31146
40626
25671
62776
32838
27088
14182
41851
61059
3771
10879
36594
31367
12441
23748
12478
24132
9208
11318
37581
52085
19081
46769
57217
40952
41298
11850
40445
12958
12403
12956
10023
30902
35729
41412
5028
4490
46761
12670
11313
18787
13865
9757
24417
58212
1611
46921
11665
60028
19070
59112
41593
31155
55624
22098
48205
32880
29921
42950
18640
30765
12792
35955
10570
18421
29941
46918
35944
41242
47121
8716
46640
13154
50647
29749
10979
19218
29384
52077
61521
53580
4684
37194
10674
53627
48097
10891
13464
61816
5351
19217
11213
9764
13362
33266
58188
22004
27629
35608
15195
14710
14954
43651
11354
42009
12247
41090
14243
33306
31301
46395
12102
31095
48107
9315
59920
36524
13830
10114
42155
9750
12506
11229
52927
44739
36815
11340
43111
40862
3688
53479
35707
22317
12544
52091
11072
10755
46573
10851
46464
58670
11589
59140
41744
13068
29555
30293
1615
31026
14909
53729
12036
30374
33327
40558
36462
9506
50657
11524
36364
5111
36514
12906
25684
5882
36538
21970
9827
37422
52966
50582
58645
14310
53815
55632
43003
42818
33405
63217
10448
36981
31207
14180
41541
29982
13546
33567
9276
31092
22016
33376
40164
15171
34317
50667
42272
36359
42302
38340
1640
51033
14215
47107
41880
46203
12333
10703
53664
62873
18345
33471
18406
42675
12135
22485
22314
40649
46852
13350
35590
57225
9340
12861
1634
12342
12607
25724
11188
61855
50703
42738
13678
37299
36448
46557
42902
27077
12860
33569
18910
36628
12020
46505
62425
42598
1612
5070
30182
46226
42653
29794
30285
33249
15447
26762
12594
14741
30294
51733
23728
36281
12762
3699
58202
13584
40405
29841
4640
42581
33392
8811
30052
5905
10033
14141
4370
1389
13196
37273
30433
42507
8677
37448
42574
32725
11987
10361
50567
63082
40549
46651
29586
58172
30437
41712
19517
46778
58177
36098
13171
46719
30147
40105
4771
12672
33422
11275
4471
29329
47541
8815
42168
41300
50557
15182
23894
14118
34312
50627
50716
30510
14908
37158
36171
41280
29310
33023
41737
9378
37377
33287
40842
34264
47317
42198
41696
41350
13706
24412
29870
31243
42623
41198
14351
12767
40541
30837
60949
27179
12397
12863
18242
41614
61902
36944
9829
12749
30339
41523
47189
12933
40864
53719
29299
13613
13348
30256
5007
12467
11170
41329
12555
42588
13514
12531
36009
1450
32831
37888
14951
22399
41289
40488
10496
43532
42115
43487
42612
42715
35603
30079
11284
57601
4780
32814
40146
35940
40102
36798
36699
61076
42150
54854
18783
4469
37338
46884
23948
27075
13204
37663
22498
42320
43418
18788
1407
32624
33210
13782
59100
40986
18361
11250
36998
37522
60970
41765
53763
12908
14122
10458
30357
61955
11116
40407
36318
42209
32990
41569
8890
36001
46881
37483
37957
35952
12224
12298
47129
22043
36960
32885
35886
46386
43036
58216
58662
32126
42534
47210
42787
19074
36358
22512
36082
62527
9200
40848
30162
11395
25963
11121
42217
38006
32587
59143
12031
1632
46836
41047
9252
10091
4365
61099
30759
12126
41431
36595
41983
41516
11628
51055
11488
37205
18292
5027
36729
13468
52330
62380
46450
35720
40093
41619
33474
46461
11916
42721
24120
32714
14723
19361
37455
40087
41810
10000
11003
47062
30010
11008
27168
42724
9394
58740
59990
54832
53730
63156
18782
4983
12051
41139
22067
41544
4986
9279
23740
36312
56576
35794
29885
31335
46735
46596
60034
31314
13518
10708
1441
14188
11482
18356
37982
36701
29708
42028
12592
4677
42806
12855
36962
14185
11493
8800
4724
36636
42342
40457
47142
43622
11673
33560
35728
12719
23727
44756
12483
14388
62546
61898
36958
10413
42078
18384
18892
13557
23968
13399
4737
31134
48171
32548
11899
35823
15227
15138
53599
11640
53505
19283
36531
19072
42682
38333
11557
5122
36274
14339
19489
1552
11784
62414
10962
9425
23970
47151
29796
30973
44766
25954
19254
13189
41859
41895
11390
14206
14971
22083
13649
18234
46636
62433
42615
33310
30372
25687
13092
13313
12121
41732
13159
36865
10661
32808
11565
10992
46393
14144
50604
36111
11000
19294
53586
41035
44764
36255
62563
36840
30269
30367
11252
55761
12794
50630
41263
51655
46699
37074
41102
41401
31852
46879
46704
14873
38059
29944
36297
4954
25644
56586
12970
27098
47049
12069
25845
37572
46748
11897
37487
40976
52090
12894
33059
53692
42957
61970
22428
43066
4328
12899
30959
22019
41841
11322
61829
59091
19036
25645
11301
33264
47191
18817
12103
36235
31053
13347
54859
40854
18271
40982
30429
10792
40143
37435
47315
11725
36907
11571
11407
36088
9978
37444
37733
47123
18653
40707
30351
62406
31000
23956
46794
13495
56738
57208
5342
14261
24108
41588
61941
8804
25831
32855
46751
32809
22414
13071
11243
38056
9385
32145
23750
29631
36051
31288
33221
11108
31039
53494
12522
26744
37237
41333
63298
48115
40460
13401
52928
42924
62862
37539
53711
29898
42903
40479
13477
10336
29271
10669
12456
30044
46777
11183
12252
42677
42764
19257
42030
48102
37670
3979
61535
42826
13429
42337
35901
46906
46275
41494
12938
58198
31319
18803
9781
42750
29987
46899
8900
9451
13535
29387
33299
13242
30944
5358
46812
42833
11577
35880
37025
13687
10932
63323
9395
40120
41601
47242
36977
23889
31201
29922
18305
41855
11645
40580
42172
1604
53738
36529
55762
42727
50581
8755
33135
30222
44865
32844
36516
58339
1625
11567
19084
51735
14315
37437
13115
32941
33205
29918
13823
30884
42713
14921
11202
47187
57227
19487
58183
22005
42522
31084
46508
25660
4460
38018
60995
8706
32837
12569
40732
13482
13265
12310
32707
54830
33296
11975
41000
46969
1308
12373
42227
8699
40712
18808
18337
5891
46725
30058
41638
26751
42910
48206
40731
50706
11248
33237
44777
3686
62534
40561
29904
26959
58646
46458
13472
13525
12053
42821
11230
12922
42873
30384
37475
52965
43654
32910
37017
30158
57595
47254
12075
46477
15148
30998
30227
3773
35825
8674
36764
11704
40923
62762
46726
36180
41176
12525
42968
13173
22015
4495
10372
35801
46289
33271
29724
58220
60942
46742
41014
11333
12909
31339
37628
46479
4468
30870
62760
34234
8741
37634
42446
13248
18379
40077
37974
46833
32783
13066
31015
37071
46875
31197
53618
15211
46472
41053
27119
42948
1616
10877
12702
30228
42387
61478
43450
58347
53774
35863
40947
1261
19103
59915
63174
42175
25712
11787
12351
32169
32728
11697
33165
42620
46236
36179
46911
13070
51665
19877
12819
36200
47136
13794
19251
53655
24122
13221
10368
37620
12379
13689
36071
11118
37251
53514
13232
10960
29263
58204
36707
14721
37703
26734
50698
50631
41497
46431
30764
9407
53496
27190
11558
9637
27142
31876
23969
30163
37502
30108
12977
31033
37060
60962
60056
33007
30513
42631
9325
9391
4487
37916
36228
30350
33322
52947
41510
41543
29977
31122
31020
37882
41463
32632
36546
42452
23756
58653
36857
12619
18390
32889
37407
11785
18352
11851
61824
4700
44781
40520
27140
10618
43095
59273
19037
8879
58631
36950
32174
36445
13355
50573
19058
14386
59157
9258
61058
5107
62516
14868
42421
60000
18402
13622
36416
42961
1595
19066
23973
15107
32764
35846
33355
13428
40990
41065
50676
41863
10008
33547
40553
32117
11130
13576
32159
46577
37135
12490
9335
34513
59964
12784
40830
37342
13764
55654
13448
31115
9247
62874
42632
51079
10831
41064
46428
10449
33420
46444
42226
11728
62522
59922
41157
10012
13444
10967
30212
12370
22027
14262
18336
24206
26850
3682
13627
1600
55675
31064
55765
35879
36378
41894
36014
38014
35883
24084
53579
32625
58154
25873
31870
37426
12515
50562
42008
35900
13051
11949
32987
22060
18297
29280
40882
1738
12561
14957
41743
13743
57590
14604
33313
32820
54884
41757
52942
43586
26759
59080
37729
36314
46263
31102
4971
52072
41557
42495
14110
12968
22064
53620
60943
41964
36702
59929
43509
36309
1743
36518
14368
29359
10072
12778
43016
42686
19340
11429
42357
10095
30133
13820
9503
11033
41066
42465
13674
40637
22321
12462
13711
60020
42573
23882
19483
13402
42952
30947
42972
9464
37495
12524
11992
41998
13109
10893
19093
56742
33599
11584
10963
30688
61900
55622
14245
36619
14295
12872
19243
23935
4457
27125
3710
54883
36978
37922
55000
37665
9372
12507
36124
11869
14337
12437
46963
11124
10848
11276
40813
31140
14247
11677
32950
42663
47190
15237
41428
61807
37221
54872
12965
14617
40704
61842
36532
11586
61484
14304
11012
46823
46571
9984
61057
12995
29687
37430
52955
12424
37682
26965
37704
32620
11441
33419
25957
42415
47063
9413
43060
5129
27145
13791
13679
32618
37608
53673
30185
59962
42594
9988
9448
47109
41281
35596
32639
1444
42338
33137
37112
37633
13577
27083
43421
11458
59989
4778
37538
13020
13431
41407
35963
5329
51651
26842
46414
37057
9498
43371
47539
50552
40644
12530
18376
41774
11211
42597
29691
42341
43522
36363
62855
9491
10840
35912
43368
30795
30923
14892
11952
36174
33046
30110
51068
30373
4623
52327
33028
1620
9251
36983
37921
41162
12026
1393
52972
42336
37092
41599
1456
46626
56615
12519
36888
30170
32878
53018
56605
9339
43479
9297
29300
30183
30714
36679
11561
41174
41605
41692
11865
12147
48213
40505
23737
8715
42752
32113
8880
40536
47182
52930
10905
61926
4320
60062
5004
36335
36341
42641
13564
34232
40853
47198
33192
59996
37542
62539
13644
47324
41072
43576
40749
50669
1438
13325
19041
59126
14265
33468
42467
33572
33104
9429
40458
26838
36787
56626
19882
56547
10748
40757
36933
32888
30770
29345
33357
62411
13093
10028
1315
1541
19046
36508
43492
41518
36973
11736
33345
47207
33416
42194
37151
10750
40667
12423
46822
30946
36782
9412
37887
56618
53720
36748
40094
11816
1303
35889
13268
12793
18225
1551
41950
36564
36652
10035
24050
10399
37295
33127
35591
40642
37977
50595
61956
40940
62788
23880
14655
36551
13803
19007
8725
25652
43455
42059
40858
41689
31212
13195
9333
37346
13182
10381
36415
11501
14934
11511
1543
12513
35916
36833
29786
11835
40622
18807
41023
13628
36390
51675
13336
11699
25923
46257
11795
11548
23950
41905
62868
13443
27182
4969
46605
11674
37372
24060
47003
43092
29277
40643
46795
37327
9307
36336
47016
10032
4979
25677
10825
11503
63325
13058
29855
10333
46551
36645
55679
10501
37307
46988
61005
61843
36859
50547
40507
36055
41817
42705
31031
57206
56557
35872
58179
41003
4709
37933
43050
46998
33568
40390
32586
41322
29810
37631
55760
42041
30295
37591
33371
30655
33177
24213
3706
59158
36931
8839
14715
12964
33172
32922
61102
37973
23937
63340
35893
23877
13320
42747
1558
35587
36797
42095
40543
43098
46498
33578
42106
10727
33033
10591
10682
40515
62557
47070
40214
43661
3733
8863
35799
42915
37978
15428
10477
12160
15222
51089
24081
25986
10945
11720
62869
13052
30143
33151
11739
30414
42354
15149
33439
59072
43093
12782
30000
10998
60063
55639
11791
46745
41146
11423
41470
30504
57615
63049
29956
58182
46617
40587
14342
48174
31081
53506
41571
40109
43171
11708
10473
8693
12282
53652
53021
43088
47206
40551
46376
30710
47140
8734
50537
33186
41768
61080
50608
62517
30914
47033
42616
11657
36272
60490
37577
30342
3782
41052
35567
42865
21971
13552
32621
14976
29940
42053
51647
13753
10778
41429
10078
22087
56610
40927
42658
8710
36207
32755
12835
12550
19881
51645
37690
43580
11319
33480
3713
14255
15845
18999
31057
40098
36392
11690
19326
36444
1608
9317
22392
13760
51038
40614
10096
15246
14284
37498
53613
5075
11355
59098
30135
63062
40218
41943
18370
9223
25650
59940
11581
36360
40171
15241
37170
9288
10491
12255
41551
58142
10895
41989
42891
13787
51039
51659
31211
42734
51083
62543
18820
10420
30751
27632
32943
40174
30359
10624
61496
27306
37937
37463
12987
9289
40424
33546
14620
9401
10806
29937
40765
43498
30237
11418
29943
61068
63289
33350
9640
27081
54822
43070
42665
59918
18827
36970
42476
63310
46628
32754
33150
12869
8797
11986
13240
40811
30443
46555
3788
37935
60456
5127
46886
42322
19024
12388
14935
29965
4722
53778
13290
33230
15243
3730
14107
10006
10955
37356
12394
44750
12106
10908
43126
13235
41283
63057
35582
35833
61053
1412
40419
4500
41579
9828
13643
55756
31846
13250
10497
10405
46859
11075
41180
11973
33024
8702
40981
43006
50635
18831
27173
30016
41385
36498
22413
12666
61473
11135
59071
61131
42770
18270
47147
10357
37722
14758
11341
3807
11451
11017
4342
9816
11426
36915
14918
5903
46581
42772
40510
42984
57669
35914
41421
35570
10475
40977
47249
47173
18819
62548
37134
36177
59089
1542
36396
12941
36757
60493
36799
13275
41436
37622
10997
10912
14737
10492
19293
41702
43420
10698
27323
37360
4998
42094
50590
42418
30597
12775
25944
1422
36074
9636
35775
36602
26944
40692
4458
12049
3732
37678
33275
12643
59932
41137
41472
42636
9632
31307
11529
33285
13040
42545
47358
10483
29575
33146
25876
13440
36233
13455
34315
43115
42520
27183
15111
32781
13019
53020
41542
15130
1602
27108
30809
62565
13032
9819
1752
29557
30819
5332
5338
61028
13163
41982
13789
19004
33473
40606
36377
30852
42611
10575
12558
5060
8896
9442
37167
30242
53734
36148
11157
18340
61499
12896
14362
30272
44788
42212
40605
31163
40843
9648
13378
41683
42137
31086
40585
47200
1568
4721
59148
11023
4363
33020
35860
37168
46818
62528
53625
40711
18279
9343
30783
18656
9619
18295
56561
8881
32939
42393
37114
63166
11536
44775
47080
62394
56544
19259
44861
59135
35597
46415
12237
14230
42637
1639
11277
9202
30050
36117
35760
35721
41051
3726
11386
37923
10913
37891
30146
42761
40194
32923
9331
36019
10939
43452
29767
8899
61887
37536
40887
47116
47022
36059
33185
36332
12439
30768
41112
42019
9360
40956
30057
4481
37227
18413
12139
41203
13617
29373
33462
40409
30546
33478
8904
3969
36028
4378
22104
41288
12285
35802
35905
46827
61079
50624
25931
34243
29866
46649
35895
56611
29995
30207
12781
43020
13103
37991
10949
9370
13247
1624
31151
30701
12406
41873
41674
12735
13210
29325
33365
40512
15435
35625
23975
12631
10051
42740
10814
46943
40615
41219
37745
36139
38339
13100
46408
30002
56589
15249
36577
62445
13840
12871
11839
41032
31027
15167
41253
32957
30937
24042
32160
63304
31126
43596
12774
12815
13411
33487
33155
44771
30454
11554
9282
37219
32635
30858
41455
37723
42575
42191
5340
52940
18790
32768
36319
46476
61483
37337
10594
14174
10410
11329
36720
12870
55655
32892
43481
12350
10436
40723
13267
30001
31091
43520
12877
15176
10391
40592
42966
33243
12127
41606
13848
14924
36249
47229
43039
41635
42640
36754
4774
58178
26740
9644
10845
37520
30812
11531
18253
12791
47019
41153
43395
22415
46862
5110
36654
41627
47232
3760
42375
10400
4352
3751
5074
42920
13626
29874
25661
26985
15421
31402
13323
24036
11603
60447
11579
40750
37141
19018
42805
10656
10019
11192
57603
1582
8698
14387
12973
40397
33358
1566
57316
13160
61119
25946
29740
1570
13563
37040
61069
1423
14249
36829
47219
42034
33466
33071
46800
11943
14856
42836
8696
40590
46595
12926
60478
3968
50717
13857
40762
55001
13700
32119
12485
24127
42804
41042
37379
36304
42240
18222
12068
30856
33288
18278
42435
46819
33455
41118
41896
15230
53823
40083
41694
12433
36058
14888
36689
50652
60088
10798
32969
43078
40119
30857
33555
22302
4707
38010
13217
29350
42462
32111
46281
9334
54833
18381
27128
54852
50556
35945
34236
30752
60978
42245
12079
12482
5083
35958
37975
37001
42186
51045
12806
36836
41147
31035
53630
25928
53677
30311
13220
40660
29628
42050
40839
32913
30908
9438
36299
46260
31337
30280
19324
19055
32854
36938
47316
31171
36105
37449
8749
35634
63324
46773
55642
13646
22310
41651
12270
57313
41890
11125
56620
14726
30904
11189
14147
31021
33220
47228
50689
33276
30327
11874
11054
47176
41524
31439
11175
50580
12499
9504
8717
14202
40698
8823
9286
11271
13385
1649
19242
53663
47253
46245
36867
10113
40768
37309
34271
40063
10786
57218
53817
1449
61519
13253
10869
46839
58352
41225
36037
10433
42823
13424
22534
13042
12400
30552
42130
37915
13484
19029
5023
42539
11428
43609
60093
56628
35574
46470
41978
8822
42399
61049
12164
56549
8692
22525
30817
9234
18662
3759
30808
42132
41018
23778
58150
22029
46590
41656
29556
50579
1309
33309
38334
18290
61858
41973
48207
61500
13744
1259
11922
36657
43133
35903
37107
33030
40980
59129
61827
41876
61883
19060
12043
11627
31005
37247
50546
12238
30813
13485
47201
14124
5324
10653
30288
42731
30820
19314
11288
12065
31166
10404
36955
10684
37467
31023
10358
58638
42442
22007
9741
32975
62784
13846
41952
42988
41493
10412
24065
18635
5091
27154
13364
42503
9205
29289
40809
37493
46926
41678
37374
46399
47128
5035
59949
35788
62429
11152
33061
44754
22418
37472
42396
10645
19874
12395
36930
14276
30312
41484
30652
1747
37081
30894
42810
14895
30889
42946
29986
12882
36911
29912
37371
23769
10834
46433
41201
37492
50710
42265
59109
8729
61899
9426
27079
59947
36436
5894
41124
53610
12292
25933
54841
41297
37971
42410
29620
42868
4680
31850
9725
36941
33443
11772
36710
21973
11234
9310
12138
33112
37314
42377
47034
36804
37959
35978
29955
42894
58207
61980
10777
46402
57312
36038
41038
12396
53715
46861
10658
41363
11492
10346
12994
5018
41314
1586
53772
15133
33318
62426
33444
30965
37164
43086
33437
12055
61078
54829
36696
58148
41872
30355
27326
1653
13417
42953
9381
40190
43119
4643
10616
11077
8791
27158
13179
14099
29576
8827
8782
23744
31016
9321
54834
11236
12883
30298
36549
58189
62863
61532
57211
40074
58644
44755
42558
41681
43490
9467
55004
13629
11976
13808
31060
9748
29824
36153
36722
11843
12857
12754
62559
36790
42076
35784
11527
47202
42065
15119
42269
36087
36560
63313
10494
41453
37027
12011
33115
9379
46487
26942
9392
43510
51640
13145
23749
12924
15192
25702
30727
11809
18265
54875
18889
36994
31076
40833
5049
30155
42394
24204
5354
53634
46542
37048
37310
41087
12866
31230
19269
36323
59277
13839
37989
12349
53572
41670
37954
37226
19245
10701
3705
33395
12420
15108
36267
41368
10442
37470
13558
46796
30172
62393
47195
23878
31130
46763
53701
33570
30678
42097
5347
41835
36926
50613
40176
30114
41451
11578
47543
37707
4688
30983
46674
27153
31192
11029
30246
41138
11852
46443
47056
30941
14334
40454
42173
41546
36920
12636
10089
29554
15252
11634
36849
9210
5345
12032
10131
14316
14922
41734
61869
22511
19315
37415
45006
12070
10060
18884
53660
40466
3721
15219
9294
36165
36114
12897
11894
18391
46970
23776
42935
30412
11489
52952
60013
41891
8898
41610
63337
36197
42900
46878
29875
43120
41937
1657
33260
31313
13048
11763
33116
33340
13233
41916
13567
41356
42273
30877
12934
14919
12915
22523
9275
30188
11169
30821
11406
10751
9269
23932
42165
62848
8798
26961
37679
62553
44747
62556
43172
35933
33374
14646
3974
14729
36031
58208
37602
23753
46917
11926
30935
35837
35844
4628
4654
19048
32881
60465
4633
14860
40416
13811
15165
14273
42955
62844
50679
37026
41525
35817
29258
5893
33442
61845
62562
11796
32873
62877
30035
61509
10649
11433
36320
46872
14168
43167
40529
42744
14866
11868
13357
46602
34308
38057
33193
41449
4962
40524
43142
61007
12969
33054
10010
18273
40107
15162
22021
23892
14176
40968
43178
53682
14356
11998
46501
36162
37072
11819
13434
14165
61834
11136
51048
52931
27134
36502
14142
43617
41773
18415
30972
53748
33342
59145
44745
9461
10789
12783
14606
36621
62395
22598
13218
23726
57619
37320
14103
34267
60067
37414
37350
30909
30329
25675
10434
31868
30059
34340
8779
10423
37578
9459
36817
37931
31181
35809
61958
33400
37353
43151
31044
29850
41871
29863
14326
29878
36818
47021
19015
32636
46385
53691
46594
12886
46266
43444
43633
12199
31209
30762
19003
58206
12489
27172
4734
30094
36912
29369
11650
42033
9265
34332
3708
37005
46661
40695
42970
30239
43068
33304
10670
37424
41365
41925
22432
42216
9326
33597
56590
10427
3731
63220
42187
41145
22533
46410
41238
30866
9751
36062
59081
36653
46804
34227
26820
36917
8694
36248
36490
47233
9398
12514
40724
31195
43407
19515
34337
37587
40919
9437
35792
