2334
621
2771
643
1477
2881
3501
1517
3550
3492
1563
1180
1218
454
3460
2676
2314
2983
1337
4053
3597
2559
383
1958
3355
1566
201
3137
4267
3821
142
1542
1178
1737
950
387
1766
1318
4192
2467
3555
3759
1275
3232
4033
3715
1900
175
500
4281
721
3793
1021
570
65
2370
2585
2961
2734
1014
3222
1419
879
888
1810
2260
208
1593
574
4325
2546
4002
2950
3910
2674
2813
835
1989
2550
3317
1355
2601
1386
3892
3118
407
2286
249
2896
1617
2965
1316
3153
974
177
1684
1163
2060
4012
3009
4086
1546
1503
2719
1826
2071
3200
4013
1512
4028
2195
809
1343
599
4288
2744
239
1319
2828
1350
1892
1256
637
277
44
1295
256
1132
2759
361
329
1630
2989
3323
1423
3085
1401
1018
2545
1661
1324
2265
1185
706
2254
4088
4101
547
815
3962
3169
519
1609
354
3244
2396
3180
2011
280
4061
1648
687
1454
2430
1573
2395
4056
3599
1749
163
1764
3580
1367
827
587
3310
1969
2694
8
2716
2904
2377
178
3048
3539
1397
4275
2088
3515
180
3256
4358
3383
3012
4353
1073
234
756
3947
2490
854
3432
4342
2056
4024
2137
3216
3545
2884
2170
3594
1653
1972
2956
4104
1264
4062
4107
1815
894
2959
2320
1903
2709
2249
1991
3976
1470
850
3593
1690
199
3825
2119
1140
2870
3835
2667
1608
2270
3144
754
2958
3627
3831
1234
110
729
2002
377
1817
2993
533
2643
1285
3840
2139
3280
3822
152
3589
3741
3753
4151
2386
186
536
4032
471
767
258
1899
1882
220
2686
1863
2784
334
424
1481
891
98
2460
3648
1916
3670
3347
1549
2613
938
1457
1791
3737
3356
2661
1482
2785
2558
865
2072
2957
3713
2425
1676
3498
2225
2104
3622
4179
3679
983
3657
426
2385
2350
2203
3630
639
4195
1875
2783
1283
842
1459
1206
449
1575
2968
2152
303
4367
4124
3939
931
1246
816
4265
2562
4223
4241
633
2706
820
3747
537
1917
6
2026
884
2934
674
611
774
2306
1381
682
2121
2293
1965
2732
841
714
996
418
2336
1589
992
3729
4017
1301
2817
1935
3769
1035
3252
2494
240
1450
1136
1906
2083
1856
2099
1750
4244
648
2151
1689
1059
1523
2522
3617
583
4153
2998
1580
669
1963
1530
1828
2081
3030
661
632
2059
773
364
3568
1896
420
1771
972
3543
3756
4304
4133
53
1742
3059
2523
3848
1881
2555
2068
995
1165
2458
3540
2775
3965
78
2468
1721
2977
1763
2455
3294
1824
1619
2252
4199
757
1349
3514
2649
4348
1410
2578
1281
326
3979
164
1590
1657
1893
3004
3534
4097
257
2768
1095
2906
1445
3969
4111
1305
2639
3402
508
1179
2457
3867
1641
3081
4138
1529
2875
474
1076
1968
602
4277
2657
296
1232
3646
3029
1897
1640
990
1904
3401
2628
1539
3388
4034
2031
1287
811
292
289
2565
1042
3675
3914
1857
1846
2932
1705
1567
612
2647
2513
2132
1538
4160
1998
3609
3961
1891
1667
2280
3096
3563
3011
2652
1858
904
920
3551
2500
2202
3330
3588
4343
3406
4000
1359
1801
798
2701
2717
3697
2235
1994
3233
695
3531
2758
1983
195
1936
254
3896
193
1918
3472
1682
4063
4372
441
689
2688
707
1479
1272
1241
3424
2301
3927
3458
2866
4096
4260
422
1418
1921
436
362
4145
2337
1606
370
4184
838
2183
3459
2663
1245
3881
768
2223
136
1303
3703
2963
1262
2596
3446
3443
2436
4087
4094
699
84
4266
2166
2245
310
3255
1516
3516
415
2312
4272
320
2077
3303
2617
828
2589
1741
1645
2142
849
1382
1545
985
3707
3343
4018
1934
2097
693
3996
3436
1311
3779
1261
211
3926
2273
799
580
3400
2380
3278
1404
936
1522
3108
2774
356
1309
1284
4143
3093
2340
4146
271
1128
3465
2953
2695
2996
4137
716
3024
3429
4156
3579
1222
1197
2046
466
2807
1370
514
2974
3746
4042
1357
4310
1743
1603
932
2030
979
3614
2155
3536
1714
2792
4071
2590
276
1091
715
3748
734
1926
2730
3506
2187
344
4014
926
3701
1069
881
2307
1300
69
886
197
727
2492
1912
1433
620
4201
4264
1377
2947
2058
2515
4060
2909
2092
1831
2205
1273
2925
523
4121
2552
1146
4067
2521
3742
1125
2288
1837
2035
4204
2191
2518
1848
3529
3891
2924
1028
2080
3744
1808
2903
2586
2403
2154
93
1368
3898
623
2101
1205
3231
2399
162
3619
3624
4175
479
3327
1403
3192
1862
4029
1601
3363
3749
883
1321
1134
1291
1254
3777
581
1908
1909
1048
4290
772
2246
2631
1105
814
472
313
3442
1077
2180
927
2263
3008
3595
290
4219
1027
3554
1257
786
2788
1625
2484
2865
3826
225
777
2614
2790
1673
1143
446
1662
1170
427
4084
3302
3193
338
821
324
1948
3264
1072
3757
532
3723
1131
2739
696
2689
2778
2621
2188
1536
646
2443
739
1779
964
45
770
640
2751
481
1757
3508
542
610
694
528
2157
1270
2742
684
384
4091
382
2618
4095
1508
3587
1213
975
2745
1133
97
760
1598
455
3239
1031
379
3871
287
1041
3441
549
831
896
3882
638
2510
3445
275
2486
617
4316
2944
450
1927
1004
1559
1332
994
2681
2886
448
1525
4373
4205
4245
1520
1949
4225
264
4183
2908
2995
3652
604
3060
2796
2926
3693
3341
1818
3411
3921
1119
1833
3721
1344
2282
24
3958
2082
3824
2952
3532
2266
939
2514
3783
3985
3623
1849
2219
1843
1029
2018
352
3257
2910
3813
1765
3006
1390
1724
1120
3477
445
2178
1747
4157
331
2169
1422
3276
2055
1226
1611
1694
530
2625
1123
2973
3220
2665
3371
1096
4093
1804
461
746
2879
2684
3053
1553
3553
434
3730
2020
2591
2683
416
3463
1493
3733
2009
351
1083
4220
1369
2737
2673
3817
769
1825
2516
2098
475
3142
3444
1947
1696
3950
3503
1251
671
1894
3905
2627
1655
1652
3866
2602
1108
107
3050
3639
451
1966
3368
720
75
889
433
4305
2258
3558
3039
399
185
3526
797
4230
3973
1550
3709
342
2316
2238
752
1642
3041
1223
792
1155
478
2650
483
1375
976
2407
1792
2623
462
2079
3420
2978
3440
2368
1855
1484
4103
899
934
2997
1302
4371
3419
1683
1339
4158
2882
4092
1207
1182
1776
3175
1928
1615
647
3592
1282
503
2497
629
1219
3576
4340
3683
2103
355
2610
1268
3572
1797
2173
1557
1363
1521
3797
3143
2420
2276
2723
3567
1686
2894
2525
245
1956
2421
848
150
308
3725
1478
432
2487
3993
1937
636
458
2863
3743
1240
3113
1050
1490
1372
2159
1799
2010
2680
616
724
1819
1010
3887
2498
291
3005
2162
1094
1139
3637
3635
2110
4261
2829
2181
1057
4350
3662
3889
2473
1913
3086
4117
2809
2476
4337
2635
3727
825
2922
2762
3129
3933
3548
657
127
1394
3562
169
2839
2037
1210
1511
4141
272
4328
882
3702
2549
903
1959
615
668
2700
501
1864
3434
3636
3686
274
151
2160
1964
3237
4283
1960
1802
435
3789
3738
255
2440
1829
2914
2877
1366
2185
2428
5
2927
3227
158
4134
663
428
2228
1760
2728
1465
2248
2786
2165
4007
4080
3600
1071
1941
3999
869
2149
3952
575
2714
1556
4167
394
295
3160
4242
1631
4098
2611
1761
1407
3032
3734
3956
4357
2126
3482
984
1953
3418
2118
437
4178
3816
3930
590
1115
2893
790
3469
1649
4102
4270
3626
2115
631
978
403
443
1122
1208
2916
1259
2975
1847
3289
685
3682
824
3530
678
761
1216
3677
1793
2564
3656
3864
2871
3267
3678
3269
3028
2327
3577
2616
1417
1183
2321
417
555
968
1920
893
2383
2856
1335
4351
2057
3788
1739
2741
683
490
3000
2233
4115
3988
2685
219
2738
357
652
269
873
2718
3736
3565
2656
3379
2577
2087
1985
2580
1169
4286
2883
1731
3575
3603
628
3070
698
3687
286
4218
3315
1915
1587
2232
2528
4174
3386
2990
2844
2412
366
740
1269
12
3611
1942
2636
4021
3499
1159
2855
4003
3801
2013
1297
1239
196
102
2595
1822
1317
3421
2584
2641
3638
2048
1298
2303
87
23
2911
3245
1775
2469
2539
2568
2198
3669
2823
2392
2725
1898
3468
3655
3628
1162
4009
2176
1656
4177
2379
1075
3023
1038
189
4363
688
2408
1795
3607
750
2569
1889
785
700
3785
1543
206
2493
2544
2888
3644
1012
1562
569
1599
912
1323
4300
106
650
3397
3502
3990
120
244
1627
3726
1006
4280
2409
1691
1320
2172
2044
4194
1416
2474
2992
2937
1982
723
2504
3123
4284
3642
3699
2338
559
3407
861
812
4050
1244
3274
2004
3653
751
4005
314
796
513
318
1723
419
1250
913
3786
2507
1708
3874
213
4385
365
626
3025
3814
3435
504
1777
3533
1436
548
819
940
2006
1338
2655
2624
3114
3177
398
3668
3497
408
105
1294
2287
429
2840
1396
3087
4077
3019
2705
233
3582
1402
1044
1255
4237
736
1389
2708
4254
1533
3013
1868
3016
1738
2682
2415
4276
2816
3667
957
2022
1289
2281
1873
1444
1137
3413
2179
1555
3650
2029
1993
1150
1286
2967
1938
2025
725
1415
673
161
3165
2207
270
299
2787
2761
309
2860
520
967
3895
1788
3632
4274
3542
3152
3696
2144
3832
4110
4004
2940
2393
3942
2920
1384
4362
1184
3188
2182
3168
1152
3133
1745
1489
1148
3963
2274
991
4079
1552
1345
3767
1624
143
4253
1602
1085
874
2200
2929
1786
2662
1067
601
2300
2325
1744
2763
22
1565
3306
1658
2262
3571
2981
3547
2309
826
3092
3394
2111
2054
1885
993
339
3359
1352
2767
3288
953
2538
3454
488
2923
3519
2342
2509
3763
1740
2949
1807
1017
1020
3705
4069
1717
1726
4054
153
1613
3061
2834
238
2671
3752
1666
1633
2735
3569
1605
1030
3940
63
949
732
3945
3700
2089
2987
2184
527
1925
573
3223
1079
3645
101
851
3591
4041
1225
846
2140
404
2753
551
2537
817
3780
2951
3810
510
2374
1124
4169
4027
857
3541
2573
1554
3283
3090
1024
3710
658
766
1618
3476
4282
1643
1456
2019
2454
935
484
232
2820
709
1806
2193
3618
2976
1496
2196
2554
2043
4089
2653
3202
3564
409
1212
3354
1019
4162
2575
1574
3549
1011
4113
3367
2108
1558
2766
2572
2789
2382
2161
1099
1142
3688
3672
4108
2533
597
3633
1130
3837
794
1594
3268
1911
1330
1871
584
94
1362
4197
1604
2885
2462
1191
2041
578
1502
1249
3212
1061
4208
708
1172
1839
2991
3517
187
42
405
2606
579
4180
738
589
2541
3546
217
3095
2938
4072
2472
363
592
2505
853
349
1629
3560
411
3206
1160
3242
1978
3809
2216
1944
2826
2354
540
2536
126
1460
2313
2333
3300
159
582
223
3221
2445
2
1638
3706
3329
3014
278
1414
2406
3391
1840
1237
4081
614
4026
3322
3860
282
2096
856
3372
395
2112
778
1700
3258
214
1037
3658
2697
4307
1217
294
2837
2289
2945
1867
2190
3808
1230
305
1811
4238
85
2570
3981
1483
3433
2692
2465
2800
2482
3395
2117
512
2892
3134
745
2116
2084
3537
554
2769
2251
2608
315
160
2311
963
2699
3894
1984
3345
4352
2295
242
1651
2229
2446
2308
802
1065
2691
463
4040
345
2367
173
1805
252
2770
1901
2073
3959
2710
2905
1296
3471
1836
922
3196
1713
726
2858
2094
595
92
970
123
3791
1820
3654
322
3399
588
3761
4380
2930
937
1977
986
4064
1161
18
3578
4039
1514
791
719
660
1046
3204
3765
3453
2581
1293
641
2244
3026
1834
1097
2999
1770
3033
3722
1315
311
1923
2007
3784
4317
298
1346
3518
1595
1835
954
1772
571
1471
2264
2475
3806
3235
288
4347
1526
3266
2632
2712
1830
867
4123
558
1439
1145
300
758
2660
1890
876
3538
3015
302
921
1783
2028
3755
2410
2255
1198
1874
460
3957
41
224
2620
236
1138
2008
4010
1752
603
2268
181
259
961
3439
3598
2189
1348
2640
156
499
440
3427
2711
568
2405
1850
438
3718
202
1746
3504
1524
2571
3313
3804
3475
3075
3893
4216
535
3751
1780
1055
3507
4247
2646
2378
3430
552
3312
1413
2603
2027
3934
39
2915
3342
1354
4172
2234
3610
847
3661
2696
2499
1175
1945
166
2966
4068
4268
1531
1263
3194
2560
3449
4135
1102
3660
630
2052
2495
2051
3641
1734
3527
2887
2933
4364
1952
3605
2290
13
453
1711
667
1592
2032
1845
2672
3373
3428
1547
19
1931
2192
2122
3827
3651
3904
1685
2551
1466
2679
1950
1809
3997
3803
2722
3089
2124
1827
4129
744
3735
1778
3974
359
1398
1290
4147
1235
2791
3929
3207
2404
1121
380
1047
1325
2322
627
3293
3724
3405
2690
2917
2209
2764
1164
839
134
3708
1233
2106
235
2049
3208
2524
3151
4015
1360
2204
3198
2305
1854
1144
3522
3552
3135
2805
2452
4292
1082
3717
665
3616
2804
3559
3762
2972
2284
2359
1153
4142
4297
862
3915
919
2356
1880
1540
3704
3332
859
1066
2150
960
248
3176
701
1253
2948
3858
3377
4250
1313
3350
2483
469
3719
2394
2592
1472
348
3360
4030
885
3088
1505
564
691
1008
1570
260
3366
3344
1790
1468
2296
3878
1487
3357
2531
353
1647
4025
872
392
2439
4210
2278
1814
1735
1679
4166
712
2748
2253
3676
3955
4377
3585
165
713
3711
3732
1049
966
3977
2547
10
2239
2707
1328
3224
2760
3380
771
1787
4049
304
969
3917
1252
2900
2138
442
4074
2447
1453
1564
1534
2530
759
1374
763
1919
928
4252
3525
4100
122
2343
284
2576
205
1089
2164
4296
2535
3358
943
672
1860
2222
2459
2090
1189
2431
3758
473
642
4011
2687
705
3473
3470
3437
2808
3671
3681
1507
1486
3491
3127
1353
2120
390
61
1861
2123
2114
467
634
1614
4116
2417
3584
2821
4055
962
374
1883
3291
3884
4131
2257
733
2502
3292
4298
3875
3375
2366
1748
1307
412
2214
3975
2633
2946
2024
2913
3286
1610
2935
2557
184
509
2017
1660
1785
316
2063
868
1544
1086
3415
1504
3773
1878
3640
679
806
1308
4085
1933
2364
3494
3426
2698
492
2658
1635
335
2324
1995
3520
207
1513
1228
2604
4374
1999
1114
717
2461
3174
2901
4312
1980
2000
3007
2241
2588
413
4187
1156
1157
1391
1458
3337
4155
1823
3122
1430
681
2147
4213
3489
4114
654
1754
1781
2040
1951
1527
182
3234
1432
410
1869
3422
1506
261
168
1068
3067
1158
55
1671
1248
1062
656
4122
3314
2752
4090
1669
2053
3606
3250
1997
2890
4023
2651
1312
2323
327
2387
2001
1331
1334
764
3673
1214
1192
3215
2506
2105
898
870
2720
3374
2818
2746
3339
3524
2969
1800
391
265
1220
2488
3111
1147
618
2065
4289
2014
4285
2629
3340
430
2529
1872
1078
4240
15
2315
1347
183
2811
3601
3058
4052
301
1064
2583
91
2781
784
609
2388
2477
28
3084
803
3931
1626
358
3490
980
317
1488
209
3146
3689
4048
3464
924
1326
1650
1794
4148
4211
3716
2291
1224
4136
2076
3745
2433
2897
3590
1981
4059
2272
1698
686
4083
3309
2869
4235
1266
1707
3331
3249
2463
4354
2936
2982
1103
4006
3680
3376
2675
1111
4140
915
670
25
2594
2919
1644
1501
3812
3126
2907
2271
3487
2330
3071
2803
2553
2964
566
3270
373
2615
3843
243
3333
4066
3349
557
2390
2864
1265
1841
1600
1591
2045
793
2003
1485
644
4150
1716
3417
3740
3994
3248
914
1495
755
1597
3408
1209
3980
4082
3447
3082
216
1910
203
1371
4130
3124
3776
1033
4173
594
4217
1759
1859
3505
3364
1877
2542
3523
635
4044
1327
3431
2830
3209
2853
593
1399
2749
221
2145
2133
3573
1895
3410
307
2401
4182
887
864
251
3425
2848
81
297
2605
662
2876
1452
4188
3225
818
4315
3509
2021
1093
1310
3450
2158
1515
2220
40
111
2438
843
800
3888
1276
1955
546
3596
253
2023
1088
369
3263
1612
556
1409
1045
2750
2344
1039
3512
1704
3739
2174
703
1424
266
2411
1173
1009
2319
2141
3389
999
906
4120
591
1292
2868
958
2389
2838
4112
3149
3861
1333
664
3182
3720
572
539
3295
2721
4248
2442
346
541
1943
3438
3275
2979
347
655
1769
4278
1299
4125
7
4057
1946
4234
4016
4381
804
780
4203
2365
2827
1063
3102
1758
832
1568
2724
3557
860
37
1632
2085
2422
1879
531
1400
1168
2654
2597
3240
212
2727
2358
1034
170
600
332
2986
4231
2702
1036
155
2664
2501
381
2852
341
360
3017
837
4383
215
157
3839
368
1053
2226
4257
1329
439
737
3021
3621
117
3586
2579
2960
1688
1258
1577
1070
1886
4047
543
1435
2670
890
1005
17
735
1784
2441
4106
788
2729
562
1112
2802
1532
2704
718
2372
2693
947
3760
144
174
823
987
1365
2304
1100
779
829
3162
1646
3117
2128
3511
1584
14
1499
493
2754
3521
1441
3967
3845
4109
4345
2776
2902
2039
3544
1884
1060
1962
2341
3253
2402
753
2994
3647
477
1373
1195
2016
1151
3486
1585
3226
3284
1109
1756
3370
3659
4306
3466
4139
2471
1588
1664
247
1852
1497
923
2259
3467
2799
3478
1528
4189
2508
521
3195
4375
1376
1940
1628
3663
1733
982
2962
2666
95
1695
989
4331
4008
2743
1469
4020
389
4043
2859
2740
1260
1358
2867
2765
1541
1238
4321
2773
2100
1174
1176
425
230
1986
1803
2236
2880
115
722
3510
1870
878
1380
2285
675
795
965
1090
3462
1306
2237
677
4051
2034
465
622
3132
1519
3381
3807
71
167
1967
2861
1832
1722
2464
730
2384
2988
2448
1798
1971
4159
385
3766
911
2429
787
2038
3110
2186
2050
776
2129
1727
228
3561
3265
909
468
2177
2107
350
3853
2093
1621
4332
605
3695
1356
2339
3830
2146
3799
1623
2243
2466
1425
263
246
1129
608
336
3851
680
1782
3404
3556
2352
805
218
2347
4144
624
2772
813
1844
3792
4019
749
1016
2626
2095
2042
742
2247
1451
1434
4181
1907
2928
929
226
2168
372
977
4338
702
895
2156
2612
267
396
3774
3666
2733
4022
2381
2130
1304
2175
1680
789
3852
3409
1204
241
1736
1853
4339
1572
1636
2912
2543
3971
4099
2127
1013
1196
1930
1202
283
2131
2843
2167
2659
3018
3800
801
3714
925
3031
910
1976
918
1106
312
1498
1236
1720
1448
340
1813
613
2872
747
1395
3148
1672
2713
1378
2414
3480
1732
1271
807
1729
2391
1243
941
378
3948
3290
2548
880
2434
3754
1200
916
659
844
262
3297
2480
4076
565
2980
4299
1607
2212
2329
2250
3120
743
3684
112
1491
2210
1576
2532
1474
586
2955
3324
1074
917
810
3307
2317
2985
4001
1364
1181
2878
1535
1199
486
1876
2279
2678
1990
2942
1215
3352
3393
4329
697
367
3173
1001
981
3764
2736
1537
2261
