967
928
450
436
1134
930
77
1084
277
726
454
861
608
489
856
561
1057
1071
692
743
75
1055
708
9
441
1007
714
586
589
600
1158
1122
1161
364
873
782
388
219
96
780
580
299
976
807
583
466
624
1123
457
181
260
463
137
136
89
368
351
338
44
524
264
744
341
140
438
943
628
3
1049
422
273
455
301
135
646
71
433
33
174
712
781
1068
840
860
735
956
434
667
404
1019
59
1077
556
1026
877
941
610
936
1059
681
1175
391
79
613
786
940
659
923
152
711
418
440
11
748
315
354
913
458
917
1014
1172
29
4
330
169
479
377
265
814
863
1157
49
858
1147
564
906
50
107
407
435
925
30
568
984
1076
669
784
723
575
452
82
947
794
617
958
1159
602
411
145
98
998
715
882
594
210
10
901
542
738
720
847
456
1075
115
886
869
268
490
1131
775
378
21
549
81
1048
713
885
1009
1058
302
482
871
359
1036
974
427
938
528
287
765
1143
668
64
379
826
811
62
815
1098
1015
376
774
36
1155
645
15
827
401
591
230
1095
862
309
1092
662
201
1149
305
253
601
899
55
529
1101
603
1126
88
144
99
996
483
161
1115
970
951
178
790
484
293
626
1163
792
355
557
957
1187
474
1108
632
225
1130
270
581
170
176
487
1176
639
1028
868
267
414
215
472
261
207
259
443
881
563
1094
693
239
481
333
237
771
855
306
969
417
900
766
1012
1121
1109
223
570
733
421
634
641
801
101
229
676
420
290
548
758
24
983
262
1067
409
981
587
530
649
918
17
572
717
1104
47
942
787
558
849
272
419
53
508
638
1000
160
702
932
437
837
94
374
878
371
704
985
1170
577
151
867
337
772
716
1105
795
988
1008
523
1010
190
785
188
147
517
485
294
1113
945
198
320
486
1141
8
126
398
20
1024
675
97
678
963
163
334
1160
1063
566
459
590
361
177
952
357
462
777
248
966
828
318
933
285
654
390
303
977
671
1043
68
841
171
842
606
321
688
1056
648
235
658
493
690
241
52
740
804
831
910
975
231
206
1178
1151
683
1116
595
279
605
406
916
155
852
1052
989
494
129
897
138
1165
381
1005
167
516
298
527
823
39
880
950
258
1033
937
682
156
1103
499
313
389
37
719
1096
813
686
208
870
745
707
1118
48
117
710
356
257
1066
1023
102
465
576
19
929
904
507
684
319
802
620
234
579
92
69
18
612
909
1186
141
519
498
768
6
844
35
432
1135
16
369
838
687
865
673
1182
56
757
394
286
1040
300
796
74
444
689
405
614
1150
164
552
322
362
732
346
1100
1148
770
352
797
128
0
200
246
1110
1128
793
495
920
919
1138
502
1034
997
95
114
255
859
627
525
408
872
256
934
187
468
927
986
887
894
1145
993
122
845
236
875
233
1081
778
1106
146
172
45
469
1078
1114
949
383
1017
1144
1029
550
1153
67
896
972
343
446
889
973
926
488
61
898
66
895
430
386
578
1137
1021
108
555
921
396
43
1102
1032
511
630
756
1037
853
1132
657
805
365
1045
192
642
644
672
58
14
911
680
854
677
269
116
661
1169
547
345
791
1085
825
150
696
730
1185
329
291
1006
392
931
537
385
994
722
1183
629
643
767
1154
72
314
297
1119
948
953
46
54
892
995
83
442
611
510
38
316
110
1167
653
382
759
625
987
228
353
798
522
323
706
1089
202
328
506
120
78
347
912
1129
153
695
666
397
615
834
1046
2
51
387
416
402
100
817
295
1087
283
41
1133
633
915
1039
800
1027
112
296
247
515
891
776
664
87
651
475
415
1136
749
753
812
783
175
701
1168
857
946
512
395
384
91
325
727
184
819
551
194
1031
1060
532
752
924
348
1018
124
961
326
955
240
635
598
619
585
636
211
830
751
750
288
705
492
1088
278
559
470
567
718
447
1053
593
1064
224
1050
829
584
1035
399
217
232
1069
159
505
214
691
914
599
393
372
5
1099
93
428
142
908
700
764
1002
574
1139
249
546
851
789
939
244
1041
520
425
332
596
451
533
874
63
1022
1074
340
964
86
609
185
85
335
131
251
1184
971
1179
762
199
197
182
821
1082
922
1124
562
132
227
1061
965
195
212
607
186
760
685
423
1
429
500
180
26
222
445
665
848
179
252
655
544
1051
534
573
884
400
1152
496
106
281
464
864
282
216
531
741
375
32
1080
843
284
448
111
1174
991
183
618
205
154
76
820
148
7
709
846
545
779
1030
836
980
640
266
23
221
1112
370
541
476
538
12
893
565
803
90
1171
1097
149
289
307
271
426
125
1181
380
755
992
173
1140
