88
131
97
47
71
136
244
191
188
106
27
83
25
46
75
35
107
44
64
17
111
232
73
240
122
192
204
51
183
262
173
268
102
7
130
40
216
36
16
84
70
167
201
125
80
77
89
119
55
193
172
96
115
87
214
257
285
90
43
190
63
209
197
32
272
175
251
65
121
74
6
86
3
150
178
62
156
2
224
104
45
276
228
31
234
273
219
69
98
168
38
245
217
162
129
54
11
123
243
112
247
37
283
284
211
108
282
118
114
126
281
155
140
101
48
141
279
260
222
24
100
60
152
202
143
103
59
241
182
134
194
229
68
213
223
266
179
23
22
184
50
269
142
250
208
263
99
199
253
127
19
261
146
157
10
154
227
42
189
21
210
58
264
265
109
15
12
271
181
159
166
91
5
53
280
92
164
277
133
139
225
9
205
8
0
169
160
236
95
248
231
52
163
230
116
110
49
33
171
239
39
79
195
13
78
82
153
128
138
158
29
30
144
275
72
252
85
94
233
113
147
117
137
161
242
57
81
135
254
