1034
969
589
347
1047
271
283
761
337
872
575
717
307
590
320
461
582
1070
1071
806
135
781
602
228
737
779
204
61
494
858
661
1053
1001
1067
387
488
927
280
455
158
399
434
1074
669
894
37
75
702
306
774
1078
521
459
900
622
819
1026
776
500
547
935
559
133
144
181
631
1040
1045
1014
1012
235
778
99
31
728
262
129
483
443
159
744
730
94
193
270
34
451
395
734
496
64
620
302
561
618
1005
642
959
343
1000
770
902
826
775
52
177
150
125
957
595
876
600
95
564
352
805
1027
1061
832
708
963
514
282
530
857
222
212
261
260
154
458
279
773
741
560
579
444
802
470
27
377
355
1055
369
946
947
816
383
522
304
925
14
785
884
198
887
640
371
1033
456
242
691
207
316
675
322
489
195
334
47
548
515
976
149
862
447
844
32
875
107
1083
409
312
722
219
259
417
143
497
80
801
462
750
1082
873
118
22
506
626
206
58
753
760
520
991
1022
48
324
275
53
437
989
188
690
549
482
581
263
1038
180
616
291
1029
654
822
557
332
209
485
23
126
1035
15
531
607
710
752
678
817
297
433
141
528
321
123
1011
666
663
286
1080
647
294
1020
498
264
38
1018
587
723
227
555
928
803
601
670
907
1010
398
846
915
29
166
913
1069
1032
28
1030
756
532
1009
350
526
724
463
62
329
76
692
435
310
973
964
100
628
359
668
637
886
425
544
980
949
81
854
268
676
625
491
132
231
205
1028
861
820
859
578
780
633
823
534
699
147
508
638
51
155
504
679
151
988
183
711
131
165
400
43
914
414
516
809
175
44
432
66
970
639
237
114
610
847
300
385
218
213
709
930
318
21
503
54
510
196
344
368
839
687
808
192
1031
199
566
79
767
871
1072
315
855
33
912
644
82
87
346
745
251
345
402
996
77
1039
484
901
523
111
137
411
189
136
577
994
840
285
128
700
769
739
273
272
468
197
841
944
798
410
974
1037
683
765
341
1058
617
863
897
1075
3
880
698
684
791
629
1057
580
671
1007
460
576
740
361
686
799
101
962
241
185
592
472
985
454
838
153
865
351
695
394
931
993
248
252
487
729
299
789
367
995
917
906
357
288
543
486
540
403
864
78
1041
936
879
278
889
164
215
804
356
673
943
883
874
422
116
831
763
818
837
646
951
812
415
824
843
1025
362
124
85
9
909
26
407
214
40
1016
130
240
471
938
916
1066
221
881
955
412
604
365
465
731
330
495
216
634
342
67
449
416
1
999
694
83
311
908
309
184
247
967
317
688
614
821
203
860
714
603
46
903
122
954
117
229
707
1003
615
473
584
408
849
895
965
1052
505
152
11
657
267
379
623
984
536
597
448
421
940
172
148
645
725
825
611
975
836
202
1021
533
244
467
255
845
366
689
525
952
1013
353
899
747
190
848
36
97
891
733
538
71
992
757
771
313
627
354
641
303
420
372
758
997
851
424
701
102
1050
499
50
466
553
363
517
982
182
217
406
89
429
650
358
502
749
194
163
200
236
529
110
234
609
239
539
413
621
88
512
612
428
892
380
333
890
672
121
535
939
374
681
719
919
1063
98
445
551
1002
452
624
713
35
956
735
697
480
570
796
527
382
896
457
790
253
24
716
784
605
524
360
45
922
201
60
979
266
596
418
941
226
419
478
567
233
104
1006
326
572
92
655
748
606
397
1054
720
541
651
436
732
786
230
911
764
167
588
113
476
1079
664
308
292
613
950
389
1068
156
594
290
146
636
109
718
937
565
74
4
386
335
738
1019
84
91
693
696
556
665
755
742
797
948
792
210
513
834
328
814
660
986
238
768
608
659
68
867
706
392
19
800
120
507
674
656
856
446
888
933
794
7
685
265
983
850
243
987
70
924
93
811
1081
550
298
978
232
562
652
712
178
349
1059
39
1044
105
49
12
160
423
966
245
593
923
830
296
142
1056
878
0
72
171
870
338
249
971
464
469
981
5
59
1048
754
882
705
96
86
145
393
42
667
766
16
905
926
929
1051
257
179
953
898
258
787
