2025
6254
2335
4699
609
172
6749
4706
950
4673
5917
6272
3992
932
2207
2744
6851
3912
4948
5039
1547
5069
5588
6712
3922
1978
2109
3139
366
1928
3054
2683
1731
6198
3769
5550
1859
5009
2379
3749
6488
5931
6066
4933
2142
4229
6267
6970
4187
3823
4987
1565
2953
5370
2658
4619
1144
236
1882
384
493
4946
274
5722
1659
3357
1759
6850
11
4255
2710
2183
2751
5350
3293
2452
352
1766
6692
388
5491
4871
5259
1192
2002
3321
6328
6356
3864
358
124
840
5258
5574
2342
5743
5657
67
3958
4200
5266
3573
6009
5010
256
3798
6829
3355
2624
578
4640
2509
6937
6605
5848
4126
1395
2093
6212
4718
3791
2325
184
546
632
5042
3342
1243
3522
4011
3130
5151
2864
2601
3266
5487
3483
5843
6670
4659
1533
5806
4150
3887
2035
6939
5075
5088
4267
6711
3953
4129
2176
5205
6392
6694
6108
4263
5983
2611
2307
4105
1999
3330
2542
3721
6456
3680
1121
1365
3137
4122
4241
6335
2467
6723
4321
1351
4407
6656
4983
2690
6960
1521
6073
2951
2363
4831
4523
6371
2863
4243
2401
4774
5195
784
714
2483
1312
357
765
2999
4165
5149
2259
5428
6375
511
1494
5514
5638
1145
3121
693
4471
5842
5859
1139
1193
5066
4237
3244
904
4887
5344
6935
1623
2608
2824
1487
4023
6717
3273
6961
4822
6882
134
6285
5279
6431
1726
3843
5512
1081
3502
4308
6782
325
6550
6370
1390
169
5153
6386
5905
4254
2480
5241
2753
6816
5709
420
1370
4320
3572
4485
2984
2201
718
504
4327
3676
5303
3744
4563
3286
4782
2343
5945
4467
4592
4595
6944
3909
72
1044
767
2835
6115
215
6164
2661
4969
6895
585
3965
4921
4077
4873
5825
4542
6737
2365
4402
5148
6259
3207
5513
1391
1198
2701
4859
6747
3025
4590
2670
408
1911
3891
5371
3943
1879
4877
2785
5267
2959
4558
6452
816
1625
178
372
6374
833
4339
4441
2166
4160
2147
997
5316
6805
2283
3358
1856
2606
773
5496
1049
3949
1788
3599
6678
5127
2790
6361
3634
1070
3631
3608
5296
3625
2861
1757
5315
6680
817
6438
6728
1431
2137
4079
6603
5355
2880
5407
4540
2889
2267
4268
4442
6572
2567
1863
4574
4199
3533
3975
5769
161
4330
5810
944
6947
5320
6464
1
3696
6930
1733
5807
863
1649
3693
6168
6090
3269
3645
478
4925
3550
2402
4760
427
6772
2411
2451
1333
245
808
3656
5136
4985
3878
3131
4425
3134
3852
1550
720
6923
6725
6818
4173
1762
6803
5277
17
6211
3351
879
5731
2682
4809
1498
6224
5941
2062
961
6964
5773
2558
1952
3894
5337
4114
937
2904
3888
3835
2769
1037
6919
968
3417
171
3765
5808
4452
3534
2967
1451
2723
2850
5020
3415
5502
1836
6804
5128
3425
6132
6598
1656
4874
1874
6475
3514
6509
2991
6135
3521
3561
2516
3429
1653
1963
523
5967
3935
839
2529
6140
3849
4511
5856
38
212
5990
6640
4909
6084
5776
5397
5028
1476
2791
4941
2657
1092
2088
4463
6650
2692
779
6425
5835
2095
6519
3278
980
6097
4565
4401
6652
4999
1729
952
4231
2484
707
2468
6281
1919
6593
646
6394
6790
6336
4654
3396
4898
3647
4686
2635
660
719
3983
6925
3994
376
287
6797
1132
1753
4773
4072
4135
1428
6496
64
1357
109
5721
1974
3204
1136
1689
6195
5226
285
2021
1548
5089
4389
6040
5204
6873
2333
4154
2725
2566
4336
3797
2730
6082
3950
2471
5943
180
6491
6347
102
3202
59
1061
5285
4288
4297
4046
979
6912
5651
4287
5045
3018
4958
579
441
4742
5160
2248
6586
2938
6415
4411
5270
6331
4406
5001
2800
213
859
2254
2743
1798
404
5880
1953
4182
2933
6005
4158
2454
2812
4938
6724
5855
5179
5969
1577
2536
6200
2793
6087
6969
23
4656
2634
4876
6112
2174
4937
4178
3662
2805
6235
2443
1610
6143
234
6662
4042
3761
5227
1647
4547
6909
5268
3197
682
3217
567
4205
4095
4643
3750
2226
52
6180
6050
3219
3931
984
1059
3897
775
230
2913
3430
5971
4614
1567
6337
2556
307
42
895
1099
1580
766
2465
410
4757
591
6070
3601
5293
5175
3767
2453
2728
6682
153
3272
3303
3136
4533
577
5734
4487
3874
4109
5553
5546
688
4631
381
6866
5167
5096
4749
1419
6186
2090
5374
4144
351
1301
2520
3198
5338
1933
5322
142
3772
5616
1005
3275
5023
251
5141
2830
1847
4265
4682
6352
291
1568
2792
6698
1903
2410
5610
2821
1151
269
1738
4266
5479
3468
5954
6563
6391
2838
1722
5326
3031
2598
4338
5658
4440
3199
4791
842
5896
5051
3580
2447
4777
4431
884
4846
3646
6794
1047
6679
6107
5016
1322
1339
6553
607
3385
2406
3526
4633
243
4982
2870
1913
5532
2648
4803
2314
3090
576
3868
3458
2905
2571
4903
786
887
4005
6512
3409
2669
1162
1185
222
2469
2570
5528
6854
5895
1522
3847
2755
5497
2868
3980
728
448
6240
3004
6473
3047
2644
1540
1009
1179
2561
2403
3640
522
5295
4960
1514
2811
2842
4106
5100
1559
3045
2768
5147
2488
3051
6876
951
2436
820
2801
2907
2649
649
789
6480
4850
6013
965
5819
3719
5543
1585
6064
2182
5181
5251
2699
4233
6414
4825
220
1436
5814
4696
6644
5080
3854
1425
661
312
5805
459
1773
6068
852
1825
5348
2712
5900
1299
6824
3254
969
1891
1129
6823
4702
4649
6162
5341
3743
3885
4604
6008
5778
5662
4840
2848
3433
1706
5493
5963
6707
2317
4304
259
4222
704
5192
6379
2836
3836
6039
1423
5264
902
590
1732
807
3611
2265
916
6743
6174
482
6530
3921
110
417
6360
4919
4259
6175
6075
1442
3595
5889
6219
1104
2920
2494
1602
1917
292
1789
4771
5442
5221
6649
6787
3247
3945
983
3026
5074
1792
4004
1967
293
94
1848
114
1286
1646
2099
5589
6808
6014
1595
5171
6054
1375
5702
5683
2934
5556
5426
547
2547
4017
4872
826
1159
6874
5169
4914
6684
3671
5834
1535
723
5261
1962
5854
782
3859
4277
6686
5291
6206
5594
1982
671
5489
4409
541
3785
4223
1127
3065
2043
4474
6338
6785
1338
2326
2459
3160
2530
5558
2368
520
4312
2151
3387
2846
1441
2329
4513
2573
3567
2871
1601
5063
127
2707
1328
4797
4703
3944
6487
6458
88
4146
4981
1482
2618
1852
4238
5275
2741
2172
1672
6498
3107
1786
3604
6672
3104
3176
6658
6026
712
5981
4385
4500
4357
1899
774
4746
502
2745
4176
631
1123
3022
4469
1822
4856
6471
986
5555
1965
615
4529
5215
5993
2063
1839
6886
4439
2315
6268
4900
4599
4949
4748
4730
3064
58
4597
5304
1956
2293
1864
359
4816
4537
2884
6042
5812
3890
5255
2636
221
6597
2046
92
5272
2131
772
2413
1012
5904
5064
2250
1730
6910
6847
6354
665
6811
1629
2986
4784
4508
1815
3577
130
4970
2918
2932
3688
3558
3690
5199
3281
499
186
2982
1849
3812
6774
1826
5098
1787
105
2396
5679
5361
4053
3464
6308
1314
4819
2590
6283
5031
5887
4965
1537
4812
1905
1617
552
3745
733
228
460
6030
2373
1670
1475
6221
5782
6821
5664
1010
2485
4085
6922
3234
6616
1842
5539
6088
5053
1158
5717
5402
3365
5072
2274
1348
2758
4516
6125
4517
2877
912
1587
5688
5845
190
4885
6952
2322
614
5518
3177
6931
1508
5311
1946
2425
4071
2269
1865
6051
6753
6560
1519
6430
5611
5414
5345
3340
524
6524
133
629
3369
2428
1799
5004
3626
5423
1890
1306
2158
538
6836
2278
338
1632
2321
4361
4912
4191
1538
3132
6622
6413
6950
5975
5383
3686
3105
4681
3033
1872
2724
1371
2584
451
530
4755
1055
4457
550
1986
4767
2123
2251
1512
6343
6126
3679
1563
5418
6034
2202
4606
6365
1761
3084
4226
1673
1414
2688
3871
2614
6614
6044
4081
3578
2763
1878
2719
4333
385
6801
985
1984
3044
5297
4377
1754
3865
3282
2849
3383
4352
4532
2968
1576
1510
4804
864
2237
4273
6252
1875
5948
3694
1427
2231
2526
3344
6842
5598
5646
2782
6157
4364
2340
5629
6381
4997
3014
2759
3181
4536
6182
5223
5152
3386
4666
736
2186
4600
6564
98
2600
3439
5335
3048
6518
1593
4221
3720
175
2896
6325
4758
5630
5334
2581
4278
2532
6397
3239
2914
6630
4356
3332
3706
3377
1172
5724
6334
667
2
481
4019
4998
877
113
5591
3462
3319
6116
4091
1188
4526
6004
5704
6061
5685
3410
1855
3298
785
5829
851
3310
4637
2696
5476
835
3492
5728
2869
4026
5323
1015
939
2464
905
327
6965
5313
2787
6948
2876
5935
2687
940
5831
6926
1797
506
1780
87
5698
6369
4319
108
6141
6393
1481
3806
3548
1374
6072
195
1223
4157
91
3596
6341
2383
168
2553
5219
5519
3070
4610
3960
4586
3760
1171
2493
361
2677
3283
5419
470
2716
1204
5317
6442
418
2505
6700
2577
948
5507
2592
1699
2473
1452
5691
3123
3766
3040
4688
2497
1681
4227
3637
3201
2323
2564
924
1000
741
174
3140
6445
1660
5870
6628
1176
1918
4744
5861
5210
3260
2894
2005
2010
3294
4668
824
4489
3789
4926
4519
6089
6813
921
1843
2348
6883
4347
5977
2268
6220
6500
1597
3093
4783
973
5006
3793
672
5563
4824
556
2020
3418
4564
4555
4142
5408
6867
199
4195
959
4382
6900
1621
4314
1765
5740
4591
3360
648
6426
3821
4992
6232
3807
2227
5044
4541
4089
373
4731
5547
6533
6407
2125
4869
1694
275
6611
4386
3840
3180
4911
6864
302
5368
5735
3163
2993
4218
3477
1634
436
2872
5699
2199
1298
3347
801
336
2045
3095
922
3510
6052
4501
6896
1215
2126
3739
1277
3049
431
4888
599
6428
4528
3063
1813
4149
6601
2205
3692
3480
3452
771
2212
5751
3071
2344
6809
1334
125
5738
6079
3906
936
4384
5288
6429
604
5488
5206
6144
750
2948
3389
2681
4854
5156
2831
1844
6871
2187
3424
654
423
1224
4059
5821
356
6364
1796
2675
120
4891
1382
582
5506
2834
47
2996
5013
928
3782
1316
5189
1685
3520
4636
5654
5619
3404
6522
3571
5693
809
1615
5647
6311
5207
2504
647
35
5765
5018
3809
2189
2395
1293
6906
6158
4993
5340
1663
1794
4716
3997
3027
1894
1513
1820
3820
3101
2356
6419
4423
4942
3249
6779
915
6427
6130
2698
828
13
1682
843
6123
4156
3711
3774
1219
535
6275
1715
4961
5964
2405
152
6110
5019
1755
2235
4971
2033
6146
6481
362
5078
395
3570
6901
5534
18
1941
1083
1422
4562
5235
2646
6172
6697
3712
666
2394
4625
2351
5225
2518
6527
5475
1085
2990
6398
1760
4466
6316
3822
5797
2985
4413
3589
74
4663
455
1285
1515
3845
6688
2628
5027
5577
6101
6169
6148
3333
6263
2930
6122
1166
6664
3528
118
2285
5846
5913
389
6400
4967
3509
4012
6245
2426
6422
5637
2523
6551
2301
112
4588
810
734
1747
2819
3753
583
893
3453
3985
2039
1655
6759
1529
3547
5793
6271
3939
4629
1386
1186
2476
3955
3366
2847
1627
1220
5469
4117
3813
4060
5926
4203
5585
2400
6584
4763
3069
3643
5499
2219
5754
5307
5908
2926
6595
3732
5186
4780
6769
847
644
4975
4050
2676
3375
4694
5857
6833
2841
1483
4493
2258
3444
6243
2245
5203
4242
4715
2973
3655
5342
3218
1233
1031
5919
6367
1054
3258
2181
621
2802
6845
1227
1708
6077
2943
3650
5252
360
819
4251
3880
3263
4864
2385
27
6877
6202
2102
4472
6508
5714
1126
5552
6209
1071
2257
4717
4133
2717
1763
2694
2980
3454
394
5576
4817
5357
5025
4936
3592
5376
1205
4426
1988
3982
3905
4984
927
2917
3627
3948
4787
2851
1958
3918
4922
5429
5626
6820
2845
5384
4980
3456
4657
6010
2729
3015
4047
6826
5860
276
6147
5965
3763
310
4421
1222
1327
3904
1613
5920
4412
3150
5600
82
5580
5123
6853
598
4286
5327
122
3758
1783
1846
1340
4143
987
2474
4078
2893
761
853
5218
1114
830
5719
6307
3803
4818
3215
4569
3703
15
2740
1027
4429
6933
6934
2663
938
5427
1168
2121
4952
5953
3262
625
4867
5135
22
2514
5446
5578
5608
1097
6830
4087
2358
2195
5727
1303
3993
4499
5871
6757
296
6773
6571
2070
1208
2371
4805
5091
5875
2783
4813
6385
6041
2925
337
1664
2714
845
664
3231
5048
2818
6949
2685
6928
6543
1493
2134
2989
1287
5325
5248
2138
6838
4340
4756
3976
3957
1421
2637
3195
6171
446
4120
4630
1429
5434
4798
6319
5249
2733
4360
115
3143
5379
3175
5696
1683
989
5744
5620
254
769
1961
3684
2027
3615
4331
1777
5478
1526
4554
4453
3970
5998
4209
2597
3029
3657
3005
2145
3562
5473
5008
3536
3196
722
4883
1525
1294
570
2975
61
3001
4094
2513
5884
6303
5601
36
2036
4561
2875
1062
3519
6839
4261
2175
3313
6687
1088
2642
3476
56
2892
3971
3606
5595
5430
3003
2310
5659
1705
5642
6183
4908
3000
4543
5494
6205
1201
2414
2264
1711
1424
568
3194
6857
3144
216
5533
5049
3053
5284
1290
3240
2680
2292
3030
2604
6289
4868
3191
4882
1945
2976
3933
6528
4858
2900
1584
1751
3963
3042
438
2613
5257
1280
6049
2772
1235
532
2220
3082
2537
5786
3748
5746
4815
4303
1373
813
1231
26
1964
4432
1574
5209
323
1169
5339
4878
4280
4827
1313
2890
726
838
2525
6589
4372
3226
4664
1356
2252
4622
6207
1671
4240
5650
5412
4138
3142
99
405
6225
1902
4315
6314
68
1317
4183
6855
5720
1210
20
3055
1307
3470
3641
461
2817
4368
1714
3718
6535
2457
4572
4460
709
4615
5606
5909
1203
5818
1818
2998
5362
3568
70
2752
6058
65
3265
5737
5176
6060
6531
1255
3062
6416
2822
5645
3914
1740
6954
5572
3546
3225
6671
2552
2481
5960
4449
1790
2568
4354
1396
2927
1455
1908
1869
4841
2895
2339
3530
5003
6887
1922
2923
1253
2397
542
3678
4655
1545
4978
3666
5349
412
2748
3115
4823
2154
424
4140
3713
1739
4387
2282
1851
2304
434
4505
2672
6357
5372
78
5501
5575
6503
3465
2549
260
223
4929
2000
3952
6046
5120
4192
2946
1950
2148
2462
747
1320
4249
4201
4582
347
3501
3610
2885
177
2105
2144
176
6746
135
12
5187
860
3681
1392
781
5605
6647
3956
3628
4108
4723
4524
3633
2794
1260
5716
2981
6540
4272
2594
6674
4348
2018
6006
4709
5332
1809
5649
4605
2655
4991
4906
4733
4557
3507
5062
545
1058
5868
3923
4551
6750
5726
6815
3102
2499
5392
2596
2806
6849
6943
2739
86
1470
1248
3879
2820
2279
2112
2421
334
881
2382
5707
3427
1652
4504
2053
3630
6507
6114
3165
1554
1713
2106
4571
6129
4445
6706
5157
2066
5562
2230
5116
2178
355
606
3998
2780
1112
5914
6565
6786
2139
1407
610
1163
6339
4977
1046
1645
6715
2143
5874
5021
5609
6861
2393
1985
1579
1336
1724
886
2888
6636
4076
2349
2492
6648
3775
3011
4838
4721
2362
3288
738
2533
2563
1001
3349
3819
5294
6659
4473
701
1995
3543
4180
4627
4907
2766
528
4002
1349
5747
265
6191
6660
414
1199
1888
4747
3329
3505
2840
229
1295
2995
6643
2407
5050
6274
2803
6410
344
4328
6351
5947
6411
4861
6890
4943
5592
4844
6720
3119
5180
635
5942
4374
6534
4507
6378
2057
4661
5354
3363
6237
2502
429
4720
537
3308
6924
5723
3057
566
416
5196
5701
6423
5584
3238
4556
1994
2210
2150
1019
2626
1806
4959
1381
1309
3471
2844
3036
878
6932
3189
5183
4037
5602
2299
3056
1939
1678
5481
1500
931
745
1200
2660
5244
5312
1785
2622
2756
4400
1026
1532
6615
6642
3827
2713
3297
4534
1543
3929
2238
3691
224
6199
5968
5112
4897
3110
2510
3129
433
349
4635
899
3512
29
6483
6353
6696
3644
1017
3784
3024
5263
6065
4578
5958
2122
2374
2073
3469
2449
1906
529
6021
5511
6716
2116
4010
6342
5697
1769
2319
6865
3445
4866
5849
4214
3707
268
5770
1173
3361
3800
3034
6406
5741
630
3021
3497
200
3499
564
4648
1517
5930
4415
3083
5364
4875
3250
391
1212
2019
398
746
5011
4697
445
6517
314
1064
4785
4790
6604
5117
3007
2607
426
1900
2004
5460
1838
2616
6502
2708
1430
6155
1560
2826
5976
2651
5485
4163
1094
2804
1343
3378
3856
2441
4806
1720
5082
500
5455
4738
5815
4198
173
2347
5813
526
933
4893
3779
2346
2440
988
4842
6798
2664
6463
6376
1143
2679
4714
3111
5644
1693
5686
4820
4634
539
1898
837
6016
4849
4683
76
4113
329
760
1098
2727
575
6654
4247
6588
1630
6775
6436
5811
3619
3529
3565
6437
3602
569
3817
1938
3301
749
5017
202
5823
2588
3248
4646
4317
2630
2431
6868
1360
4944
4566
2255
2897
6844
5504
823
179
1892
1259
4886
5865
2399
4248
2177
6092
3884
2409
1566
5079
2832
4881
3727
6277
5730
2128
4186
5599
4728
6120
5174
4512
5448
4394
1710
3220
2161
5787
3974
4482
732
6238
2360
476
5041
3161
2554
397
2432
5551
6708
1736
1065
1679
4058
5462
444
565
4217
4088
5185
1175
1607
4116
2097
6138
3236
4957
2311
2332
3032
2055
2531
5324
595
4884
5627
1045
2813
6848
3742
6284
3081
406
5115
237
2233
1696
3106
6840
4334
5413
2511
3338
6350
6617
3279
3354
6918
3658
5202
1041
3504
4698
2081
2350
2281
3451
6756
2239
5708
6789
4451
6309
4134
4847
3618
6561
6083
1250
4318
4491
2328
3777
2718
2560
841
706
6265
737
219
2104
2541
2979
3872
2294
5864
1416
5243
1942
1973
2775
2052
3402
214
253
6822
5452
4695
4170
1553
2721
1509
244
3972
5863
4559
1409
6490
861
6262
533
1916
1812
1101
4795
1091
6556
6837
2915
5144
6936
3973
1406
6273
6704
6608
1969
2859
2495
192
439
2448
3474
5321
1308
3099
764
5777
731
6974
5689
3969
5632
3200
1297
2909
3506
2882
281
4112
3374
6831
2535
6472
3391
580
2338
3613
4174
1376
2576
6832
4393
6048
5500
2548
3437
1592
993
633
6966
2858
5165
6783
6269
1586
5040
5168
2006
1405
4518
756
4175
5984
2874
5161
4794
3155
6031
4362
2433
918
2828
5568
2263
204
1240
6570
1278
4061
1873
4602
3833
4644
2572
2956
6234
5400
4398
2898
1795
6096
2398
4309
6166
3801
2129
6322
6713
2650
2482
3672
5142
6828
818
183
452
4963
3669
5800
6420
3253
5640
4743
6236
6905
4560
4902
4383
480
642
4779
1152
6194
1605
6036
5102
4766
6899
1251
2971
3516
6792
6972
5232
4769
1749
4807
5090
5256
6246
6917
5236
1779
5486
2569
3799
4444
2277
574
4093
5190
6395
5666
1940
4862
3815
2693
1914
3039
4955
6513
3435
252
4215
4446
4788
3311
206
4041
3936
2198
3942
3128
2599
4274
5780
1975
4212
280
6673
4616
5281
5459
793
6913
123
941
400
3623
225
2746
3862
1342
1304
4727
5404
5129
6494
4799
6261
3532
2295
2761
2625
4665
5265
5125
1379
2444
140
4147
2260
5247
2737
2034
5058
3804
3638
6133
4427
5525
1258
2276
6894
4206
1555
4707
4127
1591
5687
1853
5891
4171
5938
1631
1619
5269
6748
3350
6609
4745
6388
5466
634
3016
1523
4148
1207
3323
50
1111
4768
6264
4465
5145
6967
1100
3574
1927
2168
1641
1527
6213
2808
4645
2047
3060
1590
383
4234
5143
6638
1180
2246
4197
3716
6681
289
3187
4128
2837
1135
146
554
3214
4381
6784
4418
739
5675
6800
4007
262
1977
5879
1934
6505
3751
996
5639
2839
164
3009
5461
5173
6160
3400
106
2162
2702
6691
4416
2551
3153
3620
6163
5623
6709
6796
2781
6722
1488
5695
6279
1907
6592
3659
6106
5250
1206
6390
1078
6389
5883
2736
1103
6940
2359
643
617
3652
5043
2375
1741
6780
5310
1862
2668
3442
3515
4376
3397
1347
571
5862
6358
3583
3157
748
2214
3898
3159
6492
2087
2071
6102
3145
6651
2008
5997
1319
3463
2354
3028
449
4496
1854
2353
4700
3990
5377
6702
947
6479
2632
825
5783
6807
4216
3899
2799
4136
5406
3398
2955
1325
1134
4509
2656
3818
3268
2924
1861
4953
3078
2796
4712
2789
4067
4628
4422
4684
589
1811
1772
1727
4852
196
2501
3661
584
3068
4101
1957
6176
1444
4598
6210
1534
4741
5992
2115
3738
2887
3481
4301
2540
198
1359
3642
6819
6827
1464
6118
2475
3940
5956
3052
5876
6189
2244
5736
2524
5761
5331
2950
5095
4603
3406
2361
1981
6178
1068
2291
3012
3842
1520
3172
5676
6017
5653
205
4811
2765
4211
806
3792
5118
2487
6511
2742
5056
6313
3296
1775
4792
3287
4190
592
2232
2159
4889
6276
6032
4302
3496
4098
300
6249
4498
4073
4396
6516
5826
5661
4855
1108
5410
2305
2092
5037
6568
4829
3277
1137
5936
6145
32
6859
5866
1756
4477
4435
3284
1642
3316
1569
2082
5087
6067
3210
5138
2206
1435
871
6170
6226
2208
2015
4196
6667
4830
3726
3826
6703
454
3334
402
6124
4325
4732
4152
3988
5690
5139
6156
3315
2429
1056
2610
5084
4256
34
4169
149
2908
6751
6003
5399
3493
716
1194
6489
3989
1691
5073
6230
2496
1599
2574
4447
2673
6793
3411
4300
730
1654
2422
263
1074
681
5980
2734
1716
3370
3166
6574
4294
2424
2960
2146
3100
6069
5607
3023
4369
2691
525
1440
2120
6057
4653
3540
2583
5094
6730
2370
4589
5422
238
970
5888
3487
5903
5480
162
6323
866
6916
209
655
1341
3737
5648
4577
6260
4990
6247
4311
4104
2593
4786
4593
663
5134
4708
4624
3148
2316
111
2215
4704
4458
2079
4285
5484
4410
4892
2256
4503
4084
5839
6095
5308
137
5390
2585
131
3211
2157
4692
4494
3893
1910
3399
4837
3882
415
2216
4796
6433
5387
1289
4379
4924
3808
151
5306
6771
1089
321
1539
4033
3629
4269
743
995
2731
71
3925
6870
4207
4123
5955
3881
1743
5929
6880
1042
5059
3237
4691
5417
2430
3586
3648
3448
2666
2749
513
5733
4974
2078
6059
364
2665
1038
2391
3723
5132
5271
4258
3228
5912
2609
4436
6626
1291
1377
2833
964
1093
3368
2538
2498
6476
5873
5988
5197
6432
3790
5775
4172
698
561
4070
2298
2778
1492
2013
1499
1552
2921
4502
6705
557
4424
5119
679
5877
5201
1485
6962
6620
2318
1833
208
5790
705
6298
4283
4018
3579
4587
2777
2336
3182
2966
2807
5262
3668
5309
3979
3116
1128
6025
2058
6055
930
1182
2118
5000
3212
923
2562
3299
1385
483
3908
4329
6327
486
5762
1817
2941
16
3091
3339
5463
6510
5356
6745
5110
4968
3449
2334
4750
2458
5991
3593
1412
900
5415
6377
5353
3213
5130
4579
2372
3343
5940
270
6486
2715
2767
5319
777
2512
6011
6022
2937
1992
6557
3251
41
3151
322
4481
3013
3407
3829
2587
5391
4932
6184
5242
5396
4228
6470
929
4075
2211
2559
411
2392
1364
3987
4596
849
1651
2369
4834
1292
1845
1883
6167
1735
4520
6137
1598
2489
3911
4322
1687
2997
1016
5365
3331
593
6903
727
1997
5665
603
5824
5878
5154
1119
1712
4351
4167
3518
6929
5133
241
5521
201
1692
5836
4434
3563
5453
53
4132
780
2527
3787
2639
4335
2386
3597
3362
4326
4124
5583
6332
3209
5447
710
2667
3495
1612
620
2306
1033
2171
1218
6781
4279
5614
4672
1893
1935
3594
6663
6292
4040
5046
1801
2954
1177
189
2517
4000
5749
5394
4153
790
6149
572
2964
6053
755
5710
5194
1745
5832
5002
1944
6843
4373
4367
4725
867
203
2236
890
4253
271
6193
4896
2506
5454
4905
3685
6795
3127
3443
5949
4549
339
1125
5131
6421
3058
2638
6764
4677
1283
2463
430
1633
4276
850
2387
3735
6902
3670
3271
4535
686
5565
873
437
3190
4417
5224
6478
4392
2647
5389
297
757
5055
4899
2586
2367
6244
1130
674
3352
3967
4611
51
6282
4545
2141
1609
3312
5107
1746
4839
2912
2507
4814
4585
5850
2477
403
6607
2222
1018
2191
3498
3173
3544
2288
2300
1835
5456
6946
3624
5711
4454
3525
1399
3192
2757
3446
5617
5305
2916
3345
1190
4962
3291
5660
798
596
6683
3757
4043
3869
2412
5360
1043
2771
2703
3188
6451
1350
5283
49
2228
5330
3858
3591
5114
3916
4096
2275
4647
6579
2108
6324
998
1402
3605
3460
2133
4680
5398
6037
4083
1774
5375
994
6580
2543
5669
544
4355
4951
3382
456
4003
5234
935
2860
6587
3609
319
5449
5477
5103
1477
2878
5545
6085
4719
6631
5540
4740
4759
1742
6612
2076
5549
6956
5166
1036
2417
6477
1467
5564
2621
977
1225
6228
5933
4245
303
6063
4753
3796
5809
1117
758
4185
3041
4366
3193
623
3008
1228
5217
5670
2352
5703
333
2456
6955
1040
5828
425
4626
3600
869
971
5739
4552
903
1744
3930
2103
875
3585
1639
536
3171
2100
1368
2270
976
6856
1457
1614
3257
3309
4651
5785
6190
4316
3527
2784
2242
6150
4414
1541
5794
464
846
4433
5246
857
4979
3154
1102
5093
1388
2190
5024
1384
5109
3061
1556
6081
2327
2879
6710
5804
6537
1728
803
2539
80
6893
721
311
6305
3423
233
5213
5573
4836
2945
2193
1434
507
2856
4299
3986
4462
744
521
6860
5276
5603
2044
1802
1684
6408
913
5472
6957
6469
3117
116
5922
2906
6958
6493
1750
5432
1723
4570
5844
6846
5229
4455
320
4515
2633
2084
6466
4568
401
4609
6945
4575
862
662
3242
4638
3302
1262
2704
4973
435
6714
2776
602
6467
695
5198
1460
6450
5395
2629
4988
865
6223
3156
3178
6159
1572
2184
1657
2080
6881
6791
1310
1209
5951
4181
6776
5536
1702
5386
551
3392
1469
5774
5516
5715
1658
3482
6387
6290
3959
396
1072
3677
6904
1447
5076
3832
6248
5301
1358
103
5214
3938
5586
6693
5840
6889
4495
713
6320
1337
1472
3421
5885
2843
4705
3002
5254
3393
3384
3256
1546
4613
6099
6317
1704
5437
4074
3770
348
3270
2965
5292
531
5921
3934
740
342
1418
5351
2313
2390
363
515
3416
5381
4438
6402
6675
128
2284
3364
2460
5622
6266
5373
1734
2127
3649
3569
6424
5159
84
3381
6888
2929
1824
6767
1954
3523
4865
6007
3710
4461
354
3324
3074
2760
5401
4972
1363
2627
6653
3305
5314
2056
5411
5768
2098
1618
3937
3717
2164
5184
4650
6744
1748
4904
4375
5973
6091
4986
6346
5071
3919
1323
5899
2337
3046
1120
3728
95
5287
4510
5789
2928
822
5474
1296
5038
4660
6520
3066
4514
1575
2086
3114
1951
3851
1808
1465
1252
1588
419
2939
6668
3274
2827
1326
83
5439
6449
305
3146
3755
181
5435
3203
6330
563
6218
4099
4832
5906
3222
5911
5882
1153
2262
2434
3491
5538
3388
3489
6766
5985
3654
3810
4219
5673
708
3085
3307
4860
2261
1439
6546
3695
815
2773
2048
3290
917
4781
3126
1161
2427
1454
4612
5282
3907
1518
4188
4927
2490
6296
4693
1079
6349
5458
3588
1887
5137
6300
75
4801
2550
1697
4761
1834
4475
6975
5378
6884
4546
5124
3603
5105
605
2654
5910
2197
5713
897
3118
1926
1154
1764
1827
3221
805
3147
6251
489
1221
306
457
1737
3511
6898
6951
1960
1380
4879
5961
2240
21
5170
5542
8
5982
317
5924
4250
711
2415
5966
6094
3149
2575
1611
1030
4486
2303
5220
770
1921
1924
5126
1767
3295
1551
6657
1394
77
3168
2404
896
4437
3920
5333
3524
5692
6468
6121
5886
991
4395
2974
5077
6606
2947
3075
4947
3113
4752
5121
1086
5005
6941
3108
4016
6523
5881
1502
3996
3978
2825
1966
4371
1667
1589
5656
1330
6405
1491
898
477
5999
4107
1948
2886
505
3855
2384
3230
1110
1912
3900
2534
1367
1857
5827
6971
4828
6012
848
2388
1931
2026
4224
1468
868
6599
2816
3870
3660
2179
4576
2521
4056
1884
6321
6227
4399
3999
6293
479
1272
3837
3621
5233
1680
6577
1549
1028
2111
6729
3186
3554
4097
2853
1970
2357
5937
1148
6368
6799
1881
586
4353
6872
4676
2491
2094
3552
804
1771
5092
5140
834
1895
6204
1805
4734
1616
2922
5612
1993
3687
4443
6071
5994
6362
6914
4726
2009
5694
6250
673
2355
3019
3704
2149
3883
4956
5421
2423
4262
5014
6161
2508
4324
5450
5962
3141
3702
2779
492
1793
754
2942
4594
6677
299
581
981
443
4069
1915
1366
752
503
25
1211
3781
5520
657
3020
2273
5122
4313
2364
3285
4724
6959
1528
5444
6396
24
1544
588
855
3850
3179
6602
2032
942
3576
6372
6056
3135
4151
4380
309
4848
2697
5336
6562
4765
5544
5817
1321
4342
2241
1837
6233
19
2024
4843
678
1570
5431
5490
5032
6525
66
3500
4184
5212
4332
3059
3372
5858
5471
2557
3304
4484
5200
1066
1053
3614
5944
3371
1181
3403
5239
1362
1823
6915
1889
2091
832
811
6812
4397
6131
794
304
5060
421
4497
3473
4669
2957
3715
2096
3006
3428
3232
488
5959
829
2881
1991
2042
5036
5457
1398
1473
4270
5554
6154
4337
3035
751
1157
6187
1564
4034
2114
1511
4141
2555
4687
4754
5763
298
2486
4548
485
4121
5618
378
4013
914
6621
3224
527
5615
2605
1217
1932
2612
380
2720
651
2854
5830
3408
5772
5986
453
4111
85
1925
5902
5916
432
601
611
999
1311
4344
1562
6942
1096
4036
2223
4021
2747
5590
4001
2016
1832
1346
1703
691
6239
5515
4208
5164
5950
4345
700
5182
4778
4459
1819
4119
2218
2378
4530
313
1496
3946
4080
653
6253
2762
1448
6834
4751
2320
3243
2445
4492
3901
3490
4370
6841
5347
6911
4305
1032
645
3653
6173
1417
3776
6333
2901
382
5318
5420
1095
188
2732
6655
6738
4776
6661
5416
4343
4894
4945
1331
54
5927
753
4910
2160
5099
1118
3431
5101
534
5299
880
2271
1701
3607
1661
1170
3915
6151
3184
1383
694
1372
1446
5029
4307
2455
6457
5712
5385
5068
6217
3478
3962
4772
193
2419
261
1051
3087
4115
907
5150
4323
946
6363
5367
641
182
821
4802
5329
258
5946
5237
145
3981
4901
2579
3455
1980
3229
6062
1989
1274
2978
2330
742
4995
4130
4880
5483
6676
5052
2192
3828
6532
518
1124
2345
2565
6610
5065
5035
3259
379
6015
5674
5026
340
934
3564
1246
3447
5382
2439
2961
5901
5070
1949
6241
4639
129
5672
4306
6482
3863
4996
6380
1886
257
1996
1345
5228
2829
1979
3261
250
2135
715
5729
926
5569
4679
3450
2619
2580
4291
982
6576
5083
4667
870
3708
4232
6043
6078
4346
3233
350
4145
6875
1709
235
3752
55
1622
450
2308
3541
6093
2711
1007
231
2229
2952
4359
1335
844
2003
3235
6699
3467
5867
5681
1466
5537
5636
2899
6575
1459
5015
60
3927
3705
4701
331
4870
4390
3612
6973
2653
3185
788
725
3109
490
2117
2438
5193
4210
6590
5633
197
3223
5957
4939
4298
3289
827
1050
3725
2809
1164
4584
5172
10
5934
892
5393
1302
6029
3733
4490
2578
3853
1230
97
3356
4737
883
3317
3814
4159
1443
2060
6231
3557
4064
4966
4621
4476
6920
1147
1300
4092
2602
3267
48
5837
3968
5245
3088
4567
6625
6384
1594
6383
2287
3167
1344
1600
1725
4131
5663
227
6685
1378
2113
3280
3508
1039
4913
6852
1247
1637
4177
5230
6810
1449
1202
3227
3917
6074
4404
4162
2643
1478
4808
1987
3825
1361
2416
4642
497
6770
2038
4189
2101
3390
3582
2247
5560
4239
4275
6632
1807
5753
2075
4086
6623
1624
4281
6573
6299
3079
46
4220
1080
6270
5436
4994
5852
5286
4789
2686
5222
3816
2645
2051
1604
207
1191
967
6778
2012
4090
2855
2472
3873
5624
5898
4479
3138
5952
2891
1471
6802
3746
555
6214
3759
73
4916
812
1644
3538
4690
956
2544
814
6538
3318
5750
1791
4917
3010
4293
1707
4934
6559
2442
2461
2798
4015
5725
6139
1909
3778
132
6382
4363
3991
2380
5841
1495
4213
1140
4950
5405
1648
5548
1003
1976
6291
3367
121
2041
3174
616
3697
1133
1490
2652
2944
81
37
2224
6345
6294
390
3698
4110
2857
3722
3472
3714
1106
675
909
6045
543
4762
6286
3771
2936
4658
3120
3246
1480
3876
107
1626
1242
640
6185
211
5359
724
4662
4430
5820
5596
2017
5274
5779
210
1073
3651
4230
4102
4935
318
1165
2620
487
4793
1426
692
4976
1718
4729
2446
1035
2297
1904
4289
2940
1643
2988
6727
6404
540
3535
3961
5302
4931
6521
1138
2519
4292
5851
3665
2674
762
3768
1650
5869
2213
6165
3867
1489
2788
2852
6434
158
2528
6179
6301
4685
5012
2910
1810
5816
5366
1638
2623
2705
3073
1305
316
4103
650
2296
1256
6080
670
4139
4544
6938
2435
3794
3531
6098
2641
776
6344
2266
2662
3098
4066
2286
3700
343
6409
548
1583
4918
2377
1355
1784
5438
4295
4290
6197
5667
4168
3764
3335
4538
2589
4711
3122
2185
3169
1397
2764
6869
2617
1536
5113
4652
4764
6258
4735
6297
6891
5178
4464
1232
4027
795
6103
6596
5752
2786
5363
3617
1432
5380
6754
6908
3632
2376
6109
1936
4506
2958
4573
6968
2470
4391
5526
2678
5634
6529
6222
2083
1719
6817
2450
5108
5211
2994
484
3072
831
6399
3252
677
562
1937
324
4403
680
668
2153
2700
4164
6613
5897
6111
3475
3839
974
1561
6733
2515
594
3926
5893
3245
4029
6127
6536
2089
3947
4826
4930
4581
5328
6474
3701
512
2987
5106
2253
2972
1721
1582
5464
3097
5409
5531
5621
874
5369
5290
2243
2061
6484
1082
3426
3590
2479
6637
6566
6582
2188
4710
