7940
3107
1868
6715
10394
311
201
5874
11047
1684
8580
5569
11356
11826
2029
4117
11009
10131
4148
6931
3550
6149
4589
1933
2784
518
10490
1817
5361
6153
11756
4095
5466
4214
7929
10417
2310
2788
264
11560
7841
3329
3540
8840
4694
3151
9724
6867
7306
11563
5159
10123
4558
1964
8882
5875
10570
10236
5717
2271
5515
5206
5865
6663
1802
10665
9534
3156
1456
795
2701
7322
1787
1866
10036
2286
10502
106
2739
5212
9271
2040
9303
4225
11217
11828
38
6386
3174
4695
10316
4688
10443
3420
5904
5820
2016
188
7065
4489
11636
2742
10405
5231
5780
8880
10439
5398
3398
5572
8533
1661
9718
819
5133
5148
6932
3394
3204
5229
11666
7852
9500
11710
1869
8264
3557
3061
2302
5548
156
11948
11592
5069
3192
10693
11893
3662
10551
5405
4727
5153
8159
8742
10897
8692
8559
7130
2217
5267
1640
9098
10070
11938
3276
10664
9995
4516
4741
9924
9250
2003
4765
5056
2840
10981
3507
4709
5838
867
258
3287
10183
684
11540
11364
214
51
7208
11324
6126
4130
10925
4734
7839
6366
11776
11870
6129
6657
4602
9710
3845
10741
8865
10252
4211
3397
9342
8009
7599
3052
1641
8855
11301
4631
243
1792
7089
1790
6790
4973
7205
7582
3677
4651
4061
2297
11503
1838
1522
12328
9870
6112
2607
7337
10733
4437
5505
8534
9465
11672
5306
2031
4604
4572
2043
10495
237
7062
756
2341
4447
5207
3558
6854
7085
10412
4157
5155
10954
9942
7194
5266
10237
2
1414
2260
2231
1993
7321
11011
5581
8255
8623
7409
11842
7569
11340
10284
7383
7865
653
10286
10112
1962
2852
5065
7232
10074
3041
4512
1621
5237
8842
3636
9223
5195
4665
10930
8622
1634
5867
132
5591
8206
6141
6939
1523
4519
272
9895
9397
10701
4594
12370
11528
761
11816
1425
10186
5041
11041
7277
406
11569
5325
79
5311
8617
7954
738
2309
10337
1923
1649
5078
3459
5545
11384
6730
9492
5488
7324
4491
2460
1987
5922
5463
22
1905
4122
9422
7167
7137
7056
3249
10995
2641
6107
309
5534
9943
11238
1613
1784
8860
11352
707
175
3442
4174
1
4244
3491
3154
9933
7184
6819
751
4522
2636
3573
4972
3409
2027
5419
9280
5348
447
9236
260
4223
7296
10552
5915
7612
7614
5204
5868
144
8191
5897
7397
2637
11327
4089
626
4200
11850
6779
7649
3147
9306
9353
1678
10137
5540
4105
7833
8722
10082
10159
5141
10042
11507
233
7076
9869
7063
11922
11829
8737
9966
6658
9713
10265
7071
5687
5222
4179
3453
11946
9104
3647
10607
4185
4414
9467
9840
11548
10566
10182
3841
2819
5677
7867
2658
3854
9511
4524
5754
1436
11755
1782
11416
2791
11362
3564
7187
6761
3333
11566
10922
7906
1009
7096
3368
6165
11646
9138
6128
7907
10408
9709
713
5239
3455
10506
3178
11251
11669
2978
88
4720
7586
9873
11269
3320
8874
3667
9487
993
10620
3827
6336
11439
6918
3100
1679
9888
11496
5836
6758
5906
7888
2708
3673
6673
1919
11663
2263
1479
10990
238
4733
8858
10366
7368
4110
415
4084
4115
7408
2856
9472
89
3535
2988
3289
908
4241
5470
3354
2722
5795
8578
10926
11752
5726
9358
4612
5457
9315
4576
2962
10170
887
10899
3391
4983
11848
7270
10172
135
1968
4058
8143
1027
3233
4229
10364
6332
280
1805
5109
7298
701
3526
9398
11643
7956
4596
9293
8598
6235
12344
9295
1783
5424
2702
11863
10627
501
9991
7094
3005
6687
11823
10128
7341
5185
9992
11373
11921
5089
11773
2813
11381
55
7404
10246
2859
2036
5336
11270
1506
7855
5460
1860
7926
5757
9978
4998
848
9370
10059
5564
11725
11524
10190
6873
10419
9455
5062
10108
11690
4659
3666
1645
3168
2335
6895
150
11915
2327
6776
10605
9386
416
9986
5394
11372
10911
4610
10253
312
11894
9246
5427
8745
9
2289
9855
4990
3843
7078
11925
8696
11342
11003
5304
1022
6124
179
6142
5097
10689
8837
8150
9474
4737
10508
3575
1434
730
7563
759
10023
6942
7289
9283
3432
995
5135
7893
1660
7366
4579
2002
1459
2328
7255
11040
9396
9990
1065
4240
62
4420
6884
3278
10603
9429
1780
10102
7391
9835
670
792
766
9556
3433
9971
6940
3588
3355
5680
2827
9146
11396
1428
10454
1480
5274
206
1915
8705
1687
3654
11556
2843
746
3664
7395
267
10370
6348
8656
11361
7223
11805
1832
3058
1977
5
523
11277
6158
11264
10101
2279
3358
7173
3422
7133
8164
5571
876
9338
3184
9575
10436
9427
9347
10936
11730
8739
6379
9268
524
10907
10117
10073
1449
8017
2863
8817
9242
7894
2642
10927
9111
4245
25
3837
3277
9590
8870
3833
9694
4501
3626
12340
1856
7291
6396
5468
5884
3137
138
2802
5748
1961
1976
1453
4238
4616
688
1422
11478
11836
3315
5821
3228
165
9294
9369
8556
10283
136
6786
8878
9530
10471
638
2250
10904
2314
814
5524
2034
5692
5187
10647
897
4170
7318
5347
7915
10061
5248
2259
405
7360
7875
10946
2790
5351
1944
6893
10757
9227
11744
9939
9462
10602
11912
1916
11007
1054
4111
11564
1906
7576
7199
486
315
3035
788
395
5059
3297
3169
3203
4153
2324
10527
7962
8653
4093
9428
283
3232
9232
7591
551
8572
2695
4644
3410
8613
5046
11679
4423
8571
5854
3367
10678
2261
11748
5031
11036
3499
7248
5329
9518
10667
9133
5783
3081
3313
39
5106
11619
10438
11759
3114
11239
11789
11549
285
869
10590
5691
5514
10553
7868
7942
2666
9263
9485
11510
10466
11575
11464
6422
2280
8005
10025
4188
2765
2900
9569
5510
11295
3
4591
11279
9705
10325
9334
7634
10577
5014
10994
5162
11693
8611
8819
3642
6418
7844
6840
9285
2659
3039
3649
8200
10633
1863
9722
5281
6742
307
528
5269
2707
10256
10324
6678
6387
4109
5428
11298
5264
11031
1450
2221
10038
10435
10529
8034
5553
11600
3325
4735
5249
11465
3525
9690
10262
11884
1935
4430
4551
10124
10103
5857
4101
651
8182
11673
10336
2973
7103
11715
8007
11376
6831
11355
3373
4508
807
9351
5341
3388
5356
8636
10997
10129
9289
4190
2248
1882
5543
11354
10164
11791
9288
11667
2604
658
5303
837
8024
5759
5077
6314
4597
731
186
5147
9562
10668
4989
9349
185
8681
10712
10199
9728
11586
9278
767
9290
4159
2301
8549
11622
1852
7039
3108
5577
5005
5082
9868
2021
2832
8741
9844
8841
7384
5196
4226
8210
6206
806
757
3215
9251
7594
8165
4116
9355
223
10287
4633
5083
1677
4144
8640
5057
5262
10583
11417
7646
2730
10161
7621
3299
1974
11941
6760
6333
1970
9523
11601
11834
9460
4189
661
11857
3140
3561
8805
5705
3583
1798
2001
11501
11214
3110
5375
11845
6820
10511
7084
5520
10905
6342
2997
11248
7108
6877
8857
10275
8249
110
5211
7881
1046
10578
800
5368
10138
5826
6752
6188
11568
3539
3861
5469
6347
7401
10644
1427
3874
6827
1415
7402
11692
2222
7159
8037
7651
3461
6765
8214
4723
7228
10928
10291
3088
2315
10228
149
11802
3536
1050
10648
3877
7323
4102
8172
11303
4239
6734
12360
9265
1876
9549
9222
5523
7250
1959
3509
4563
6389
10176
7975
7148
10223
4094
10676
10006
9256
1861
2596
6349
30
8554
9918
791
464
9493
6328
113
3392
10209
10974
1945
4077
10910
4498
490
2806
1655
5742
6237
1779
11712
2961
1995
2619
5103
7909
10017
2888
6822
8209
7122
1844
469
3599
5485
10696
875
7388
2451
3165
7620
7086
9496
7149
4635
7317
11488
3414
8245
4106
9994
4529
3402
4613
11370
1439
1948
9445
11664
2996
3587
4614
3830
4678
2752
10942
12372
5203
3095
5283
1017
403
6372
7252
7380
9847
4578
2885
2812
5371
11420
5573
2861
9547
4525
6928
4976
5698
11224
11858
1447
9143
11751
3860
4666
8667
11918
9406
10039
1031
10687
4997
7562
3295
8750
2983
10483
8715
6763
4664
7609
7200
11620
4682
834
4592
8204
7613
7389
10534
11296
4963
2975
5100
8577
1914
10098
3857
2985
6369
255
12324
8224
8013
6755
9889
11024
5920
7075
9385
4532
4599
6190
10085
8898
11762
5518
5713
10065
3237
4657
2256
9947
11367
10935
2450
3454
3516
11258
5444
7275
3370
5038
5173
5362
3254
5710
1500
6184
3534
9277
8903
9850
1788
420
7623
9585
3457
3529
7884
476
3171
3443
9916
1471
3349
786
3143
5042
644
4427
6099
1985
6868
729
1796
2753
7919
9274
10491
7953
5706
10191
8871
9714
410
5785
11212
3523
5790
3532
7172
1986
27
245
1445
1638
5579
2836
11652
9860
12367
9506
9118
3487
3283
2348
195
8728
7348
4204
787
3063
3129
10518
5327
10178
1468
5346
1673
9270
4167
11449
10279
1433
2440
3663
8266
4433
1888
2464
622
5728
11843
10726
3138
5709
5890
1417
2299
7575
7328
7050
10250
12325
10263
3623
10706
9504
8852
5253
4738
2357
5395
11757
647
5493
10918
2643
5302
11520
1809
4535
4978
4706
10457
1525
8712
11899
10424
8888
10433
3387
6198
11415
4224
5729
9969
7902
6892
7132
1049
11699
2728
9341
3859
7164
1421
7268
4671
4096
9904
9876
2359
9936
11919
11891
3217
3867
2022
689
32
6834
2026
9417
8155
4131
899
3155
11582
4073
4726
11860
7303
7112
1822
1925
1983
3188
781
5305
10746
5167
6317
1010
6234
9937
11676
5191
12330
1455
8654
10473
8000
10372
2333
6899
3389
200
277
6676
1957
11878
3093
3511
7558
5871
10208
11436
11250
6901
798
7610
802
5142
10339
496
5478
5271
9946
10015
7054
65
5918
5000
10110
1521
287
1836
5536
3120
793
3344
4954
7873
11473
10081
4951
852
253
3485
6856
193
539
780
470
10924
5261
10624
141
4993
7814
7967
6209
2719
910
10029
10659
4675
444
11447
6913
3224
5358
5538
2875
4753
11890
809
6898
5449
308
10274
2647
10516
6713
4172
8001
3044
2365
288
6154
1881
5681
10055
4074
6686
10079
7209
1837
12364
10514
7327
7244
11882
9226
9095
9381
4766
10982
9214
8810
115
5544
6695
9132
9453
1454
11820
7261
10142
7588
5389
3619
815
8192
2617
5467
3214
9570
856
9254
12357
8602
4581
794
52
10347
8851
9470
6334
6220
6157
11302
1018
5450
5376
7274
10031
6934
9324
2866
10669
3101
9826
1044
7577
7656
11742
4676
396
8242
9215
10379
9423
6691
7837
6166
9707
6728
9490
9954
8818
3238
1504
9391
6794
10215
641
11004
11002
630
9238
10661
5008
1612
10730
10585
11419
11218
10373
11647
10458
10276
9437
3306
11546
10654
5718
1831
11513
1637
11234
5391
7308
5435
2223
9403
11323
3407
6200
7245
10227
4151
9248
9440
5516
5769
6821
5503
6738
1818
7304
7126
3598
4670
8145
3245
6749
11578
3481
268
8704
10133
4154
9963
112
8135
7115
3002
9443
3006
11635
1630
4755
3301
7988
11780
40
827
1519
1665
10449
2808
9957
11719
425
11408
3212
5693
4575
246
5415
9344
5889
8731
8743
6717
9495
10728
686
4494
6804
8187
7820
6393
8663
11700
11316
11240
1927
7945
8189
9241
10632
2991
2238
5876
6100
695
3159
10564
3191
5859
7212
4552
11543
10403
10721
2649
7924
5403
11351
9998
10479
11610
4497
7381
8219
5521
546
5844
863
5779
2810
508
3452
10351
3042
9920
3572
10362
10087
4566
6746
2697
6914
11514
2225
6360
2847
6363
10174
9586
9352
2258
228
12341
535
7197
7131
3824
225
10557
881
8863
8584
12368
5236
642
1057
9365
10996
9119
3312
7886
5183
10072
3571
4649
11653
2770
690
4729
5364
9307
5866
900
85
11617
7320
6159
6227
8845
6403
5860
11506
3493
8905
4514
229
2833
1631
1810
4511
657
7994
1432
11494
1846
5532
1416
8012
7331
8542
1952
3549
11246
4559
2841
4697
6736
1615
3445
10148
5136
5448
702
4979
7100
10959
9279
2992
7087
6783
6411
7600
3406
11881
536
4961
6745
1653
2277
3145
11603
2313
1814
5166
8220
1848
3537
9520
5592
4085
5506
5050
3835
6321
8241
4719
5745
5768
9974
772
9719
2729
3401
2630
9510
10016
3615
9980
6147
10175
7830
2600
7405
4485
9107
509
5333
7292
8176
2984
2254
6228
2883
3541
5157
7042
7123
10501
5907
10355
8030
8231
2771
9444
9693
3261
42
11391
10205
3590
7246
10194
1793
130
7964
1452
10230
11383
8800
10333
4443
5773
12355
2896
9497
10937
1979
4114
11374
8545
4762
10621
1891
11252
9903
2716
8902
725
5370
10423
3275
5227
1025
6323
9320
220
1991
125
10720
11727
17
5242
10939
2761
8018
1896
3322
10725
3205
3226
5053
5446
5115
1037
2603
7217
8575
10625
9985
177
8826
11629
4202
1652
9953
7118
11232
2594
7951
10278
7346
3198
633
10451
10493
2338
6410
5350
7053
2710
9961
9096
1493
558
7604
3479
5015
5848
1857
7314
6936
11480
473
11412
6362
11309
4207
9832
7413
5170
776
7219
9216
7179
5387
9717
10538
11917
11266
663
2294
6130
5164
5011
4693
5550
2000
4988
11398
9218
10139
5697
10151
9253
1016
50
4079
698
4690
306
3211
7899
313
8621
10714
8900
10047
4506
7853
9592
4569
2639
5117
1858
5051
10966
3400
7191
317
3318
10921
7099
14
2342
7293
10673
10504
10595
9091
11769
4981
122
7581
7385
3378
145
159
8570
11516
10699
4977
11874
2650
7862
12350
4668
2353
7279
10378
9517
10915
3223
8238
10622
11604
7240
7139
874
11609
5584
643
9457
6837
7152
9491
7269
8154
4607
8832
3185
6741
9261
7554
5288
9325
9452
9114
11530
4136
5334
5570
8564
11308
11366
7040
5345
6400
11781
4171
10740
2290
3086
1908
3508
5707
2665
2956
2267
10634
6103
3450
3477
7247
5028
3150
6744
5275
5343
10487
7091
9360
5869
10244
7109
3868
11596
10005
7117
5849
799
8689
11844
8205
9861
5504
10731
3563
189
1520
5224
782
3480
6809
10306
8862
5559
1994
10365
5853
8594
128
4689
9476
11305
3161
11640
72
11814
11599
1967
2283
4751
9298
11873
7334
4767
9560
5483
10542
80
3441
9859
11671
292
10747
4717
7258
10348
3482
9287
11476
10391
393
7113
8838
1627
11808
9366
1980
2230
10546
6910
1965
499
1811
11928
6886
5318
7374
1807
1513
3209
4752
5238
8149
2614
7891
12365
7644
1053
2606
1813
4120
3681
8836
7265
7930
11012
7138
12348
890
11668
10260
209
3066
7171
1659
720
2444
5843
9117
11306
12366
10001
2214
4763
886
3337
10643
5562
10224
4994
4068
6866
6101
4439
2291
6357
2948
9932
11547
1924
11654
10987
1839
8195
5814
7372
8248
9371
4587
1997
9247
164
2660
2269
2777
7083
11030
7938
10653
8146
6847
3467
11422
1812
7394
5828
6350
11763
5740
3495
1996
4220
29
5309
2654
5902
11006
675
10705
5432
10751
10736
4713
11746
3542
3839
11435
1899
10105
11949
4643
1953
7047
1006
9085
451
656
896
412
5899
2783
8627
5276
8137
6935
271
7309
319
8895
10568
8637
7851
4163
5335
140
5818
440
8003
7284
73
5321
3447
9908
432
820
11772
4557
6720
7870
202
8141
2334
2734
6843
11287
8589
5353
2640
6240
7313
4087
4071
7943
10141
11711
9519
2229
2995
9509
3236
316
11245
7619
1686
9834
6924
777
449
3111
11016
6340
3131
101
10160
4086
11554
8567
10089
8660
4760
10297
9125
10407
4499
11272
7996
7068
3300
861
11581
5741
5095
4691
10512
5070
479
5542
3584
10554
2626
3813
3856
7155
4677
3177
6320
8222
232
3603
9348
9329
5061
4588
7251
5921
9245
10115
1949
9926
1642
853
482
6123
10540
10106
3560
1495
3668
6925
10037
7630
7254
1413
8168
1499
6684
7565
5131
7079
7973
6324
11363
3423
4128
8263
545
4509
3653
4754
9557
2216
7840
9414
10919
4958
785
548
2994
10401
10028
11537
8532
7998
3643
3099
2265
691
8718
722
8616
5771
4438
864
90
6674
7981
7093
7831
3864
8557
11726
7823
2461
10525
170
8626
5340
3272
6148
5322
1842
723
7302
6171
11576
11633
7914
6807
6857
5277
4422
1648
5397
5414
503
9935
9399
3514
3375
4700
4974
4548
9941
4080
10254
4160
3862
119
7195
11225
7555
2873
2352
11437
10181
10163
178
10330
762
3128
10639
11900
11803
9550
11271
207
5009
3323
3660
11293
6423
2869
4520
1950
11550
3201
6672
5257
5422
7629
11880
5743
488
5792
1012
8160
108
901
1943
6152
1956
5829
9249
4098
5412
10057
9382
3870
8536
443
10657
7414
1462
7971
1982
843
10384
639
7259
11639
8630
11573
1490
6196
11749
2017
6853
7311
5234
1885
9940
4744
8167
10742
797
9886
10156
6858
484
5519
11046
4448
10399
2236
6176
3094
10452
6098
743
10749
8011
8721
8664
9105
3363
3229
5180
9567
5590
10671
7224
6136
12331
11470
10503
7369
4123
2779
11580
3033
4647
5285
9255
1917
7236
11855
10282
11404
8265
2246
8799
5160
721
917
6207
11268
8868
3463
7141
11243
8193
6337
11290
11292
2966
8002
841
2653
6118
10938
5252
3316
3148
1609
5379
11043
5496
10662
9237
8638
3628
11044
8864
2733
3135
737
9252
10440
8233
199
2620
10311
15
9448
4067
2905
11837
3098
102
6341
7872
2723
11832
6210
1496
5587
2822
5338
11289
3848
9583
4234
8686
4205
6117
10077
12327
5758
10476
3362
219
7336
2014
549
9332
1893
9925
9830
832
2284
4496
8684
9871
7120
1607
2696
11642
3122
5006
5823
7180
9120
9516
2592
3417
8697
8234
10255
11518
5561
3503
6408
3080
4107
2846
10748
9973
7845
10383
11631
8131
4517
2243
4672
6353
9407
532
10302
10623
11574
11758
2005
9580
3555
9845
8690
3390
1942
8659
11458
10189
6212
438
468
11869
3160
10650
7343
3496
11866
2472
7301
8541
439
11541
6724
8015
6189
5695
5118
9877
7399
249
1825
10315
6146
10686
457
11241
9699
8153
9960
740
8828
7095
266
3269
7642
3352
9571
1902
5473
5413
6712
7226
3470
10146
11358
310
5169
2454
2807
11681
1013
4135
9696
11418
4768
873
11539
7890
10185
1938
10509
9919
1840
11444
4567
10973
10218
7221
11868
4242
534
5880
4415
11567
5198
9959
6202
7947
471
5259
11453
8752
9231
9853
5215
3596
9538
808
10646
5755
9471
4956
5186
11807
10060
7235
4521
7160
174
7036
4625
7357
8894
3113
11522
5735
11901
7315
11562
7333
9901
1451
4425
5214
9273
5439
7813
10594
557
9867
9872
8562
7218
8801
10912
9368
10486
5355
5825
9589
1517
4510
10467
9459
4126
6373
6388
5040
4660
9723
727
9129
5067
11433
2249
4704
5149
1681
665
3500
3814
2838
3548
870
11736
6902
3331
5527
3298
11210
239
11618
211
4608
10656
2245
4218
11738
6905
10555
774
1610
3210
7652
4716
4537
11455
778
10374
3307
8548
2253
9695
1973
9909
1978
10083
734
687
739
9541
1966
10475
7654
5104
5801
8207
625
5856
11779
816
9145
9308
10167
11685
163
4715
10732
7400
6424
10950
4757
7590
11677
5020
9412
7107
3227
11226
97
10958
4722
3624
9887
7230
5332
11020
5126
48
3321
6140
1666
7819
4730
6187
3089
3097
1510
1981
8612
45
3513
8698
11854
1505
11273
3460
7034
11394
426
9524
11328
5092
7854
9555
7351
9272
8655
1467
445
2628
3193
3182
6782
3220
8583
7946
6145
5121
8156
868
6743
5289
4740
10498
11033
9539
2864
10666
10217
9317
2242
8884
9566
6689
59
11680
9989
8610
6943
9340
3607
7238
168
11466
5301
9286
257
5744
7362
11819
11343
3291
1910
11319
9228
23
520
5777
9431
460
3296
7157
11659
9468
6759
540
4217
10222
1039
11674
10313
242
8707
8861
2737
10917
854
105
5858
4428
1626
2326
3109
7931
4169
1639
753
11499
8587
9543
3645
7903
2448
5863
511
4987
7105
8239
8166
2893
10371
3268
2712
10096
2814
5025
11707
2884
5216
9730
6824
11859
11818
9900
295
429
6739
11649
2305
1623
8891
6399
217
11229
11824
8599
3670
10437
10002
5809
2345
6705
10367
510
4698
472
6215
3281
9333
10104
6195
10323
3629
4561
3085
8830
6229
9999
2268
7253
11353
419
6194
7119
8547
6132
11267
2823
5016
7861
5188
5230
2724
9356
11429
7608
3610
7645
11800
4590
4771
10018
6109
6823
2950
5256
9350
10088
11050
5320
8807
916
9313
3190
10266
3818
224
10906
6345
4555
6315
2867
480
11477
11822
2844
10952
3552
2766
256
2244
4152
3472
7350
146
5486
8576
10113
9595
2459
67
11607
3130
640
8848
8746
9981
4
5430
9882
7952
5679
1062
3399
10143
8531
9950
4221
294
7989
111
10264
3504
1524
7386
5116
10901
19
441
2758
855
7411
4540
2318
9328
10561
2292
4075
7882
2694
7041
5390
2438
8687
7808
205
11931
11774
2023
1958
11350
5380
11216
11798
10120
4513
11783
10615
11434
11021
9323
6833
6359
4747
10582
8152
11382
5675
450
9527
1864
3847
10303
9945
6870
3256
9515
2987
4553
8869
10556
11625
6344
12329
2255
2738
1035
11380
11623
63
11512
645
2664
3408
7215
6862
10427
11704
2958
8147
10201
3382
8553
6680
6722
7182
5500
5418
5497
6811
9692
822
7980
8624
453
151
10051
3310
11606
2793
3144
2644
11771
10154
9354
10345
3828
9572
1931
5722
3858
3559
5086
628
1000
4418
8735
10900
5502
4584
213
7578
5384
3244
538
10524
5034
6339
2839
261
5737
775
10180
7189
11401
2320
11813
915
8859
6842
3631
8539
5776
7849
9384
2270
5001
6173
8633
7949
10034
8033
8702
10188
11215
5094
9697
8812
11244
3576
6795
10541
4646
3162
6125
11936
5192
5291
1494
3253
7925
11451
2751
6406
10309
7312
6327
5526
8601
9408
6232
7370
6102
11276
5557
11801
5846
3342
6764
3353
7377
11442
248
6370
6661
1671
11812
77
6816
4161
10520
7393
5179
6718
7995
6938
4191
1692
8803
5044
9088
11867
2475
9127
9304
318
167
3395
5385
10480
9537
11359
221
5555
5323
265
7257
872
2744
7598
3364
11387
911
1904
3515
1918
825
10171
10531
3377
10464
7900
5156
7237
5442
5315
7618
11648
5454
5847
5479
6685
11519
9115
9267
10155
10041
10606
7887
6702
7412
6377
6912
515
8597
4966
4630
1487
5409
10999
11597
6916
7044
2754
5760
5026
10953
10655
6138
10682
1430
10737
4426
10202
9502
5456
5808
8711
2362
4059
7661
5200
7092
1620
34
7817
5317
10691
11705
4564
5268
1928
6233
9568
7077
5084
5674
7927
1423
7410
555
3451
2886
4502
2360
481
3644
2816
1507
2262
7134
2618
7060
10134
3820
120
7154
10032
7958
10368
10469
9217
66
3292
5225
8644
2447
889
9478
11862
6113
11688
3476
7957
495
8732
8802
4746
4182
1492
9100
5043
8027
7627
6425
4949
293
1865
5525
92
2868
11471
296
11491
3616
11472
11209
10062
5278
5919
4507
5189
8252
2699
11907
1646
4674
7950
10125
5474
152
8744
3047
2824
448
6664
8720
6753
7655
1038
11716
3521
9219
4968
8669
1951
6731
11517
10945
2767
11750
4571
9230
11775
93
2032
8020
3194
5388
9938
9927
845
3219
7961
7589
7585
11222
888
10960
21
6412
1984
3484
10580
4206
10675
11397
11572
82
1656
9958
11508
4243
6181
4685
5720
3366
7880
8546
8703
6352
3625
10617
284
11311
9144
7190
6374
10100
1685
9362
3092
6365
10610
5585
5297
1635
7375
5079
3199
5022
3274
8029
1777
2030
11431
7150
3290
6911
3605
5152
6211
10425
1913
2974
2651
3609
2872
6110
8016
10978
3440
10533
5107
83
9698
9141
11740
514
8714
3250
1474
988
11315
11885
10589
9418
7592
10406
8595
5762
711
5295
3637
2273
10431
6135
8844
11368
11691
7316
10477
5686
10484
11745
8733
10053
4097
9897
9584
11787
103
3351
2011
7355
8813
12342
11590
5881
1672
11254
2999
5190
10702
5299
5010
10993
8202
4492
5711
7185
9508
6197
1497
3635
5567
11682
11644
6832
5004
631
289
4081
5411
10221
5477
7923
5688
4603
728
2993
6750
1048
3520
10332
7815
3225
7166
10969
10012
6859
7142
3170
5339
7556
5804
10753
8643
3850
1068
2624
9921
10381
9594
4527
7966
8605
10114
11697
5781
9099
11461
860
2304
6860
11014
1446
126
6330
10095
6808
2786
2020
11377
8019
3311
7055
57
10951
7564
10472
11035
3385
1669
11670
11230
134
4650
6191
5055
6177
7283
1063
3034
2887
840
3815
5273
2610
2232
1472
5551
8022
865
11344
9481
3234
6106
8892
3614
3189
522
11027
504
5731
4699
812
10147
1011
10962
3501
109
4636
7129
11448
7376
2955
3246
6774
9915
5202
9843
3600
9535
6707
6668
6231
1483
10341
9359
9983
183
10021
5752
8237
418
3335
9149
9703
5565
2897
4560
4432
783
11799
11589
2037
1628
10280
4601
6382
7905
9387
5372
7178
10711
3566
902
10963
4764
10386
2976
8695
10288
10319
11657
6111
5209
8651
883
7983
10415
498
11790
8035
10144
9326
6768
7857
5099
7256
2449
2799
5751
4661
8026
6757
8620
28
1002
422
7828
1024
5279
1041
10968
6775
2343
9108
3222
9851
226
2776
6180
4652
8881
6367
7338
10169
6401
4429
513
2598
2239
7174
1028
10567
5491
10565
3186
11456
7658
10150
6402
10450
709
118
9439
4140
7204
5799
11281
11406
2608
2272
3043
11326
11889
10158
1894
1682
6161
10600
1644
6777
3304
10640
5862
1823
5408
3282
3638
4586
3435
5736
11504
11249
4503
9881
11621
2972
7812
1036
804
765
5221
5535
10261
660
44
263
5594
7653
10428
5501
2848
5764
6692
7101
6346
2960
5402
5032
8267
154
11371
4092
12373
10149
7834
6204
8162
3083
712
10932
7921
11797
11314
4184
5541
9275
10314
11810
10271
6915
10651
3428
2726
7632
10359
2296
3620
3149
1426
3117
507
9339
2235
6313
3314
10489
1023
6688
7580
4412
2692
12336
11753
54
8006
11317
3106
6861
3475
9416
442
9447
7051
6754
5690
5102
10429
5910
1066
4181
8593
9488
3502
7985
3419
3049
1889
2337
3510
3231
10200
5712
9299
10363
2281
5228
1650
5027
4149
2633
11219
6825
3676
3176
11583
3519
10308
10630
7104
5220
11935
11732
3330
11861
10975
1683
7319
4549
5241
5805
1442
1662
10179
9878
3426
5834
11278
7140
986
2655
5725
5182
8821
5475
10212
6416
4419
3141
11875
2350
3538
1435
10063
7978
7982
10700
10340
913
4504
2339
3286
5434
914
8161
8134
7168
10719
8573
5365
11847
7617
5895
6670
7290
10389
8609
4199
5254
10474
801
9573
8856
3612
6179
5287
5596
10977
1939
5308
9949
1940
5313
5595
8250
6891
11614
6199
3403
9704
10550
2013
1897
11390
10738
10289
10229
5568
3340
3152
9944
10465
5724
9905
9086
10003
7072
9542
2705
8600
3317
8873
4982
6164
512
2471
6696
11037
11734
1516
5864
6239
6908
11591
5508
4684
8872
10983
8246
8676
2764
3671
4436
274
8727
11018
4118
4562
11662
11650
69
4615
3303
1618
7657
2967
4634
11615
1473
3639
672
11923
3458
6849
12349
537
2904
2657
5900
12371
2363
4209
9463
10677
4215
462
10268
7272
11378
669
10243
11706
3048
3123
1060
467
9093
987
8177
99
1806
6409
5407
4570
5140
4421
7611
998
3527
6155
10064
694
4568
5472
10050
11926
4542
10739
9854
8169
11888
4230
4772
8032
9310
2855
5127
49
5898
2825
3000
11334
3127
9336
5888
11482
6747
7970
1789
5181
4967
10043
5244
11026
3326
5701
5727
10547
11357
9456
2237
5105
9582
278
11483
11275
6690
10392
9579
121
11489
2775
5487
4565
8815
2796
649
11557
3831
9708
10361
7349
3054
6889
5770
3279
9498
6354
301
1874
2437
10173
216
8259
11421
6706
9551
7639
9891
2278
1033
2720
1501
7878
5787
10168
8586
7203
7904
2792
6421
3328
11028
4628
6829
171
2769
12352
5892
5490
8751
314
11905
4201
11318
2623
1419
994
7866
11565
3449
5451
5219
9411
10562
6903
4227
5047
10259
7373
9929
7843
9482
5161
5537
1651
4441
6325
11754
12346
11724
10010
3674
1636
11658
6806
10219
3483
7229
1030
4177
417
5683
5406
2748
5137
831
9525
2711
5529
475
5700
7169
1045
4640
636
3371
2857
3309
12333
1872
8227
6156
749
6716
9864
5734
456
5150
5464
5312
5316
5462
9451
3412
3380
9552
1020
5138
7932
2982
5440
5482
9102
270
10396
9828
4556
1937
5122
7937
7233
4070
3682
683
11426
668
6865
4197
10091
6208
11906
4971
11029
1465
7979
8240
10713
10979
10537
11930
11924
1676
3153
5423
10949
7181
3577
9110
10326
4139
2330
5363
190
11645
4761
10947
2439
9996
11770
6216
6398
7910
11536
160
11683
8629
3434
4712
2895
7371
11777
11717
5589
516
11611
8890
2787
7125
5416
10410
2303
2757
6929
11242
11811
5909
9890
1871
6665
2219
11341
5778
11720
7856
1911
3488
24
11475
5816
1461
1624
8229
9449
7583
11235
10976
2227
10599
11904
10390
6733
2019
9884
1853
4442
1941
2715
1438
10459
8561
11227
3675
4620
4948
3259
3672
847
10663
830
5851
1892
5767
8186
1608
10619
6700
269
11714
10084
7161
3404
6767
5331
2998
192
7049
198
10448
9282
11559
58
11346
7974
5337
1485
10593
4611
8151
7573
5134
6174
1004
9863
489
11579
9729
2870
543
11785
2971
10413
7135
4724
10294
4125
3580
6335
6669
2768
3852
6836
9430
9234
7406
4129
4060
8822
997
5073
771
3876
166
3844
1859
5750
7382
3235
9090
9461
7177
3595
8814
7242
11595
2218
4593
9588
8614
191
8691
8634
838
11945
8896
9513
3146
9526
7640
8198
9885
10754
2288
4518
8675
9917
10909
7106
2709
3846
836
3473
6802
9473
11400
3118
7858
742
2849
8604
11531
6876
4141
2727
5030
5552
5251
2366
4488
4739
12319
131
7329
7037
11286
5223
8028
4444
11005
10094
7335
2693
7198
5123
2718
10636
8632
7825
5530
4969
408
11782
862
9914
12320
5896
1469
10118
9948
3372
3469
5730
835
8014
10068
1990
10478
8560
996
4133
5113
5831
4583
2266
9559
7860
5547
8867
6810
9984
10353
11940
8646
251
3302
2990
4233
7616
4490
5887
1988
4143
5879
5076
7560
7570
4219
7286
2782
5139
2831
3613
3361
9442
10067
3875
127
6890
1847
1786
1032
6735
5272
4445
4237
6796
1614
11902
10526
4687
158
2622
1884
9142
2798
6711
1883
3195
3091
517
5074
11786
11815
9976
4627
6243
11207
5533
9544
9211
7807
11678
5459
11425
2890
8555
2828
9469
5445
5002
3158
9934
3105
4681
10670
9503
2033
5245
5184
4147
10445
6766
5822
1781
10574
3239
9964
4150
2756
3594
3444
1069
11817
10984
2295
11019
10944
4774
9701
4619
10066
6793
659
10293
6762
3266
5447
10132
169
10734
10153
7158
3826
3339
218
9438
12361
1830
6
637
4216
8809
11733
3531
9514
2835
2725
5035
10596
9123
6714
10241
7234
559
10718
10986
3280
7572
745
9911
61
3381
4538
985
1029
1484
5199
11438
6883
7175
3360
5923
9410
10400
3383
6729
4228
10505
4124
858
10327
6186
10579
1804
6222
10343
1926
10576
2044
3869
5733
764
10290
11233
7607
11545
2877
8582
282
10231
114
3415
6318
5714
4416
5068
3252
6224
4534
231
492
11034
1409
7816
2902
7392
9522
7038
4099
4653
11651
9977
3518
7883
10281
2322
11403
4072
3602
8254
3517
4435
7299
11929
5756
6322
7842
9240
9094
3374
299
424
5830
6907
10116
11049
11660
6225
4176
7934
4721
3589
4641
5282
1835
8132
696
3004
752
1476
6772
5682
10709
844
11454
4656
3324
3104
7196
11793
291
10071
8163
11038
7243
5833
4064
3348
2006
4192
10203
4622
11393
305
9402
719
10109
2763
2980
11481
9379
5357
5300
1657
11
7153
8904
1051
10923
11307
3512
4710
11892
2470
5702
4638
3207
5455
5003
11220
6830
1912
7128
10649
2601
2325
2951
6417
4424
6683
100
6839
8140
437
10601
7069
8212
10729
1518
10136
10420
6219
5342
6122
1855
11637
3115
4984
7976
2789
5438
8824
3669
11735
9965
9711
1821
10708
7896
5878
3648
3134
9951
8854
8849
10710
9284
3621
1488
11263
3202
4686
9134
10008
11495
7325
10338
8657
8251
2645
10022
2826
1448
9092
10344
7066
5039
4166
3585
10468
1668
12359
7879
2717
11329
4955
9291
212
9477
2795
8672
8211
2732
2597
3468
10044
1808
9494
5201
7202
11608
9121
10715
297
6242
7378
715
10397
1794
5588
2631
461
11552
5066
4235
5761
10214
7364
7241
10126
6185
8886
4138
9087
2901
2453
10334
10240
9434
5081
8835
1841
4629
6719
2894
11675
399
273
898
6378
3133
10187
3659
6740
2469
1663
5716
10285
2466
9484
8723
6882
2820
10305
5558
8550
9922
180
9466
1929
4654
3627
3347
7602
8199
11048
1801
2747
7626
5723
5893
9367
11887
8685
117
5177
8666
2815
7559
5404
3416
9400
12322
10300
744
5794
9404
10674
10500
6872
2854
879
6737
3554
3494
7631
4528
10488
3332
10614
2465
3187
3823
10548
2740
8724
11713
706
11886
10441
8606
7080
5528
3506
6828
9837
7574
10310
8816
487
5037
4573
5284
12356
11389
5324
397
9856
2282
803
9426
2632
10301
6708
8748
6887
10612
7847
5386
153
9512
9836
8144
7641
9301
10086
8866
10298
6756
8694
302
7398
9893
1785
8039
8665
3166
7568
7282
10563
9561
8641
10111
5797
754
784
2762
9725
3345
635
11379
7597
7136
5145
10988
11709
10704
5080
2714
10481
3562
9101
1819
8208
8008
5399
421
1879
10916
46
5108
11838
70
10703
9346
7170
11729
8178
9137
4546
10758
10903
824
10418
667
5913
2319
2025
10204
8734
2275
5132
7835
989
10587
3040
10510
9899
10756
11492
4618
10069
11895
235
3446
1464
6656
10956
7821
2321
10536
5233
10717
81
3350
4749
8194
1509
2952
760
4655
5243
5111
2609
3346
5840
11764
5091
2293
11831
9377
11739
5293
5290
5835
1689
4999
2892
5784
7163
2264
525
10698
4748
10350
10642
2805
10360
11402
4193
3284
5058
3132
2797
6170
60
5554
5877
5093
7239
9388
2903
497
11910
5912
10560
16
1482
2473
2285
11561
8825
4103
10735
7188
11459
6355
3175
7222
4069
10908
6780
2257
3338
10716
11490
10528
8588
7889
7968
3617
4743
2317
6139
3103
7342
10247
5171
904
10463
6105
5129
9499
2781
5326
9413
7352
11042
8566
10964
10971
2009
8673
7901
2858
1791
3622
7359
203
3359
8747
4707
2964
96
9258
11511
732
724
8041
10434
9374
11737
3556
10
4642
6721
3064
10558
11388
9993
654
11432
8256
11369
2226
4112
10723
1880
2452
10584
703
5023
8843
6192
4996
3270
6137
11297
11598
6781
8197
11689
11665
11628
6800
6115
3842
452
851
9464
10626
11256
10387
2247
11208
5480
7098
11558
1431
9578
839
3593
5393
7192
8749
8625
8618
1408
4236
6704
2871
9726
10496
2312
880
1654
7144
6789
12337
8218
10220
3230
9276
6131
3834
3632
6880
286
10499
3544
2018
10312
6906
483
8261
8038
12338
9712
9316
857
5425
1800
3656
400
11851
5842
11237
5872
9139
7330
4692
10422
5512
5494
8679
485
11687
10948
4137
7295
4543
11830
11708
1067
4736
5367
9480
1503
5747
11304
6697
10898
11310
7266
4246
12363
5812
5763
4957
2300
8232
11937
4953
491
9536
556
1909
10521
9128
11257
2834
8540
10442
3267
1803
6703
11896
7280
892
11339
624
10456
11375
7824
3871
11703
11331
5128
2307
2316
6933
2220
8040
4162
8642
3384
4090
9564
10637
5905
5144
5593
5292
10660
11853
9425
763
10965
7059
10722
3242
6150
10295
11294
11898
9335
1824
5174
8190
10635
9375
650
10543
10645
9281
10304
2662
11274
11260
9361
8528
3032
9892
10920
7637
8730
3601
5517
9553
7874
10414
9113
1424
10745
10421
905
3646
8243
6381
10727
11794
7145
11460
5381
4959
4544
3640
4598
9390
3037
3816
7895
2634
3471
10559
9421
2004
9988
9395
710
4208
6415
912
10196
8217
2968
9479
8247
404
9140
9531
6879
3836
3196
9591
5817
4626
11602
9257
7811
3651
68
11253
147
12362
6226
6160
8221
664
10517
3172
1463
2954
6838
2898
1440
3084
1502
4965
6351
5476
3096
3319
8846
84
7944
552
747
10119
7936
3533
6845
427
6855
7143
10616
10377
5286
11430
12334
10121
9224
494
2455
10382
11411
2979
9702
10970
1606
6679
10013
9458
5049
8670
7848
849
11795
6218
7097
9441
10292
5819
11228
6201
1854
10152
11840
11032
3050
4595
3062
11332
10497
11320
18
6693
5772
3251
2698
9243
4624
9446
7124
2750
230
47
5522
4554
227
6414
129
7297
7156
4083
6875
9345
8225
3200
3038
2358
8179
10135
9700
1815
10058
6881
1930
9955
4500
2298
11336
10967
3213
5507
10680
2801
5556
9501
3465
2811
11236
8682
5205
9548
9829
1042
11533
11593
9997
4696
11345
7067
10318
5739
6725
8157
3567
8885
10629
2234
3464
5715
7045
7587
8158
4770
2713
11760
3206
10049
9343
7390
10014
1021
5247
7070
11594
3568
5841
3829
1901
5824
1999
9827
10597
11613
3865
726
3633
718
5298
11280
671
3285
828
10248
11920
8133
5882
5101
11835
11841
10035
11584
5704
8901
10234
9865
7965
893
5063
3429
1878
884
991
6792
8726
8223
2845
2749
6143
9435
86
9546
11428
5489
10611
9898
5396
7267
10267
8710
10989
208
10165
10446
2012
5765
3878
9322
240
10242
2445
11502
1947
5130
10352
4637
5087
9337
4523
10026
11632
527
2474
5883
11942
5903
7567
2837
6316
9862
10985
627
1034
6205
8010
770
6183
304
10097
9376
5481
6727
8171
5194
10232
2656
2008
6922
11535
3240
466
300
9221
10020
11337
5580
9880
181
3221
172
7660
11008
10934
8876
2878
7116
7990
8662
10430
4673
779
10444
6814
2274
2356
882
5852
1890
10007
11616
11909
8180
10076
842
11655
9979
1055
11656
139
6178
7986
11627
6788
2703
9727
12347
9392
9210
3265
7991
5684
9319
8228
5172
5168
2015
10683
7146
5349
8649
1972
4992
9952
6121
2821
1059
1511
4769
7220
3065
3591
3545
3067
9521
1921
6815
11761
7908
4545
10532
8823
3090
10688
2953
401
3822
10272
679
4995
7102
11532
10358
31
413
1514
3357
454
7396
11521
2436
9715
7911
7387
9380
3288
8136
7305
7365
11395
692
2039
8230
8537
11321
7052
10545
11463
11468
9507
6726
7340
10604
10752
5800
10402
3112
1667
796
3832
9424
3569
676
10177
666
6172
3180
10369
4970
10470
11010
2329
4605
2830
5911
1647
8023
8647
9896
2879
5708
11778
10009
10027
7186
1632
3341
8258
10385
3241
3405
5373
2949
4952
6769
5850
7061
10210
8847
3386
5382
11284
735
7262
2591
1971
5314
7151
2593
748
1444
7048
859
5574
1797
8668
4964
3853
5901
10955
533
10376
10349
10335
41
10080
434
1862
2817
5064
8021
11944
3257
10461
4417
6723
10453
0
9394
7809
7838
4950
2467
3376
3136
8725
6852
5471
1001
7231
3680
11804
8201
6395
6662
5855
3641
8677
8603
1619
9415
4580
433
9721
7972
5746
1411
9309
6835
9545
5400
4750
5796
1429
20
8658
11360
10902
465
5410
3046
6175
1799
215
5366
8683
531
8216
10507
3438
878
3604
2736
6863
6238
697
1406
6666
9857
10317
5235
7647
9409
3634
11000
3263
11025
6144
94
895
5452
2251
8729
6894
648
12353
4662
8897
4547
458
11624
3124
10991
9912
7987
6120
5258
10251
3658
11684
4231
891
9581
4645
4606
3462
10609
4680
7955
3873
11934
9577
5352
11784
9839
7827
2800
7064
9565
7367
4515
10992
10432
7659
8631
5513
290
1845
3478
5072
9135
1688
10628
11765
6114
9902
9931
1998
1826
6770
5791
6682
2446
6888
7993
10238
8808
7636
4648
11696
11335
9987
8031
4195
11605
463
999
4431
8798
10078
6217
4731
8538
4705
9716
9956
3294
833
11523
6818
741
12335
5178
9266
1052
3821
1843
5175
3247
6419
11410
7307
7917
5582
11325
7354
9842
5310
10613
6773
7826
9489
8581
4495
2774
276
9363
8680
1989
11526
11467
9109
5154
3592
11913
1954
7561
1475
4658
10941
542
1058
7606
11903
3121
6771
1907
2306
3411
7999
3456
9122
2276
5441
7294
7090
3053
7111
4076
6375
2344
5036
8183
3498
2969
8806
699
521
750
11767
10184
10426
1886
11349
7046
2700
7227
3343
435
1043
9327
2865
11347
5566
10193
11446
8215
714
3425
7601
9389
5208
8203
3565
7928
6358
8811
2745
11571
7822
5240
5071
5018
6162
810
176
5165
1629
394
6391
95
11039
11809
436
10482
10697
5114
4703
4145
1834
2605
7403
3570
3248
11259
6404
5060
8797
7897
9910
5749
10571
10206
9962
3056
11796
8004
4609
3597
7310
250
7584
6338
5075
5495
1611
11474
6312
4091
5213
2721
5265
7193
2336
5810
98
655
8628
7992
11927
5045
8717
7969
4113
6671
7082
4577
5578
7605
1015
252
8552
9103
10672
4142
5017
5319
5210
478
4980
11515
5197
10354
234
9148
4486
11469
11833
6182
9475
8701
677
1412
2007
9419
1437
5374
10030
10197
10980
8148
4194
8661
5280
4062
9213
9296
3216
5120
8719
10213
10048
9292
1466
11265
716
2842
2323
2652
142
11534
1460
7347
3430
7057
5085
3665
279
1633
11288
8709
10320
8834
9831
3436
11806
3179
430
3546
10569
5914
3866
8671
7557
11865
3490
6407
10380
5443
9373
2794
8529
2889
6801
7939
3369
4232
6168
5217
6900
4132
10998
9302
7073
3057
5678
3334
5176
10277
11638
1827
10681
11409
7214
6660
9393
7043
5461
5218
1481
7326
9706
5383
247
5798
2041
2704
4639
11585
9554
11856
5354
11424
9147
4758
3855
5837
11916
903
11544
3167
10329
10233
4487
409
4702
8196
5546
992
9235
9357
2595
4621
2233
9691
4623
10530
4585
6917
5511
7074
9321
6850
805
3183
681
11768
8850
3157
1851
4679
5019
2731
7638
10099
303
7249
9532
12358
11262
529
11825
502
10608
8607
6798
7836
8833
9593
10519
6163
9450
10744
5013
10598
3082
6709
544
3164
4212
6897
553
11731
9858
2780
3427
2010
6659
9136
1019
8883
2760
5436
4745
8544
9852
3655
850
4156
4960
9540
10225
3543
182
7207
1664
5359
6236
8181
157
12339
6371
5029
11445
5098
8025
3606
5021
11015
3181
6926
7912
7846
11529
2981
11211
11702
2621
6813
6841
7344
1820
8185
9533
5328
1895
5813
10011
2456
428
6420
10592
3327
918
12354
9972
36
10492
11626
11333
10755
194
6805
7635
2663
1670
2803
3424
1441
7571
6677
547
7264
6368
10724
10707
2959
12
9968
8184
1491
1643
6376
124
4617
3578
5255
5786
7603
281
6385
1833
11509
7361
11023
5369
2468
11283
8244
4530
10257
7871
5052
7885
407
8530
5685
1963
6791
2224
5699
9907
662
526
3218
11943
6331
3421
871
116
10052
2443
2241
10972
6701
3305
5563
7829
4663
4711
5377
5401
500
5492
6169
2308
6797
2648
5499
3611
2615
4541
4183
1934
6732
9112
11300
7832
5125
5886
493
5054
9894
11721
4759
4725
7407
9130
3258
6214
823
9923
2965
2785
2989
818
11914
3243
6413
10235
11405
7941
10056
3547
4203
3819
3524
104
2354
708
2457
3087
2882
4210
11876
3119
8
1849
10462
2862
6119
10307
3863
7650
9846
10572
4146
7300
789
3003
7960
1960
7
8648
8635
2880
1867
7211
10515
10411
5429
10544
5096
1443
10455
8142
7285
10269
222
10328
254
10004
646
7922
5163
8236
4985
3505
8674
7210
5088
76
5908
133
6748
11285
10549
9574
298
455
4773
5575
5426
2332
11261
3679
505
790
10357
5360
56
8619
2735
10539
74
1047
9587
7379
7206
12323
11414
1056
3437
2441
7287
7263
11486
11527
11299
4082
5583
10631
5531
9558
6392
6785
6384
673
4446
244
10198
7850
8226
7363
10393
11932
768
7648
10092
184
10513
11839
4962
4493
773
6681
7622
37
9967
7615
3308
9405
10033
11017
2024
6223
3551
4104
10931
11722
4986
3522
1486
5807
6784
2215
6694
5549
11484
2646
1969
5721
11427
1680
10239
