26
753
706
848
111
70
276
93
485
180
238
376
55
351
686
86
896
321
811
99
494
219
484
722
779
263
139
901
159
332
22
935
898
318
527
274
542
757
284
867
890
733
384
209
273
39
9
416
906
875
481
690
691
275
563
115
834
49
612
888
892
545
4
18
758
792
762
229
754
90
451
401
301
350
788
859
860
434
392
747
751
13
423
76
2
431
778
277
621
447
45
361
856
257
817
190
314
398
517
98
490
347
77
16
939
195
58
511
567
11
126
822
908
819
713
246
6
44
870
552
932
379
734
568
462
818
498
269
217
145
501
150
724
283
443
876
46
783
27
448
727
808
731
538
507
489
15
882
478
588
264
633
327
711
635
795
102
699
230
306
218
208
810
889
502
294
928
221
215
62
135
843
560
558
388
553
324
19
338
529
761
304
433
24
59
367
109
287
458
419
445
381
193
79
903
600
31
346
425
83
712
564
587
85
592
648
487
705
572
359
118
200
364
602
709
537
199
749
746
158
168
477
424
674
248
601
28
663
605
198
698
428
131
629
349
161
454
21
555
285
202
814
114
108
523
116
156
1
149
245
495
313
60
393
759
625
668
680
370
54
42
780
861
786
450
103
650
474
414
243
919
670
259
559
678
540
316
72
406
634
742
632
726
368
863
352
374
793
732
687
519
251
216
330
721
926
496
797
526
736
829
773
880
167
104
744
88
702
326
492
160
655
897
253
404
673
694
191
412
714
405
40
255
841
872
918
574
776
845
622
868
52
233
261
267
907
631
358
295
566
909
750
96
583
271
23
639
291
922
665
530
921
97
34
916
415
516
575
707
472
453
366
396
480
356
132
307
643
385
334
442
211
232
775
644
101
175
659
341
681
71
309
752
737
373
286
179
594
348
323
823
531
628
303
899
223
748
671
937
92
606
94
205
852
595
598
837
765
408
493
279
171
924
242
728
857
244
717
855
141
236
604
74
546
735
798
914
904
486
325
32
305
311
521
302
249
569
134
64
124
923
403
611
0
290
787
173
774
106
213
840
212
260
142
839
235
891
623
664
136
153
67
913
831
113
340
851
548
105
197
468
816
377
581
586
720
830
400
148
282
755
155
539
206
593
57
549
483
35
846
297
280
362
378
183
429
308
61
509
256
883
432
53
144
262
344
541
813
123
887
610
884
163
871
886
247
763
207
847
312
929
25
345
638
791
582
210
278
679
5
440
589
770
693
387
534
292
122
75
933
649
68
782
185
666
188
196
849
915
224
688
618
310
170
137
653
129
512
110
399
441
683
12
768
825
120
322
465
194
799
143
620
854
689
363
551
38
803
627
29
641
925
826
557
112
764
174
8
147
739
464
234
743
7
409
422
832
766
652
84
800
471
533
615
151
745
164
133
417
518
36
796
515
772
910
182
510
503
250
418
272
254
201
785
459
166
397
869
879
357
525
329
505
402
784
48
697
20
842
513
296
599
905
911
456
640
864
241
214
181
685
177
91
138
692
41
561
827
902
73
172
360
637
590
337
204
95
703
767
78
657
815
231
335
603
844
528
169
497
439
457
931
43
607
895
591
893
656
700
667
266
66
614
500
630
801
281
470
87
65
288
436
491
289
885
738
936
723
154
874
420
82
33
920
809
63
270
176
704
520
128
473
371
715
482
760
695
421
407
178
853
756
293
299
701
562
265
806
730
383
790
544
320
89
617
438
824
81
662
584
636
499
