11934
10101
8814
13851
8016
9135
6292
570
7088
29
8990
4940
12835
324
2751
6049
9592
8846
11596
13665
8255
5982
2433
7930
7440
4873
8086
3971
3921
11866
5301
12392
6013
6954
11255
11158
3862
6508
5543
6678
12979
5624
8343
1558
5613
2971
2636
520
9632
3683
4820
560
3235
8619
11000
4029
2717
8775
5969
12380
2444
7325
13607
7952
763
2064
1563
10986
6059
11267
12538
5947
11738
7632
8090
11312
12422
12938
3552
3925
4542
8476
4760
3006
7609
1383
4454
1098
13102
10083
11968
564
233
8467
6713
5948
12170
4674
13021
7385
7594
9963
3770
12776
2890
10832
1182
13850
5134
11849
5370
6872
8224
3191
5010
13204
4300
8210
1763
9313
2279
256
11633
720
7035
10016
2907
12527
10201
12294
12818
7099
6317
3112
13724
9771
1670
10243
8734
8007
1063
10432
2874
7864
5043
11480
7326
4178
7375
13542
11946
6512
1649
9393
13097
9547
6614
8526
6323
4410
4881
10150
10746
13769
1688
4011
6223
13592
5030
1508
2447
10805
13403
4868
6462
12063
7889
10854
11737
9439
13381
10664
5680
2786
9946
224
13825
3569
4773
355
8533
11150
3231
6297
8918
6663
4850
2680
9363
8720
1685
11778
13424
724
13483
9112
4245
1378
2352
2694
6699
1794
8383
12133
2799
2876
161
9600
6956
12946
4069
4037
8282
6741
11615
223
1114
9247
5127
13035
13422
7244
106
12655
6209
3141
952
1820
580
2722
244
8092
6781
6894
9139
6172
11673
12002
2427
7229
6079
8198
3473
1902
13266
3404
5388
3348
2634
9712
10484
7709
5538
7514
4402
7595
10652
7178
13219
561
11427
12190
3130
11971
9461
3930
3812
6736
6404
13770
6345
8875
1940
13130
4171
5013
13283
472
9202
9702
1438
7133
13084
13137
3755
7544
410
9984
9853
11325
5198
88
12843
6148
10085
1556
970
1469
7596
4902
9899
4928
12865
662
726
8426
1648
6636
7772
8252
6087
93
821
96
6282
13803
1404
1033
3389
10676
9839
10508
7904
7177
3200
11729
8753
6646
13033
3255
6613
5643
5078
7336
12882
13272
12919
3378
12862
12430
1080
5226
1998
4267
9872
6356
8002
6847
2577
3470
13215
622
12398
4091
12942
13482
11942
9485
11543
6380
11290
931
7855
5885
869
7891
123
10561
5835
2420
2623
7661
6454
7068
3794
3423
5707
10214
9710
4952
94
4224
13155
1982
9476
3689
1096
12034
4508
5953
10632
6963
2324
12811
678
4686
2512
11041
5789
207
7288
13846
8633
4347
7192
6396
322
1737
1810
10172
12277
7500
13471
10178
4823
6730
10907
8860
8060
5779
7011
12384
13449
4617
9470
2827
4852
9991
4745
7953
2741
2251
9893
277
3420
8471
11619
9800
10640
1346
8051
9041
5404
9902
7961
5754
8391
10089
7704
7868
6337
11824
7087
12982
5670
1793
13295
2464
8989
3702
3331
10667
6505
9259
11557
8582
6274
13662
1863
26
4659
601
3621
11331
1212
10684
6549
4423
9695
10066
13127
9956
382
4931
9888
13259
7780
7739
10933
2402
8769
3438
11999
9968
8664
5784
12472
10301
8056
2361
12137
9440
10794
10015
11521
11576
3623
10945
6654
4715
8996
1363
9388
6324
2145
13595
5221
3055
7761
384
9713
2344
11029
6536
3162
12385
2214
5504
532
1550
3782
2173
12815
8687
6520
6240
7551
6862
12280
11154
366
4144
4016
3215
7874
4660
6914
10072
7372
8028
2473
3674
13235
6819
13656
5143
4978
10284
4021
5454
6876
1511
8832
4553
60
13367
3647
9799
12795
2078
8732
569
12524
4559
11887
7210
658
3019
639
2706
6167
5692
7914
10380
12012
10323
5932
6708
13506
9229
11976
12049
7806
4017
8390
4125
8243
11259
6091
9286
10580
9336
6050
7308
13117
8773
7593
3249
5815
1692
9697
3653
11554
535
3372
8424
10159
3756
10590
11962
2945
10090
7338
12303
7728
8791
8613
9271
10579
1856
8601
5659
1593
11707
12205
8865
7835
5689
6260
2501
13119
9717
2321
7846
9133
8082
103
10449
8867
8306
10748
3345
13735
1194
1358
9528
13328
2746
4730
2866
1774
3417
4452
2921
4668
10634
11662
10480
7714
9981
4076
1569
2899
1394
2591
2754
739
6998
10436
13140
13132
5162
12
7392
11502
11888
12201
335
12869
3375
10182
1523
1879
3182
13154
10057
4712
7533
1987
313
3179
12445
850
8088
3640
9588
7265
10673
8230
6504
12501
9387
10406
6000
466
4706
7763
802
1943
11146
10563
6777
982
8314
6270
11121
6476
6211
1417
13262
991
4661
13192
10310
9788
9379
5064
7690
11464
13187
13128
1892
8106
3143
5475
8139
3905
10386
12597
1736
13720
10710
5339
9003
3411
715
8326
4980
5386
11636
11350
8171
7421
12361
10739
1116
1159
1906
380
3095
4050
4449
6250
4948
36
7388
6381
4784
9807
13708
3124
4561
336
13116
10774
13341
327
11810
2071
12768
3867
6266
10534
7686
3985
13557
3079
5929
12414
13743
10325
12431
8901
5828
13411
9065
145
5973
12381
10564
4502
11970
3908
8976
8299
11845
3876
11975
7003
9908
3963
57
1132
4242
13104
10835
938
11204
10523
10734
3173
3915
2193
7847
11957
5117
3923
108
11058
4544
4274
6694
7272
3628
2830
7216
2270
13455
7578
4543
1572
6592
5900
5812
5921
5985
8844
12918
10115
4774
8319
13207
5423
5952
4787
11679
6662
5212
10185
6382
10305
12359
6503
4192
1528
4624
10234
5365
6361
7218
9432
4942
6472
5390
2328
11883
12556
10499
6649
13515
3950
13031
7626
13018
12315
691
2126
8783
7945
2698
3481
6625
4405
6692
4196
9660
405
4132
9749
12857
3672
13843
13620
6591
7032
12285
8079
941
3207
4926
3772
7571
252
7483
10736
3385
9466
934
9622
2583
8721
8310
2003
2901
4728
9977
10828
8858
9081
8246
10627
4297
9226
13856
7721
5993
10680
7880
12613
4257
2779
3150
9354
6166
12232
7553
3759
7974
9543
6239
13436
13538
7380
2130
2659
6800
390
11991
1671
2915
8669
9676
2049
3203
738
6573
8843
1241
433
5075
12032
3680
8932
6837
922
5686
1948
3015
5332
1039
4043
9976
1177
3514
12904
12026
298
5130
4373
5698
6638
2269
72
2670
1899
3172
12654
209
11155
5956
6304
6920
9401
218
1935
6790
5821
7492
1263
11832
7315
8717
11383
10760
3849
9831
63
71
9631
6839
5859
8795
11955
6917
2456
6808
9236
5555
10782
11493
12505
12025
3730
8552
13822
5838
454
8789
11366
12793
4532
8275
4342
284
7230
11202
3098
3798
10550
4925
1270
9813
9896
11201
12004
9602
5945
4648
5548
5398
9942
4576
6667
9877
6701
8974
10500
12089
12394
10013
11074
7641
4876
9131
4101
7377
11070
2185
12676
1878
5360
9080
3169
9822
8406
4316
8371
2172
4333
2201
2063
11516
1036
3661
4319
12981
8234
10726
5468
5646
6276
2103
3347
11909
3153
12038
4530
7935
2025
6576
2092
3125
5713
6481
5706
12474
11958
6417
4235
11796
8927
3964
12783
1206
10250
928
2998
8970
3437
9580
10960
1059
13849
13034
12084
4312
1544
554
7303
9159
668
1877
590
1121
12563
4325
131
676
10906
8488
4478
2657
1026
11441
6836
7172
11802
6664
8342
13741
444
7197
10729
584
8207
2117
5755
3664
992
4422
10211
2718
13029
10548
773
3405
3020
293
2963
10511
1489
4057
810
9208
8120
238
7697
12290
7324
2015
4482
7327
8965
11867
11917
4239
3845
7139
122
3145
9926
13275
5561
2217
12062
9274
5266
8041
5544
12820
4305
11668
9931
12387
10923
1223
5907
4150
10302
9827
10708
7510
858
12265
9449
13572
9167
10342
13039
1260
4671
13587
8516
11421
2476
7829
9708
7629
1097
7601
10606
10997
12673
10750
6407
1175
6577
4122
3351
4807
6300
1126
7056
8802
9790
8826
5283
672
3355
5892
4005
11352
5797
6776
2871
1000
372
10715
4666
9284
1744
7534
3392
5108
11477
7423
2516
2241
7541
10735
196
5805
4907
7109
11852
302
10916
4080
9772
4549
2731
3111
2875
12849
8195
12419
6328
5858
6975
4219
3830
12954
4560
8057
1814
13549
7473
4515
12085
10596
12921
13750
5880
8288
9038
11217
8638
5623
12035
6089
10662
12689
6294
4580
12802
9546
8109
8099
12452
13067
9581
10504
7434
730
9806
3406
13048
12491
8564
6141
10186
10790
7954
12203
11305
13539
11180
11638
11452
13242
8556
11886
4124
3584
2981
12557
13121
4441
3931
13100
13840
11594
2039
6588
3566
4236
2879
7504
152
11284
2953
583
5011
12579
13323
3788
451
4000
3754
12188
13190
11937
11492
8672
12972
3726
11666
10155
10526
8335
11578
3994
9124
4878
11171
1799
3496
10153
13807
5957
9301
11288
1958
11990
1791
13691
4179
9451
8606
6277
13281
8496
10717
11672
13058
1905
3502
4340
1527
8340
8217
7323
6751
13078
592
8841
8762
11872
4413
10349
6470
9834
415
9947
12446
5057
4606
12892
1381
4
6446
2604
8912
9570
92
1831
712
10462
6477
4912
6705
12233
1956
1269
137
9685
3817
7366
655
698
13734
11869
11547
4420
7475
9964
11715
5138
1421
13421
12037
13574
8388
5243
6230
10799
9678
11254
10651
10084
9148
6421
9754
2672
12969
3684
6435
3239
5106
11545
2195
9255
12328
10167
1868
3185
4759
2684
3088
1017
2529
7896
2073
7296
9227
5524
10955
1964
5054
2180
12874
1608
2287
8436
5672
9323
1391
9699
7441
8249
5513
10262
5655
6193
10229
5001
1046
3080
5400
4836
7094
4364
9935
7329
11868
2065
6252
8560
9522
6439
6334
8982
1599
2933
4675
11549
8004
3732
9248
2668
1674
3553
7826
5190
9639
10086
494
3594
12219
9075
3330
5764
11335
889
825
680
10763
1636
7237
9426
12645
3658
10747
9191
2671
13685
11528
10379
12198
3631
9666
1197
7025
4833
8955
7379
8922
9218
6020
5505
12785
11637
10361
9292
1442
12334
945
8629
1719
13767
1311
344
7034
5434
8078
11510
10070
5323
3909
13074
11345
6456
6855
11168
8723
12586
7907
5528
5248
11857
483
11935
4720
7694
5878
993
3757
4733
5864
8599
2442
11595
10171
3949
3365
2457
11665
9535
2733
3099
4401
4084
11444
10984
11314
3083
4265
4350
1327
5470
5410
2685
1056
2944
5042
9894
1850
10414
13848
9222
3333
6159
11783
5941
10218
10027
7811
5413
6818
6522
8815
9078
3245
4200
2855
5847
12602
9484
6989
13452
10439
3611
5172
6533
9739
6720
2319
4679
6214
6852
2275
5319
12310
13661
8147
1801
2485
7877
8370
536
13336
6791
13415
13615
3084
924
4935
3138
7030
2507
2343
12548
13301
11961
10527
9586
5432
1136
9954
851
9486
12509
2178
4934
7664
9638
5472
11394
5946
6668
10163
1938
1110
4974
7073
10136
5445
13571
12015
9288
3958
9234
2917
4546
11320
756
3204
10737
665
8835
4914
13391
11586
10520
7341
8153
13180
323
5338
8710
9891
3753
8812
11327
609
9617
7198
1138
1631
13636
7313
7511
10474
6444
12434
2454
9147
12324
2
847
660
12993
7370
7699
8503
2310
7599
6783
13317
140
4465
251
5681
13182
9841
8741
2089
4791
477
8538
4801
3707
8169
5286
9132
6747
3646
3988
9010
3961
5495
5586
1904
3240
11655
5460
2267
4115
9848
11640
13646
872
5882
4116
12186
11104
7998
12044
8727
3786
13407
41
632
1493
9016
227
5778
3034
13355
7822
11748
9835
11156
12895
5403
6861
13524
3903
732
6658
1686
2895
1721
2829
4767
12690
1291
7610
8567
6450
1542
6575
9504
10863
12840
4685
6913
5529
3861
13709
1503
13805
8943
476
9103
3456
4765
3765
10362
33
8785
2262
9655
1571
4598
4484
4581
6972
6163
595
689
2141
13465
305
456
623
11282
3089
3237
13457
1092
1991
1955
5819
5701
1293
1988
220
8700
8534
10390
6316
12492
9459
8382
4280
11357
7515
12718
4841
9938
1455
3303
9037
13666
9663
5811
12741
10685
7033
2190
5802
4059
1946
8387
4523
3051
11553
7447
4895
1778
4225
7995
12697
4250
1606
6583
7076
3339
3244
9574
1044
7081
11370
12978
4697
4361
13335
10207
3644
11184
1452
5887
7942
9804
10829
11451
7834
8303
856
11945
11404
10232
6219
9513
13618
2739
13477
2539
6961
9237
1308
3670
6973
6937
6809
6395
975
4969
9394
10475
4247
11367
12061
2297
9049
3935
10983
3681
7687
1600
6672
5915
3550
12755
10913
11245
4863
7997
10106
9859
8632
11756
4348
13417
12295
12747
5587
7941
9052
8714
11998
867
416
3009
10020
12562
8003
7439
1406
3120
1168
6269
12746
9471
9333
10535
9565
11760
13375
12204
8954
4374
10502
1495
6025
13027
13847
3890
7879
5478
13495
12429
5371
2196
6443
686
353
272
8621
13294
10732
8398
263
8830
13426
13032
2029
6957
9101
8114
3523
10473
11178
10377
11966
4506
11166
13316
10121
9242
2860
1555
12021
1908
3943
13816
1842
3174
7808
11143
121
10453
3485
8108
2649
6544
3938
13077
4740
12520
1507
2110
12234
12734
6935
13068
11270
13396
5994
13497
8747
8980
8853
5233
2555
6271
1564
2624
7676
12438
5547
6566
9153
708
13087
7383
5094
2737
839
768
7160
1541
10217
11373
9252
3039
11613
9606
6993
5416
5856
4700
2113
1338
10758
10757
3499
13303
6515
5743
6232
13732
562
6718
12313
13408
10369
4904
12240
11062
13363
12531
3829
1566
2785
2012
10809
8934
11950
10483
6944
4749
3282
2689
6303
13184
968
7459
5292
12577
4248
5222
9377
7347
11050
8283
725
11514
12912
12091
3298
267
3211
8715
6387
1834
294
12475
7297
9031
6965
9013
4944
13218
13747
4962
3791
54
3735
6782
10317
6108
9029
2305
3354
8713
1985
13581
1326
8129
7668
6775
9615
11309
7391
11570
10654
10410
12212
8145
1225
7992
5302
8166
4152
6346
1832
8233
4042
12731
12564
5722
12463
13641
2764
4142
11189
8066
102
8917
8577
799
3049
1209
379
2204
2768
753
5051
1413
1641
7222
8685
8023
8357
868
6142
9509
1
5205
7055
4243
2538
5324
225
7585
1437
12703
12724
12574
8024
1821
13783
10806
3665
7282
12373
303
1829
12813
447
6342
6295
3874
6409
10289
9187
13501
4304
7268
6881
11878
4870
11993
79
12738
13315
10281
5202
7857
3691
11114
8506
2326
10127
1397
9435
7497
913
8107
10706
10533
6006
9914
538
4927
8952
2808
6674
8
9225
3528
5071
7052
1894
5967
2984
8518
400
7956
10322
68
3945
5382
6485
144
2414
8256
4714
5144
352
9396
8486
8771
12399
8009
11706
1732
5367
2443
1160
8585
4365
8044
6738
3795
4517
9982
4894
950
205
1874
2131
13858
286
4208
3194
10120
9
8596
12424
4477
7561
5857
11741
1027
7860
3304
7400
5273
11234
10934
8101
7350
9325
7039
5279
11442
3447
8187
10761
6061
9066
6330
9814
12558
439
7215
575
11585
349
1250
4418
1265
339
4831
8497
6676
1087
2096
3243
6979
9705
2211
107
5200
5767
4866
8591
8453
8269
4399
4696
2394
10615
11238
12344
7615
4289
10775
3360
1809
11182
42
3409
3537
13000
13053
2234
13337
3715
4180
6063
9789
8921
12064
10860
1635
5364
6538
9851
6069
28
13752
110
9000
2595
4252
11843
3580
3253
9490
13331
10730
2482
12646
12333
8394
3518
12319
8376
9053
7633
13093
2692
2252
7589
467
10649
5848
11564
6445
156
3587
1849
1075
5440
9412
5897
1174
3929
3322
10098
11286
13342
12916
6977
4231
616
2865
7072
5909
9594
5842
13194
7304
11386
6157
5628
9959
24
8410
6905
1016
7260
7293
852
4789
12421
12569
11183
1458
13569
4419
13359
12511
11165
381
12575
11890
7554
2835
3439
13307
7873
1190
12051
7573
6764
9425
11601
8468
9930
4583
7577
7831
9650
7613
2231
2676
7028
9142
5207
4717
2744
10226
5830
9206
1402
8678
8103
12070
3602
7587
5928
7797
4999
7416
1400
8359
9009
10333
7356
13339
3617
11293
13446
6002
9793
11977
2162
12508
4828
12729
7247
12494
4908
7870
6186
8158
6887
7217
12621
6029
3214
1922
650
5213
11584
13094
2977
12043
11035
12306
7051
13716
2314
6732
1071
12965
8641
6224
13161
5502
7262
9335
1352
1718
134
13205
6001
5549
1950
9254
6564
12423
1163
6999
4282
10384
2664
13324
12711
513
12216
13418
5883
3144
2783
4939
10974
3982
6278
11895
8945
9823
10064
7943
2376
8358
10399
8411
3605
11764
13701
11755
10472
13432
10671
7225
841
3177
5387
12041
13450
12799
4788
11071
12642
9130
2540
12108
2761
2635
11048
9784
942
12727
12206
474
11263
3186
9903
11952
7110
5100
12842
3128
9059
1189
4923
8557
7854
4656
798
10300
13475
8597
9997
12510
3403
10245
2923
4040
8225
10031
4882
10981
3899
7374
14
13276
13189
1533
1224
10427
10221
10951
8222
12092
8919
4537
4111
6693
915
2645
5288
545
2330
6832
3894
3217
4476
6413
1716
13108
4886
8116
6928
976
5091
10366
11786
11612
9317
5983
12607
11170
13679
6367
11020
6310
4055
2467
4264
1923
1701
11329
518
4519
13736
13748
9943
6792
5061
1978
792
4518
7041
4339
9240
790
8653
8469
2806
9060
844
469
13786
9391
6821
5268
2046
10886
10836
1862
7134
8345
9110
378
6953
1861
6506
9216
6085
3762
8364
9269
6673
11791
7852
6884
4590
2095
1390
8437
6195
7788
2221
902
1673
11358
2566
13859
6125
9438
10780
4048
7722
1886
6009
7851
4155
2099
6364
6483
11359
7981
12584
3357
8730
11643
13440
11098
8870
3319
12396
5936
9085
1382
784
1008
5330
4865
6900
12251
5028
12506
4139
3021
6233
11307
8025
8933
8164
11287
10716
9972
7301
10029
6175
1403
11507
4622
5167
8888
5919
4230
7345
9024
6129
9533
4077
8081
13838
4645
13395
4081
97
8790
9642
8053
1351
6605
10845
9534
2054
7698
6466
4020
3363
7
7777
4739
12928
7765
5679
13114
842
7604
2576
187
2651
727
2169
2364
10241
178
6308
4385
9618
11376
10992
13016
12291
8509
1595
1827
8658
12176
6434
9182
3400
8031
1603
6939
7409
9410
12417
9021
1415
119
1444
737
12075
11196
5409
4959
9371
3796
10421
10702
5510
2028
11910
11445
13842
12383
7231
755
7061
9048
6244
5574
6833
13037
1342
260
3948
2465
6844
10055
12184
6810
12180
7612
11360
1644
9829
7097
9808
9568
4725
5026
3802
13711
13823
5193
10385
11130
12591
9881
7485
8510
1240
397
5515
7939
13672
9261
12073
3582
10689
11222
4667
8862
6528
9125
8776
10753
3252
8808
13244
7196
11334
9395
6273
7458
13348
4414
11425
13778
10677
10555
6825
12045
13168
7580
11173
5245
159
10843
10589
363
5422
3783
20
7955
7122
4689
3675
1463
9311
7684
3793
10796
5328
11788
13280
12101
10176
13726
9927
12853
10678
6556
1440
11460
11842
5508
6153
11569
996
12715
1137
5285
7340
8073
10291
2238
1376
6400
1321
12779
8338
3309
7546
12973
9661
190
11038
138
711
6911
4906
912
5466
4023
334
8339
10008
9496
13560
468
2331
9769
1677
10681
9670
4107
373
2288
5738
7622
4162
7460
6128
11973
3436
7529
12007
6315
1450
10278
11688
5758
6005
10524
11571
70
2161
13715
9591
10124
10602
8647
1756
6631
1261
7798
8628
9674
8404
13792
9456
12603
12608
5965
4795
5551
9801
8179
12404
2350
824
5975
7018
675
12157
11987
8032
11769
12229
3369
7257
716
10175
5164
8038
13566
11873
9690
1605
6517
3656
10686
10696
10853
2239
5189
3751
4512
7720
6064
1238
6026
5904
6393
566
2174
556
12470
10452
11417
6589
849
7876
168
7712
7422
8331
722
12855
1434
4979
6875
6469
9582
9043
7184
1217
13002
3622
9750
13802
10773
8137
3381
12614
5578
2587
11005
11378
3769
2991
10024
12358
2128
11122
5168
3469
1735
13428
1969
1870
9008
13845
3974
8823
5218
9962
13621
12406
10495
10451
10821
8322
944
10125
9634
5154
13125
8135
13142
11387
4722
7393
8409
1522
7586
11355
3649
8348
1377
13534
12165
3370
13243
8197
9918
4582
13677
1553
3932
7794
12879
12732
7239
1643
1785
12983
7015
645
10381
3419
23
8059
2789
6298
9138
6083
12498
11096
1076
3254
9276
9262
11556
2628
8709
2247
7663
8643
524
8779
10193
2760
5777
12589
2652
13597
5625
8603
1838
5621
9192
7729
2967
875
11983
8385
4159
13136
11689
330
2255
11132
11629
11145
8539
11186
12050
9905
3870
3475
836
3430
9782
13462
1890
11246
4425
5210
13654
12910
11761
8973
3721
3763
4045
189
9603
11572
512
4723
13379
5808
1725
719
803
1722
7419
6124
6619
11766
10403
6497
2936
13233
948
9352
5304
4920
204
2782
2525
3642
9007
6660
9144
12155
8719
4608
13749
7241
9514
6348
1278
3279
10286
1193
6610
7086
5477
12720
13550
11583
13111
13522
5002
2220
9079
7540
5485
12639
3563
1650
12090
7848
5615
12029
7871
9597
6579
5955
596
8447
4036
7568
9362
2711
9473
7424
2927
1645
9627
13586
11716
5501
13387
4986
18
5452
12784
3352
180
10477
164
9746
8728
5165
3871
1633
10956
11654
9087
1004
2387
1505
5872
13516
10613
9055
6113
1594
3978
8951
6116
4996
12880
9817
2800
8811
3521
9404
8554
878
2867
13540
5255
8133
3977
455
9520
12316
8473
12369
12484
3414
13509
11136
781
13423
176
4880
1112
7461
1951
987
1690
1510
7050
10941
8097
2469
8408
8226
5157
10188
2359
6830
8161
5023
2568
10738
7576
11527
6725
229
1972
10497
135
10158
8485
2253
7903
9068
9640
7101
7233
12847
7898
6279
12963
13689
13076
9119
3561
3416
8737
10411
12534
10515
9753
3086
3606
13479
3318
3119
2056
13667
6184
11642
11218
6842
13376
7299
7833
10711
6320
690
2726
12709
6877
4957
8543
7923
9375
6860
1371
5891
6670
12008
1393
1069
1712
3131
4428
8265
10531
1445
5855
3595
1284
2929
1965
2862
6798
6173
1172
13310
7098
4352
354
605
4694
10365
9298
10759
1348
9728
11075
787
9220
12529
12618
3612
4272
13608
6657
877
13790
13388
697
9137
7548
12270
13394
11784
1800
7895
1889
4874
10357
8190
6136
4197
1295
5290
3852
8512
5059
9458
5669
989
7527
7017
2346
109
3630
9744
7195
7399
10720
10975
8167
1357
6120
10911
1135
1408
10597
7838
12345
3493
12787
7910
5741
8956
5742
10263
12845
5362
8807
5135
6912
10288
12552
2062
10022
3146
2912
9245
6048
8733
1883
8840
6189
11787
2216
6031
8944
5639
1340
5375
9358
1129
4019
1795
4600
6615
833
5192
728
9350
11587
12220
3233
13202
7343
236
11659
6628
7754
4775
1932
1222
3383
1350
2541
5424
1752
1704
2772
12980
7174
9773
8702
1591
6627
5740
5702
11003
4459
838
3118
11592
8258
11116
3666
2526
9551
8221
2559
9545
11374
1411
1149
12868
5206
12158
9026
3940
1695
6653
11380
3335
12407
510
5604
2435
13833
12900
9460
203
1015
11333
2011
2143
10605
12408
4070
7542
5968
13488
6343
11906
3206
3877
2445
9113
10817
2044
9238
127
12346
7774
11424
2215
12181
2749
7861
11072
10197
11083
8047
11375
9181
11061
13556
300
6131
11161
2438
1050
567
5521
179
10622
6014
9136
13758
155
771
4015
12949
8181
9056
2809
2545
2883
1426
5593
8308
3842
7933
5949
2108
12628
5817
11674
820
11248
11889
7143
10314
11118
11779
5065
1446
3178
12867
12626
5990
11995
5986
5487
1335
7275
7335
13398
3764
10457
8644
10196
8522
2677
3002
13553
612
1813
11031
1424
12871
2139
9011
7020
11775
5056
8377
4147
3374
11874
13441
933
7014
7026
2708
5794
7431
4738
10187
2151
2696
1276
3103
13490
6802
3660
3532
3276
794
11972
13157
10236
4400
5070
5464
11630
5450
4704
9786
12370
13212
12106
10741
8682
11403
9186
8193
12148
11734
9738
7637
1614
5730
9576
10280
2010
2870
4846
8569
10434
6634
7579
9779
8854
9911
11726
4805
6358
13234
12426
4039
11467
8813
11754
5307
6098
531
11635
10802
7591
215
9970
9253
1213
4922
9696
6101
6259
7717
2643
5890
90
5954
1654
3720
5788
2930
2608
11471
688
10793
4486
7476
8969
643
12526
8006
11111
3510
10487
8743
5204
10707
1287
8570
10877
2293
533
8736
10777
2466
1742
9643
10423
6854
6243
5086
7673
3261
9374
11827
4567
7890
10058
7656
1620
13430
7535
1514
2732
8077
817
11126
6425
6867
266
5341
1216
406
5158
1745
10204
12110
9283
3546
7063
1215
2035
2379
9819
7536
3506
5265
228
2500
3035
4203
2647
1996
3633
11518
13713
10073
3601
5960
5262
495
9436
8574
8481
3160
10999
1188
8777
3544
5123
6934
2481
6749
1584
7183
13634
10797
13536
2369
12121
6183
11489
8803
3571
6858
1656
6795
8696
10304
10228
2478
7271
7708
117
3396
287
2368
3578
5761
4726
6093
7180
5522
150
8451
13010
9488
10142
9688
13730
5768
6177
2978
10599
2654
10181
13617
11924
3875
5801
7789
7559
11893
7433
8566
9871
9250
3831
6642
12956
4053
7071
9572
10287
9774
12415
8752
1678
8910
4609
11395
4194
6962
999
13368
5209
10470
7827
10570
4001
1762
5263
9684
8983
5163
2703
2311
3609
1064
6416
4013
11042
863
5716
1148
5972
1083
12864
11067
12587
7590
11306
7448
9511
9332
3671
13115
2274
13438
9430
9613
4494
2580
12788
10764
13231
5325
132
2223
4232
11650
4627
5661
3873
9776
5770
8045
7932
12581
13239
7858
11508
2375
871
2630
8461
10378
10839
957
3627
3662
2372
1884
12536
9998
5421
4032
1914
9331
5399
4479
7882
9384
4334
7201
7769
919
517
6307
12698
12006
11194
6122
3210
12453
2620
694
1030
8941
6558
2036
13056
2887
11030
10816
2316
13697
3898
3819
10587
1031
3790
7653
11411
6138
5381
6028
3778
8491
9351
5753
9367
11793
795
5009
1248
5895
2273
12903
2022
6535
8793
10646
2421
12651
6386
4163
3096
6433
9429
4066
10968
4843
4892
4670
6415
2203
7969
9088
3453
8176
4589
404
12881
12209
8191
4188
8617
4844
4046
181
6651
8419
910
5173
9825
6372
3701
221
3038
6546
2461
1768
8915
2757
1828
5612
13625
3431
13500
9035
10313
11915
7043
1880
6190
1370
3275
1616
8403
1158
7512
12786
12454
5229
6171
2642
12278
555
6321
3074
10695
7454
4318
765
12146
9735
9027
2032
13811
1062
8827
8211
9322
5111
8615
21
3507
4832
10081
1262
6217
6525
4496
12244
12461
4610
6910
12594
11555
9811
479
603
13052
12889
9605
149
3836
7817
5097
10170
5419
4114
7524
5824
11053
1336
1525
11885
13054
5040
9714
1317
4154
8465
7875
1011
8253
5926
10601
1152
9502
3981
5045
13535
3821
3626
11833
3101
11365
3832
5014
9593
4412
13199
11408
5912
2716
13229
11258
2250
11622
7342
8361
514
8333
10387
1588
13640
9555
12931
3801
11207
13017
12839
5991
3655
6540
8660
10588
647
3259
6318
4981
6918
2707
10242
11423
8645
12160
1014
11392
5774
3615
46
6207
12996
12223
2599
3810
210
4279
1356
8239
12687
4819
3442
8439
8302
10820
1094
8986
4336
2020
7142
2605
8505
4993
3424
6675
4303
589
2621
651
5379
4682
7543
3608
12178
1470
1888
7913
12125
3912
12447
2179
1498
1301
253
10117
13624
11581
6950
10009
1111
12883
9948
9647
9108
709
1353
10940
7067
527
1710
3519
3395
3855
10156
496
9373
1490
6840
9561
2603
10137
6156
1061
5240
12777
641
10967
10209
10037
1448
12031
13601
8375
5326
11303
10347
2452
7678
6411
4382
4634
1464
5060
1171
3059
846
10822
6526
10819
5008
9767
1477
85
341
7153
6024
7084
9620
8140
11252
9349
10275
5729
3854
11431
13344
5611
8351
9355
3163
2101
4451
4381
11963
9923
3901
13688
4989
9745
375
4663
6182
2822
885
9974
2001
6227
10412
4455
2322
11344
553
5003
7478
13814
9127
2913
11694
2794
5073
9452
3711
7732
4698
1052
10861
10337
9407
10953
10778
9787
2286
5025
920
2259
1141
1843
2881
5352
5766
12615
1819
11540
13144
1545
13005
12560
606
11496
3451
3041
12792
9114
3979
11522
12897
6604
8695
11260
11356
5552
13780
10666
3919
12960
5333
1567
4872
4424
11147
9849
7791
430
8654
13041
3288
0
10299
3500
11739
11747
13224
10265
3334
11819
10216
1161
8430
5588
281
13406
8162
5896
12992
5447
11928
11499
1760
5334
8821
8688
1057
9282
6926
12473
9431
3962
6745
13765
2290
5846
4632
9867
9492
9757
10034
5439
2937
12182
7274
6752
10620
8143
4463
4010
11798
13410
4357
11649
6332
3082
2687
6991
8576
769
2075
11241
1562
11174
6656
3620
4579
11599
4343
488
9244
7228
9895
12611
1586
12926
13075
2205
9442
667
12115
2607
6870
11448
1917
11107
4464
4120
7966
7745
3619
614
1325
10429
2618
13338
9239
4612
10047
13519
13738
5041
5257
6410
5377
591
9924
6886
1271
4276
12984
5055
2295
6369
1419
11152
7290
1815
2596
525
16
12576
11927
793
3954
1362
5563
13159
1123
11593
4917
10897
9341
10135
7878
2885
13004
11280
6635
3256
10549
11670
507
1749
1900
2165
4118
1202
2845
5570
13694
8480
4748
6797
5184
11719
3827
12235
615
11226
6596
6144
8347
8168
12274
13623
7123
2721
4105
3667
7471
13071
6794
1169
11525
1272
2665
9865
10012
3123
12292
5411
2747
6480
13138
4198
6834
13459
6784
10990
9099
8997
4234
3134
10272
5254
5295
6766
1457
333
2313
7649
500
9601
1085
4306
9356
4215
8407
8493
7801
2581
2592
1316
8379
10560
5340
4490
3394
6333
4165
10939
13834
13309
10694
8962
10374
12047
3886
2791
11940
1124
11720
5318
9464
6624
2531
9979
6478
2160
9929
6038
11434
8048
13570
4392
10585
6359
13579
11511
8958
6003
9177
4641
5583
11112
3377
9571
5690
5357
8072
10959
12457
6511
4825
7389
9837
6760
12923
5348
579
9653
10318
8758
11279
4554
1812
3092
8635
11865
11698
3441
8883
4240
8550
4034
7862
11913
5417
9949
8463
198
7255
5944
3717
8519
11552
11216
3800
3483
13819
1857
3290
8043
1299
6174
9885
3415
3248
7443
11175
1280
13124
6461
7588
12924
4176
8549
10199
2542
8154
13480
8712
10493
12237
5220
12761
3384
10765
11261
9933
10
2920
12617
5141
2307
9002
8380
8432
12566
306
8070
6698
3477
3155
5694
12323
9257
6479
5197
2695
12217
2688
5047
946
4026
8071
3579
321
5016
4619
1060
2598
11664
3808
11443
12191
11139
2009
6200
6980
7820
9619
11478
5300
3412
3650
7351
4755
2086
5757
7357
13532
50
10674
3879
9560
3937
3885
6150
597
7825
11068
8947
11228
3501
4100
13799
4431
13704
777
4041
1398
8259
8847
11199
1208
7194
11372
12130
3152
12076
4623
10558
9559
11028
811
10152
7881
11544
8472
1875
128
8651
12682
12227
10283
8324
8589
4983
11105
2222
3775
3835
3853
9224
1078
1968
8681
1372
9680
13420
2565
5359
5923
620
1207
3012
5126
5747
13447
6620
10261
11851
315
7781
12468
7741
5232
12309
409
11123
905
13223
843
11631
9939
3928
470
1475
6442
3993
1934
4204
5344
10113
8205
1720
6851
5836
6036
2057
5682
10026
5012
506
5637
412
1898
226
10824
7950
6680
1154
12995
11710
2980
11799
5786
9270
13830
1817
12489
4366
5224
5369
10918
2852
736
8755
3003
7252
7317
11294
10408
4320
4322
4474
10105
6537
8782
8247
7045
450
10883
13151
9314
2357
11759
13804
6804
11247
3100
11628
4839
3814
5635
413
11682
11897
12202
1367
3221
5545
13841
9365
8561
9860
12340
12555
8889
9764
701
7060
5839
7236
13265
8749
1598
5289
7503
9526
12129
5837
10838
9987
4565
12684
4160
6197
11401
6378
6281
347
13185
681
5541
10584
8742
9445
10011
4237
6901
8341
7112
693
10648
5116
3180
13325
3060
7488
3188
1179
10557
12268
5719
10212
6487
8065
13714
7019
4584
2429
3116
13043
7624
582
7059
4937
290
6715
11763
1167
501
1516
5032
1456
5095
9478
6647
2458
8942
4862
10049
7145
6035
8220
13098
8175
2655
12107
5598
1840
1239
3889
4028
5799
3637
7113
10752
12360
4710
4391
1806
10273
11264
3556
11639
8929
328
5296
10128
2202
11129
2986
10655
3934
9527
12801
11119
3408
1797
4329
10902
4137
8240
11997
10194
3474
6617
2690
12901
1770
6011
7403
10614
12572
6170
2378
6779
12605
5627
3548
6763
11805
1053
12104
1529
497
13458
6551
6702
6096
4238
13103
5216
4879
1790
13671
6762
4380
3872
3328
7695
11959
11064
461
9869
12774
537
3036
2209
11813
9669
7320
4416
4503
8160
5924
4099
7753
9821
5474
13226
1755
4227
6731
3260
12601
1487
7814
9493
7675
9575
4988
4776
1226
446
10114
10482
10811
13787
7298
953
6047
13024
758
10608
13772
11085
8578
9406
3121
9659
9686
5353
7220
5155
13836
10895
3450
9263
8571
9171
4377
9128
5785
9213
7509
3324
10118
6906
11651
11687
11318
6990
4119
8610
12750
1617
13728
11751
3865
3468
6
13632
9628
13201
2102
1218
13008
1537
5875
10394
2233
742
12997
10566
13113
13690
11530
11237
5281
13126
4757
8583
4779
4278
10079
7096
4097
2176
9842
12885
9952
13120
364
3
10099
6811
2700
5171
5874
7267
789
10544
10465
8761
12375
1264
1387
12347
4387
1328
8816
4534
13593
8248
13220
9838
13412
10768
6412
13169
9824
3270
5908
3142
4109
5711
10093
3168
11661
6997
7570
13389
3902
1509
4809
9014
9423
12950
3976
12860
8113
2125
10256
12990
9665
2263
602
3283
9673
3710
11232
9973
12264
3289
1156
8182
8886
4047
1702
9072
4777
6827
5731
12814
6068
7451
319
2325
9612
11470
4281
12113
9679
1436
1153
3321
8421
5271
7224
408
1933
9273
9795
8412
11752
4014
6473
9840
12888
12109
8415
9649
6366
2142
7990
1675
828
7934
12078
6908
10697
8735
10360
9510
7009
8242
9521
3236
11323
2187
162
11589
3329
6570
7469
11558
1521
10787
9427
9743
11875
4522
5575
5920
10061
5297
7334
2353
5430
12752
8940
7931
576
1787
8746
8121
7584
12549
5429
10348
5617
7120
12890
2795
12214
6072
11484
2000
8393
10455
7506
8553
11896
8464
2004
6892
2564
4386
4258
4604
11700
9019
12648
4536
8027
10041
1865
1333
13246
7734
8144
3840
12102
2773
2834
5259
2475
12056
9118
4285
5525
12844
4605
11310
1170
7279
7600
4786
883
9267
5253
8130
11923
1192
13598
12525
1277
5480
11368
7921
12878
5310
6384
4056
3373
1227
13364
2563
2841
1954
13001
3026
11727
4899
8215
11319
13655
222
9675
5407
5129
11985
8039
4446
5750
6753
10812
5668
12118
5161
8457
1780
9985
10540
2399
7207
11400
5674
5313
392
8479
3682
12663
12060
7976
1811
1611
4853
4719
13611
1139
12055
1578
1257
3972
6082
7185
10200
6041
10980
2823
1066
9809
5498
4891
4770
10330
12261
12039
1781
13628
10151
9174
2093
5826
10222
3238
12522
10459
3285
634
8046
265
1211
710
5366
2641
11078
11753
4094
11140
2954
3107
449
8425
5564
1203
13350
5792
10679
7499
7186
13437
2686
429
10571
8528
7119
1385
11742
1992
13589
17
2390
3258
13179
13206
27
7693
11804
6015
11330
6408
432
5511
2459
857
9319
11708
2415
5899
11079
13796
5191
11597
12974
1941
581
10074
6237
8483
921
9076
13228
9544
5246
6067
2385
12968
9195
12011
11610
12691
12354
4662
5351
5234
6996
157
9920
1339
2949
12432
9996
8809
3241
6721
5662
1392
4338
4096
3562
10107
865
3654
7701
12288
6554
257
546
8817
4903
3457
3068
1290
11221
12999
10929
10873
13800
2674
9169
10921
9233
5099
8185
2342
9578
2363
7778
2727
1500
13476
9828
1142
521
6639
4436
5737
5818
1546
11782
12503
1927
5798
314
4707
2037
8513
1866
4818
12003
10235
5121
1891
9376
2666
2453
10801
2318
2964
13762
11086
12009
652
12093
12599
9609
6215
6682
11838
805
13810
12418
11095
12610
7985
6553
6931
11902
1296
7206
1909
10947
5228
7093
13520
3037
13797
7353
1573
12140
1761
4856
10350
4440
8083
3340
8864
6254
4253
7211
5412
1344
5024
6424
3624
8992
1728
6489
2304
3151
12514
967
4206
2911
5277
8616
748
6801
2614
11856
4288
12759
6099
2266
551
11289
10772
4349
10506
3744
5596
6562
3008
9364
4732
8223
13439
8268
873
2499
930
12257
12317
6081
7407
4851
2088
2360
12448
1805
5029
2408
4330
5666
2366
2417
6010
3491
6640
7555
11800
3192
7083
8052
4375
423
13573
235
11233
12476
3687
4511
947
9143
2383
13703
11089
5062
12409
2976
4063
9062
1186
1724
1420
8427
3300
1629
4149
6971
4103
7979
6519
12540
8515
8914
1739
3246
6397
11482
2503
3818
4976
11806
8822
8384
11714
4383
11297
6152
2805
7682
8913
2622
13739
7029
8754
4890
2714
201
2276
7286
3893
9662
1125
7545
12478
10657
6585
8418
12168
7960
1727
4526
2055
5744
5079
9709
4207
3137
8726
9441
4747
7164
10577
13675
1997
10630
4587
4943
4835
10954
2515
10025
4966
10087
2597
13183
3776
11385
9654
6995
7715
11295
6785
13237
10691
2412
4210
10417
12161
6726
7249
3784
6429
3366
13401
9783
3844
8068
7270
11497
12911
4528
6507
3815
4954
9953
7435
11002
2903
2320
5358
2769
1839
1751
6376
1113
4695
2154
1283
1001
12338
13698
10779
3139
8751
6982
8414
11974
5849
9880
11517
12822
11515
7214
11455
11019
13616
7495
6111
13357
11322
4110
11342
396
10418
4702
6516
2813
8925
8111
10547
5320
11131
10021
9614
11021
1120
4691
9845
3970
2133
13577
13164
9579
4437
8639
11846
10909
8878
3685
3803
571
11316
197
52
8946
502
5816
6968
12001
9904
7465
12891
3017
7401
11669
4658
9120
10552
2932
10965
7161
13346
1852
5622
3859
4875
10744
376
1108
1729
2926
5231
13399
9275
5287
6563
12683
9036
7764
8774
9596
3025
7906
10267
11336
797
11127
12386
8096
3596
7560
12825
11437
901
9152
1454
3737
3641
6405
1915
2104
5442
1687
9992
13129
11379
1524
11588
7106
9667
8263
8172
2857
4442
11758
4218
3809
10903
9481
3839
6198
199
8327
6052
5614
6225
6147
890
13271
638
7731
1771
10593
2067
1708
767
10023
8872
10576
11381
13409
8833
440
10341
4143
4095
8102
13044
4595
6623
8061
13643
10492
11841
2520
8084
7254
11037
9457
832
1388
8500
12688
2059
671
1776
4849
8020
1973
4307
10991
13651
8675
12713
7273
6065
10538
7131
5269
6565
1102
9901
5076
7625
6140
10978
3536
5631
8880
3629
11188
1661
12567
5089
2494
3593
1373
1723
6335
5697
11266
2561
6114
9184
7425
10388
3212
4356
2358
8455
1441
13630
13162
8896
1609
11839
12934
6032
234
4693
13312
8203
10598
6299
7382
5691
6194
5997
6567
4370
43
13211
6606
10059
12218
6465
9785
9320
3269
4177
8612
13761
6948
9700
1986
5356
100
2188
6201
6187
2289
11898
8565
8074
13026
7840
5717
907
5101
13397
8271
3695
3198
4998
8923
5074
2144
10982
13541
4864
5425
1918
9610
11432
13486
5760
648
4941
239
1895
9091
9057
8859
4433
7635
13405
3822
2511
12743
5308
13425
3166
6831
13288
8274
1759
4259
1025
7672
12179
11069
8527
897
7415
5506
2411
11632
1858
11836
9293
8935
10292
11382
898
3072
9422
8323
11456
9434
1637
11762
13806
5175
7004
11743
5992
11604
7085
4570
3170
12830
13267
4499
3195
5860
8521
13393
6154
1366
7572
1289
12573
130
12757
12153
6427
4453
2152
10626
5363
2719
4075
6757
7284
9818
12952
6451
2910
7426
3464
10554
2959
11590
13011
8891
7710
12780
7567
1306
12207
7300
8580
629
4376
5871
1506
11699
1199
4751
13576
4838
1396
1173
13198
4727
5602
11211
13152
10754
12377
389
1482
10252
291
1672
9063
3407
374
10869
1543
13706
5704
4637
5456
5736
10582
86
10491
10888
8689
1077
7245
2812
3696
1006
13582
7181
11351
4044
13559
10693
6869
8466
11926
4254
7005
9883
4754
8598
2487
2153
1618
3604
4195
8848
2337
8279
78
10784
3295
4271
11278
9832
11750
7082
12758
5092
6218
11513
1683
11996
8842
2159
11124
9495
158
1090
9389
4062
3525
4586
2119
13568
8797
1468
10798
12970
7730
3286
11052
8296
1717
10340
9197
2260
10675
4982
4599
11301
1846
974
1430
13153
13431
6196
9047
7049
13808
3402
13036
6659
5696
5354
4960
3745
8663
9715
7376
10728
1551
11108
2258
1665
3692
1104
9758
5526
485
900
1738
6080
6593
1374
289
12894
8286
6618
4721
11285
7246
4705
8926
9067
11311
13742
5482
304
11826
770
47
11929
10718
13009
3291
12989
2242
7242
8366
4629
6071
11692
6574
11881
10062
12674
7436
11605
8541
5282
337
10119
925
8792
815
5299
11861
8199
3868
9730
5137
13292
13188
11512
1315
6560
9420
8537
5490
5471
1439
1664
6946
10705
10109
4505
10920
478
1764
124
12036
7010
1963
13678
5321
12810
11859
3242
6714
4708
2796
12866
10213
2873
1037
11848
3813
9698
8517
5820
1491
6262
3576
7170
6742
2715
2640
13809
8555
9936
442
10478
4900
1068
11094
2825
1579
5533
8208
13502
10733
10328
3936
3136
6051
3511
559
13548
8119
4255
1472
1155
3694
10486
11611
1180
12702
3050
10583
2740
2925
6569
7213
7449
8042
8277
11007
3480
7173
6164
2990
1782
3823
13245
3066
12114
10699
4643
935
7456
9090
9833
8535
9892
11541
13362
9157
2340
10565
963
1361
11110
1157
4367
12765
3509
7474
9855
695
10623
1384
9635
5734
5693
12936
12357
11967
11338
9500
13674
10862
5715
11090
6555
1630
3091
459
3592
5195
5049
11016
6238
12964
2301
774
10529
519
9850
9630
866
1341
11275
10823
1646
4545
3616
7457
7947
6301
1574
2878
11472
1788
971
4510
3418
618
7883
13857
1318
2631
8228
7823
4845
5534
8257
13107
7648
8693
5431
7349
7885
8694
6765
8381
12283
8646
1825
2027
6493
10795
613
10014
9443
6824
2168
6768
12456
12241
10219
9467
2490
5998
4564
10932
7444
5459
12678
1953
6351
7853
9810
936
9858
3807
5558
6145
7583
4460
7204
10743
5683
7390
11702
3515
458
3250
4031
3301
1465
5090
8770
11536
8906
5082
2171
9506
8352
8573
3156
213
6305
2237
11660
2661
361
1471
2323
696
2646
3208
544
7022
2008
5667
10505
10574
465
8194
12803
3693
5427
3541
7517
10391
9299
12846
12239
5044
3027
1081
83
6648
7749
1580
13645
13764
10050
1282
10354
4170
7159
10028
7893
7759
13241
6460
5769
3494
1410
10370
4816
812
11648
5107
4514
2918
6019
425
2553
13143
3312
2225
2610
3538
3805
8828
4860
10518
5772
2140
4415
248
3278
10849
9390
11276
10206
8957
10067
7849
4901
2006
1652
4971
8067
6033
4742
8192
9217
9454
11855
4468
10255
1859
4497
473
13064
7468
13828
10192
12945
8967
8624
2212
5843
3057
5984
9689
1597
8884
3591
10712
13263
2969
7549
1697
12059
5927
8316
11488
4287
12708
11250
1570
4539
1247
10556
11296
10420
8429
2495
11191
292
9847
13232
12320
11340
1977
8662
7706
11749
785
245
9071
5249
2296
729
9321
4266
12246
3343
331
9165
1300
13371
10468
9156
7107
12622
11912
13443
1626
5293
5085
8902
12296
13526
5852
11198
9134
11315
7859
6012
3573
1107
4930
7285
9360
9397
11501
9538
11562
369
7111
4533
10852
1676
7037
10297
3673
9012
1310
10431
9590
8729
3126
8568
5732
9413
8206
5476
9409
3030
9919
2594
7836
1088
12253
12368
5532
11840
6070
5790
13777
5632
3427
10942
12707
12794
13380
10454
4529
12737
9334
4161
13340
7646
2081
5868
5971
7557
6495
12403
11520
2632
4771
7151
9863
2348
1596
10670
4354
10409
6004
11891
5355
4688
653
13722
7402
6611
1355
2909
240
11653
2983
3379
9917
904
9042
2291
12650
1204
10331
4684
13565
4359
1100
10032
8396
5131
903
141
8475
10846
6283
2837
587
9736
9315
1048
3224
1023
11418
5554
7756
13191
11745
1422
2198
682
2756
4821
12896
7413
13287
10144
5462
1020
4938
2400
1467
4241
8173
4854
13059
11274
11776
4213
8900
11405
2477
6021
4331
7856
5252
13854
434
6363
2928
2970
11822
9945
13627
5636
11317
2491
8586
1012
3165
899
927
3858
6669
5782
10364
12433
2479
13332
10751
9268
3781
10925
9732
9205
2997
11151
5261
9034
9140
5886
8490
2277
4718
10669
1582
6007
7312
5473
8478
13771
12490
6684
586
2968
12428
5483
2725
3042
12275
3806
2332
3048
9518
12389
7792
11436
977
2844
13208
7295
2194
320
3104
3581
6268
3607
10609
491
4033
12693
4256
6690
13815
9340
11693
10082
1786
11830
13238
4734
12144
4724
7850
12336
9765
2989
8126
7202
3531
3061
7000
8075
3780
10546
4869
894
13580
2935
1536
6463
5467
12142
8750
6090
5465
4855
5739
6104
11236
1957
1860
6077
4916
5867
4987
4913
6018
6420
1314
9761
1151
6053
6621
5884
6907
13668
311
10351
5556
12935
2840
10972
7989
7489
3448
6046
3797
4244
3955
8136
3484
6866
10053
4295
7040
12362
929
13156
816
5833
11004
8330
7575
5935
1766
11283
7894
7487
1705
6130
669
184
4752
7266
13166
1481
7162
3044
3189
6392
12098
12152
7278
5565
5572
12778
464
9109
3891
7924
6242
578
2229
7762
1515
12887
523
12523
6247
2551
11823
11018
2543
4509
3371
13329
11777
12905
8614
11397
7844
12248
10295
8050
4796
4814
13284
12800
11034
11677
490
3294
4995
9733
7428
2759
12226
5913
9706
4840
7977
5368
3337
1552
8998
9796
11903
13528
9196
6349
9722
118
6706
7965
4012
6716
8474
6857
34
12254
10088
3219
4430
8029
4887
7782
13370
3135
6181
5653
6097
7169
2455
4133
4625
961
4516
5118
1432
5934
10018
761
8673
2996
1653
8416
11328
10048
10056
5930
10293
13470
5831
11671
6285
7387
1881
7936
743
12827
2853
3011
3257
431
2975
7027
4299
9826
13374
1365
5230
7550
6891
10044
12588
13382
1244
9154
3157
11439
13268
11213
943
1375
9971
5280
9160
6168
8100
13503
12013
5179
4884
269
12187
2422
2681
11476
8652
7619
5804
5793
13216
6499
10864
8183
8839
13702
8124
11939
10116
2934
51
12841
7922
8058
166
7972
10788
2767
4487
9223
13253
5517
8995
10203
3558
13467
6127
10460
5902
11490
4123
12685
6700
12515
7502
10995
7582
7821
9450
3356
9164
11876
5684
4541
13047
5153
13543
7042
195
8738
4146
9190
10276
5584
5638
10704
4151
12716
13635
10575
6740
1486
285
4220
3108
6325
7016
243
12169
2922
9258
7669
231
11658
9180
4521
5608
6414
2409
4500
11082
3713
2138
7681
855
7498
7199
3718
8131
1666
8278
9105
13605
3577
13659
8778
3547
188
4212
3193
2386
2446
5317
12986
3947
7148
12416
11304
7702
7259
10005
5103
504
4018
7069
4690
12405
10961
12335
3308
9359
599
8049
13377
649
3987
1540
8452
677
8563
480
3429
4768
12805
8142
10268
11413
3907
9607
3833
6523
112
1210
2905
13290
2298
3699
11644
3459
2407
11109
6992
13256
1734
7289
246
4578
6829
11645
3227
9777
12374
2748
2550
11860
10893
12259
6498
9102
12249
1925
471
4309
10899
2019
3758
3487
13782
5590
7412
5735
6267
8666
11440
5695
8482
635
7283
11103
8837
7140
3560
6719
10881
9716
2105
11469
2085
12286
1841
8149
9465
7001
8435
5150
6826
3857
1018
1380
12079
10559
10830
12412
8360
7574
13463
3110
2074
9179
1501
1185
2147
12662
11231
7442
13020
3476
8372
4290
8575
3147
6691
6501
11092
2602
171
13647
10635
11533
4148
1920
11921
9176
8532
10448
5077
3449
170
2524
13514
4683
7915
10867
4746
12583
5901
7501
1245
7128
10791
4778
11551
12342
6879
12326
13609
12437
6484
9554
9556
2351
2449
12681
11675
12167
3222
2961
2819
8661
11568
12695
9419
4824
11449
13687
3736
2097
751
9228
5272
10629
6527
3590
10198
4379
9519
9463
2904
10931
6987
1429
4501
11024
4328
13505
4898
7655
6938
5650
2123
640
4098
273
12356
13293
782
5152
6686
12570
177
6314
7967
194
13062
6306
3302
879
12366
9004
12595
2510
3479
4447
10722
9006
12571
8806
2956
9278
4216
6813
13378
5385
13791
9232
5752
8441
4540
3549
8294
4051
3545
6458
3071
7446
6379
1233
13719
6030
7095
4113
2122
8368
9251
2189
10687
12977
13492
819
6964
11428
2957
4134
255
12816
113
5708
4896
8819
10315
3995
749
11324
8487
9249
5781
12692
6371
5762
3761
2765
6748
9095
6016
13038
1657
7547
9687
4607
706
5518
600
2135
8706
10645
10528
2355
5560
8857
10922
11620
11656
2738
19
12353
3463
1416
6075
8035
8159
10815
6712
11337
11882
11298
12962
9086
2535
445
8511
8401
8903
5906
5114
8350
13118
4871
666
2294
5124
4620
6373
4187
4360
7603
9231
11680
6486
6695
9563
9303
11253
11101
11339
11190
5516
2040
6179
10148
5239
9975
9864
11272
6352
10277
8520
11242
5084
3863
8064
5641
5446
12293
426
10612
2856
13466
2224
3094
3999
4883
8281
10785
11353
10641
12435
1323
6595
8442
13494
1105
837
7723
5373
5865
448
1896
10004
12318
12332
5488
5392
6229
206
6883
370
9361
3093
9300
8362
13334
7227
7179
12016
2181
6350
1312
940
13007
8894
11208
4921
3933
9306
6084
1513
1916
13563
7012
1347
13729
2880
10189
4763
4804
9308
6388
9097
13860
11102
6086
721
8620
10996
7796
1668
6557
5550
11265
9516
7176
13855
10471
1319
3359
10998
11880
7189
1423
1679
438
8618
7991
3508
13186
10856
3504
13567
7024
7644
82
1274
12917
6231
8725
4088
8264
9704
10509
6436
2848
12606
1093
9512
12829
6428
12123
3966
8704
5305
279
964
5437
3771
2434
6921
7815
5270
4233
9162
2053
6246
3467
11964
9762
2157
5961
1268
13173
5537
4129
10501
13274
5879
7784
12427
358
5374
10060
7365
2439
4408
2894
11550
9170
3391
8085
193
10450
10591
4323
8146
13361
2742
6542
2163
13829
12546
12128
13147
12877
1254
6530
5389
6226
6787
10924
6889
2440
2778
6645
12652
1989
297
5372
1466
3010
4067
3229
10180
6044
12762
11200
4681
13837
11106
2616
11177
5034
9030
8756
13755
9780
6710
6976
7837
9123
12138
12893
13652
11821
9912
12922
9755
2697
7410
13442
81
12675
7047
13757
5844
2132
3657
7611
9960
7959
10859
4205
2317
1042
2381
2120
1461
10415
1893
8937
6088
7887
2347
5022
8950
6735
7048
5938
3390
9812
91
6162
4790
10639
2014
2884
11681
11609
775
10220
7138
7642
7339
2523
12455
6107
11780
547
10618
2585
13351
2582
3455
3228
3924
4782
6893
1826
2384
3114
10339
9505
8739
5700
5492
5453
13402
3583
11120
4984
12263
887
9752
11010
10532
420
9051
13110
13133
1304
5275
11500
5225
2593
7126
13222
3589
5726
6679
4992
3723
9474
2051
6377
9386
13518
8492
13633
6210
5343
10141
7971
1887
13261
5151
4780
11088
1330
202
5489
12710
1575
383
628
10617
7486
8504
9077
734
56
11567
534
6559
1754
4406
5959
48
12976
1359
10444
10233
2362
7651
1638
12519
6981
12851
10851
3488
1784
2831
853
11133
7703
3461
1133
3401
654
7367
8069
3749
4556
12441
5331
893
5214
1919
11097
13200
5256
11721
2021
8592
143
1479
12066
5987
5979
6922
12751
4628
2013
8122
186
3826
1029
1990
7330
12269
4817
845
393
7258
4552
2423
5147
13644
4932
8266
9444
6149
10404
9207
10914
13291
3466
11526
1921
7839
2058
4221
4426
3944
5081
3205
11389
13610
10512
12831
6602
1200
11931
7146
10494
10971
3075
9297
1009
6185
4202
2861
8030
8115
5188
7132
12023
848
9645
7092
11678
7724
4672
1045
3105
13631
8759
5710
4970
13614
12833
8866
11969
5235
13826
3913
9889
12920
13209
6780
4393
8604
5876
2468
7537
2613
10038
3542
3517
5807
8757
5260
13131
1099
9737
6135
2774
8188
13089
1349
59
10413
1549
8665
3991
5825
7830
3069
1995
840
4621
5428
8301
12875
6510
10644
12471
6696
13481
7795
11291
11491
13642
2518
7912
13006
5642
12329
11025
11463
3746
3382
7951
11128
5630
4291
9428
12027
8971
2898
11814
585
10488
13096
8536
8037
8354
7470
3789
9862
12736
1682
8939
6942
9381
10476
2134
2244
350
8189
13512
1267
5346
1746
10251
9951
7807
3663
5898
3320
7368
12686
1106
2335
2114
5063
10071
4909
5402
3432
12495
185
1897
8631
3529
10353
12660
6249
8824
3486
5294
2567
6347
9957
10503
5966
12791
8254
12837
6608
10731
12568
6440
12350
10392
7929
13852
8829
8745
2549
9416
759
3161
3953
13176
1538
3458
7793
13558
5443
10108
13333
6683
13148
7361
7691
6767
1942
2395
7638
10569
11690
8801
12199
13258
1322
7058
7818
3959
12667
11433
6630
1414
4273
7074
8502
12668
8013
1281
1480
687
7785
3234
10521
3440
860
11017
1757
3465
7137
4074
5503
7103
6118
6365
1981
8648
8062
8850
493
2167
11711
2278
4483
6078
2533
3052
6220
13273
6385
4550
1231
10238
10514
9294
486
1292
1134
10479
11268
5098
11982
12393
12173
3232
8716
8284
8285
11057
280
4269
11227
1699
7420
10327
368
11377
644
7359
10637
7679
4897
6774
3087
4577
13146
9424
5606
12074
11757
13759
2486
4642
568
7523
9015
7984
9022
6045
13030
13473
13721
6822
10825
703
11093
6916
10110
2371
11919
9983
3638
5199
8845
11565
12740
89
13240
11429
12337
6234
10419
772
11684
4640
11148
11772
11391
8213
9558
3613
5705
6459
9873
6390
9879
12177
2474
1960
6943
3777
10303
3497
13345
1581
4646
7481
565
8334
2199
6816
6258
9040
7944
5181
4108
3299
809
1694
10298
1726
11829
13063
8304
9725
8089
5096
3287
573
10727
986
13353
13278
11059
4653
3975
13669
4972
9604
12828
3967
3367
9050
13594
9096
3690
10400
834
5881
3264
3851
10595
7899
8008
13622
679
104
2519
7496
6723
2950
5436
3824
10770
7263
12543
6772
7235
906
4362
10258
4758
2675
723
11559
12790
1876
4193
6841
12096
11369
13639
12653
5219
9966
994
10912
13019
1830
13101
4025
7394
2112
5337
11905
11548
1930
13602
13504
1285
116
10611
3505
2327
3708
12545
8098
2724
8668
2828
11801
528
13145
10885
2419
12634
10190
10572
13270
4800
5863
10154
249
10063
5166
6880
5017
7680
5645
12252
8422
13648
2517
7450
7100
5509
13670
12886
10237
6360
8949
1767
8458
5274
2236
7750
2574
11243
673
12619
7916
13298
4597
9433
2430
3773
9644
7491
10162
8656
5620
2072
11773
7070
13046
6871
7158
2974
788
7618
3740
8305
4388
9324
12518
13596
38
11900
9989
6812
5851
5733
4372
683
9408
7406
6835
4411
2129
6245
1476
9727
6728
4596
8676
11704
10149
4102
10603
3551
13297
8637
4071
8273
11561
4260
12413
2544
9553
10943
6531
11947
11981
8110
5303
11192
7905
3176
2849
7463
264
4813
6509
4649
13591
2663
4035
7264
13085
10290
1984
2948
2200
2826
2679
5523
12863
4680
11402
4665
11466
1911
12307
6823
11458
1232
39
6094
12126
8936
2425
973
2382
9703
12365
7023
9084
10756
6146
6110
49
5479
2979
4201
1115
2261
8691
881
4655
11027
13230
1913
2210
10376
505
8134
4701
7677
9418
3029
12193
2158
13255
9980
3888
1013
3659
3716
880
13508
2699
6272
6180
2850
6665
4618
10140
9648
10356
1613
13733
2246
2590
5869
7332
969
6769
7240
5178
1425
13373
4834
10661
8899
10665
1368
4185
1058
12754
10469
13081
6139
12775
1298
9074
9846
3651
5903
8112
8959
2208
7799
6915
10870
5888
13289
7605
10396
12513
5380
8559
356
6717
11014
13385
10223
1816
3557
9523
4211
12376
1885
8270
11081
3305
6213
9775
1412
10543
4958
4435
12637
11723
5654
12578
8966
11566
7175
2043
13453
10111
12745
3916
6581
10638
2002
2356
4750
5950
577
6100
664
3113
3742
6354
3478
3878
6793
7968
7755
5834
5110
12975
10138
5109
4462
7363
1667
12971
2572
8708
10573
13225
10230
7077
6309
9941
7414
6806
10467
8312
1279
8318
6169
3880
4141
8594
10944
10842
8892
8683
2745
13660
11606
7437
12458
5335
10989
9747
657
5725
2197
2083
5322
10248
7314
5553
4488
8764
1658
3564
12271
2070
13236
1867
2851
2891
12582
8674
5350
2803
10837
12071
8698
9212
1765
11251
9392
1979
3489
9104
1872
13139
13493
954
11149
5383
1530
5559
7757
9541
2527
1345
4341
13484
316
2374
7482
4140
3811
1379
11538
2625
10168
9020
12722
4783
5687
357
11011
3181
2017
5018
4812
3007
9058
5597
200
12185
12551
3968
2303
12507
7212
5813
7920
2254
10095
3490
9961
7344
5035
6338
7869
11686
1967
6155
966
13745
9641
10876
4977
5384
13731
6868
1259
6873
6597
1021
12331
3574
9272
1143
7718
6447
13737
3063
2736
9803
8202
9411
11918
8150
6524
12898
5877
9671
10850
5000
13600
12528
9668
2833
8295
2191
4736
1147
1266
3426
1067
9569
2780
12756
13619
5536
12796
125
12680
12609
3399
4315
9310
5393
10682
7775
9201
62
8484
3524
10240
8011
1531
6056
3410
6222
2807
5688
5978
12670
4251
11203
11717
2832
6253
9843
4065
10096
7521
4985
8459
2617
1559
9018
13285
6449
1166
111
870
7940
9770
7790
13531
4164
11346
8780
9624
101
744
7318
1999
4654
13429
6119
6984
8015
10425
13282
2615
9969
4569
5647
10132
9537
13251
864
12955
11457
13150
2560
9345
13390
3727
1459
9797
7948
9189
12705
2498
7886
3843
1961
8978
10165
282
11980
2245
12143
8963
7928
4964
1628
8766
10810
778
2038
7733
9115
9265
5031
7238
5940
7065
4173
4631
11853
6746
5595
5656
10767
2068
8017
1518
12150
8831
11384
4190
11953
487
8879
1534
7321
8317
4003
10405
7157
332
13299
2656
8545
13599
13510
11060
8209
2281
12806
7232
4371
12937
4439
11817
7552
2367
453
9117
6594
2534
8705
12553
12352
11944
8690
10001
2436
4006
12477
621
4384
4485
5182
11326
3397
8363
6133
2076
3263
12915
1601
414
9145
11733
1038
8378
11209
11475
371
3887
5577
1119
12147
421
3939
8590
8855
10173
11560
13649
3526
8542
1235
12159
11770
45
8104
13564
10426
2609
12311
3428
12000
11348
3567
7168
9548
6055
8640
11399
5520
1230
12450
13311
4859
5718
7742
4471
2982
10274
5015
9550
12725
12798
7346
508
10195
5720
8300
9672
3586
4172
11040
3018
6375
5958
12052
9402
13683
516
11616
2218
9054
5176
6464
13028
398
4626
4547
13773
8018
11099
10545
13091
540
11579
1084
7787
7602
4527
12804
12462
3973
1196
6401
4089
12022
9328
9701
2658
11362
509
12136
1818
6123
12196
13305
5619
7281
8309
12215
3965
9870
11225
705
3148
1399
1324
12279
8494
5648
9098
10807
8558
9955
4495
2031
12401
11703
4563
5652
6755
12145
1473
2908
6286
360
12466
1519
5112
4650
12014
12733
12717
13489
7480
12479
2669
7464
2973
5999
1589
11257
3648
8804
9906
9211
1520
1822
9329
1072
12826
4344
8810
10231
12304
1772
3738
5267
3053
958
12669
12749
6994
1945
4054
4929
3960
4444
6859
13744
8703
2673
1970
2416
13314
4837
6609
3698
8386
7803
8395
12636
3115
674
932
6532
1623
13365
6561
3336
5105
2678
3380
3686
2121
11844
2047
704
10043
12225
8132
8968
12024
9032
4404
6513
10871
13167
1128
3911
8805
13684
10542
53
10398
2734
1662
2864
4450
4191
13170
1007
10887
12967
9287
3081
10416
10319
9064
12410
10568
5989
6488
8423
12224
4652
10755
2987
1131
7115
4284
10625
11534
10225
12516
2650
6022
9107
12117
9836
13812
7719
12600
10332
12730
9346
13588
13158
2164
9723
5573
12627
7234
1034
6960
12907
6040
5853
4368
12308
3918
10326
12665
12767
9707
3952
10466
5396
12077
7760
5803
2061
7812
10636
2232
11447
3313
3271
1535
4593
11430
4246
7902
13798
12171
9385
7608
7208
9573
13304
3997
10898
6296
4466
2094
2639
10803
274
6418
8861
7786
4222
4588
5748
9805
11308
12020
4470
6902
11205
1587
13070
10346
7472
5658
3293
10510
13839
7430
10442
2077
1907
2504
11135
11115
4965
8349
427
3520
8431
8748
7518
10164
4893
7251
8141
5036
12550
12072
13254
2720
7957
5080
11022
7845
4811
9691
1557
9718
5657
7149
796
13413
3635
8178
700
5589
7776
11349
11504
9368
13686
11100
8280
530
288
5361
12348
5780
2338
2155
9925
11407
7621
2682
699
12933
12469
1568
12245
6117
10653
7983
12817
783
1405
2334
12400
2470
3001
13123
5160
2380
11685
9173
1851
7155
64
8272
12939
818
4061
6058
7507
7333
1478
3610
12908
6496
10855
12953
2333
5676
136
10683
3799
2497
604
7767
659
10382
395
12242
12485
388
3358
1082
8868
12625
9185
13451
1360
12397
3341
10874
5426
10210
11831
9372
5258
7700
3588
1792
11916
12312
11055
10282
3090
1777
11877
526
12005
7970
5414
11986
7226
2405
9214
3522
2644
8138
10988
5943
12197
854
3700
12481
13264
8033
11176
4918
617
10102
3280
10428
13474
2872
12487
5278
6103
4797
5494
2729
6199
1912
7911
12824
3820
3033
9623
7038
7654
12154
9479
10269
1625
8909
6355
11056
3149
11943
13578
1871
4396
9163
7980
13717
5634
12947
11026
1621
8236
3065
5005
11197
12099
1560
13727
5951
340
11354
6457
7828
3725
4293
8796
6060
9256
11901
1585
13195
4601
12017
12764
7200
12624
8623
1236
12493
5463
343
3387
4766
1460
13523
4741
13384
2393
4397
12649
2710
11580
2066
11015
7867
5415
10536
886
1214
9073
10456
8898
1931
9483
6109
3327
11695
9629
8456
11141
1743
8218
7364
2547
8184
348
11006
9305
5500
8369
6612
8551
6521
2958
7358
2401
6729
3747
2946
402
12763
12672
3904
12593
5208
1502
12028
1554
13434
12134
862
7988
3267
1824
13795
7396
482
10553
11117
6666
13326
12590
11361
4229
9243
8438
13718
6502
8907
2175
7494
37
4189
8985
2282
2704
5873
5925
7466
4092
8579
1873
13575
2472
6290
9766
11046
211
13511
13723
6771
3848
6550
4847
4181
2448
6940
892
1615
3804
10517
7688
11013
6257
1499
1592
13766
10880
3040
4699
4709
7090
10949
4087
13499
10976
10244
11626
1610
6132
588
12048
217
5484
13699
13095
813
2781
8454
12156
4421
7152
2962
4311
13681
2428
2705
8245
10833
2285
6204
5579
5441
1703
733
12616
8373
12097
12402
12460
1659
13392
12151
11956
4933
9539
2483
3768
13069
6313
6467
13693
10672
1035
11169
5156
13090
7927
9988
10306
10205
7614
4867
6644
13050
2931
44
13768
13776
3452
8544
9874
3983
4049
6582
10658
11506
11941
5727
9887
7727
9656
5535
8895
7310
6399
247
5125
9633
1054
3471
10000
99
5607
2370
972
12899
4337
1864
6403
6518
4027
3719
3910
3841
2743
10019
5119
8767
10650
6541
1309
13789
3175
7147
8307
10112
9884
6255
3688
6820
745
219
8961
4327
13444
309
11683
11167
11077
4919
10438
7917
12533
2508
3731
9400
9172
12612
1959
403
4677
4737
8290
670
4538
6586
8105
717
2556
12262
9937
2588
13181
10624
5448
7758
6261
10937
12957
3158
13545
5496
2877
1789
7002
9857
11503
11273
9564
3433
10721
13286
965
11930
11524
7203
7531
13099
2488
10344
8298
6641
3996
5236
7080
3005
8655
2817
3539
2536
9531
6966
11523
6929
7108
3078
8871
2859
630
11724
9366
3748
10126
9978
8781
10183
6773
714
9151
1836
1539
7369
2087
10892
7165
12298
9958
4358
13547
13172
1936
9928
4889
9494
10926
3881
3969
3866
1660
8877
5640
13369
4557
1443
5810
3603
9044
6514
7144
9844
9344
9589
2339
13613
5685
8659
11341
5238
12659
9921
9281
10007
4409
4953
1101
12565
6043
10891
6293
12464
5177
4355
1750
11036
11299
7348
12656
8204
411
8325
6431
3951
5916
5194
11412
1286
10690
3102
8219
6492
9651
4277
2403
511
163
1632
2450
6248
6572
13221
13079
11539
12273
685
12411
4438
4030
12632
3598
7490
10946
8849
10834
8887
1220
12580
10857
6263
7982
5918
13250
7007
9279
7657
7294
11989
3317
5185
1928
11911
5203
13178
2784
7636
5347
7863
146
5251
10338
2554
2084
2283
5298
6027
13171
160
12838
13637
10324
6744
11044
8123
4647
2522
9658
8938
2115
11537
12598
10076
3597
572
2902
10446
4826
9447
1689
13214
1590
6042
12735
3067
10844
3421
3262
5771
7104
4106
9922
6311
702
7592
8627
11725
12282
11722
13793
3774
2701
8174
2045
12770
3364
11410
8692
8988
760
10091
13612
12124
10621
11641
10879
8905
4186
174
9453
8443
7182
3900
12141
4314
1681
12870
2763
9910
7520
11181
12742
2571
13460
6191
5038
3513
7384
6754
3986
5970
3837
916
4524
8498
1130
5458
1237
6284
3133
8311
9778
3677
9815
4955
13356
12300
7768
8400
13277
7513
7744
9876
8548
7129
4369
10359
3585
3760
1976
5223
5136
10700
6709
636
10430
8093
13092
8063
923
8292
6432
3346
8332
11949
4613
1181
8595
2441
6398
12726
5671
69
2268
9897
1731
9583
3767
7919
6073
7617
457
2570
2413
10567
6490
1492
11160
12082
8740
8392
10519
2034
12723
1944
13177
2892
3743
10776
7193
5314
746
4615
5911
9203
6846
11854
10334
10642
5806
2709
8095
2257
12065
8784
7337
9210
1409
13832
1966
4994
1547
12213
6590
377
1512
3307
11701
776
13109
5889
9266
9168
8250
12679
8460
9608
9468
2906
543
6601
1844
2730
10490
346
165
7508
10355
4217
13753
800
12010
11746
12208
6598
1095
11066
2226
9950
7804
5665
4345
11951
11647
8397
2228
8000
10910
10100
11870
4806
9759
6850
4432
12467
4090
2091
11414
11420
3697
5964
12876
12547
550
1483
10957
6452
3106
2150
3413
5312
995
5315
12040
13498
8034
9636
5418
8212
1796
12131
12162
7053
1655
6919
11185
1427
9415
9536
11718
918
5336
9100
2771
8600
12378
11179
5512
539
7779
1249
2521
4857
268
13673
5571
1117
7352
8344
2712
9517
5714
7813
4761
1354
5962
5066
8012
607
5917
7865
5974
3460
13585
3213
10813
3197
11936
10619
10496
10363
3534
9291
5996
522
6789
4214
4810
9552
2389
11051
13680
6856
9557
541
9141
1803
6788
10191
6455
12449
6796
1252
12314
2691
3171
10958
3998
9028
1089
7938
6423
12053
4136
7046
1144
9082
5169
7963
8196
10783
6885
5004
9069
13060
8251
11828
7973
13196
8999
1462
1807
9664
9285
241
7526
275
6494
1073
5832
6925
11473
2391
752
1741
3559
9106
2619
960
475
2060
4263
5594
2309
13676
8863
4956
8165
983
98
2993
515
2995
7975
11244
3117
11712
5616
10908
7631
12105
3085
7054
13135
3927
3787
12172
9497
2354
11850
12630
11835
12391
5745
3004
1433
12260
13546
6362
2820
7627
5699
13160
10447
5046
3530
3187
642
7417
13663
5933
5329
11224
12116
1428
6945
7652
779
13416
6374
3869
5027
11728
8671
8128
5603
6251
8882
611
11535
9122
12230
2041
11454
11862
12530
6924
5006
7371
1517
2480
3636
10537
5250
4093
4138
7250
10202
7064
12436
608
8657
2493
13710
3247
5914
4990
11479
6208
3543
2030
12255
4283
6733
12604
2315
12782
11960
8186
594
10522
2662
13252
7743
13040
1882
9742
6899
9915
11803
1109
6353
2118
4427
7747
1337
11948
10950
7209
3435
2080
3164
8328
8244
13448
11230
4731
12297
5394
7135
250
283
10628
11771
