337
73
1059
0
130
24
528
167
9
651
914
209
1198
811
737
901
1082
773
641
210
713
1079
514
1154
864
743
1156
640
673
777
385
810
159
597
1099
590
272
286
1148
1173
561
98
352
66
524
494
1129
632
1217
223
631
388
697
383
688
483
705
435
1050
731
772
440
517
460
645
183
310
1105
99
512
1257
1163
612
601
581
515
1137
934
356
507
532
34
379
691
224
429
1108
84
1188
728
985
1128
540
419
30
807
11
1272
1076
687
354
330
1061
658
977
1207
748
477
1186
621
160
789
1236
262
860
787
68
909
70
526
1180
242
401
469
360
974
304
36
594
1264
386
238
48
915
579
305
558
1263
315
1275
967
592
933
884
995
1015
132
867
65
298
488
812
950
374
759
391
578
284
650
799
377
122
1131
784
895
174
763
457
1086
177
311
993
738
106
707
1221
263
474
496
764
870
266
1049
545
453
654
1075
226
371
609
111
222
1024
711
1249
845
508
1161
403
47
1212
404
889
365
1270
853
679
442
712
1206
67
603
642
1174
1200
1166
297
86
1279
825
1126
1253
1243
96
795
75
416
446
643
1102
693
852
544
718
249
88
1141
301
318
634
105
264
554
513
38
882
1192
410
161
520
840
830
455
1246
660
904
657
1073
83
299
618
932
349
960
893
522
290
847
708
519
63
1072
344
294
306
176
525
314
406
438
861
1145
1012
982
587
648
947
813
1251
503
726
780
119
1267
659
802
625
635
842
317
619
778
599
918
473
1022
1062
699
1235
492
103
1045
275
534
1159
118
1074
1266
412
832
276
208
423
414
141
757
922
837
1135
719
302
116
535
220
343
329
362
287
462
1237
930
213
1106
1259
622
62
783
962
1046
463
1054
584
1250
333
1177
445
1069
320
448
1124
1000
963
831
848
1056
1269
677
378
1004
85
941
735
1094
502
1116
184
694
638
891
886
221
491
752
523
358
1189
1151
1040
259
434
81
326
467
1172
123
1247
1090
133
680
565
97
1230
1165
862
849
781
418
613
173
1252
1064
994
1014
331
725
1175
749
172
1130
283
1155
577
273
919
1026
180
397
372
570
630
998
107
231
274
373
931
443
521
163
571
91
796
547
1031
296
461
685
1092
1256
1063
573
1146
1191
953
1122
846
1209
20
917
637
1066
1052
117
368
958
1176
921
910
1160
851
1103
1104
530
589
472
268
1171
1070
348
1025
939
153
211
733
1152
390
703
74
493
495
1139
1277
876
15
936
33
681
1227
839
450
1204
490
55
649
136
1080
1071
72
692
102
683
965
308
883
751
1017
819
120
908
471
943
100
945
729
1042
1203
1125
566
1224
734
375
431
324
881
975
736
186
1271
285
732
54
1240
1013
857
756
384
1115
572
791
742
1019
695
121
157
593
1150
357
952
1201
1184
550
666
245
647
256
80
746
59
255
202
194
1020
809
516
169
1002
60
740
355
447
432
1117
7
1119
22
768
843
50
17
771
964
4
620
292
639
29
8
475
665
12
444
758
827
155
902
1006
1098
16
350
730
954
926
214
1023
710
980
1179
46
541
826
51
716
35
956
101
1138
1127
1028
281
924
721
794
240
353
833
205
1225
615
195
715
875
243
1096
667
504
25
14
501
270
1085
986
1093
171
454
487
944
1065
628
766
93
569
241
604
543
623
480
929
389
1111
788
258
52
1030
162
567
662
690
574
961
539
10
143
808
755
1183
700
779
128
1001
363
420
1097
339
661
405
1120
382
1034
200
828
1265
216
797
1218
996
989
1039
877
313
872
468
129
6
1210
53
1060
940
198
125
422
336
553
499
201
1260
696
1005
1255
1185
992
56
39
1010
94
997
727
18
583
1190
627
114
206
364
64
821
236
316
518
124
1168
407
899
32
1018
761
426
591
347
973
437
228
1047
19
312
938
969
1233
279
109
5
636
765
678
885
338
1114
928
192
894
137
203
983
674
278
1041
1121
269
345
925
335
1087
199
479
698
82
563
1036
866
309
428
782
1134
855
644
617
280
1048
230
745
45
189
1273
181
147
786
702
868
421
154
1037
527
369
233
250
739
77
633
664
1058
392
439
1162
152
145
999
3
911
293
500
955
537
170
248
670
498
58
257
923
1242
31
49
1095
949
497
71
37
178
395
112
239
744
966
436
888
626
424
1245
90
417
1193
863
988
332
149
43
158
815
1153
44
1205
672
1011
529
1254
1089
611
1164
151
916
1226
319
322
671
770
1211
197
557
1222
267
905
191
212
684
951
1078
750
89
185
762
907
252
148
108
747
402
415
92
656
300
760
753
629
1194
470
359
1157
978
549
717
1276
1274
411
1223
452
1118
1278
775
1132
1239
531
869
1081
841
806
244
1101
235
767
341
927
564
478
387
409
204
897
400
237
69
127
370
1051
217
1008
334
505
323
1043
1181
970
168
800
1147
261
1027
959
328
1215
1123
188
701
28
596
1021
227
582
1140
580
805
282
381
653
610
27
873
774
1110
398
131
1268
898
466
303
1038
538
481
979
1113
1007
801
361
291
1169
13
1208
871
219
598
887
990
686
1143
854
234
