3404
1417
637
1342
873
878
1262
1946
3001
2116
4084
2354
3276
4320
1614
1067
3544
1975
2714
2718
2775
2324
4088
1191
1596
4359
2396
3827
1908
2347
1710
1393
3469
1721
551
1110
874
2071
4019
859
1767
858
1832
991
135
447
2332
4382
1680
4358
2507
324
1667
2915
1509
872
2789
4205
1726
2051
3667
3586
750
2481
2936
464
3593
4085
496
217
163
819
3453
948
1004
3631
862
2113
4129
3361
4213
3217
3571
2384
565
783
2621
39
784
4183
2067
2477
1349
517
699
2478
3429
1064
479
2245
3190
3455
1323
1246
2598
2822
1729
1494
774
160
4036
3665
3451
933
281
3185
4227
2762
3919
270
1768
420
3634
2243
1696
1860
335
222
1137
1234
1742
3545
2570
1192
2362
1512
170
2952
3152
1638
2950
3061
2486
370
1551
2140
3966
2012
339
3047
2025
2328
3536
995
3992
1413
3055
2920
3575
486
3540
1322
2860
1070
2786
2250
448
2866
2569
2839
3814
2703
4221
2540
4374
5
3769
4262
982
2399
3197
837
976
2835
274
2954
1347
516
1226
452
1754
1028
2281
2035
228
3832
2
2358
4356
3247
553
4080
1442
939
3874
3909
4181
3089
2859
484
2391
4385
1102
532
1909
1882
781
4242
3296
4260
2124
2182
2572
1447
3917
669
2342
2506
3434
710
2975
3430
974
981
3003
4104
1702
4041
1595
3730
1992
1533
1253
2708
3459
860
877
996
1138
3486
1616
185
1222
2528
2945
3244
3796
2777
701
2673
2734
4057
4380
1990
1227
3240
962
2722
1320
245
2557
308
509
1238
3233
4077
522
3779
3826
6
1972
3463
642
209
3350
2922
588
3828
2005
2974
3990
2147
2001
2685
2911
4294
4022
3583
2521
4087
1674
3884
2498
2409
895
1439
1489
3351
3103
4061
1365
1617
3870
2629
1486
2516
1825
732
2356
3344
2562
2232
719
972
1978
3855
3059
1233
3355
4137
2431
2692
3191
1506
238
2783
2252
3598
968
1981
4180
504
53
346
2539
2512
3767
4340
1731
2191
3839
3230
4195
648
3180
967
56
4109
2967
1121
3731
3270
4047
4031
3658
3660
283
1404
3178
1797
4072
1215
2788
633
961
1891
3614
4140
1637
4208
2574
3483
3203
2791
709
1507
1646
3811
2078
1328
2042
156
3960
2318
3550
1976
2436
3858
4381
2242
2022
2719
3014
4386
3578
1750
2949
482
1159
2592
1817
2105
2264
204
1408
2525
3067
390
1615
1758
3871
3101
55
2881
2748
229
1396
2479
636
3422
1654
363
954
2538
3813
345
3179
1099
3818
2404
1945
4238
1715
1835
3017
3308
4214
2094
1224
3169
3335
1902
1495
4376
4197
249
3846
4033
2782
3886
1861
1675
1986
3601
1632
3770
4108
3854
1866
2763
2292
3206
922
143
3337
1479
4078
1018
4301
4239
2235
2838
959
322
4336
1410
747
749
4083
2291
1607
1747
1711
1636
3856
2855
4098
3090
359
932
1650
3094
2110
3201
1656
2157
1814
2445
4346
3881
1190
3773
178
240
1676
3867
1628
2790
3783
1435
2874
2228
1528
360
2752
2345
2696
581
1671
152
3336
2551
3570
1537
1406
1370
4015
2764
3272
1101
2183
2725
824
2671
3177
4289
3605
3435
1878
1734
1804
4375
728
432
4139
3551
3956
3868
1032
1806
927
568
282
3657
2325
1872
2778
4095
2111
3789
1325
2854
295
3786
2262
3447
2684
42
1395
3359
1204
2081
1500
913
3354
368
1366
192
3403
3487
3682
4339
501
155
4361
4
3865
1327
3165
466
2669
402
2672
3860
3473
2310
1588
317
1013
361
1678
2319
876
3075
3320
2668
2222
145
2780
411
2638
2039
4225
3172
3049
1570
1201
219
206
2118
3323
1304
3965
810
938
668
1677
2852
3406
515
1574
2122
417
457
1499
1841
2273
888
969
1163
2154
352
1188
2723
2522
893
2520
714
3315
864
371
1350
2190
2158
4229
2930
3192
2868
1333
3585
2104
489
2579
4191
2556
1302
277
2677
312
48
3341
3916
2555
1115
1315
2435
2536
1346
2926
706
2017
1073
369
2836
3158
2484
492
3815
3694
3135
2333
786
3882
3020
3848
311
3793
1024
3347
560
3065
4332
4135
4209
1223
2760
4011
3454
1006
3302
4156
1195
688
2766
2625
1668
343
167
2008
745
1718
3959
273
2440
3862
1706
912
2589
177
255
1546
1851
3699
1096
2956
3183
3151
1169
495
1243
3833
201
3062
137
456
524
1056
899
214
3057
3211
1358
157
1521
1016
2002
4303
4032
3465
3102
38
105
4026
3676
3549
4236
3696
1743
2709
3590
2476
97
911
1610
4064
897
4018
3944
885
684
435
2641
4371
2383
4384
3685
631
3412
3663
1008
4267
3209
1820
2082
1465
3401
2739
1220
4002
1684
434
4199
2323
1144
1354
1097
1693
2398
2622
2909
3011
1673
93
2787
2581
1261
3617
3622
4230
180
325
751
3184
4067
1697
4335
2970
2534
1538
3679
3618
1136
1540
337
3050
3836
2011
1092
564
4009
1807
2326
721
3131
225
645
3799
1305
566
3851
2213
3558
4333
896
3591
2869
3175
3700
835
865
3153
2887
357
2013
4049
2100
2542
2500
59
2397
4322
1639
1066
2565
3070
3817
1357
3638
947
3556
571
2998
984
4360
1176
2960
2307
2218
1015
3890
667
771
3008
1752
7
2084
3810
3821
4025
3420
3450
132
833
1664
1597
1398
2876
3567
1369
2830
2057
2619
4365
2971
83
3951
3485
1862
46
726
3807
2698
2499
1065
748
1019
3048
2701
3213
74
657
2933
2501
2834
181
2156
3947
2955
166
472
3918
2940
1828
2823
2769
2700
416
741
2680
3883
3245
409
1119
3443
3424
2878
4287
4259
831
1142
2202
2143
1984
3212
1100
397
2223
458
302
47
3274
4063
4258
3877
454
950
1719
2997
199
3983
2811
1705
4013
1736
2448
1813
1063
2314
292
3433
309
3273
826
367
4352
4128
2269
4353
2040
1665
3077
3766
3564
1761
530
100
1258
2966
2239
805
1502
716
4300
1626
233
3478
162
3418
291
529
1934
2829
2313
3051
3407
3365
857
101
3275
1874
3154
3637
1477
3037
881
904
1852
1367
2315
1351
169
1466
3173
4155
610
742
2517
715
970
579
3307
2590
388
4290
649
2682
365
348
1336
253
3838
4004
4192
1725
3873
2464
4017
2392
3095
2268
333
4357
1197
95
4178
2199
1308
2000
892
2251
641
2965
1461
1103
1937
2558
159
2531
1713
4347
3196
842
2077
3122
623
2921
310
4318
329
3954
2290
1784
1412
465
2882
2087
4297
2951
1444
4201
3554
3546
626
239
905
3579
2717
3740
1834
906
3241
1947
1850
2439
3589
2705
2935
3399
176
1547
1120
200
40
1263
1091
3188
887
2253
4349
730
250
1487
2695
3171
2580
149
4323
1672
3117
1463
1247
2485
2187
2552
1789
2385
2148
1514
3576
1187
3741
3831
1794
81
3072
1313
241
3842
3981
2074
2467
3079
4024
4202
2120
2513
3840
2785
58
3069
2519
2738
4184
3076
2114
3606
1662
234
3012
2438
1681
2128
666
4053
861
1254
3912
4271
4059
1766
210
4023
3957
2036
3735
226
584
4001
4233
1843
1172
4188
2117
875
1337
1621
1231
1840
3080
4378
304
4152
1836
2103
4367
2530
1803
4158
1510
161
823
3237
4051
1935
2812
1837
2101
3533
3334
2026
752
3689
1118
2214
4131
1881
3964
3891
3801
138
4362
2727
3921
2688
2068
998
2146
3896
2322
2280
3633
567
3015
1419
175
2406
2244
2205
671
1694
1791
2553
773
511
2999
1659
4377
2056
2818
2083
661
462
3352
3784
1319
1003
82
2394
3628
1446
4223
4235
3150
1360
3869
2885
3670
1481
1044
1249
3096
920
1996
3678
720
140
2721
2212
696
678
1240
80
2096
3066
2996
285
562
3666
1534
3543
734
327
3908
203
331
820
215
3460
4237
3400
1440
133
2693
1317
3920
2504
3488
3695
1812
1823
139
2188
2287
1785
449
3170
1818
4186
2547
3198
2381
2275
1942
2832
1707
3547
2211
1883
2690
1744
3056
1
3907
2741
4369
2575
1185
2044
174
1679
3449
3118
2489
2272
3303
3458
1469
2483
1343
3356
4027
2731
2742
3442
3159
883
1062
2535
3620
4222
722
1971
4328
236
2711
2563
1518
2665
1054
211
431
351
1095
3963
652
328
2380
1074
2052
1497
3327
1344
1783
3943
1326
1799
2229
77
1788
2375
816
2618
2064
643
1218
394
3231
1143
3189
2241
2642
1980
3729
2088
3314
2270
775
2150
1311
2772
3479
1416
2676
207
2754
2939
3088
803
723
2564
2240
1162
3446
2751
1356
242
3885
3847
2995
3791
3309
3093
931
994
3532
4366
2784
1539
2934
2601
2308
2826
871
1033
2277
60
2159
408
1135
2594
879
366
2288
614
154
3357
485
2919
2683
3777
3099
829
3039
717
3006
1464
1655
2361
79
3580
1437
1145
1112
2070
1535
1520
3194
3042
1722
952
1977
2387
910
690
2910
4034
3822
630
1496
1310
3297
616
4326
1640
4269
1484
3841
1695
1055
1259
4261
2732
3471
3844
4216
316
964
3581
470
1566
2466
4302
2023
2515
1113
1051
1645
44
2276
427
960
3092
344
3820
554
1146
413
3771
2408
424
148
2336
1237
422
1211
3085
4327
929
2343
654
1527
1046
2626
907
4364
3087
3426
4062
2382
2020
2091
318
3005
1993
1250
4048
2571
628
528
1653
4044
164
2312
1529
1059
869
3278
476
1414
3572
4215
521
778
1833
662
2827
3410
246
880
612
3561
3010
459
2086
953
3470
158
1482
3888
526
868
3587
3040
461
1068
3788
2009
840
811
1036
1815
2468
2636
2964
3802
731
150
4146
1714
2781
1988
3835
3289
4003
2841
4097
474
451
278
746
2350
2944
393
2401
1503
4334
4134
653
2925
1622
230
685
935
2073
1536
519
3441
2446
1216
4224
1913
2099
1855
638
182
3328
3979
3857
3160
2582
821
1362
2139
330
400
1363
94
3322
997
3437
2644
4154
3845
3413
61
987
2055
2487
2010
4304
2774
2645
814
1842
934
2181
4298
2016
867
3690
2872
3293
1755
3326
2059
3632
2263
3021
134
4105
4042
2840
4228
2186
1880
4148
1846
3207
1648
4054
1666
2586
713
1047
1353
3668
2765
2204
718
3569
680
2014
589
2932
2494
3038
1523
2049
1203
1532
687
3739
4103
2341
49
3825
3235
405
3306
902
508
1839
3397
2238
1399
197
3782
2053
3121
1170
2097
806
2639
2962
2331
146
2916
4324
1997
2144
3529
3436
3078
985
1321
2496
2048
3330
1208
1609
658
4299
2283
4268
830
1245
527
1418
640
2257
3859
3481
1635
2378
3181
507
2972
917
418
336
639
3830
412
3058
372
2492
2744
2289
4266
3186
1448
682
2511
1802
3167
1025
2285
2687
1098
1800
924
2815
3681
2062
1577
1652
350
2729
2745
1037
2758
2028
2237
1759
2208
2189
467
293
3672
1647
2600
3301
965
2334
2627
3530
2715
4092
2072
3052
54
900
955
1827
3849
195
576
891
300
2249
4142
1682
1020
3994
179
4370
1072
2943
4070
2215
136
1786
1864
1140
2670
3555
1105
196
3531
2637
2809
3440
1424
2109
990
1050
1884
2807
2469
2393
1604
3837
1252
2527
1989
3474
3271
2946
3949
3630
3411
1309
2207
3324
2694
3421
4182
3624
561
3876
3684
355
3419
3132
3304
2576
3625
3656
3607
2058
406
656
294
1643
1938
4073
91
928
2321
632
3317
3166
3097
1045
4354
1657
1589
1392
349
2400
1594
4074
1165
711
1060
2184
2231
297
2875
3897
1394
3444
3879
3736
1876
951
3456
1236
4039
776
1658
1824
3268
2757
736
1888
679
3993
1116
689
1035
2856
1613
3129
3669
2831
1017
2712
2045
487
280
2054
2858
2047
3428
3176
665
3982
777
729
147
3310
2884
2559
288
1821
231
1848
3594
670
321
903
999
3016
629
3878
212
2153
216
3914
1314
3022
2704
3267
3798
737
104
3000
1757
1026
1611
1985
430
45
672
2093
4005
1411
1845
510
1449
2033
3081
4368
1890
2814
1669
499
1995
3348
1141
4330
3313
822
62
697
2018
608
1139
2317
1355
1436
2462
3161
4321
2907
2588
817
3781
585
1331
275
4035
1631
1348
3866
3697
3609
1709
3163
1505
1009
4153
698
4060
2617
3824
3534
410
1576
1623
3942
2217
1877
4006
3910
2597
2471
4090
498
483
2851
2335
1999
3906
1763
1202
2447
141
2151
738
1593
1401
4212
634
1352
2813
2359
908
2224
3892
1699
2149
2554
882
1299
4193
3902
1987
3985
1602
586
2514
2197
1619
3073
2340
4231
2475
1568
2753
1603
3911
1491
3953
3125
1186
3126
471
478
2046
3155
2699
733
3423
3557
3980
2497
2305
1012
1608
220
3895
615
2820
223
4272
4373
3360
3408
2737
1870
1572
681
1569
3342
918
1161
1109
2761
2330
3007
3063
3242
552
3345
1189
1994
1737
1620
2573
1728
88
3130
3299
3834
692
1443
506
523
2258
4045
1847
1498
3054
3100
3294
2348
2284
2961
1519
4052
1196
4226
481
2194
2550
3872
4348
3629
2311
1727
320
4319
3904
2260
926
407
2819
3597
1031
712
2282
2221
2066
396
2286
3568
2050
51
4079
3120
518
353
3316
1361
1578
785
75
3635
284
3472
389
1402
4379
1753
4204
2265
1765
1193
1301
2353
1107
3999
3654
1405
3346
3537
1335
2706
986
1703
2389
1912
4317
1642
3269
1970
4264
3136
85
3553
362
3045
2524
290
966
3331
514
1160
3234
3083
2360
3232
3812
3809
1058
3808
3698
1575
2871
235
843
1811
4291
2430
3475
2776
1844
1865
2463
609
2873
1094
2226
3425
356
4107
1822
2271
4056
2259
2917
183
1853
3794
323
1599
1061
3215
1819
315
2730
1787
3612
1251
319
4198
0
1644
1307
251
4232
4200
3364
453
3805
3416
4187
625
3613
4029
2928
1421
1579
500
3476
1364
1438
1605
3402
958
2561
3091
621
1550
491
3467
695
415
4012
727
577
973
450
1712
1038
2667
1108
2816
2549
3353
1480
3850
3655
1886
172
3664
243
4081
43
2963
4196
802
4133
3900
2092
1979
3291
2546
2480
2768
2267
3608
4350
1043
3599
2482
3277
2003
2864
659
569
2060
1423
1830
3987
3600
1983
3577
844
1029
2623
1042
644
2749
4010
3064
1974
37
237
1493
1504
1732
4068
4096
433
3733
1515
3439
1810
4106
2193
2395
936
1591
2867
2877
1332
2225
580
660
825
4203
1010
3661
1857
3427
1770
1633
4243
677
1053
1951
1601
2234
4043
2633
606
4206
3127
2465
743
1858
2697
2442
2261
3611
1501
3312
3955
3415
618
1312
1340
1244
1235
2578
1242
2628
86
3329
3915
2247
3098
1950
2806
4325
3945
2351
3349
2141
1052
2352
676
3300
2674
836
2678
1863
2069
674
1485
2075
1104
2938
4218
468
1391
2488
87
3541
334
2918
392
1940
202
2119
151
1733
3339
340
4075
693
993
1462
2185
1612
1949
3734
3961
4076
2007
189
923
165
1167
2942
2724
4179
2376
3084
4288
3452
2402
4194
3200
1212
3464
1708
3343
3560
3041
4086
1524
1213
3588
2862
3321
3174
341
4143
1359
4028
1468
3195
2256
1368
583
1544
3903
2735
2957
299
2947
1943
1000
1171
1748
2548
2274
3662
3238
1306
3610
975
502
2248
782
2865
739
2726
1467
2363
4021
694
3431
2666
1793
1911
218
832
289
3619
4136
2828
1660
1739
1483
1704
2220
3
941
3688
2792
957
4372
4342
2541
2061
2309
1663
2444
3236
1239
921
4296
1229
1516
2596
326
1022
2937
1944
3603
3004
3438
3044
2230
2152
84
41
2824
4157
3290
1649
1260
2973
4145
3168
2825
3671
940
2027
3675
624
2533
2085
1034
2912
2115
635
1889
1122
3477
232
1565
3358
4130
531
2145
1867
702
673
2125
4058
3693
2031
2063
1225
1723
1856
1434
1717
2595
2437
2443
401
4338
3863
2386
475
3774
3193
490
1021
2720
2544
3187
890
572
3489
4220
4159
1871
3462
3210
2195
3552
663
3785
421
2006
979
1492
725
2640
2390
1760
4040
1339
1476
894
2736
2219
909
2523
2643
1936
395
3086
1490
57
1808
2746
2505
1513
2278
342
1228
1206
2470
700
3046
683
480
3596
168
3204
3889
2127
828
3082
1741
4263
3823
4091
1397
3292
708
3962
2080
1316
286
2968
1014
707
1854
3772
2236
3565
3913
525
4150
3592
807
558
4094
3864
4211
1661
3948
2509
2888
2095
3319
2913
4030
303
1816
4151
3894
1746
1838
914
4014
2948
4132
2958
332
4099
3775
3043
2493
1606
863
2679
2227
3989
3692
1740
1255
221
3482
3780
513
3946
1205
1232
1048
1525
4177
1720
469
611
1508
2924
813
2532
4363
3616
605
2196
3922
3318
2953
3199
98
338
1903
2681
704
426
3804
1400
3893
2743
503
3162
2526
1796
1829
4337
1552
1738
419
3466
1914
2364
3362
2857
2349
3984
1764
1511
2929
2346
4207
2029
686
227
898
2123
4000
1792
2880
1809
4293
2969
2941
3988
1338
1907
3405
1948
1219
3305
930
3398
2566
1530
2161
3528
1166
4295
2833
1198
1248
171
937
2675
2585
3457
3123
2883
1005
4234
3792
3156
2246
4055
3991
1207
3018
2914
287
2908
3311
2587
3595
3853
1998
1875
1041
3414
184
1174
3468
3623
2076
971
3036
1600
194
2210
3738
2126
3538
512
2030
2107
573
3128
3559
2959
1769
2713
3333
305
1030
647
989
3901
4189
1241
1625
2410
4329
4270
2620
1303
404
2433
703
1873
153
3239
296
980
4149
3535
4219
574
1592
358
3009
2599
4016
866
477
3409
4147
2320
3852
613
99
1905
2733
347
2098
106
949
276
2209
691
4046
3071
3214
3602
4101
186
493
2503
4341
1217
3636
2338
839
646
2583
2750
2388
889
3366
2155
2198
956
2203
2624
1164
4160
142
4292
1543
753
1724
1915
436
2106
3229
1590
1209
2537
3659
425
3574
455
4007
3484
4331
4383
1627
1910
247
2543
1049
3800
1745
187
3164
1549
2837
1526
3737
1618
818
3539
2160
655
1542
812
1200
3060
1683
3680
3527
1334
4344
754
473
3905
2716
2065
977
2886
2079
1573
2691
3202
2355
102
2747
901
4100
494
3338
3104
2032
3806
2931
4144
1341
2043
1869
1973
2038
2403
4050
3002
1221
740
983
252
1700
2192
2707
1324
617
1300
2821
2518
2810
1478
4069
1730
2773
4020
96
619
2142
2508
3445
1651
3803
3133
3582
3013
1553
2434
2441
