354
160
209
1
342
306
338
259
137
120
217
123
321
383
126
104
257
275
212
376
47
175
179
337
12
198
35
86
399
60
96
251
172
199
176
28
72
14
372
325
368
90
272
331
149
360
23
397
252
54
184
31
334
119
77
94
361
162
237
340
188
83
80
18
356
7
258
115
154
377
133
230
341
65
192
222
153
326
248
223
117
314
27
343
109
108
333
152
336
87
190
41
191
164
127
238
100
302
386
281
194
289
262
319
135
68
161
290
9
283
359
132
214
139
201
193
396
363
129
53
128
6
364
102
255
247
130
55
145
38
313
34
323
350
382
261
110
64
284
328
347
186
174
228
401
293
351
242
239
75
221
256
299
215
26
25
402
45
84
98
233
167
88
269
0
52
42
250
240
168
169
367
330
20
384
271
244
266
185
375
157
118
400
243
387
103
150
225
264
136
57
144
81
121
63
332
147
301
92
327
24
362
112
106
265
329
311
254
298
70
46
211
51
195
156
82
171
344
390
229
219
44
378
5
183
303
300
348
22
324
124
111
358
276
296
206
101
151
79
50
235
138
231
66
40
318
249
37
166
78
200
295
97
322
99
381
260
134
15
122
312
291
116
187
13
155
316
69
270
355
371
226
308
282
29
71
234
294
56
245
107
59
286
394
143
2
285
4
148
365
43
287
274
216
224
36
208
305
10
91
19
246
218
315
49
278
392
16
309
113
30
95
373
32
189
346
389
391
398
307
339
140
