662
547
364
377
360
643
95
936
896
259
641
657
652
236
837
206
126
560
404
842
416
903
850
808
583
72
466
288
87
731
180
379
408
561
166
743
270
704
208
616
763
303
610
934
278
680
380
325
242
239
298
908
431
819
800
158
492
361
635
195
721
59
313
703
881
521
930
518
708
309
768
669
740
432
57
198
160
681
64
814
388
868
599
355
170
76
130
425
578
483
396
3
217
694
676
212
356
584
413
20
282
98
742
430
698
199
582
733
658
634
637
159
225
124
151
817
604
103
409
465
371
347
220
70
403
779
722
790
38
88
902
753
306
9
596
241
777
202
815
500
421
781
7
359
587
505
41
487
557
34
685
363
770
368
100
75
111
334
473
472
617
13
110
452
838
375
927
145
50
645
258
911
218
884
436
240
337
204
912
506
575
928
448
524
718
291
353
623
541
401
533
807
660
246
794
571
330
39
14
745
137
275
806
863
823
622
91
925
684
549
679
897
854
47
135
889
117
929
286
687
99
420
92
331
588
546
888
686
358
302
168
728
215
555
15
597
489
192
667
931
470
35
250
230
887
935
167
475
293
496
516
784
570
127
529
841
272
128
801
122
553
399
725
867
829
389
203
86
769
620
323
710
386
338
461
97
422
565
576
824
477
609
515
28
85
613
914
285
647
595
112
247
490
520
809
357
171
783
129
310
797
24
562
394
287
491
254
172
488
378
155
185
605
463
118
642
400
764
6
406
503
67
214
522
55
62
320
397
618
134
194
715
612
229
343
4
150
277
885
442
340
846
49
905
702
48
818
54
300
113
261
96
840
900
102
664
69
574
756
535
795
693
231
252
398
865
831
17
469
417
154
899
939
350
514
351
938
232
812
537
872
177
532
539
845
626
121
670
538
594
792
606
759
847
37
317
915
383
435
22
2
173
104
653
243
10
805
12
677
774
479
926
705
414
328
265
142
735
23
481
61
707
411
855
449
80
754
589
719
228
825
444
147
366
60
216
274
385
289
83
508
581
760
476
51
344
856
222
730
211
415
429
530
920
209
834
528
737
891
712
273
427
321
858
423
115
295
724
525
559
182
862
798
152
788
832
346
711
672
65
133
292
937
785
919
333
567
305
144
909
766
765
109
625
644
579
796
381
8
280
105
544
923
791
267
73
174
296
205
402
876
63
519
428
651
308
619
32
311
197
176
607
251
848
81
162
456
663
138
875
878
820
370
671
893
249
782
190
648
709
859
460
341
90
593
877
713
879
650
654
193
301
304
757
511
614
507
480
918
907
410
678
148
665
294
93
898
591
271
369
552
573
175
390
485
761
395
458
568
183
509
586
372
224
322
5
495
178
772
187
750
455
459
44
245
367
446
45
478
71
726
873
566
189
365
741
717
467
424
74
329
608
601
527
179
191
894
184
773
196
554
636
264
534
558
43
426
716
256
21
181
517
501
284
471
498
932
31
723
82
691
268
297
813
139
213
263
826
673
551
52
682
744
851
749
374
816
257
600
336
146
748
19
803
281
106
767
904
502
633
16
161
376
235
443
163
84
445
453
611
335
233
165
786
933
688
223
29
319
827
262
447
697
56
210
787
640
857
696
27
53
603
78
299
615
244
482
89
646
279
354
107
437
434
33
895
123
550
577
883
18
675
412
639
462
789
861
486
433
913
345
238
910
655
843
901
580
666
630
119
312
66
689
890
564
833
776
802
631
720
598
870
