2156
6268
3545
1028
914
5596
1459
5601
1132
3988
5112
822
3646
6233
5396
6525
4082
280
5751
1165
4960
1899
3041
2806
862
6247
3336
4628
4679
1820
658
1613
6053
1880
3750
3299
3632
3188
693
4967
4637
2164
3808
531
948
1158
2831
4182
2712
4836
4210
5162
2108
2302
4789
5263
6512
1310
3051
262
2988
5387
5483
3916
5731
3694
4948
336
3094
1662
3548
6157
2258
447
1362
5098
5859
5090
2263
3624
574
5072
3587
478
5426
830
3092
5006
4627
6270
2469
5450
4386
33
1822
4092
3025
2565
2873
6326
1985
2585
2614
6329
3854
4305
4532
529
576
5082
2383
4457
3745
2709
2761
2780
2778
5132
2448
5914
735
5993
1871
3731
1321
5849
5814
4383
6065
5580
286
4995
3414
3860
3809
1473
4035
205
6050
686
176
5932
1486
371
2807
1712
2483
4377
30
6343
2970
6253
3180
4237
5981
206
5990
5223
1891
1378
2629
6255
4482
4947
4244
5860
5850
5452
1328
2063
294
44
4610
5286
4192
5598
2661
5982
912
1782
3865
1083
778
6402
1499
1184
5592
3806
4015
6523
6169
6452
2910
3680
251
1175
712
493
818
5928
153
569
4018
2304
5341
6434
3310
3598
3709
5275
3042
633
6214
6203
5165
3572
4838
5916
5546
3297
636
355
838
1603
1581
2801
2144
2616
5999
4630
4190
3258
1392
90
2061
5454
3371
5163
1021
1467
2897
2155
3014
2206
114
6386
4546
1169
2929
2539
2221
6550
2968
6063
1546
2328
2912
819
60
425
1721
2983
4285
334
4673
1029
2935
5503
645
3688
3923
1536
3824
4793
3476
6136
4107
1398
2622
5834
4745
4997
4903
870
626
3755
4316
252
742
2458
3054
4024
2358
2209
825
1163
2380
5554
6526
665
5394
6440
1686
971
1602
1828
907
5447
4586
3792
3028
1458
2462
3719
1991
2344
1647
3470
630
1932
5927
4276
788
708
5539
567
3989
5201
6428
2880
4536
3301
5770
2410
3225
6488
6162
3695
115
2351
2028
2685
3176
2194
5739
436
2213
2799
3466
3823
4885
714
1087
4456
5844
587
4218
6354
2484
3579
4294
902
2222
6172
6079
1806
2042
2404
5514
641
3043
5253
1356
864
2357
4253
416
408
3699
4475
3331
2318
2485
3057
501
3715
5616
4827
4946
4389
1034
2668
2809
32
428
5632
2832
3597
467
3726
5747
1869
4505
2758
678
2349
5206
6221
2638
1657
6454
5156
2563
4240
5583
1313
4010
3577
6388
2781
6468
1324
3105
2226
2269
1665
787
5276
3172
3292
4071
3676
1283
1421
4371
1776
1660
4012
2372
4162
4201
1766
4270
4119
5717
3183
2881
171
3353
4882
3784
5357
2650
2185
2558
882
1873
1878
414
3925
2319
1067
1054
2634
2179
743
298
5698
772
4067
367
6319
1123
3215
4504
2964
1633
659
5518
5974
1897
747
2596
4440
5047
3281
2310
960
4703
2556
1507
801
6398
664
3788
2
2036
1883
4633
1189
4223
6058
1366
5578
2467
4178
885
4856
4841
5924
6430
4111
5910
2309
5026
6126
676
4102
6381
386
4069
2008
2674
4547
5141
6356
148
5027
460
2692
4278
1818
143
5832
4310
5760
3650
443
6315
404
4152
537
4832
354
5888
2071
1912
572
4205
5499
2649
4881
5075
4545
2560
3878
3366
5753
4013
3937
3949
3319
1078
1386
4145
5848
5912
5048
4843
5304
1461
1070
3953
1372
388
1680
3339
1394
1245
983
737
1135
3917
461
1316
1126
172
4477
981
4229
2783
2392
969
3106
479
4057
4616
421
4816
2977
4116
6207
459
1772
3222
5905
3300
3017
3702
5565
2677
4531
3867
4188
2103
1715
6353
2207
6535
6208
4367
4146
296
491
6359
3416
602
4232
1861
5526
5729
3843
973
5818
3309
2647
5923
3921
3251
2123
5044
499
4056
3040
5280
2151
2077
2090
3758
1848
3341
6537
1628
5157
2690
3048
2163
2124
2299
1623
2052
6448
3706
3313
1916
952
1154
5339
2652
3053
6347
6453
1824
5828
2590
5827
5998
1048
1351
484
5237
3473
347
695
4515
2389
424
1299
37
4254
6344
6384
5720
3960
4158
6304
381
5089
1385
5669
3100
894
4522
861
6310
6256
1659
5508
5564
316
188
5568
269
3852
4622
5679
2789
3226
3472
6391
4028
1253
4949
2064
5963
1769
1846
4478
3628
3264
42
2986
2050
376
780
4268
6549
1178
4234
5608
4730
3734
5348
2219
4521
1562
2975
155
3828
6320
2675
5306
634
2397
1691
771
1294
181
4862
817
3260
4269
2293
1293
4168
3850
4833
3943
104
6200
6451
5765
4473
5588
383
6331
1749
397
1974
6392
3262
5164
4794
4452
3458
4088
215
1416
6534
5842
3877
2384
361
2613
93
5654
1582
6308
4142
4428
798
4966
4345
5153
1653
2055
911
3018
6069
1571
2259
3283
5079
3627
432
2848
3740
3825
6017
4810
1856
3637
3678
713
3248
1410
2329
3421
3711
4741
4387
6149
6442
6156
3240
5975
3457
1920
2600
1174
2471
5438
1925
4587
741
5728
2918
36
3595
5973
4736
579
3742
2533
4629
3230
185
3762
3430
1137
1675
3427
949
2492
1258
958
92
2092
3236
2593
3996
266
3355
1748
2409
3459
1821
476
5677
3641
724
2201
1975
1980
5379
5589
3
2172
4245
3930
6251
3315
227
3961
1334
719
5486
5896
4973
1393
6204
2289
5074
1254
4897
2930
2385
4256
3104
3849
3298
1605
5899
1262
3686
874
2070
5376
4398
5093
6009
5954
1352
1646
6327
923
1079
2680
5251
6432
3990
2334
4286
5494
1777
1809
2794
5664
2868
2204
3375
3604
31
2921
3818
4204
2121
6064
5135
326
900
3235
5660
2053
829
5826
2342
635
2927
1181
4876
6226
156
1757
1697
1136
5658
5673
3181
5545
4385
2551
27
863
541
290
2086
5020
483
3318
173
1084
6209
2333
2170
2521
3345
2617
3679
2297
3673
544
6463
2498
4952
3433
4198
292
3209
3936
1692
3741
2971
718
5702
4272
2280
5665
1816
5159
6536
4533
3439
1329
666
1039
154
5913
5627
4450
329
584
5212
45
1488
5431
1813
5942
5587
3342
3216
4585
434
4220
1730
3552
1709
3793
3239
575
4613
2117
11
253
5012
1468
5427
4280
2871
2322
6390
1635
3019
220
5504
6514
3942
263
1345
2214
3800
1804
1391
1703
6517
2632
5708
1737
4525
3185
5367
1353
3955
267
1956
5613
559
2625
1333
4597
488
146
1619
5115
2627
5152
3730
1200
1640
5771
1359
558
4259
552
377
6239
4070
4314
111
3431
3987
1402
2879
113
288
2791
2900
109
878
4309
5328
3869
3909
1957
646
3712
2284
6324
5759
6532
6486
1569
5612
2303
5218
492
2989
184
6340
3940
359
5570
5540
3312
2466
4893
2967
4034
1615
1961
3265
6146
2032
4433
4808
6084
4998
2904
5819
6552
3052
5332
2544
48
5080
2892
4632
1076
2479
1082
5238
2368
4390
543
4030
5733
3303
3826
4677
5103
5478
3639
649
1298
214
547
4055
643
21
4471
792
4934
6257
1734
2764
4811
4807
5362
225
814
1073
4449
966
4865
4848
4020
4368
4400
4599
4165
854
1485
5591
1306
700
5620
6164
1336
1744
3648
5519
6337
3636
401
5642
3685
2021
2888
5988
3360
5134
325
2644
3900
3876
5843
3154
6421
4173
2010
5626
1206
1743
2167
4540
2177
858
1027
449
15
3803
1971
4179
2628
20
4117
5774
2361
2784
1750
2937
1879
1506
3804
1291
1576
2571
1688
2034
2216
5862
2474
1819
3419
1167
3875
95
694
4437
4795
5366
4527
1962
3631
3231
4818
5638
1326
5033
2670
2842
3317
6175
1634
250
4614
1807
2963
323
1482
3436
271
1843
3817
3259
2587
2105
3228
5010
6489
1774
2468
2020
3373
4096
1733
1978
1060
4523
5917
2895
3177
1180
1858
6248
1480
4139
5008
3753
2700
1454
691
259
1144
407
5586
3629
2678
140
4444
4147
64
6206
6325
660
6316
3728
1617
1246
3958
4517
4701
1194
164
2654
4009
1853
4468
5520
5855
897
3328
4420
107
3727
4520
5824
1249
726
254
5170
4370
753
5953
2346
1140
5371
363
1896
5645
486
3764
2051
6401
5014
6377
2406
3271
2494
4867
2255
1781
440
5727
5715
4528
2378
1081
3964
3905
4184
5137
806
4059
2703
291
6210
6450
470
5853
119
1547
3862
3791
1503
273
1970
4110
6199
1833
6333
4470
3444
430
3592
1408
274
2203
1303
1159
555
3441
6339
4936
116
6130
5766
3691
2662
2249
4304
147
264
3630
1866
5577
186
3551
6134
1780
2120
580
5377
411
4011
5086
1497
2301
3675
2715
4814
5220
4231
1735
773
2066
1706
5102
2608
5050
3357
963
5352
197
4888
1182
4407
5260
365
4738
957
2833
1056
4676
1745
5656
4250
431
4788
5139
287
6051
1426
4014
3321
3951
5241
5247
3588
392
1201
873
950
1368
2097
3454
3280
279
4200
4884
207
4072
1429
1300
2115
855
6232
5208
3184
4374
4312
3946
1579
2375
2278
1335
441
2254
5676
4283
2763
5551
3050
3219
1708
5941
4524
435
4447
221
4892
2890
1080
453
6135
3032
3929
3376
4734
5114
836
5978
4864
5659
5691
4945
6049
342
833
4699
4032
5528
4183
2402
4501
97
5344
2100
417
3348
3102
6235
3455
1493
6490
1964
2290
3223
951
5657
3461
841
4744
5961
5746
2656
2795
3316
3308
5231
4824
2840
5174
1621
2708
4844
4693
2756
3733
3549
4669
2257
6378
2102
2317
3202
5403
2272
5650
916
3015
5742
1631
1559
5124
593
775
888
445
5340
5947
2922
4819
4144
160
3805
4261
219
5750
4290
1894
1803
1881
5123
5380
5320
1093
629
204
1658
3474
2338
2464
2536
4624
1422
2060
2924
5563
256
903
3038
4265
1672
3027
2352
522
1629
2037
1114
1296
5964
3649
6516
7
3816
4870
4863
1612
6211
4216
961
1738
6433
4511
1409
3998
1867
1993
6132
4464
1673
3807
1812
1902
47
5448
5126
2006
4683
6011
3915
1713
6163
5264
6541
793
4926
1094
872
28
5904
2281
2974
3634
2658
6133
6425
2790
5971
3829
4215
5506
3224
4197
1847
3174
5972
1479
1501
2004
2016
4170
5517
6351
1761
1141
2582
701
5217
5390
2805
4033
4786
4472
5655
1544
1396
4927
4887
2195
6548
5863
782
3013
656
5039
3332
2785
1331
2265
4636
5321
4708
281
4618
6155
5361
2920
2804
5149
66
5128
68
196
4842
1338
5429
4805
5034
199
1453
4857
856
6335
4016
1823
3055
4787
2657
620
4690
3438
4682
5384
5257
1164
3596
4361
218
2586
3797
2489
6314
5851
2341
5552
2786
1052
3744
6217
1476
4480
750
1771
5001
180
6349
427
420
6061
2353
2373
324
2054
1566
3247
5250
5939
2490
5558
5575
5322
4643
669
2893
4189
1483
182
2705
2217
1827
839
2376
3445
4087
2576
6557
4944
2454
3306
1256
5969
6019
3674
1855
5943
2171
5906
840
1074
5569
5336
12
6158
3700
851
3099
167
2211
2876
4596
725
1425
1406
1387
3948
1815
5532
3840
451
1689
4255
4302
3091
2646
975
2188
4355
4022
4479
335
5316
2773
3418
1062
3322
3830
5690
4003
6387
3544
6205
2896
4896
2907
3171
588
2630
1963
2308
390
1666
5605
201
3460
3690
2962
6231
2528
2958
1248
5092
2273
3836
3594
102
3677
1198
3350
4785
1625
189
1969
4680
1977
1826
2835
1469
5694
2688
523
3547
2296
5515
5230
5582
5451
2291
6519
2607
1157
4672
3044
5397
5127
5991
5038
3464
2298
5683
3724
4320
3163
4854
3314
717
876
2323
149
6464
3652
2883
6563
3670
5949
5757
1701
3907
1130
5002
517
5718
1914
2450
5262
2694
6259
3279
2248
4431
6383
2251
2459
3934
1670
4695
2091
1731
5004
2200
4639
5130
6007
1986
4705
87
2925
6225
1197
5985
379
844
6395
5525
6218
2311
1895
3713
6243
2315
727
1464
3329
208
549
1192
3296
2043
2588
4941
6447
283
2523
5035
5213
808
4160
3589
3425
3352
5131
4518
1131
4429
3356
4351
2878
752
1149
39
648
5900
6444
1556
2980
1767
3233
2984
2267
4196
536
1053
4325
2331
5167
1537
2584
4427
2651
6470
6423
5145
2759
58
6068
1252
709
642
5285
5921
4167
5681
4929
6494
5970
1742
3721
4207
924
3693
2480
4235
4113
2068
4455
5094
2109
1652
5270
1775
297
632
6543
4114
5070
2125
1456
3335
422
226
4358
6422
5710
2934
6456
5930
4350
2400
276
834
1840
4687
2909
3933
4007
4077
1981
4875
5685
3097
261
3801
2366
2391
2877
3584
1563
5356
881
5331
4313
1125
6429
1289
5560
2174
5948
4835
3761
4647
5346
6338
1784
784
1736
3846
730
1668
2540
1558
2908
3449
697
598
5107
1064
2005
5119
5305
5979
3232
4106
2307
4804
571
2382
823
1541
395
5205
402
5894
6438
3450
3254
458
1432
6245
94
412
1690
4970
1904
3478
5529
2405
5637
4230
4151
5228
1042
1779
568
2336
59
6059
4415
1972
4889
6196
705
6139
1403
3206
5207
5224
1656
3354
3703
2605
1787
5392
3437
5007
1535
847
3576
5041
1785
1404
473
3374
1134
6012
2150
2475
2847
2449
5543
2843
3156
794
826
4839
1077
5837
5457
6154
684
2875
378
3452
2664
3944
1865
2573
3756
2393
331
845
394
406
2689
2972
6028
3367
592
497
1837
2187
4858
5831
2321
785
3273
2208
2889
5042
2572
6238
6520
5234
166
3218
4095
4008
2104
884
2698
548
5633
1747
5599
6072
3479
2631
2027
1038
6165
6446
2279
893
3546
3435
5358
4541
6305
6021
110
1365
2152
749
5557
5424
6394
2186
3277
357
5495
556
1122
2189
799
1676
956
1075
1965
5455
1928
653
2451
4821
578
1340
1886
4706
1057
4380
5836
1307
1560
5272
4100
2197
5986
4191
2374
1678
1496
675
5491
5364
5350
4372
4704
5363
2019
1148
5326
6511
4038
5825
6234
1490
6151
4460
5327
538
3287
43
1849
4373
1911
2981
3602
5122
736
5436
720
4025
4461
4849
1337
4074
6426
639
4417
5310
1683
4604
360
2834
4996
2084
3874
3012
2960
1830
5255
2340
2932
6074
4740
5763
5319
2029
5144
2218
5151
5536
351
3203
2659
550
4681
364
5833
5980
265
19
2260
6252
142
5712
2686
2874
6358
4684
4735
6249
3024
3717
4149
1864
1534
368
2007
1355
3701
1922
5249
5845
4266
1462
1170
14
5744
89
5219
5435
3333
651
4640
1573
5176
982
5500
3732
6561
3267
2356
965
4366
2030
1023
4277
2026
5443
2660
4323
5453
1417
6530
5983
6483
6542
400
1305
5479
1722
3654
1044
5049
797
3275
2320
358
1411
4375
4062
2695
465
4822
4086
2264
455
2472
4299
4667
6244
3305
3179
2223
2407
3276
1694
5154
1369
2282
4394
2611
4595
5315
6145
2884
5512
6168
869
5745
2087
4956
6443
5602
6066
2227
3269
5775
3153
1753
5662
3334
2324
2165
5865
516
2166
3908
4621
4424
4362
4247
6379
2184
4930
2118
5458
340
527
2602
2035
2359
1045
448
786
6140
1620
5029
1041
2919
4872
2015
372
2547
637
2894
4820
4698
1751
4211
2365
848
1627
4262
835
3463
5245
4037
1031
1430
2606
6267
6493
1958
5619
6131
3253
350
3257
1663
5611
3021
480
6466
2370
5099
3164
5695
627
3845
5965
4638
3199
3016
1610
4880
2710
1838
5670
4297
5085
3811
5907
4537
5265
4172
2796
2388
3553
5854
3417
5758
2082
1783
1983
4823
5375
1929
6458
2461
5383
5222
2830
5349
285
1661
105
875
3879
5425
3798
2274
1322
2595
624
4402
4742
2902
1388
1857
1997
5945
4163
4306
5919
4435
5278
339
1637
5021
2992
5553
2225
3918
1762
3927
3422
1992
4346
3813
2562
2559
5510
35
2973
5108
4209
3266
4284
2325
3920
2957
3786
2220
5120
157
5369
4093
3286
270
3160
5653
1259
3187
1564
776
4548
2916
5073
2495
5482
2101
5909
413
1375
3757
5225
748
1405
6518
3423
1346
4502
5643
2936
4543
2760
475
711
3910
2288
1685
4535
5083
3799
5571
533
1973
5709
1851
2891
1035
1381
1740
5015
5142
2045
1952
4606
6545
5009
3593
1401
322
2561
1842
4401
1764
1677
2116
2038
689
5651
1888
5084
4796
2913
6124
5607
6522
2496
1863
1679
3968
6469
4442
600
5032
4213
4419
4993
1304
4103
5955
5370
5890
4412
4186
3255
1364
4061
4005
6321
5652
586
2524
2581
805
4589
5911
5976
4466
6460
374
4404
4267
1870
1036
4454
702
1984
6457
3359
5355
4830
3221
3451
333
3835
2619
272
5040
5161
2314
5353
4972
5625
5622
4252
682
1982
539
5609
4729
4185
3873
3250
2159
791
4600
4141
5864
4296
2261
4817
2566
751
2684
3645
4439
5584
415
4438
5456
98
5111
721
2838
1347
2704
5069
463
2145
2228
1118
3197
5966
3625
2491
2577
4743
5534
3705
1022
1909
6544
5279
2978
3591
4866
4641
3155
1950
3643
2364
6560
5485
4937
5815
2578
2074
820
144
2017
5675
5561
5542
4992
1898
5202
796
4287
1829
1051
50
2040
5505
2798
444
1844
1319
2014
4406
6128
396
2642
1889
5481
1397
6077
3853
4955
2800
601
6030
581
2966
4140
3237
249
4446
4685
6001
740
1548
5360
2618
638
591
1423
2845
393
332
6055
1839
1339
1852
2367
5646
2094
4529
2663
4085
2256
4405
5258
1185
4965
561
1203
5531
4153
5996
5105
2072
3737
2869
0
3810
3447
5701
4969
6242
318
1318
4292
1418
1474
247
6254
964
1834
6083
5022
3729
6540
5259
4463
3302
1455
4462
5618
5895
1654
4169
4203
2395
5053
2146
570
5936
1032
4281
5143
5703
5028
2157
2056
6334
2987
4108
1741
4801
4877
5740
6318
2039
2048
5140
3962
6250
5639
5016
3859
3754
877
345
2500
3288
177
4399
6213
5385
4991
5169
5314
6467
3192
3722
3178
4899
5573
2456
1681
2792
6264
10
3903
557
1626
6258
6062
922
5901
3263
3842
2808
5121
6342
3293
1699
1810
5621
4869
6142
4083
3165
4413
520
2548
6143
1854
1578
4483
1284
3573
1357
1704
2348
4194
3039
5197
1967
3747
5200
4408
3175
1630
1998
3866
4514
4289
5268
4898
1470
1116
433
54
4081
4249
6419
1068
4625
3453
1918
4594
4029
399
1127
5433
4602
3346
1176
200
6524
2610
3819
4166
4156
3966
6081
216
4802
2575
2766
4397
2580
2371
1046
2553
5117
2190
6492
5748
2771
1288
2477
1903
1841
6150
738
1835
1752
3783
2354
5846
4891
4091
795
4181
1297
1188
2202
5606
1145
6003
2330
6436
4443
4974
5716
1874
2305
4109
3839
562
1746
625
5071
1250
5935
1342
4416
343
3922
1951
4968
5088
4459
4999
6224
2294
5096
1725
2460
429
6147
5636
5168
1786
1921
5372
195
4434
165
4271
4503
6311
3590
178
3924
4951
667
5013
5343
6122
917
647
671
1043
4264
3096
2906
4321
6533
1540
152
5962
5668
6529
1955
3204
2699
4644
1431
112
5817
2122
3304
3195
3815
5756
3098
3213
384
4238
4871
3821
5160
469
1724
2073
5541
34
55
3760
3738
2363
450
5521
739
3194
457
1457
5549
4318
3857
4027
5317
4227
5003
1040
4526
723
2672
5374
2212
5043
1494
1622
3684
5400
1424
5533
4809
5091
4423
831
2295
26
2390
1877
4615
2623
1954
2782
6166
4688
3795
5527
5239
3967
846
1606
3282
2676
4068
1374
4356
2285
2113
341
2482
4873
732
4846
255
370
955
800
3047
2969
1710
1162
5398
1395
2408
375
623
62
6236
821
423
2841
5337
1332
707
2355
5887
6008
892
1341
5378
169
1999
2079
3575
6241
2537
4002
5908
6080
849
5530
546
802
5267
3193
4174
1255
4733
3858
38
2270
2541
4619
65
5595
1460
2046
4900
1072
5889
4671
832
2332
2119
209
5699
2253
3208
4943
356
2058
1754
2643
1930
482
4874
8
5617
3351
2839
418
597
5480
6521
5944
2394
4214
2465
2905
5674
5754
6360
3832
1177
4852
3023
3751
1561
1420
1414
4099
595
621
191
6515
3868
5688
5628
1129
222
4282
4150
1058
573
6352
4512
868
1575
4195
2886
5937
5000
5960
6553
327
317
890
657
5030
5523
3814
1966
4357
1832
4859
1055
4090
1801
3600
5490
5548
1892
2160
1301
2846
2598
224
4263
6336
2224
6484
1344
257
6551
974
1716
6018
151
1868
338
599
3748
6060
4298
5593
5950
589
816
4395
4251
1415
2191
1705
5254
4258
2687
3456
525
5204
6223
1086
2093
804
2181
2633
3992
824
2002
4248
382
4075
4510
6052
6265
4666
1638
52
5714
4962
4148
5697
5866
6562
5226
5045
1311
6153
139
1399
4421
4588
163
3446
1317
1636
5246
5368
1358
3413
4315
1574
3365
4303
6374
3847
1718
5046
3947
1887
1577
2777
1161
5334
1330
5203
4301
1726
2403
2316
6399
2682
3581
4430
904
3794
5136
5106
5680
6312
1990
4065
6219
1427
5931
2810
4904
278
3217
5209
4935
1323
1309
349
3994
5852
5603
5994
3440
699
4348
5841
6348
5351
1872
3692
2903
5634
972
3785
4076
3210
2933
3739
1172
2767
4513
3550
2175
4260
5037
3368
3969
3349
1502
1714
3822
1069
4317
1050
4023
5221
5110
6137
481
4187
5550
5229
5147
5198
1773
4365
6350
4593
5173
3899
3752
5597
3863
5283
4000
3956
681
2262
4829
3995
2530
2044
373
668
5946
706
6197
2009
2603
2168
1257
4957
5857
5252
5562
5442
217
2768
1682
337
3952
117
380
2158
5052
1931
5498
908
472
3443
1371
1373
6559
5959
2549
6455
5281
2982
953
161
5767
3906
3720
5312
328
51
403
2497
4784
49
471
53
3291
4469
3289
2679
1900
1644
1139
5171
1642
4861
2457
1472
5005
4388
2343
1150
1160
2543
1484
857
4246
5240
456
5594
1247
1953
1463
1360
1295
962
6341
5700
498
5711
524
1314
2811
4612
5501
3337
3432
811
1551
715
6330
6127
1698
2076
1090
1976
4080
6420
3682
183
6071
5148
828
790
1327
5524
5647
4175
319
5556
891
3585
88
3475
5382
4702
1696
3037
3763
2176
1187
3644
1538
6389
1348
3851
5835
4617
2031
4697
258
2095
2797
545
2386
6057
474
690
770
2554
2990
3205
3045
6167
4225
4958
4851
3555
880
5023
260
4544
2362
535
3022
2350
4363
698
3735
1645
1831
46
4217
4538
5704
1758
1919
1143
3586
4376
3838
2112
4954
3442
1156
175
6014
2599
187
2640
3901
2706
2250
5172
5992
3182
1419
859
871
3465
5497
5839
1196
4850
2959
2788
815
3364
1204
477
410
203
3330
1047
96
3841
3190
5133
4063
6212
4895
5555
2837
927
5957
2183
2147
926
1707
4155
1727
9
6198
3261
5968
534
812
672
5743
2387
5430
91
5641
5749
3935
1825
2569
2107
1195
5444
4274
3325
462
704
4782
5477
1543
1063
670
5129
5644
1717
521
4800
5667
2552
4608
5199
1917
3638
5031
1609
6016
4826
5926
2765
3033
353
2306
2701
5393
3295
879
6485
2193
4319
4295
5347
2564
6070
405
4219
4709
2520
5938
3787
5118
4224
2707
2711
1033
2024
5077
2787
2621
6322
489
1315
1325
1146
921
3647
1756
4441
3834
3603
4516
5434
2069
6078
4064
1179
1655
4668
4634
3093
3340
6010
352
5816
2615
6230
5496
3161
3959
1700
5399
3294
4484
5958
2481
4226
906
5333
803
2041
585
4894
6138
2476
2266
3931
6000
5989
3749
3601
3290
1531
4689
3554
4403
446
4432
3904
3698
4384
673
2557
582
5024
3059
2012
2486
3347
968
2180
5076
5345
2327
2337
5227
4060
1061
947
5522
2911
4509
168
170
5897
813
3320
1466
1924
2283
4307
1639
6269
2398
3912
6159
3837
3268
4928
3166
1088
2591
2691
781
3812
2538
1092
3311
2335
3323
6385
860
4939
716
2775
5116
913
4078
6160
5987
3285
3252
4396
5538
2268
1465
6144
4678
6082
5097
210
4098
268
2901
5095
6303
3914
6393
4815
970
5101
3030
5211
4739
590
3820
4963
5925
4601
4243
4300
2762
5502
4584
4642
5724
4902
1859
6237
594
3926
6382
6555
3363
1910
4352
5342
4700
4539
348
2089
2379
3710
3928
2579
3708
2085
5696
86
2550
4118
4308
703
1651
915
3640
6
2347
1994
3556
5513
1926
3743
5915
5705
5830
5772
6375
1905
3467
5309
3026
3198
4233
2683
3872
5722
2205
5428
106
898
679
528
2277
25
2339
6317
4781
563
4159
905
2532
4798
5025
5271
3913
3361
5266
3683
3827
2522
2276
978
3238
118
4221
644
1732
2803
1624
174
1901
4670
3272
6054
1763
5269
1153
5248
6027
3746
5858
3861
1138
4242
2637
5572
3635
3468
6538
5236
2535
596
2162
5324
1907
1133
3725
6073
919
1554
6531
2096
346
2326
2626
398
2396
5100
1407
2899
6024
1557
3056
5440
1723
4607
6029
4890
1968
1026
57
5359
5713
867
3173
980
1802
6246
4953
6554
5666
1361
3833
3284
2717
5995
680
5388
6006
1370
5544
2401
1729
4094
1671
6313
5918
2312
1632
5574
6346
6216
5903
746
3220
2023
5216
2088
2601
4097
6380
6345
4084
5856
5235
1759
807
3993
4964
1760
896
3189
2597
40
1884
6174
3370
5214
490
3244
3420
4924
1959
5338
5559
692
495
1614
5282
5036
1379
3938
6309
6482
519
1030
5402
1611
5604
4436
2526
1508
4465
979
193
1641
2635
4288
293
2499
4171
5838
4
4971
6307
2991
4004
1119
731
4942
2671
4623
3574
6263
3626
6240
289
2568
442
5773
1059
3358
1927
977
1876
409
2645
2067
3426
2003
3932
6177
1376
2287
1367
1171
3201
6220
959
3211
3870
1528
2976
6396
22
5277
2169
2542
1529
2555
1674
2196
6260
810
1065
4001
1478
1049
438
4611
6067
4707
3864
886
4605
1302
1618
2210
101
4364
5956
2292
4410
1755
6173
6527
895
3848
5590
631
852
1913
5686
4445
710
6397
3704
2696
640
6129
3029
5391
4901
2178
4799
4026
5274
4104
1190
1492
6558
1808
6437
4860
976
5446
5284
5307
4592
5752
5138
5484
1664
3714
967
3919
2870
1413
5104
5951
6227
5308
4855
1604
3207
4631
3965
5166
5386
3578
5
419
2062
5537
683
3945
5934
3434
4031
5323
3415
1260
1850
4828
5087
3186
5113
4036
2013
5313
1380
1533
3234
5576
1728
2525
41
2493
3103
3902
4239
2714
1142
4940
4737
4273
282
3200
5175
4603
5755
5335
1643
1199
6229
5648
496
3191
5967
2369
654
1504
1308
6004
4732
5624
2923
5476
1183
1550
295
6228
3326
1988
4451
1120
1890
5732
850
1343
2639
4359
4694
4079
4453
4590
4381
3718
6015
5762
3101
1263
3653
3671
2531
3796
2928
1400
4868
1292
3095
426
2286
6539
1989
2252
452
2057
1669
2882
2000
1066
63
202
6487
344
2463
3212
6125
3031
56
6123
4534
3950
518
5629
211
2583
5158
4143
542
6306
5232
577
4648
4054
3241
4222
3036
2099
2047
2488
2001
3941
1089
4161
487
4959
5487
4519
2453
2153
1481
5373
3167
1695
2887
1412
663
5579
3060
3229
3214
277
4418
6076
6202
2080
2377
2697
4931
910
145
284
5693
5585
1151
3963
1166
5663
1173
745
6462
1565
2025
5401
3844
2802
5689
5566
3871
515
3582
24
4645
4635
4154
385
2545
2275
5615
2182
560
4322
4411
866
5892
3162
1765
687
5661
4073
6424
3256
1085
1684
1567
6005
3324
4021
6161
1893
2098
1147
4360
5051
5933
4208
5489
1814
502
5017
4686
5081
2487
1570
3954
4674
4112
6148
6435
4649
4932
4507
2589
454
4422
1720
2360
5684
865
1549
4961
5509
2844
5920
5441
1205
4508
1836
6266
4137
1091
842
362
4474
4506
883
5018
2546
5449
2898
6141
2681
4257
4347
5511
5997
901
744
2574
1025
532
2776
5687
2078
1885
6328
5706
5242
5640
1287
3672
5244
4803
5150
1261
837
2620
1778
6449
5445
4378
3957
5867
3429
