53751
11776
18724
24106
1100
1806
26041
49980
56474
34558
45283
29519
33365
8230
8346
38160
26956
46506
55486
50522
29369
2367
24395
53752
5317
59621
38117
32794
48800
20064
31833
28939
54883
56716
61565
28734
46580
55773
25278
3427
55941
60667
27126
26966
50992
25562
48677
49649
50892
3476
55027
28154
49861
1917
19544
47754
26834
27711
22694
48773
22606
25608
25195
34370
25569
49233
25286
54695
11777
54106
49558
49046
52284
17961
1882
4387
26837
38079
29160
49801
49687
18694
47989
50761
41154
24757
50132
4084
53850
38082
57107
59134
48973
42914
25139
41502
49137
38217
54000
49253
2056
1783
49136
51143
34404
49876
13509
58771
41092
29108
47742
52286
5501
10820
28290
56487
18772
46498
27909
49078
6667
27107
47896
35841
11110
22649
32738
15931
48503
54894
25304
16110
25327
48146
25776
55521
59047
56483
50129
53938
40629
10506
56295
25285
15424
29443
13588
54526
29141
1200
40957
52363
41565
61567
29379
60679
48728
23861
15884
25577
14528
55530
4407
28170
56132
29490
25675
59219
54177
5483
57997
48379
47935
60580
42844
32934
31173
50584
9501
57985
22819
49622
54318
42861
34738
33368
28581
41098
45253
42800
44598
13494
10814
42939
42867
1930
1862
34151
24008
25057
1134
6147
25155
31753
22665
1794
28162
44609
24823
47420
51046
34403
28800
49832
23901
26887
40477
24372
34593
25404
36456
52434
54423
2375
15428
20070
11190
30769
28919
28565
16401
27924
50729
29260
31532
19558
28340
17887
48095
48638
21717
28771
33390
25172
59220
26000
15877
16509
46786
31355
56308
4225
24385
36068
58002
50123
40505
11861
1745
29506
20045
47412
49428
48686
27503
2171
30699
47845
8361
27969
28486
56545
49969
29451
3510
59616
35890
11224
25523
25201
48135
49762
1747
9272
53958
59181
32677
38201
54368
49443
45035
24766
2420
49394
24074
28403
50682
16443
28386
36413
54270
25589
1943
56476
24104
47948
10735
38386
27633
25695
47386
2401
44052
54534
11846
48116
35815
28641
27920
55972
48741
54121
46014
50592
25001
41548
61596
24176
9300
23951
26632
31482
35417
42795
28061
54774
11332
48195
35442
28666
4095
50766
47482
27592
58018
49627
54575
5471
20081
24916
46407
48206
46559
51058
20319
49915
40474
39828
56248
32695
1907
51021
29494
20042
25813
46759
25788
25031
48344
15582
54217
22781
4102
11195
54788
55512
25687
55494
22616
9316
14473
38364
32827
11113
47398
27823
55812
25637
17947
54421
15471
2147
40933
42946
9621
24406
28462
48566
49477
28584
50881
31827
26963
54339
25366
14530
16414
55834
35902
41177
54878
56678
25506
56644
24536
24811
55497
29084
33388
11191
37516
28263
27236
49464
56263
19734
27944
1772
28870
15536
15533
6659
54264
54094
24773
27037
27532
29266
49523
40923
50972
1140
63198
49282
56073
14579
27524
10787
19917
23565
49351
24860
41581
55975
26201
3465
48746
16436
48142
24183
31845
39814
50007
10837
34556
51134
56026
18841
10799
2435
15649
8229
48950
49636
57998
2141
46412
55898
28786
5578
30755
40461
56022
25649
54250
50467
11189
54142
5545
25665
11847
46678
27098
4404
38485
48690
48080
27591
54389
56626
58844
43915
27728
13522
49525
45039
35371
17911
22343
55977
49588
5531
25108
38397
48954
29322
49271
59150
30662
58755
38508
29516
53944
28239
26125
44873
27214
24781
6203
8202
25069
8233
29236
26901
25619
55829
53886
48178
38068
35897
38099
35802
18774
29373
50128
48499
10611
56150
27573
4078
46546
40603
35425
25156
47890
28108
52824
51537
16046
49799
54730
42929
38055
22625
47648
24968
26916
59019
4215
40944
29195
27036
9297
16037
22769
49005
54579
38741
52356
41109
49849
25102
6132
25400
58973
38460
40580
18846
27568
57125
49532
1208
31606
54759
4083
54976
24792
48170
60594
15906
1855
56744
51784
15608
35367
16499
41563
21721
11799
17862
49106
59572
49650
54950
29928
6570
56237
48145
54084
16068
54326
58876
25817
39868
54836
19599
46560
49251
51042
27979
51737
6592
20044
50966
33381
11762
29246
11900
43939
28842
49503
43750
39864
48218
27910
35919
48775
54137
40975
47381
24625
49116
55899
48782
56352
28525
41144
4115
6678
25671
11870
59093
56597
53847
13559
11326
63202
33662
40481
5319
40565
25361
4278
55976
35365
46763
17919
33805
59670
28199
49482
49816
28472
47825
11810
27185
19958
24806
28450
22774
50059
28724
13593
4202
53375
40958
24703
24198
24760
4061
32724
49145
55516
30745
28844
50418
16047
50449
54088
6640
59217
20365
49922
18719
15620
34740
28351
41093
50770
24211
48191
29185
59203
8217
49449
9616
54029
27291
31525
15918
54582
26929
53063
24963
61574
25752
25262
56123
11145
51752
49666
48033
48567
56600
54429
48390
1856
25692
31689
47817
54009
53951
17970
44578
4237
24775
22962
10690
59556
36089
24925
47769
19626
5459
25376
60664
49836
54500
36054
27154
1121
11410
28202
63186
13550
37539
33744
29523
58954
55831
46517
60591
38198
15870
20013
57996
22765
47960
18726
48793
28311
48550
49963
25605
30672
56319
54685
54729
58523
31770
48071
16490
59637
51064
46007
49568
19697
59630
48796
56283
48199
35436
8355
28717
31797
34365
47455
20382
54527
27808
58978
22635
40636
19715
52272
25983
2139
58798
53380
2429
27846
29251
2160
56746
20341
11825
31555
56086
49352
29142
21684
43885
54783
47842
15674
56538
54981
13505
54505
28491
46598
27615
16090
55916
32684
24097
27717
1921
30659
43870
59246
29346
28259
50120
30708
27017
44889
25264
56753
29250
13425
48056
5448
46655
25161
49669
38724
54109
29952
63181
24471
49131
24409
28807
18727
29223
59210
28612
11889
18754
49584
50551
26897
11359
29413
28302
49665
47666
46568
8322
54808
25003
11123
58823
24194
54700
63192
53593
22837
29116
5579
6195
42934
49444
55819
27263
47546
25290
54539
28858
8373
46699
54909
19896
40626
46607
46851
50521
51084
49018
26015
56653
11219
26961
17950
9318
56449
56706
24085
28948
24142
49808
17900
24779
28585
24161
41105
13471
11214
25106
16067
24999
28219
50949
5498
11357
54444
60675
46062
53852
26919
17946
6589
47353
13448
10661
46482
38087
47545
10710
24467
28498
54921
24598
6150
28137
31679
28720
25012
36055
56501
29760
10688
48554
59588
26057
27639
25082
49037
35847
13589
24732
29357
24127
23539
25416
49043
25111
18718
49454
54838
28762
9311
32685
25505
46575
30689
4262
47547
21724
49820
56108
47167
38152
47975
38467
30706
5929
50615
35865
47176
50460
56240
54812
28924
3441
28310
27903
27115
43862
58526
37508
28788
21681
48990
54559
41491
15498
15587
28393
56745
35803
47467
26001
54901
15497
27243
16415
27129
31535
50713
41559
32700
8257
59062
11331
56325
31718
39830
24945
40536
56149
29278
1902
3483
15473
28616
50031
54459
4224
5591
30347
1186
51030
40909
48066
28270
37537
19653
15624
50571
31899
33802
48812
37528
19674
46057
59602
27601
5329
49693
35808
17873
36204
20409
9386
28373
46577
34734
20334
49924
28414
44903
48393
39764
35807
1785
5626
53884
29727
9432
1148
24922
59539
1805
60627
54573
56130
25239
25292
38501
20086
25281
54342
61560
36086
23940
27156
19938
20354
59034
50614
21610
25636
27091
38453
52432
49348
14531
25835
55490
49060
1124
51032
25130
5583
20388
40964
11886
23593
10767
59260
30366
46782
56630
55041
51015
44022
32243
46438
37510
5513
17948
5615
46058
29469
56318
47915
1774
55770
25623
34605
20062
50827
56561
29941
28575
19925
48597
6188
24845
44622
29312
57992
54351
23968
39856
50668
53955
41008
37492
48133
47450
28436
20420
38348
58851
10682
4216
23873
16482
28511
14461
46493
60624
46674
55505
28384
24059
54016
49329
36147
31352
48818
31605
47543
5647
15458
49208
60691
48629
48530
54676
22329
40509
41515
51003
28338
59199
34596
34549
27105
13419
11894
41107
9288
24827
10809
51061
56328
9313
45094
58832
29823
52814
1743
24400
55956
38382
19707
15860
56684
38496
21639
50510
54578
32815
55861
31678
45122
31724
24567
38456
39801
27293
26872
8308
54279
47580
38463
29874
25763
3503
25771
6209
22609
40601
54906
25360
35380
54171
60612
9607
56530
57495
56241
59603
56610
49248
31714
30361
27315
3434
15876
6705
31470
26200
47656
44905
21683
59575
34553
27171
40991
54850
17860
34434
54400
5962
24111
59273
25049
38762
38158
47912
54267
50469
9298
56589
24880
50485
25146
51078
19522
42799
1894
40561
37491
14480
23595
6207
29345
43875
47986
23879
40974
6172
30358
1204
36188
49019
22948
24565
49169
29563
49117
6022
11361
58027
52266
29094
41549
48525
58507
19529
11230
55864
14525
5445
33683
11873
29335
28396
31359
2065
26098
60652
14582
50606
38167
54296
49234
50556
56594
47644
29090
56083
25584
57973
31844
16054
28801
54061
53977
29122
26634
49758
56162
22756
51550
40543
49015
47558
50147
19939
27242
38718
59567
28874
47193
25170
48534
47521
47866
56523
23914
40585
51533
26947
17938
11417
50955
19535
47776
49877
37487
60684
28107
56293
54372
38464
29944
53950
5494
28341
1209
24785
58789
49346
54581
19484
25088
49738
54138
46771
54736
49473
25238
49112
25724
25575
24755
56631
11200
47985
46650
50899
13472
5387
42841
50974
8372
50696
48980
49006
49660
59122
32678
28753
24215
39862
30351
54030
33669
49662
25306
49591
49668
51790
31798
50862
2156
54176
38404
54353
49702
54767
6585
24830
48696
56302
28312
17966
49672
24861
48993
1833
59606
46041
24026
48717
38181
60585
43735
4244
54087
5953
10838
27207
40919
54222
11853
13504
45295
26028
40470
36476
25566
34372
50068
17836
54480
47748
27178
49056
31167
48985
54359
50794
47568
54521
29435
8278
31673
56705
28240
6190
26903
11836
50021
52031
35829
19602
24028
11312
60635
56229
18717
15596
28448
35397
38208
31586
38075
19478
22969
47979
31820
36152
41593
21708
24994
29314
19738
25536
47752
59123
53983
54008
2419
58959
33376
28391
24139
22327
27139
20353
48968
9283
56497
52282
31536
50688
24903
19684
57972
21698
54383
29210
49978
49882
40471
24920
60666
40960
49645
49437
46792
48656
29562
28684
58984
46535
40498
2078
56574
35789
54790
43886
21648
60587
15572
25516
28339
35394
31646
23917
18759
25555
38210
15501
53839
34440
49490
23574
23976
31561
44897
34728
2382
56735
59252
26864
26005
28583
31452
46549
2411
34149
46475
62811
27841
48776
25036
47788
26925
28664
25409
11186
3418
27233
3472
29124
14542
50826
54943
1191
38750
49851
35813
47753
49467
24019
19486
50006
15422
19718
29199
34333
44044
38128
49501
8375
1935
48712
27144
25533
29482
56047
26183
38738
27321
16471
56031
53062
49336
28699
27832
49064
54402
8388
25367
45123
46611
58795
46672
1147
11882
32690
32735
28176
46768
49657
41182
29280
48791
29721
56306
48047
36415
11316
20386
29282
26876
13450
58963
8338
38765
1271
24524
26886
19531
38730
26136
59222
21704
41500
53583
49214
59542
31489
51048
56044
9491
54919
1094
56452
24387
46621
36445
52785
56003
45116
28644
28209
59155
49790
56539
50427
11142
46513
11328
24971
43752
43721
49228
38726
50883
10636
31664
11163
37524
59187
50325
3511
24016
50876
29274
56075
47689
25345
6015
6573
48057
25385
47984
30673
35794
38139
54716
54551
25176
35441
41094
34366
48209
5951
47619
50759
31598
46662
48130
17964
42837
10665
56680
23888
25274
53831
31594
50913
28882
27319
43744
54762
59646
40951
49612
29372
50136
19540
55529
54990
5476
28560
15539
1190
24837
32704
5539
54312
50839
1793
39844
28494
11893
42933
20352
21668
24825
50437
44596
11769
4268
9294
48093
23924
30819
49604
24787
8366
35421
11217
32189
50601
55863
47764
11808
48064
29755
48131
42790
31893
48378
31760
26841
50829
6658
31655
52805
13428
34757
63177
28094
37506
52270
24788
58948
31702
25541
31336
48202
54566
15924
60670
40961
59073
13409
55997
27074
9440
16113
59633
54731
13488
24209
58774
2407
58877
40480
50824
16463
25381
54170
36107
48639
24020
56484
30751
54499
41580
8390
31923
58765
4214
1807
19565
1826
29756
49390
26032
21603
10622
24988
9416
38191
46581
28688
14477
19920
46528
11162
28591
50917
1130
57493
25164
28949
48203
28546
50653
47522
54720
50545
31377
51020
38516
50387
50055
45262
1796
27246
9486
50398
15522
46659
47883
23913
29510
5942
46039
24930
8300
19519
27704
47661
23865
2083
28853
49343
24526
56550
48987
27137
41579
51549
53857
49607
21642
10729
59551
36207
29202
31486
3451
55886
29780
24125
11194
36198
25060
48817
41162
46477
25032
15640
50910
49783
24761
58762
29258
32731
52790
49579
50046
47756
50788
28116
6671
24584
24477
57128
56230
38720
28925
54951
26618
46492
13469
52274
58773
6642
40987
28629
35779
22693
5463
48515
15581
46455
25198
24917
50058
38776
49894
23881
50969
24358
34392
50613
34613
4073
56255
4128
47481
10754
25230
56343
49420
35776
31432
57105
40591
43733
56309
14467
4045
50837
54119
1152
42936
25709
45101
19659
24115
33688
49899
43740
54987
46606
28552
48132
27584
32688
11829
41128
25733
26027
45254
56463
10687
58532
49788
19639
2372
50593
50319
28884
59194
34588
47355
27898
6565
42814
40557
35848
4204
46686
48617
50925
11317
18731
29830
49209
4297
5467
45012
13446
5395
28213
50127
19669
43859
31335
47718
56187
9467
25561
29358
31696
50847
1125
49445
56571
39869
21694
56627
46626
40619
46673
50946
49034
13535
41168
56038
21705
11849
20400
54525
35796
50339
29558
6569
49487
22675
50368
21640
56670
31436
50727
28744
4413
24547
57987
36475
26029
27213
56072
55032
24578
25552
41576
1836
3433
54325
57098
49044
50439
30669
59144
58818
14592
50603
34519
48742
27079
29172
50433
49293
37501
29484
27957
6124
56109
4245
61580
54201
3430
31588
24132
8335
49940
56113
47677
13549
61553
9508
59098
29181
40981
28089
24902
25048
32671
1865
54940
54396
23606
5419
15594
36149
21635
24614
48960
15523
11817
40935
49001
50764
49041
27177
40637
21696
54486
24212
38131
6685
50004
17888
31457
63171
56462
56632
37549
49994
13542
50755
54305
5473
25600
42901
17857
30828
41167
38084
55874
41510
49152
36100
8292
38172
43853
25153
9290
18762
50026
56033
38471
23900
27930
16390
31344
9477
45087
59105
48804
48988
9271
49923
49465
38719
24581
25694
56276
56489
53961
31378
28592
57988
24550
6213
10648
59604
48726
41119
54794
59162
49996
26131
1916
27621
45015
25181
34407
54989
1746
58531
25063
1196
24003
48953
4110
28537
50035
24006
56313
27804
22682
29499
18685
9479
49635
55949
28871
55795
29820
46507
25515
57499
10705
50785
54266
49114
52018
33360
54787
29303
53858
24973
53859
24622
25651
50395
6196
28803
13563
54747
14666
58829
33660
50908
49675
40596
48608
27802
38069
20039
40595
51553
32814
25513
27730
17957
17837
42791
41526
47910
50334
47166
1878
24689
35904
54238
31767
49185
4280
53947
47577
50802
56277
59559
27061
8323
53996
56492
15466
55035
6662
29148
31453
9425
31539
49967
2387
56614
58029
38137
28276
59669
56219
54827
22604
3485
29408
63201
32681
32288
14512
27032
2146
29445
37465
28096
11234
38491
25827
52360
39797
9622
19888
25766
2101
20371
17920
16031
35415
36192
48701
55774
18733
51013
24415
28086
56663
54814
27975
54890
31600
2176
54494
49759
31635
38756
48210
32711
45289
53761
38768
4312
18843
18689
47181
52269
34426
5438
21609
46586
24023
21662
49629
49868
33722
29406
56496
56573
3513
5430
19549
11342
29541
15915
49099
38358
56070
33689
61590
38371
51052
46512
43935
35843
23922
49315
34133
28520
1944
46545
56074
38098
9623
53966
26612
55879
3413
20372
27560
24096
47670
44888
31680
34545
47814
50608
14586
54430
5420
26616
35893
13555
27904
1840
54765
5381
30717
54346
25839
55854
54105
28388
26917
49959
27068
38076
50426
28533
48397
54234
15470
29192
47461
24175
48808
49423
57134
48179
1773
36057
34585
33745
59610
23551
31490
20075
31783
27919
37532
10668
28319
28365
47536
38455
39795
52789
44874
38739
49904
11208
29127
25720
27192
40512
56297
6613
9319
25653
25828
31601
54511
6594
48720
51050
48744
55002
20380
56743
53860
54912
32675
1737
18849
38389
57507
25767
11352
29183
18732
5640
38168
19670
50345
54764
62816
50495
28514
24691
32245
8239
56126
24630
40517
29500
46711
26007
27162
41123
44599
5321
5597
54865
4228
26873
46408
40941
19916
54439
15652
19545
25330
2366
24840
28683
28252
15554
47712
23904
59607
54112
4053
38372
56482
59240
30342
27206
41587
36443
32693
25772
10603
37495
19928
50379
32484
46036
53743
5428
59675
47850
53377
54274
50724
35874
56576
24908
4409
36167
38365
8251
27241
4059
28275
59645
56713
48042
49723
6109
4284
47735
52788
13584
30671
50686
51204
44576
28811
30830
25207
22979
26123
27873
28959
54046
24383
1924
59568
50687
23939
49252
2046
28798
27231
24762
22611
9487
29397
10562
46554
13429
54971
48743
11822
27320
22685
11124
5588
19887
5479
45048
18856
28286
51542
55801
11396
33810
47383
59585
59206
50567
47185
54450
21629
29788
17982
11401
29743
28564
50838
56579
40526
24929
6161
4109
27958
54555
35435
53750
49488
49416
11823
13572
29433
5957
47479
33634
58011
49653
56511
49183
29537
19921
28822
38499
40959
27029
5998
49379
20422
33676
54510
50116
32285
2427
41149
14558
17913
48664
19683
49850
18853
29261
5991
25007
24928
47822
25640
4219
59074
49515
13594
29385
50050
50850
54561
25115
54997
49857
50996
50618
49848
54793
13495
50942
48986
28732
46631
63204
11134
63085
56613
29143
41150
29455
4108
23942
41181
56124
15514
40529
33655
28738
54684
27915
24947
40449
26184
39827
5550
37521
50643
34600
54936
14524
44892
49912
6031
34747
48786
27173
36154
28369
53935
3437
24572
29371
37466
34729
27183
57529
41551
54306
56119
29475
38157
50853
49791
55519
32926
50340
49776
20356
35387
5921
26014
60592
19593
10604
49245
47953
2379
48609
6691
16442
35422
50529
38164
45108
49960
48945
19585
58951
24620
52830
27553
39861
6116
15933
55996
11360
34522
27194
38509
25148
31896
41528
54979
38715
46561
27540
38166
17934
8284
47449
54050
28598
35424
5325
48395
58820
24856
54740
29170
10623
29504
19630
25834
26912
36450
54385
50624
27738
4076
27612
63173
48582
15948
11875
16408
53594
50594
44584
35806
15495
27862
5492
54366
55813
15853
49067
52829
50951
8317
51191
50980
25024
29355
54294
27152
24531
4097
28634
29477
38706
25347
56062
49076
11385
24977
42810
60682
13413
18691
21723
50105
28493
54842
27849
49615
50563
57976
58808
48955
54745
26853
35914
48497
57521
27189
28248
16511
49648
30373
5495
29731
45268
49426
4248
40998
10593
28093
41566
41567
26827
36446
28926
38065
60681
54877
51793
28430
49716
56139
23602
24076
41136
16076
16028
6208
10658
9437
25797
26930
48217
58524
48492
32490
5967
50997
42865
11141
31166
5457
54963
45032
28864
24953
8394
4044
27576
54427
47459
37518
27546
10631
56317
46796
56754
47949
43903
57527
51089
6686
55768
55925
50565
11336
23896
41582
54332
16097
48336
35778
47465
46433
19739
23919
38479
48036
54405
48590
10744
16030
28847
54985
15927
55894
54693
42823
27922
50385
25808
34411
15914
49163
54988
41134
3507
15526
26619
9309
1788
28488
56564
29200
51082
49295
48069
49166
41159
35863
27311
9455
47884
29115
26913
29479
37464
27607
22629
47970
54743
46009
50895
27950
36190
50532
14462
48679
54435
10733
31705
53070
55804
1207
34435
29239
28318
24797
40934
28934
28675
23886
13531
56677
15607
6590
34736
28490
47928
50612
59011
23984
28331
6168
5573
49328
28875
49115
43715
38081
27119
59170
28212
37509
59649
29333
59620
19521
27713
5503
40930
25662
29817
47741
25553
36078
19550
26613
25613
47907
35861
38125
29538
5958
55852
26867
49202
48118
56645
25754
29440
47421
49320
51055
28114
5488
49855
13591
29865
14555
48493
60676
54548
35801
15654
49492
6166
27844
1143
27127
25551
23557
49774
36062
27906
10779
54390
53057
9419
23573
5987
46488
46595
5418
11349
48569
2374
36430
47812
49407
52135
27517
58790
54173
28295
40926
27025
3462
18760
25678
32719
19573
47514
11202
54397
31622
26193
47490
1879
59117
24952
28551
35895
29367
29221
39779
24979
43772
19693
28081
54167
36420
50075
56194
54837
56158
40996
59089
24838
59657
50825
21732
44879
30746
24391
16065
58518
8259
6591
22666
8199
55526
51196
44915
46436
34529
48710
59279
49365
27740
56451
49517
48180
49305
42848
49592
4122
31793
48373
31816
49303
24998
37505
29283
28743
9470
48956
25631
5386
5533
46697
45266
46450
28374
50786
28441
49721
54103
54257
22690
28142
59241
47828
45033
29187
47365
32652
39867
34751
50139
49147
50020
42948
15547
1927
28735
40533
16091
50033
4239
56316
11841
10815
29166
8195
32478
56291
54710
29552
54887
31517
34425
49272
29531
50660
36069
33361
41586
54265
49886
54393
59525
19891
29389
28799
49035
36148
6670
4405
54012
9493
30372
63219
34146
54297
56509
51539
22959
55517
56011
3456
29161
30748
54204
28621
31163
59212
54949
27055
42850
13501
52279
31717
1198
56665
16407
15926
38185
27901
46766
32090
27828
42809
11807
15609
24602
56299
50512
54822
15641
28769
59253
11408
45044
27632
11368
43923
47745
29559
47578
47810
28611
28776
13492
49207
45282
9475
29209
28156
27077
13490
27935
54302
50448
9605
51548
56137
19611
49552
34555
31683
22334
27106
56049
44034
11114
29342
46447
56171
29320
36099
32084
17928
27966
49938
50774
25245
20393
29153
29315
41185
30701
15529
16389
25831
39838
27945
23872
24080
24699
54776
27587
48060
2180
22768
26968
49870
35809
38140
17858
3444
40467
50977
49066
1179
59106
47178
49008
50888
9306
31755
24807
43858
50976
28792
45010
59247
59662
49263
25352
47770
28813
25171
48028
48517
42876
25318
5462
50623
49401
26996
46000
28907
49204
54130
63218
13407
50348
27186
59553
50983
35892
31762
9454
52799
24764
25706
24611
13571
22681
43765
27218
8250
25103
54492
9500
29480
49939
4116
10678
10643
28646
56537
56598
38462
49508
37533
27858
29784
19579
24759
47435
24024
49479
44575
61555
34431
28603
24913
56363
47190
26002
27557
28115
14527
49569
15945
15477
40583
10686
20072
10689
56250
49559
43861
28643
5382
35879
47895
34735
19898
25717
28692
6654
50092
22658
47189
36427
54686
60640
25200
29249
6157
15462
28083
53954
55527
41002
50490
27046
47906
25340
50134
56152
48213
54085
15617
8343
17865
49502
41164
11148
47841
54823
17933
2168
54001
49048
47969
28245
27737
56650
63178
26974
49325
24007
56292
54151
48705
48544
28434
2066
50760
29191
47460
29128
54809
59185
21617
29777
27561
9445
25691
18720
48204
46059
2157
48391
47667
59184
10765
32192
17940
50358
28353
56021
16071
56572
24796
54518
24113
1114
46031
32927
6616
29167
49285
49221
26866
28426
3479
48522
24359
50496
8270
2416
38176
60616
9314
31615
39777
31549
25544
24736
47913
27602
28772
25559
28623
35428
59012
1214
22683
47487
56478
19959
23996
24412
58813
28454
50019
8201
45292
13530
49159
25790
54228
47458
26891
28971
15872
26056
34448
19960
50791
28534
54017
50661
26185
49242
52030
49239
49770
19580
26013
24561
28658
8371
48359
46651
32289
28834
5600
24179
28077
38396
22826
15671
35910
48625
28204
43761
56621
21634
58940
46660
56222
54323
25383
49756
44021
28721
20390
26133
48403
28954
59664
28528
29155
10805
49007
20038
54168
59118
5320
47519
25188
29864
41103
57525
8340
29146
17846
55978
21623
59225
27497
50355
50818
24470
33393
49470
10650
49811
48535
27547
8313
43791
25189
42921
24017
17904
19673
4308
10796
1906
55824
20021
17962
32918
52815
31369
11138
25696
26087
38708
50717
49065
11210
5939
50985
41139
47618
13431
16041
33808
48644
26097
15538
5930
25152
4068
59058
19903
8330
35804
57503
43759
13510
27255
25217
24163
15912
10788
27878
43749
48755
6665
18755
26048
53834
46852
10794
28610
56443
46445
9310
25011
24167
44025
29511
19933
57518
35768
5922
53999
48185
59101
49671
5396
18744
37499
47422
6199
19652
50963
10823
57117
23607
1926
25107
47457
4406
5421
49656
5605
48149
56334
56748
27535
23864
9293
25053
38104
31666
36194
34449
56176
48958
8227
40592
31826
29520
22830
27057
54737
54404
19561
38200
54260
5324
36058
36477
6016
49794
28932
32729
27859
27520
54269
4221
56729
46018
32481
54437
59197
49047
43748
10804
31624
19666
49184
31582
54348
56122
27926
43911
14476
49017
59673
54889
46020
4060
46760
17973
27143
25132
3416
50751
54358
50422
3419
58030
49679
31516
58542
19668
32482
9506
49982
31570
25143
49815
27326
50423
59157
56197
20413
3492
29734
29107
26117
59154
46784
29444
56354
5975
1115
28087
10512
55776
25743
46038
28659
24196
25512
35792
10715
38095
49310
55857
46523
25010
11389
26623
38740
24948
16450
27289
47445
20015
29259
40575
29162
60623
47874
59033
32935
49520
13539
48513
31475
50632
27806
10645
10674
28599
13483
52423
27548
25527
50505
23597
20063
54216
55820
3515
42840
24061
34352
15657
35432
40627
10756
11128
26946
53981
44624
28233
54885
1863
47559
28413
45287
25117
54564
43926
15627
28826
38070
54345
47836
19950
25587
27026
27150
28234
22605
27285
11387
48561
19654
28617
22610
17890
48519
45255
27208
29353
28679
29824
15957
31644
56045
54163
18749
20404
58964
28763
41101
26621
8291
35444
22345
10757
24217
16093
24809
27097
21716
48675
11147
38465
21719
28344
50939
57520
35391
47440
5535
25585
40999
50391
57108
27254
9499
8256
39809
47544
5565
6684
49557
24801
31533
41100
11164
11906
31778
11205
24618
51109
54953
56603
58847
24379
50386
55995
58986
8359
5912
1913
31725
14523
49614
29417
47821
54352
8326
28555
41518
33815
46798
40541
29226
15637
50364
28257
1881
49571
49300
59180
58998
29447
54095
49798
29436
27125
15907
27856
48086
50374
4249
22957
56668
29470
27843
27176
59544
11185
40502
54704
40486
38118
8385
27264
54433
18753
24855
26030
54758
32919
25320
42925
28082
44574
41157
27309
11851
16480
24030
13435
57127
25391
9389
47417
10573
27840
29861
56361
23990
47668
46795
46457
48747
22671
4124
5634
25280
57975
46063
14466
54792
23575
56475
27511
48136
48738
48174
41547
54140
31563
47976
36199
41151
27104
54182
22761
19628
8345
51559
38393
49692
58782
48152
10577
24799
4388
6133
56488
28628
25159
28755
16080
27552
4117
5926
28556
9460
43783
24815
35870
4077
48952
44604
24904
27837
54350
14532
17881
23594
24885
9418
25755
15932
31433
24197
16107
28758
50382
28064
52020
27861
4093
4305
35831
28112
1809
35392
53986
28382
48489
56657
15675
38711
21589
50555
42882
32781
48092
49268
63086
50577
45252
26982
29156
1127
49266
44914
50621
45279
49779
50111
43868
28117
28304
46709
48557
54335
58783
24700
10792
55500
20359
59242
5956
57516
33673
22630
50769
47535
55869
8285
59215
39826
49987
30370
25271
31697
2182
26090
10644
13497
10831
11377
27307
20384
31581
42903
31479
25762
57501
22966
29287
28261
1934
14669
11314
21733
31846
28754
32689
49746
19614
11321
59579
54117
48766
1903
49613
28816
53052
50587
58022
31796
24136
11116
1904
10734
59024
48563
20022
24188
34540
49925
6587
58972
28921
27571
34447
48529
47620
48768
48822
51544
54961
32674
33364
2144
59627
45280
24192
36095
50064
17892
14509
49563
22825
46599
55902
54145
59243
15548
48652
28544
54769
15934
46714
24029
1172
5435
27891
29833
32260
56284
48654
16106
48570
19716
8327
30711
40472
24143
28324
28100
31693
47892
30677
23547
11333
34414
38094
46458
56697
6584
21628
46791
44907
25206
44880
10635
39822
36184
59574
15883
58849
56057
54408
47917
50513
21676
42884
48208
29300
24846
56649
29119
5560
47611
46479
47832
54519
46452
43793
23902
49840
37481
54469
52116
44611
42813
28405
23967
2074
46578
37542
49610
29457
23950
35382
56128
50405
11850
56148
49574
21630
56333
48718
43927
4260
54782
31349
23986
51187
53997
53838
48732
39833
28773
31779
28705
2402
26055
36093
26875
29518
55532
22653
28607
46540
11315
46563
27951
13459
49368
31752
56294
48976
45257
50595
16055
17941
53943
53591
27810
22968
40918
54058
22607
28412
41142
55807
37545
51068
46762
1228
35409
10504
40922
16427
59546
51001
56173
10728
29152
28377
31427
54481
24052
37519
31918
59200
34429
48683
50333
55984
2173
5576
29240
15558
35894
37477
27819
6623
56619
54537
19912
29327
20324
51088
15610
61572
46415
46505
1189
48739
56258
27000
48621
59276
56736
21726
25833
5908
59634
6106
9278
53025
49958
56732
56323
24874
42825
49704
29182
49638
5556
47856
56637
48626
2384
59612
24604
39875
29512
48809
49052
25532
48666
26006
54068
32816
15561
28395
47787
50720
43922
50801
4032
42820
56510
42816
39818
19637
53971
14534
41489
50879
25065
56526
28860
51086
2068
21637
28869
29362
48154
16102
27058
50034
1869
29501
48992
47664
24137
37457
49892
25726
54456
45095
1838
47660
55769
23887
25571
29474
31485
15667
37550
24701
13398
46567
15899
19557
32699
11376
31847
48102
24698
33720
27527
10638
24539
42909
34399
25660
59175
28848
53848
41597
16385
49609
26879
55951
26003
54303
23964
28716
54406
49398
43860
5909
37460
59025
31372
47888
25180
50620
17872
34439
4057
16086
46619
31674
49230
11789
25594
56555
56339
24746
35834
56434
29340
46689
11803
49830
24469
27175
2431
50906
28541
4217
28171
20055
48527
18848
28604
55020
44911
40976
35842
49280
24737
15482
27617
29931
32491
11318
6134
52793
28795
26202
14671
1099
4086
4114
56260
13546
53747
17915
59038
49878
24896
30695
48678
50549
54207
32922
53069
31394
56217
45042
41091
32204
27620
31362
56053
19587
25098
11366
48548
53969
56703
6151
2100
50890
25056
41155
48101
38459
38177
39811
32258
31618
24750
15923
49181
1236
34381
40617
10726
45250
20394
49630
48382
28410
17925
53064
29154
52140
8246
27083
37541
51140
29554
2408
40983
50590
11855
24355
5391
40510
50971
16040
25150
49988
53587
27928
35763
25221
5932
46040
5635
28346
55520
45281
41007
23945
24770
13436
48401
58015
48103
54864
48501
14506
6178
11158
16447
32739
59674
28268
50749
55950
28294
28300
56080
11212
25090
25050
55987
33714
24730
51081
28269
48186
55895
48965
29270
31176
46522
36164
1824
17952
59172
45047
13475
16473
6200
31817
28164
28091
10514
35759
35886
5385
4130
49817
43736
50443
32837
28726
50953
24789
54337
11866
53960
24078
4125
28761
14458
48528
28904
41523
1858
54183
28645
17880
34420
5493
43777
45285
11862
59229
26848
28456
22950
38378
24752
34589
48662
3426
55877
54577
43724
43717
22657
27836
54079
38450
29748
54336
47468
55488
35908
60672
37476
21644
50931
17845
50117
22763
41589
58511
24157
14581
45103
17883
23933
58754
37559
3493
49611
56468
22695
50674
6699
25546
48981
27051
31556
56718
25633
54698
52362
9385
17985
25590
28163
48581
30715
34745
40610
6693
18721
28046
1219
19943
49984
4132
35771
11121
31547
26845
5426
11335
49910
58533
49361
55944
48072
17841
27829
31834
28938
34560
24169
15484
50338
57508
49601
25120
48658
38162
53065
47793
16465
58854
28126
47526
48498
50342
25614
46704
48547
13422
58958
16052
6145
58999
48211
10617
24686
53401
49757
29376
54077
29198
6119
27574
48082
36191
31170
13478
27316
19735
47853
10720
49094
31597
47678
17971
63196
49206
54991
27128
49711
9626
27734
56270
53885
5530
24356
29410
31396
48045
42937
53846
49803
24774
59190
19576
49000
60604
47876
24813
27712
38148
50419
31831
11792
26926
6611
31590
54723
46044
29212
49374
25628
38216
27181
5933
17981
26915
55523
43913
5619
54892
28667
54039
60593
34746
47540
5594
54440
28431
25703
38492
14546
31774
29489
1211
24366
5506
11892
31599
26905
31340
6661
43909
28071
26894
29465
40913
6212
17958
24472
5524
52791
40537
26832
29368
48724
50940
27865
43755
20342
58515
42834
19590
41152
63208
49534
29478
49769
47904
10517
28250
19660
59148
50073
38066
11154
6026
61591
42859
31657
1173
46627
16510
28817
28696
29277
1176
49805
24960
38714
55493
47873
61583
54247
28777
39880
24705
27536
44610
34428
50336
20376
56104
25582
25620
9625
50868
48799
39762
34534
37535
6181
35918
48648
5617
44608
2392
34418
13533
50685
15585
22960
60586
25242
27870
29176
24854
35860
50464
56037
19678
59149
1180
56245
28180
10782
31608
8188
56095
38775
10834
28635
19937
48979
46045
54995
15590
51755
24118
24056
45290
48158
5983
32244
34417
6008
2092
59032
21663
54863
24901
50994
4041
28902
24915
25606
42808
36106
50754
11198
19632
23561
29750
26881
5646
54047
28895
29495
11324
33657
15861
36173
48788
9433
54333
28383
29758
38488
59070
16498
46579
54254
41546
20414
49476
48772
59077
17897
32291
28517
48673
8367
2405
49989
54135
54195
56009
19572
55828
35782
9609
28508
48509
26829
31773
30702
26988
31332
31587
27893
58867
50332
11233
28652
29147
55962
54542
46564
35372
24124
53842
25821
10585
24872
54369
58534
17951
34594
31758
38178
56445
54565
51538
63195
25039
49380
9444
50711
11394
5451
47685
46551
29137
28085
55835
55999
28409
49478
25380
11399
31534
27258
48048
25125
38083
55525
56227
40917
10713
34741
28237
59672
25550
19695
30703
10791
53835
59658
17834
52021
28378
5589
29411
13534
26986
17828
24600
27219
22759
58961
15485
28325
47529
47512
25121
3446
48207
1096
50484
28841
54471
48190
40456
56485
38086
54902
17877
13519
14556
25154
49491
59578
50842
9406
9295
58875
40516
28201
13427
50102
36202
25190
32717
20051
55907
13538
4081
54724
5510
26140
49946
47612
19612
50329
34726
24064
49617
28797
9462
2424
28881
52271
20332
4111
26979
2140
6167
15574
40567
41572
50852
34525
28821
55838
37473
25397
9507
5425
24708
1915
25174
25811
31791
49338
27327
50407
28262
31803
48595
20419
63227
49637
24559
39817
27508
50122
16112
1192
10712
27012
22689
49004
45097
59643
49862
42857
10628
56566
25182
27019
29940
54236
48140
5505
45019
54696
26952
19594
20043
8189
50400
40950
11228
19688
50619
28385
31792
43788
8391
54780
11176
27941
16392
54281
25373
46712
24592
57103
40566
28681
39780
49440
44870
27860
52426
13545
10793
24392
35431
48963
41493
36449
13476
13537
25055
39805
1769
15908
27163
56170
27599
10590
6192
48583
56638
56675
19658
16104
48098
49887
24220
25697
6187
9403
54495
27287
25086
25626
56441
25033
27018
37544
2363
49182
49439
22617
6020
11383
49717
49565
58936
40605
23542
27085
51034
24714
14522
42885
28859
51741
29932
19592
26049
24873
48377
38343
38085
27221
15630
54093
38346
37496
55800
27608
54070
1797
28642
53386
22637
50097
58853
50429
54027
50681
38089
40559
19945
27022
6586
49170
28347
53865
21702
24015
47438
6629
6628
24551
56669
55841
32728
48031
21687
15676
42846
24004
32286
26830
25670
38202
54261
28931
38399
48110
32836
29502
25994
49560
50894
49417
46571
19562
56160
27024
8254
48037
28356
54053
27721
34433
43869
47840
59656
36409
25630
28532
25647
52025
44884
29829
54755
33743
46065
5970
24751
29159
26050
28195
2063
49190
29134
26019
33379
29509
24877
27001
47609
28236
11856
5628
24038
24966
24987
40562
24081
32696
46456
25735
50080
1790
58868
59084
49335
22767
40945
10600
48994
49623
51561
53399
49590
1272
24168
8274
60622
49810
46067
38705
54996
58760
46414
15571
22782
39871
39793
57532
39760
49085
26186
28447
55986
25759
59109
28303
2391
31821
58500
48052
39791
49639
27136
59027
18750
54180
35883
11129
49691
19709
29356
40556
50436
59007
49884
21619
38725
24974
29821
4410
17829
11367
56159
49761
50130
36162
54515
29255
47569
28855
54487
23912
25119
25638
56548
44032
55859
38732
54866
3461
24597
28702
13399
31686
58797
31593
22771
31353
25337
54753
49853
47951
51739
49318
25097
50492
16087
29351
50008
50466
50523
31629
11325
59531
48615
56500
29859
1801
56035
49387
27007
44899
46485
24839
25402
21693
47453
27817
56216
1119
31553
22821
50742
1847
27868
59587
44594
24556
48356
19957
58796
34382
27235
31809
28737
39846
36208
50800
60638
54870
6179
25781
31375
31681
56301
31641
49241
4100
19567
40475
1941
4121
46464
24107
10762
50617
16381
57118
54410
11416
29521
5400
33717
60620
31804
29087
35410
51027
49031
5543
49737
49903
6005
48062
15463
28765
19708
25573
39854
59522
28673
50828
54935
13464
35399
27191
50830
47454
49215
34559
58819
26865
1203
30365
54678
56233
22686
54063
52794
5630
43847
13597
9388
56340
26630
41171
50920
26997
15678
58785
54144
50354
26892
47419
15940
13408
10571
46613
54858
27929
57112
42893
54409
34379
32256
29421
8205
53388
58509
5440
48978
9456
27835
49405
5562
34137
58846
50702
47760
25796
35836
31638
53854
19893
25355
26021
50126
15584
56189
40538
54262
51029
59548
33371
63176
60677
50880
28189
56533
11843
46491
32089
27894
27323
25059
19952
49020
27824
49976
19723
50909
58869
28287
21618
27044
9398
58016
24089
25095
49356
10670
47795
33366
24103
15942
8224
24805
45036
29946
40948
41524
40648
59141
3464
55846
3501
50602
59618
48346
6607
49858
36077
46515
50776
5331
36457
28837
35404
38494
38511
43790
50151
19733
10750
31628
50323
25317
58761
26191
8240
56174
47168
1885
1925
41530
54835
44913
24548
27174
28774
28328
49384
40462
56298
35835
38779
55911
47750
25563
27978
54535
24546
36094
50649
49585
50863
54922
24164
56167
49647
9504
32788
32780
15922
17827
48111
9393
52820
9472
51056
19537
28343
58937
9276
40973
32787
54911
48160
50694
15949
50757
54445
59537
47406
40445
60584
33369
58839
24214
6149
32921
5522
53866
20397
16426
54419
32834
24867
38190
50641
13443
15520
54819
49521
34136
54056
28229
54714
54081
56355
2091
17914
36428
30824
4291
10775
59538
44902
38107
25137
44890
31161
28639
51085
15515
57971
49510
38469
38362
14517
29341
60636
16066
48141
6692
50578
28050
44924
15952
47846
16100
50647
47916
26037
4253
35889
36431
25284
30690
45263
41006
16497
50589
11392
14519
27054
38212
27972
31775
11888
29733
21652
53984
38717
1744
22632
27551
27976
48795
48692
29751
20029
29205
33643
14662
49714
50680
10748
56350
56549
10655
54756
60634
24707
49539
37459
6651
46603
25071
45107
19729
48962
49469
54018
58791
16418
25310
17866
50011
16411
25299
1900
2086
26945
27049
25603
63222
31480
48347
41176
31843
47785
61557
29360
50535
2414
19700
15472
58996
50967
58805
54078
20056
25308
59571
22762
25051
22945
4411
42796
29133
20018
15573
27164
44615
6614
56288
51059
1791
59183
44582
1784
37552
49297
11346
54907
46608
31530
28392
32730
50631
58019
38744
4104
14663
15658
43873
16431
49340
31839
5598
1939
32287
1883
48507
47448
54263
48709
50787
31350
10806
10626
38728
25211
18854
5466
13470
11824
50393
47804
48699
39812
27610
55954
13416
26981
6690
41550
28577
61586
27028
38121
41543
6143
25729
61582
48334
49690
19680
47447
47407
49785
38179
18729
25129
27566
25023
26871
24575
47911
52136
55809
35852
56727
24704
14541
37529
6202
46790
25359
14460
50434
26976
29747
25225
3477
45030
26009
51754
49088
3460
11388
33383
39857
29514
10567
25579
50609
54470
27588
48051
27913
26983
26907
54692
30343
5554
28132
28057
25791
53402
24025
22648
56228
25778
47416
28444
25346
54462
50822
25015
63188
38734
59205
48362
23983
26020
32734
26991
21647
49414
54531
58010
23949
49512
29773
6668
58822
27896
31562
40506
53975
50860
34586
15516
41133
49084
11343
46024
11859
15502
5532
50585
54891
4310
49644
32928
26909
19732
22650
31800
30676
27217
35443
26636
36461
48386
24579
42942
14455
50843
23920
50061
54190
3457
48105
31654
34134
47672
16044
27510
48778
49277
54384
50796
25216
50684
25067
28957
1908
1893
9610
11353
8380
32483
49306
54477
58845
9392
31708
56435
21700
6655
33678
10639
43728
23863
29245
25141
24041
14464
52428
47859
24735
48657
3417
48171
32220
27268
50706
27081
42894
59265
31373
56102
54413
43872
23944
48106
51193
35795
56055
38380
42802
40599
46764
26940
36458
27072
28446
31660
18857
28281
49545
54815
5491
31596
28570
44613
59198
44026
9387
28897
47919
17870
27159
50718
45104
25782
50014
10637
47739
34401
47357
18766
45111
32817
25375
10691
53396
19940
49054
36418
10671
37494
34612
28950
46012
48999
6689
40962
44871
1775
44586
49950
38341
19955
20014
36452
32492
49429
26857
20364
24694
55837
49074
41166
25711
31700
15893
59096
49377
54739
20415
59023
16049
6603
48763
28708
17855
27575
32740
50941
8321
49772
49789
3431
47382
54897
46459
28496
26980
32648
42878
31393
59103
50106
46502
50970
42807
30355
54938
36097
51111
50350
49793
10833
29738
59617
50775
9396
56625
49567
6575
40483
56518
24034
49930
49713
27635
11151
31780
15602
59177
1931
47525
25275
1197
40426
56099
28206
53968
27727
48065
54083
41571
25610
54899
5417
59008
48083
59193
32920
28655
9304
33633
50762
58779
29491
43789
25379
50948
27715
54287
29822
24073
55007
1776
19482
51740
47561
15589
55856
50538
2164
56105
38199
9473
29302
49040
58950
24745
47894
53748
56688
58767
9414
58501
3455
50322
34446
16057
2153
11207
54178
47516
47723
48117
27210
49580
50979
26122
28872
59079
44041
63199
5487
58748
27133
47833
2137
22679
26058
28964
5919
49308
10569
22790
31515
28866
23567
40949
27027
54920
27232
54927
36210
27155
31523
40979
22698
11209
51012
34390
33685
48785
31368
50397
5500
32708
54496
40633
14585
24863
46597
39806
19889
24993
30765
40443
4056
60695
26643
49254
48107
10830
54530
19616
25547
1101
8386
33742
39823
49157
6576
23961
24824
46544
54752
25993
38133
29228
38195
50714
38769
56750
20065
31156
56213
58024
50104
54271
49432
24585
31713
28289
59111
36441
49685
59049
27509
28179
56243
47518
5997
4309
47673
58976
5907
1860
1825
20369
44898
37520
47987
50347
34754
27805
40925
35907
15943
1841
59041
54416
38111
27286
27148
32716
27167
40924
52017
47901
25519
47493
45248
37478
48030
27102
10575
24047
49837
11896
49747
11127
4089
50664
59164
46844
45296
47510
34416
47652
47973
46687
56741
25718
50932
22973
58750
29550
11372
55767
9453
48805
24769
9502
49842
4051
21677
34438
28730
32820
57978
50596
25256
27073
25768
55501
56517
54956
61602
56715
6204
22335
54773
54031
24955
21624
28650
50665
49366
15605
24932
24380
49376
17896
17954
46501
60602
42862
23975
26890
24013
55881
49433
49519
2045
32290
29093
23878
46685
47196
40463
53398
36412
31671
6173
59169
38727
48070
49767
48339
48748
29522
45082
45265
18713
3474
29324
27801
51144
29548
11369
53054
36170
53391
15513
50678
25393
38174
30663
51547
28713
9490
25557
48137
8368
1201
27166
16452
27528
49500
54772
14673
41505
48794
5587
44043
48046
51795
50381
27130
35388
37540
33663
55502
54455
49080
22644
25212
43924
50968
17859
57099
26924
30360
17856
53970
56012
28499
13468
17854
15545
9503
28951
58975
28608
56698
59535
49606
19915
58968
35909
19518
35406
47538
1151
47614
25027
25655
5489
23894
28672
31610
28352
38369
55862
2394
15916
28770
45112
48153
55811
59256
49385
49971
31890
36185
63212
48520
50078
46460
43730
52810
36426
29530
56068
22791
48345
28868
31621
47838
29764
29486
32779
56593
6625
24900
35414
19606
11363
11216
40492
55842
24373
49807
2059
13587
50504
61584
32931
23938
36455
47491
57524
48539
25674
51130
34755
21631
28058
49442
59051
28238
49964
21638
38376
53755
49364
50599
27086
25233
24907
25322
27905
47170
4106
49069
39778
10587
42926
28946
54165
48651
50957
56067
60633
49833
38401
28155
50610
50533
60590
30341
51077
16470
17832
41127
54811
28320
28661
28133
4135
28886
19929
28619
51129
15625
3450
16451
28327
8342
26034
50758
4229
44040
23579
56460
9422
44593
19662
47962
17830
48376
19619
50145
19480
47860
38475
25203
26840
51194
29248
31566
31455
24201
30368
10700
42912
11835
38403
59135
59668
49033
29149
30714
49071
58751
56069
24393
45092
29498
32702
25205
4232
22659
29867
56136
27814
48400
8213
31607
32209
55937
56714
38135
24145
46702
13585
32091
58541
25020
32085
25679
34606
31513
49360
6627
54392
17924
35899
6687
29430
49274
28506
24926
42898
49068
54024
45008
26052
26088
50961
1835
26942
32710
1738
29507
26902
25996
39859
54152
2178
56131
8207
28277
47172
38752
27238
25578
41137
4270
10774
11398
54570
11348
48067
54134
55910
35427
54220
25266
24582
16103
18730
50806
36098
29288
54479
50861
50057
28055
1095
57100
24563
40597
5555
28469
56280
49260
58525
31154
21660
8309
10513
37567
54379
25084
25693
48367
1108
23954
27600
50527
31703
49516
29100
40568
6125
34375
55798
49427
25773
11337
25259
45026
48161
49821
11907
19607
28574
11409
55043
22963
25100
56006
20059
55932
48122
27149
16467
4043
19655
26850
28722
59227
28779
56190
15643
46005
46556
10607
58935
44588
49400
31550
54161
27869
54320
29449
48592
56696
50066
60685
54425
25702
23560
24219
31538
58034
27261
48801
19934
49742
28956
49514
28254
9466
45269
41539
50357
19591
22667
1866
6568
24535
56559
59269
8244
6572
28135
59642
27253
55885
28941
1141
2365
4259
38392
49589
44909
44912
56165
40546
11845
47734
16412
29933
24909
24615
47899
5611
31337
49824
1210
5537
4233
55919
33679
49495
41163
19648
51006
57124
24895
16398
47855
56264
8384
57123
28527
1780
43753
29724
49921
56202
38366
31476
48545
28586
58793
23587
28211
31723
26198
50030
11160
50936
31364
17899
43757
47379
47354
15885
24610
28404
42956
36060
33656
50721
1215
16462
24914
48337
10828
54376
45277
46411
5999
30344
32210
10647
40977
4063
27594
5502
43908
28214
43746
5455
10836
50854
49893
13434
5516
51787
50570
27095
36437
8354
27244
32694
47553
15476
29171
25830
36468
55865
60598
9483
20396
16032
31456
40608
51083
24690
31577
58983
37470
8216
49087
49436
50779
24158
30698
33397
32822
5969
24410
35856
28313
47439
1193
50547
11201
50121
41113
47676
50363
45038
46684
25019
27628
10801
24765
24549
59090
51782
23577
42881
57494
27962
48157
15461
5980
56439
31472
54120
59056
25396
27813
50954
34334
5328
27583
42896
27512
11218
59097
29870
28243
13518
47918
53400
47733
8280
38145
24186
19676
36074
38367
25607
54722
48680
29381
42797
47766
38088
36407
32785
54316
53067
26026
5568
28767
31634
46016
22820
38713
16025
8219
25287
46499
47867
60637
50349
9317
11891
26861
28274
21682
46435
34400
26031
55507
6604
49012
30743
25661
6171
47192
54849
11330
2393
1799
1829
49178
31948
58802
28756
25595
11780
40589
15559
31835
31898
58947
26039
34145
49663
10721
54154
28968
28678
49101
50399
3471
59015
54482
4258
8190
35767
32649
3498
56051
49222
29464
50746
50053
48049
53883
48138
10722
54288
40956
54131
44046
17983
48374
28221
8261
31710
42928
29466
9464
29164
38119
38495
48995
11169
44910
25064
5941
28876
17901
16391
39874
18851
46034
28698
25412
24720
49415
48703
49705
29420
54507
20078
13461
50540
50553
11370
10826
8288
49363
28078
43855
63207
24036
48402
2175
31356
49570
46043
25398
31836
49165
2097
30825
38391
28307
19528
52015
50831
6136
55037
60617
21650
26053
50036
34749
54187
11373
54980
48750
31676
1105
8268
52267
47606
46001
34131
33639
55900
32825
59267
51788
58527
20073
48177
57096
33380
54206
28903
15506
25253
16484
28099
41516
10736
24862
30683
59014
56585
16081
56321
53382
56019
47409
11884
30348
27622
2064
16461
8241
34521
50013
50062
3470
20361
50045
6605
50108
42842
47554
15500
27854
20339
3509
22656
54139
25795
55040
50483
38489
35766
49061
54771
45288
11390
27604
50703
51107
55845
50063
14514
13487
11400
46508
1802
29471
25664
54854
29837
31152
36075
5959
11898
15492
50404
48575
27093
30767
36151
24866
11226
20054
48603
27719
40622
51141
59278
54867
48641
41174
56654
34358
15866
13520
27065
47443
49161
26831
27223
56007
49287
24195
58014
24181
36091
49509
50477
27526
48807
46049
26633
50911
47837
22775
49731
39843
24141
58827
5407
49983
1822
2073
23591
16101
27716
50947
60678
15576
48942
11106
16082
47942
49298
21599
59120
42950
47494
25596
20069
25240
8341
54278
38194
25149
27033
49484
49409
16035
26900
5584
48090
24753
26022
56300
47967
16395
54089
25179
38361
31658
25721
28701
18712
22684
33723
5434
58873
15562
61599
49292
49494
16062
19649
25611
55979
41001
25168
58758
56633
28255
29401
35412
51108
48511
56163
23946
54881
29405
29247
58842
16109
59570
49139
59277
61573
6618
8197
54941
32782
28937
20381
55042
10511
54313
28380
20035
55991
32086
54785
54751
6669
15632
10743
56543
15488
25251
43938
39821
11232
60659
6165
36410
40611
1923
15613
41509
56093
28435
50360
11804
38767
31371
29334
38352
15569
31640
4311
50956
2413
14584
13454
5393
28622
57984
29378
9448
19527
29113
48574
46486
17944
15626
54184
43937
56709
54080
26936
11793
58017
53867
19560
2047
17968
59182
28923
48961
28614
56615
50376
28624
54309
32829
48394
4412
47679
30753
56065
13592
20082
25110
48084
28484
56658
47402
46765
10704
34732
28891
49814
40524
13441
31888
3411
28814
50435
54308
11796
47183
29307
46769
25061
32832
29453
29308
31951
5645
9612
16419
49916
34523
59635
24210
5955
11860
54129
25722
8231
54147
25514
21706
54037
54248
6118
1828
10510
5944
22346
2388
41158
28727
47727
11820
2154
47839
1226
32697
20331
36066
5469
54851
29242
19629
51535
48951
33646
49909
28175
40989
18688
56210
1120
56699
15567
54057
8226
47671
39866
15660
25712
56208
48351
25816
34371
49430
40444
60683
10723
17916
16420
54013
58957
47848
25700
51540
19724
54473
44881
28253
50767
1911
31343
51110
29220
10790
49524
16446
3482
56078
28271
27875
54164
36053
35764
20020
35864
28442
40554
54290
32224
15535
49175
26641
25243
27714
34369
48752
47983
49718
13564
1128
56704
55860
16459
25151
1175
5928
39842
46494
49926
25145
38143
30367
27199
35878
48971
34753
54344
8395
36067
58012
60650
11192
46602
47411
47834
46537
13507
49331
49212
5643
54310
10509
48181
16440
10619
48147
59028
27880
30821
11420
56120
47880
6609
4304
5470
49381
29098
19942
59059
31438
25677
34557
58744
27322
49581
49014
36165
51008
56661
15664
2052
9478
43857
26045
34368
24382
28523
29233
57506
16488
47757
29089
11778
51057
54019
36080
15936
30670
53861
28579
38193
31155
55934
54460
49412
29542
24628
28187
47924
28794
2079
34744
28136
5915
59142
50087
54688
41132
40427
56447
9282
46623
8337
11844
54917
25002
28927
56087
27965
31917
32219
50142
35833
5946
11354
3459
25646
5544
38721
22840
11125
51036
55968
42959
32833
46612
53379
4072
31522
56326
4298
50740
49311
46665
21712
48553
28120
26119
21680
49722
20326
60658
28336
54777
31505
25525
36402
31645
10816
29338
49171
42843
24390
27925
55534
36424
24090
29535
28545
4033
51203
26855
15563
56717
9497
56142
49977
56064
48026
54861
19719
40549
15570
28350
32916
8265
39850
59232
55806
29241
50074
40994
50528
27271
35867
2067
10741
19694
24067
56708
56246
48715
28411
45011
29783
46649
25255
55906
27265
38209
9409
47171
54289
28894
22640
28292
25598
25699
57132
54122
25838
54403
25583
16508
25147
5963
51114
48500
38402
19730
50463
16439
28942
10616
58815
15901
48616
50040
56100
54301
29526
46658
54110
49852
47823
50572
28636
59231
59137
9611
46794
40459
58516
28256
24803
23956
49993
49283
49658
56249
50515
41153
16496
54453
28423
29092
32214
50141
59598
24884
49247
27567
59560
50085
56274
1109
28306
59590
18763
56111
31333
6021
38103
38394
25667
27605
11391
25142
11878
61559
10778
56681
56098
47442
50745
31589
25066
29077
19548
31382
42935
49986
21735
19679
25539
47877
59138
23600
49316
31395
28693
36181
28540
26927
2433
51047
55930
47830
28408
36085
26188
48556
16406
54116
51054
36065
35445
35821
50048
54076
23889
58858
33682
31632
8358
55870
54711
54249
28945
49057
22789
5490
24534
56611
27872
50051
56211
1920
10515
50708
45297
38347
19897
50753
50905
59271
14559
47773
27725
34548
47947
54972
47675
13466
28394
27598
26016
58881
1741
28051
47732
37553
54888
49045
49480
38123
10785
54483
47380
17879
52800
47862
26203
19710
2062
31652
41535
40932
8328
47965
5621
19691
55915
54825
27570
27273
4220
50390
28227
49618
1782
31665
32225
41003
19703
37560
41494
58003
3452
47959
24599
44869
40632
46691
24483
59129
50986
25354
25356
51563
33811
59244
50973
50885
1234
56092
33715
46432
50569
8383
46574
4250
31712
28561
37461
5622
24865
50700
38761
47790
29560
14520
1194
20383
26128
20325
25096
20050
26101
24847
25593
15656
15459
48044
27113
27209
56664
23903
34388
48123
28718
6647
29225
38203
49640
49985
5577
27638
26011
54680
50938
33654
19534
27968
27071
50811
15672
50554
50361
41178
10679
45080
36051
45091
14554
31840
15679
55980
44048
28665
46480
28182
25114
28364
48594
51044
27565
24889
49919
3425
24612
38398
11322
11833
40952
5940
42918
56547
40624
50027
50731
10719
58517
11156
28478
16396
43929
49059
63180
22612
40450
39851
40573
47903
15490
19542
20322
48113
9285
48693
49032
38374
56278
48516
48642
11161
58756
27959
27014
56257
49813
33659
25581
47794
16397
56235
42922
28110
34750
16088
28609
59174
11174
31715
19595
53745
25074
11790
19604
4275
40988
5477
25775
21598
8263
51037
6666
11785
21667
6019
49103
48542
4296
54761
41590
10696
49369
13540
29253
48771
32778
41562
30707
19617
25804
14551
55830
26937
4200
38056
30709
46625
50715
40995
45298
5323
4223
55882
29130
10591
47731
15421
15648
30754
30680
2373
32683
28186
25185
59022
22638
28873
28906
11173
54563
60651
29427
29388
48076
54328
54488
32187
14564
27195
54474
49386
56106
36073
47882
19900
50833
58997
50331
29273
33677
14457
41569
50650
25698
53389
49128
24352
41126
36084
2150
38150
42891
24353
29452
29083
9421
24747
56682
25289
48736
20403
38748
31650
45258
32672
45099
4307
48784
10739
27112
48340
24989
40971
14526
47797
32721
10620
49108
8357
31841
59057
2167
24912
55021
21709
9481
29745
57332
33664
15551
49997
48640
9281
19615
47364
54160
25042
54707
29831
23568
17878
57498
23582
54703
55960
25333
47657
48661
41533
34147
28631
28857
27932
43850
49180
43764
29254
49150
42908
27798
4037
52811
10699
9469
28913
40939
55998
36200
47724
24771
50943
40550
40539
16474
36403
26192
50037
2134
53383
13452
38067
50082
1183
52787
10725
49703
6105
2094
47872
54153
28193
31812
51045
40946
27110
4126
11347
49689
56205
58965
27961
38196
56077
48789
11146
49937
4394
6128
26975
58806
27563
47653
46524
50450
38156
20345
43763
56739
6635
10695
29564
54874
25793
49780
34432
51796
36432
10832
49144
49333
57989
27533
9413
28759
21626
36479
20344
63182
4208
30757
41121
46692
41588
46846
27851
47562
30345
38112
22978
47669
56134
40630
24580
37475
27947
22965
26094
3453
19546
24208
41508
26962
6580
1827
55893
50732
5401
54123
51139
29301
56266
27052
47610
54523
51007
11355
61551
28963
36175
23558
58831
17936
25747
27830
5623
51023
26124
49865
46539
49083
59063
15666
35805
4094
54041
17956
54567
27933
29827
27288
22643
6141
59653
24014
48810
43742
28127
15417
48496
27111
27706
48385
21597
53987
54023
40640
24883
48671
32667
50530
8398
25341
49093
51198
2142
16053
54994
27099
16038
11374
40540
19622
49457
50017
53992
15636
27182
5439
49349
16512
5520
23875
56076
36168
9277
57517
17844
5612
54067
29476
20058
48125
25625
57995
24957
45256
49146
58006
59005
20011
31435
26960
54075
56330
48691
18690
14550
45014
1106
49554
11414
41575
28539
28568
49748
4050
46843
27934
1868
47434
4401
16094
28174
26197
55901
54733
5427
17930
22783
56707
45119
59131
30756
20374
23596
48085
11885
6214
35820
46663
6596
5437
31688
10717
58803
1133
46708
17898
52786
59076
56209
51051
56647
38180
53592
50479
40534
40476
59666
25654
14470
20074
49733
47489
56584
21611
25177
49828
24147
5416
45098
31478
51053
40552
46406
35846
3480
8382
1831
49102
28885
56345
24171
28901
25338
25329
2184
28820
22623
1871
38064
14667
24577
9441
56351
17853
50676
49616
50478
50884
4276
11178
34364
29383
21720
49695
18725
56036
31374
30750
28467
41573
50341
46841
56686
30742
2096
49699
50140
33653
20399
8258
28682
50472
16422
56590
38449
48585
25197
26878
41529
27313
46591
29232
13514
59037
32259
25749
28366
15512
24892
36064
25113
61569
56039
53762
25538
24071
27184
4055
16417
50428
48643
31392
49773
6014
48381
20077
4240
59600
24193
58814
14591
10606
27237
31842
58539
54033
63215
19736
44908
4386
45273
54778
46666
6193
11133
3514
60621
60656
31684
45016
27863
60629
50795
11801
57116
11381
17910
25160
25371
11838
54401
24405
53982
43738
25336
33370
63220
35400
50581
22626
19563
9411
13570
47813
21725
26038
45086
29257
40494
51073
31810
11763
48162
48510
8234
56520
55817
56467
54954
46680
29402
54957
6127
28606
8381
10797
36166
15496
4395
11798
41129
16072
6632
9435
48035
28267
32725
31913
29230
54701
59272
25223
25639
56027
36454
25549
6597
59000
21590
50337
28482
63184
29281
3405
9280
28835
40560
27874
49531
56587
29757
48660
34410
19932
24949
54845
14569
56740
29331
19941
39829
45264
10766
55928
56287
54502
58966
48716
28789
33400
36205
46037
1202
51031
58020
25227
47819
41170
6135
5923
3445
25089
18696
50616
50875
54317
19946
11890
49211
50056
59010
47571
2169
9446
2104
44038
6630
53387
60639
1877
19948
25588
2166
56140
15580
48997
56207
28144
25005
15646
38141
2087
25044
32197
15604
27120
56359
9452
5613
51138
24937
23998
46004
30678
8252
35373
56722
59178
23972
26614
43849
20418
30346
35386
5592
25807
44921
56693
24091
8269
50916
29330
40542
49739
34373
41498
49538
36070
25335
1212
24978
40997
43865
29309
50039
19477
51546
40572
48512
27064
54998
56090
25073
2174
49121
54394
38149
26127
41135
29344
49529
23601
61587
58843
8298
32188
48591
59557
54102
26008
6574
51185
16485
13600
53832
54857
59591
43934
15892
15864
44031
28719
1118
1739
63209
29448
17903
26138
23947
11821
11117
31813
1188
54065
32783
1928
28074
63172
48798
31625
40504
35429
54789
19892
24709
19568
24364
50783
36201
28677
23893
15911
58757
59628
35396
41147
33681
47464
6571
16472
19953
19524
54291
42927
59270
31380
10731
48521
35780
25302
10817
49424
2377
28550
48523
23570
45276
6183
32196
48099
8277
39847
50431
54365
37471
57496
28917
31376
41156
33642
27278
28751
13397
50747
2437
54795
25268
54107
34436
5327
47556
26858
38766
55492
24778
31822
29505
53575
50978
47971
19727
29729
28342
50344
25270
49359
40938
15474
36177
50421
50898
44893
49265
10798
55935
60599
55993
53979
4118
48144
55771
17843
50543
25652
54726
11105
54241
54818
52431
61566
26885
36462
6156
34561
13402
42836
29387
4299
26998
27946
32199
29438
35416
63187
31487
58980
50605
31766
48655
27023
10666
24688
5937
20323
28322
38129
24820
29858
24851
47720
57102
25836
56358
23929
24374
56618
58942
6010
41161
48163
46573
52275
16069
14571
29434
31508
56335
31630
10570
5575
27609
6702
21713
22812
5517
47654
56747
54128
39815
5461
1821
44887
24768
10769
8282
49466
58938
50380
16043
50028
27240
27899
54508
15662
28854
23981
59609
51035
4098
54448
49107
27948
1811
11122
28805
45083
24166
34587
47446
38077
4399
56133
42955
28830
11180
24821
4218
27921
38461
33686
58513
49262
54099
13547
23960
26920
34384
1135
31786
37531
49823
6598
50083
15564
46525
27275
49706
5460
41186
49575
1817
60689
15946
19583
36052
27076
24466
59238
59257
18838
28363
51005
3473
24734
23955
5585
49594
27515
49042
58812
54791
14465
20407
28703
22938
57991
27262
31631
47789
33386
31531
49781
22622
10740
56186
46417
57504
48586
38510
56127
24619
19644
54900
16475
1888
32223
10707
29819
10825
19930
13404
47651
29079
40600
5637
56628
46484
49058
27613
63185
14507
47944
40980
14580
10618
53061
6648
26970
56493
27971
49972
25184
15888
24756
29264
44051
10596
54914
54330
48611
41010
6186
49218
56282
42923
54546
54295
17840
49475
28439
49396
26024
26137
39767
34733
8339
6615
3440
48121
9404
16491
34437
25277
52832
49321
27142
21606
36156
26949
22757
28930
49829
51786
8314
8287
56620
15635
18723
25650
50550
11339
48708
11222
49596
44600
6175
14456
28196
28279
34601
28241
36436
25518
28748
6131
21734
56247
48370
50865
53851
20363
25719
10776
56048
49312
5582
50846
25183
29125
47408
49110
11858
56251
48659
2089
59528
4231
24522
48781
59161
56272
29866
55871
15886
40915
56578
4247
50131
34554
56642
36405
50447
37512
49677
50689
28296
32718
38114
38773
24835
16492
58519
38758
26922
54540
51019
28052
43745
54157
25202
39798
43880
19671
54468
8320
15644
31761
10583
39775
21722
19582
25800
28893
49100
49934
50926
28298
54059
25321
26860
16027
47539
25328
5526
49952
49419
42870
50820
60693
54090
49752
28796
35844
2138
17871
34152
25112
48546
15499
56646
13552
56322
24129
55967
48214
13447
29392
29313
53374
48627
54038
22817
50509
23993
31902
56498
49562
48759
47829
48094
55818
19640
56336
49205
53874
54800
17935
35777
28625
60613
24480
15897
28630
8200
56151
58770
15426
37515
50414
5914
19927
14540
31672
10610
22980
26882
25648
49313
16045
1221
6601
50520
55833
21710
9287
10742
44050
23948
54855
14566
6137
59031
59605
50921
36401
43723
5432
36150
4290
10760
35855
40495
46715
54034
18693
52277
30697
10589
54879
38188
11215
29508
4306
54300
9284
36423
40581
40558
48764
48619
49459
13499
8279
49700
50148
28522
28947
38161
1116
49847
47737
59039
27586
28191
49219
46596
28376
47777
49888
22662
29728
2165
56010
24802
19886
49267
27325
4210
54010
46434
56635
28593
24474
50103
38375
54100
25105
58995
49134
17907
58991
24553
24931
38473
54672
1131
49290
56157
50072
46609
18767
24060
8362
16410
28742
57131
55897
39835
44876
24758
38214
24950
46027
55839
28638
49941
2148
16493
54002
44039
20377
5465
55796
27188
5974
48668
20328
27249
35393
41537
50032
50079
15879
47988
1781
6675
16051
32651
32082
55989
54876
6180
47681
49408
45294
42873
43879
21643
21729
56494
54259
16425
24544
8192
54993
31663
16429
25624
53744
47686
47782
29930
49643
54796
25072
50835
31584
54062
51062
40634
42895
24748
27312
47647
44878
38101
56683
4279
54463
15528
29177
50922
54363
22961
56544
27234
28637
42958
54925
54832
47423
54923
27096
40969
1229
31399
53965
50444
50716
11418
5481
50799
42794
61576
6185
24731
40984
27867
27541
28134
58850
49543
2410
30744
27881
31801
50353
47542
11840
28819
54673
50471
17867
26883
11220
59116
46028
53373
50633
25326
28573
25166
30363
50870
19720
27596
25235
51105
56580
49944
51040
32830
35811
50430
54441
33373
47425
27855
38155
38211
30684
25118
28443
50663
29126
40501
50995
11231
24817
19905
27833
13595
42899
27558
27075
59152
41519
34419
49132
56320
23958
15895
45247
59151
49754
27550
48355
55938
2071
38747
49727
3436
54873
60662
42953
40910
28856
35838
49928
59082
24594
28479
38370
1107
47469
16070
33739
44883
56304
6164
54970
52117
1897
1819
47488
49258
2050
55883
9315
24182
29188
27882
25669
25632
44606
56267
5538
49549
35760
23921
20066
48730
17945
32786
2409
29243
54074
18748
38754
29114
31716
50930
35395
54162
28334
54952
25303
25809
23559
30752
54509
24814
49935
16409
60644
27522
24386
24591
23871
5985
6606
58857
48074
1792
45021
11865
19717
17929
37469
25810
21699
54784
5569
19645
48524
60694
58994
40968
24022
29204
50517
31769
31469
15566
29557
28106
16434
17885
4207
25196
54407
58816
59099
58866
25748
47771
24377
54691
27544
31709
56261
27902
38183
56504
59595
27197
46416
27629
27002
1129
5977
15579
28750
47195
47567
6622
59614
26042
49075
48565
55485
34547
25777
20036
21664
54705
42798
1820
16048
24069
25524
22691
54937
34724
63175
19647
13414
50470
50705
13569
46483
15951
28824
56226
27317
27011
11227
19598
54357
60589
49217
47414
45024
2163
41145
56438
9390
26825
49302
47864
32682
50748
31656
58530
25746
22692
47937
37479
31511
36463
35420
25609
30710
31434
48543
37563
5606
24218
28066
5644
29140
27735
56185
49367
51536
32698
10745
47427
38205
21669
48043
36404
38387
29256
55971
54942
54536
13481
32784
3475
54219
46850
25348
31815
42806
28308
31785
15591
47616
19737
41000
27556
50672
16438
48109
56032
56721
43768
46592
27914
4049
26089
43884
18734
10718
1102
27564
25124
28563
24172
58810
34450
49261
15953
47471
38707
24617
48205
22824
13560
28567
31506
50927
19894
20357
54799
28215
34415
49729
6162
28712
28062
48714
33641
38500
35765
54746
29325
49860
25417
24568
49763
6194
5449
53758
54127
5651
2358
25295
47429
40985
27245
38502
31707
27885
10579
26120
45109
29291
28590
50630
56710
56490
49324
25054
48568
28282
28915
54283
8236
10595
25134
25339
31334
46487
54504
40965
29118
27006
50023
54967
46418
19722
38733
49003
28216
19631
49625
27569
50991
22815
42822
56238
54905
27087
6012
35898
50819
47615
59003
24200
40508
24418
55848
25753
30666
38204
8223
34377
15852
57097
31401
46495
31781
42919
35830
24843
11413
56115
31402
54375
31620
56178
55858
24958
15530
25246
24050
16095
34398
56596
2054
54118
49123
54284
24099
10676
19479
25241
5994
8271
21665
51205
46576
24790
28940
58786
47847
6612
24560
47613
54895
50367
50627
50489
4265
26625
20016
27151
29415
46497
54049
50561
25806
50897
26833
6009
5943
59248
6155
30696
10732
15578
31643
25517
27627
24951
25186
49332
24897
24527
29483
50480
11375
11172
11782
46534
23884
16504
48354
29739
40489
9401
2398
15871
36448
29189
2051
6567
4242
28184
38482
29350
21593
32203
51067
56503
21661
54817
1787
40458
34595
28168
49188
9427
11225
25140
55495
59016
50412
49826
31367
59641
25658
37530
10613
56436
58871
54331
55850
46500
43762
46022
31365
38770
29196
50805
19620
29081
18747
42817
11864
28330
49013
31172
5596
36157
42866
26036
56084
25045
28562
35827
40635
39855
31690
41555
22967
5936
20040
49550
25504
31830
1848
31551
5509
15645
11883
5992
27936
29736
48576
5322
33750
47374
26629
1213
46767
9410
41180
27634
23923
49224
54258
53372
13580
27809
6638
51014
34351
32819
47617
54240
10706
49345
28888
56532
54786
28357
13500
9303
10701
40455
18751
49138
48802
49275
5458
45046
44625
31721
24545
48505
19919
50015
17917
29184
54293
48552
48637
5627
11877
35384
25068
25822
22661
49551
49961
4286
10624
31384
56457
53974
4085
25085
8267
49105
27543
38078
6636
36172
25236
48695
47900
29752
23957
26199
61600
50877
40594
55489
52429
25534
48387
55959
27228
13598
22838
31701
35840
10605
31366
10724
56000
59632
15537
43743
59280
16433
19627
39848
10808
52026
28079
24378
28832
46552
48628
23554
29868
49296
49784
24098
1137
50552
42831
1199
54246
17965
22615
46520
59540
51532
58825
47570
25081
36087
24898
31894
8400
57511
39761
28466
47955
56673
56223
49750
46518
15944
49237
31491
24369
30771
56672
49719
54141
27710
34153
38192
24786
49496
48532
25792
50383
5642
25723
59143
44623
50817
25312
25526
5447
10615
44886
4408
49812
45274
22785
27067
6000
31790
37500
5978
43737
36088
31528
54543
49965
49358
56060
41110
10673
27070
8374
59640
48821
54280
46503
20336
50844
11140
46519
4288
49929
46630
48364
27623
34758
42789
24842
24562
54517
11356
24772
28143
47765
48335
24573
60663
32722
4222
54256
5441
29553
24135
49301
43776
34542
32216
31174
54092
25761
25035
15487
45124
24417
29939
63190
17849
49931
22816
11115
29076
24965
50998
37561
54569
4034
11874
27179
55868
47191
38105
58746
50710
43907
15518
54015
29555
25511
9307
55884
50771
29532
56516
29169
36176
39860
49605
17959
25399
38395
54253
27121
49286
46409
41504
30667
54175
31347
47934
28090
11781
39873
5603
15903
30362
2432
31564
48998
28422
56041
25568
28783
49173
22673
27630
39831
31162
27168
59020
54172
33362
16448
26999
6024
15904
50365
19624
29272
21714
11795
56232
25000
27916
25006
47463
34142
46017
51551
31381
25520
39788
49619
33813
55504
21607
31825
48604
60603
10597
40614
61550
21697
15460
27590
30712
54741
29290
59018
1269
59263
49434
37488
16487
20085
8293
48215
40465
53936
13513
55904
24739
22624
54091
31585
24357
11206
28736
55515
8377
29364
20375
28258
5564
19538
21608
58981
27611
56198
63170
41553
54821
49999
52821
45117
30747
10592
24944
39858
57119
4393
40496
28433
59053
11786
56061
21612
47582
39772
28815
26928
32680
56329
10566
23877
54438
38716
11139
59128
5527
29285
5318
28504
28969
1873
59188
27040
31756
43928
53759
21622
34378
35773
25411
47943
52268
31772
13403
45050
47844
48348
19623
42875
27135
44585
25690
49403
5607
24048
48564
28323
59186
24094
11872
10621
46629
40606
59631
46616
27739
19711
54197
49664
1812
24371
56742
29208
50081
47549
24128
56253
56522
59676
29458
15593
14548
48369
13515
54064
52276
59159
24607
29485
49441
56655
13521
31554
5636
54986
54362
50548
22822
54054
27147
24794
50149
48196
10683
56507
21672
20327
25288
21685
11221
39802
48598
50812
22687
47779
27269
32828
56199
47659
34422
43914
25842
49873
59667
48622
5609
41118
34332
28691
13562
32080
22814
50420
59541
25418
36419
31341
58955
34524
24087
31837
56695
8283
28733
47186
28152
25325
25324
54806
16393
13502
49955
23885
10522
26642
43876
33391
23934
49608
40497
50452
49431
63221
28145
51554
31818
21673
16042
50369
48341
16024
23866
13486
16456
6210
45077
5561
48518
54356
9417
59189
31828
14676
25739
48760
31398
59532
56218
10703
28745
22823
42863
11118
28485
28217
59596
53756
1145
25597
19586
28317
39774
49010
47768
28970
49168
24588
19543
59652
27084
24173
10505
24138
16061
48697
28460
26874
24927
28348
13503
37468
37558
13444
38507
49327
63179
54884
11371
56183
40487
54779
49968
10669
25133
49162
13440
28793
16481
25058
50733
9443
10824
40452
54055
59009
58979
27518
56582
40570
21653
50866
46693
56314
54532
23569
50071
19699
32692
29391
56749
49193
28397
58799
58952
14518
5403
19908
50476
9423
49026
43731
45085
27200
11177
15467
19657
18847
20405
14563
29386
8276
42913
10789
24574
4211
27009
4256
50803
22613
20030
24389
49370
10786
31788
56446
48996
54428
28428
50453
54847
4269
35854
33385
28589
52803
6110
56206
24033
50133
49990
2145
13496
50498
15958
49089
6578
29934
30693
49461
49187
51060
6108
35901
20408
26950
25798
24528
47945
27871
46688
2404
53991
26965
6700
54824
29289
10586
22975
28367
54466
23908
49911
15659
49896
11800
48050
53985
53993
2080
56725
56652
59100
28457
27222
15917
31569
57513
4261
28827
24890
34143
50003
54467
40571
25503
54493
46593
29441
27216
26985
29395
23589
8325
53976
40478
52027
25826
25307
56519
26951
29347
1810
19559
28804
58768
28739
58777
51135
17932
38363
38170
11815
49506
48078
50455
56014
33740
56265
48173
25323
18850
59562
4137
52797
13565
52808
43848
40490
35828
61563
28244
8333
5412
31507
3428
49309
24571
14552
56273
59204
28689
49273
32650
61581
19906
2155
55974
5330
25167
42940
34759
43796
57121
24032
58543
47952
56311
22669
26852
60595
40453
24829
50451
45020
27907
32092
6657
46845
26189
44583
46046
47968
54097
2181
24009
29785
16421
48338
40547
5610
5523
46696
33648
38478
22776
6115
15544
28104
35761
16441
26033
29534
29105
24072
56103
25615
5398
56542
40954
49383
27538
25173
48555
24082
55793
61549
27889
1778
49802
22956
25350
53959
1800
9391
47451
50025
25548
5424
50651
5410
54193
15956
13405
18771
24408
56168
48814
54930
29263
5574
28846
28662
54200
49353
49399
24784
10659
48087
36174
10563
48647
27820
41108
27225
41099
25621
30674
23943
18840
18845
54544
50722
25574
56023
28543
29363
55920
28465
44028
49227
28955
26914
47809
38749
54381
53876
22958
49125
4082
27939
22764
26046
60655
9407
8196
31950
27504
48757
26918
10602
51028
25374
35818
54011
22697
41545
21604
48360
33396
30339
26896
32686
22664
28706
48623
31782
20032
34144
15595
29296
62815
8348
15475
24836
26085
15869
53881
14568
24725
9405
54451
30349
24717
28095
43729
35888
24109
24924
25612
22603
19672
27549
51197
32835
29735
50849
35770
8209
57114
49199
49741
49244
31575
42801
52355
20395
38197
39799
49022
39863
29768
10584
56225
45078
24520
46590
38356
41125
50666
15469
8222
25576
55969
21641
46582
21602
24476
6679
48350
22676
40469
50507
54562
56212
13442
59050
25392
54734
50324
25210
54225
31385
54683
22839
4107
9450
51010
28725
2383
34374
56569
46681
18697
8310
6120
3502
31391
11193
50886
26880
25545
63203
52278
19520
10664
43851
31952
28569
46462
17835
3443
22827
11412
15865
41122
35839
3412
27205
31754
32707
48551
24697
2098
25222
8248
16405
41124
26194
58747
48740
14521
47974
44045
46439
36206
22949
47452
48631
25332
25509
29767
2075
53849
38774
26994
28671
27090
28473
36460
1278
21674
54242
59237
5452
50394
59233
24800
27274
35881
34423
47938
23997
47485
48735
61598
28438
54513
18687
25659
46548
50454
59586
25394
4099
51132
42838
28361
6624
27531
54189
42897
49489
28831
28502
49905
56156
24481
50669
15633
29493
48721
27534
41525
29359
16500
54367
10654
54268
50328
11802
51189
17894
11334
49463
49620
48216
15653
14574
1846
54848
29136
30352
46620
1267
49362
49875
1839
49760
34154
54066
18692
25215
56024
54149
41490
16399
24613
26987
46682
58861
4243
6599
54833
15910
49011
3435
5652
27267
11182
38468
60628
56193
46657
29779
60668
25760
49355
27015
5632
21690
34730
57999
30371
56444
44621
13556
33667
50904
58784
24403
9299
38760
47575
49460
19907
59156
50900
54021
14482
55024
27529
59534
9624
50335
46003
27031
9382
6664
60597
38351
35819
35374
3403
53066
19681
27582
29862
26043
14536
20027
4264
25070
40628
55522
24151
43940
44906
57115
27579
4087
27825
28808
23963
48531
56147
16099
10711
16502
5404
14561
50501
55775
49526
27514
22955
47378
50695
1891
49546
41114
50091
20046
20080
34421
54498
59651
41585
49827
9381
14672
59250
25764
9476
49023
59650
16476
56694
53059
43726
23899
60674
42828
28232
51024
51186
26628
48175
29088
49504
49073
25769
24696
15600
29818
6646
47865
19890
27053
50416
58763
28549
24905
54086
32221
22331
33803
28883
47889
44918
40535
11787
15873
19574
57106
51799
35817
56608
41143
28207
1117
9394
11223
50836
15592
58863
24626
10580
14670
16077
15493
24864
25731
50446
8311
49096
11812
54918
51074
4127
59125
15631
24037
48562
59048
10608
49289
26129
29546
13590
33675
19664
47933
32479
48088
1919
55797
1103
22618
31808
54802
24606
29096
59281
47581
24540
26939
41501
50962
4289
50482
27250
25799
24933
29781
56016
56567
15863
54839
56107
40491
23932
27931
2422
2151
2049
9608
48779
49276
41175
29178
11358
51069
1111
28220
46705
50090
5616
47444
25560
14575
52806
51531
50084
29527
47683
54924
25529
28849
24180
6148
49493
28474
23859
27731
8324
50077
6656
11157
56570
48389
47784
58971
40587
55487
56459
27539
28398
45121
2044
54004
54903
49765
38097
59158
54708
41542
19651
54514
8392
23571
25580
15874
28159
49455
10821
30827
20318
2103
58025
32831
59216
16449
24726
32200
5638
36186
28358
25029
2159
19910
27201
27161
50915
26969
30350
35446
36417
9459
36182
27165
25507
24875
15507
17955
29759
10835
28139
11842
56346
61575
29121
34584
56674
33718
29218
26025
34532
54732
9286
10634
29328
11819
56089
24719
24112
6704
40448
40618
49633
57993
56546
51104
47726
49943
16050
4203
8299
35922
49397
25008
56117
28559
59234
28305
6177
6023
33377
31704
34541
50628
49834
42830
55891
28316
27542
35799
33640
46694
47783
28694
54211
34360
15898
31481
48363
47436
23974
35402
60692
56082
21601
28337
4255
5552
16394
47775
34603
34148
24687
34451
35866
54198
39808
14535
15478
54032
48698
32792
5507
5515
28892
48120
10737
46509
26870
29488
50902
29454
58944
21657
28157
48150
10772
53937
54893
56513
58874
28440
19951
25502
47424
16494
41527
6681
28101
26608
49914
10632
27122
24627
34139
59088
45028
56161
11126
42941
24848
24693
25741
36153
38742
49135
55498
49507
47555
55802
5450
16506
43864
38731
52023
58503
1795
28878
32079
29737
28746
17884
27280
51753
4138
5499
49411
49846
56349
54005
11863
24086
59611
54717
54706
34731
55030
49854
29180
54529
50848
43774
28160
39810
4071
29310
19902
38108
25199
49053
29144
44605
56143
20343
11768
49095
31483
54958
25991
1854
29497
10578
19600
56617
25829
55905
49167
28161
54975
25311
56508
27056
36470
24140
54174
28899
35430
54843
5405
41557
29234
25820
26943
11794
1150
48767
49680
32241
31765
54744
58943
11774
24062
32732
47740
6697
29529
25770
56643
30364
27879
28379
57130
56094
31348
49654
29393
2085
33661
35418
27960
28911
37458
29832
48572
50851
56719
5534
9489
25540
20417
22971
41117
56676
50135
28538
49098
53988
26877
22678
27211
25079
45096
29139
37474
50009
33812
15925
42877
50408
56342
20338
20350
37564
18855
59647
54804
27276
45260
41141
47869
63189
47175
20031
28766
48365
58993
10663
33737
50001
54829
56002
20368
28566
6644
48777
28147
59108
38470
27883
28660
48041
47437
59176
28138
47401
16074
26638
38136
4257
47802
49732
43780
37522
58498
17868
18746
48605
34430
8336
28092
38517
49458
28495
25004
59230
19613
47824
47780
28400
29412
4064
1222
41595
22951
28723
24558
23585
24083
29321
43905
1786
31692
27172
25704
54252
1187
50042
27811
54490
58828
34551
54978
54188
2099
48096
19725
24184
8332
54420
50807
49156
59581
31431
41503
55825
45079
57522
56599
27004
10829
49806
5625
28778
46489
4112
59168
22778
47806
49109
15668
29835
38357
33374
47483
35800
25232
35786
23556
19575
43912
4038
48198
56606
46695
47466
6639
48167
38344
55964
50808
47658
25780
53845
14545
48342
55827
50789
24116
28861
11766
24935
53381
19625
53590
9613
29109
49587
20366
50150
17826
45076
56491
5602
40942
29742
50318
59218
51009
11183
50459
11771
49446
26908
6182
56701
31339
54143
47573
17980
54580
27732
48490
24967
8253
33649
50693
47642
50579
29316
15532
61601
48618
28359
54472
46853
22627
56332
29722
35413
11783
31428
54020
28656
11378
47887
59214
11155
46048
11395
28406
45040
50821
49841
48097
54282
48333
20079
58953
31169
53887
31579
36444
28065
49715
5947
49720
60654
16083
24363
49835
59085
28165
26195
49278
24723
19566
6566
31675
15553
38452
51072
2081
46594
1742
49901
57104
24570
25389
33632
29213
47827
2084
8401
11832
23995
56609
10827
27940
10507
19704
29203
17984
10749
47711
9289
16403
39825
24990
25016
41112
52427
13529
51026
6660
47674
56025
5558
49684
59067
22688
24894
61568
30829
43918
27284
19596
28285
15479
11839
29536
27030
48559
28128
54285
41522
32933
29271
5913
57500
56254
50987
39824
23898
50413
6593
40564
54205
31595
5990
25364
6174
25014
24542
45999
26004
56154
29834
48636
56141
28809
50432
28749
23959
49694
24177
47563
29179
49122
15586
6025
38184
50690
47713
48813
16466
10819
1912
24742
22829
8347
23876
53870
19949
31526
25728
15420
31949
31799
32493
28131
28449
35903
47792
27146
50725
21731
40551
48758
49766
49511
30826
58026
25784
8232
4292
48361
41520
5995
19944
9614
49319
31711
25542
61570
51202
53856
62814
25401
28823
54324
49631
54277
28780
28620
31639
33644
17937
28889
9434
28838
46601
25805
37546
25998
49688
53875
47431
28548
6643
21627
42917
17963
1905
44592
9485
54964
27239
49906
29543
49599
19481
59021
13415
15647
18761
31794
29492
49039
34607
36203
19713
54043
25162
32198
24040
52019
59550
15878
9424
30356
40931
23588
1205
54338
28072
46541
31895
29414
15486
51789
54275
50481
18741
2395
48685
20026
47963
54454
32217
31922
54315
21654
51545
24133
19721
43771
28084
56180
54556
13553
27308
34442
23906
26959
38486
52361
48687
47375
1859
16098
54465
54218
44035
28965
53844
41102
58807
29206
10516
5541
23578
50784
38124
48128
40514
21632
33392
32706
8331
54304
38120
27888
36472
34427
24996
21636
29515
36079
11828
49200
28129
50462
34362
28775
32193
54150
24711
15875
54862
40621
15527
28056
49632
11171
56651
47946
46054
1843
36440
25592
9399
52802
13421
27850
47682
23928
54898
49391
11770
59597
5326
22788
50790
55992
54391
62457
40607
59543
50002
31694
50576
16384
3466
8344
58776
31546
28690
11826
29561
25021
31429
2425
24002
54715
50356
42930
54101
28685
55023
13410
13480
32838
41111
45088
47373
31558
56040
60665
11344
48613
47366
56289
19706
33402
50670
24743
48129
54497
54414
15935
25187
25668
48620
28167
6663
25092
49256
40493
25017
13517
28829
40503
55799
23882
5478
28419
26859
47418
38753
25368
41560
47194
21689
28231
20012
26884
48371
38113
23538
28280
5570
28178
29103
50012
1892
46671
61588
55953
57129
38173
48055
19731
50088
14664
48601
59060
5408
31925
21625
49474
26611
15509
15531
55849
22758
28524
25406
27060
59146
6600
28879
47936
22818
5553
11880
59001
38497
44920
42827
28790
29439
20320
31580
58510
25363
56563
1901
51541
54215
24893
38186
58544
38360
53055
54436
28088
48502
37556
24970
39790
56679
24763
22787
2415
27834
50137
27138
58804
51065
4088
43920
62458
25046
46562
50816
38127
15628
20037
49050
40518
49902
39845
56085
41577
44591
49547
42902
49600
46668
45251
49945
25131
15900
45120
53371
28069
55033
51071
54725
56242
56181
4391
44895
50326
38710
23870
49288
49786
59655
18839
27202
4283
48168
34528
6160
54426
52022
24054
28516
55939
31636
4271
29168
4054
40929
41492
43767
24632
40625
38187
29426
40993
31819
29772
49918
23909
14475
50914
16428
47854
49778
34536
38729
47714
56456
10784
25077
46570
53390
31695
11365
50486
21614
24631
55036
23566
34357
24411
24075
11313
5468
19947
53934
26984
48172
10646
28802
47851
17864
33712
39776
27117
48127
27864
58792
19956
10568
17833
15542
24365
50010
27726
13455
22596
31764
27145
50098
31623
11831
39853
46761
59017
35408
43846
22696
53952
57331
25297
55844
20084
1798
36169
54071
59130
28697
25783
15425
33665
42803
9468
27092
15555
46647
42805
23603
26863
27519
31451
42916
41513
20019
3414
8301
50000
49724
16413
38454
11136
50392
5925
23930
58787
59127
11854
26978
17979
25357
56353
59623
47649
28600
49483
38751
17886
56338
51792
22976
19728
31627
30704
14588
49540
29416
54398
28390
29304
55511
55929
49537
56455
50041
25043
34155
35788
13581
49154
32668
23994
25644
32494
59147
47958
8365
5406
25558
6107
54156
3402
46698
10564
31520
22326
49471
48733
54969
8364
49038
47527
28416
57505
32257
53882
8307
33719
47930
24159
29746
13599
27140
25229
29753
40646
27942
49192
42815
52796
16078
8312
6673
54069
55961
3497
21596
50768
11362
26096
25758
44577
50887
34385
46011
43773
54485
11112
17974
13424
43741
22974
49246
10672
50076
5996
28113
38481
4090
27101
48819
14508
56221
42793
13574
2136
40511
42906
58769
42868
55823
37517
58945
29463
28747
51039
50049
49418
6191
28961
48577
20362
48368
40953
55004
42954
58775
18773
46781
43779
27198
57526
50468
56121
29326
49707
54203
48508
5934
28432
50038
46006
38384
2369
43725
59576
6158
46652
34132
54916
51070
21621
11827
13554
26977
35419
56469
47403
28049
39832
50659
29292
57101
54763
54431
58512
56269
10697
6189
1216
13477
21727
47743
41558
15939
54044
10520
24088
56054
31583
15896
47800
29323
55933
28151
26843
26856
38777
53588
44922
24541
11211
19571
49661
14572
27318
16075
35869
25052
11149
54984
58939
53995
22946
13473
57530
48731
18736
24530
29938
44867
48749
48169
32207
22628
46785
52424
49119
6028
50494
54713
54797
29432
59573
27943
49028
5472
59659
50582
24529
28962
19661
10783
8363
58759
24174
50734
25234
15606
52827
4069
5620
1837
47663
24980
50546
17875
24939
48667
48633
38505
49456
58499
19641
48614
23971
48765
31430
38126
46622
10747
27955
47751
56433
29080
24740
60660
25220
51011
24407
24850
49573
28283
55000
24603
13433
28554
26973
34135
18837
48983
19643
50396
42945
54341
26086
56196
30687
27580
31151
24178
22836
19698
36416
2090
27187
45025
16388
1227
4129
55970
52804
55945
54073
20389
28153
49895
1872
54674
8397
42905
20367
39836
17874
38368
41583
37547
54370
47811
47761
41584
49330
38106
29732
22642
22835
48488
35858
24070
24360
44030
28877
49016
47579
8319
46510
29231
48612
32242
50060
31604
25388
49744
58989
6197
29547
1857
41146
31345
28453
18716
16478
28192
49326
54199
47441
49522
49350
11188
46615
49936
1890
5950
59163
55943
57126
54155
55816
15619
49932
24190
14469
39785
14511
11895
19687
29528
49213
17863
53941
5911
22977
29857
43904
36196
1771
29222
49536
38377
50465
8225
24633
58521
13493
49728
8351
24921
3400
56066
58520
19570
28332
54006
44868
1144
27626
48159
5920
43889
5924
56656
49177
50929
27008
51018
5624
50738
15913
29787
47738
29929
22828
47881
6123
47868
16033
38506
13508
6583
49621
3489
56046
24384
16058
49970
52420
40454
54411
20053
48059
27109
24199
28958
40593
38451
27038
13479
49598
24852
23927
9305
1274
48032
54768
24375
23549
19686
28670
28177
50415
31811
48989
21670
54852
29496
42944
46706
47772
50560
15890
59561
30820
56473
49513
40992
36438
5518
31557
54805
56583
1126
49447
48526
49082
55022
26023
32821
1945
27937
59045
50005
24479
43781
50107
25267
47977
18770
40519
47961
54742
29740
31916
50726
47858
25564
29778
49641
59091
54904
56602
44877
49681
28918
49743
56052
9488
10693
50874
15920
29317
51017
49973
24961
36183
28833
25685
31661
11903
6117
5380
10753
18757
25378
29950
29235
58536
9617
50389
24946
47474
56153
31662
25779
34140
58974
42887
27227
27818
58956
51103
9400
36447
58013
22620
59625
3439
28468
31668
23592
28141
48578
54319
36161
33748
6215
59133
15930
46557
4205
25390
51063
29770
29131
27047
48711
20060
15921
27709
50756
11179
40588
50923
24954
59566
6004
50960
1814
25395
31616
56215
6579
15673
38102
28480
28760
56521
25742
46547
28594
14533
33754
23973
50557
49872
53939
26635
44875
5454
28399
24943
24621
27562
32824
38080
48797
19705
54307
16486
28205
25224
3410
28935
25034
23576
10694
25080
5474
63224
50497
32714
40500
55965
19633
31346
42851
29869
21679
56575
34727
43785
33651
59622
25370
38388
15938
28429
56116
56486
16026
22784
47385
29354
27826
50638
52283
34380
25824
28839
28510
54928
49548
11868
38072
24828
5422
49210
42952
23553
14590
24108
49231
41536
24100
34141
24702
31514
47774
47799
42900
39820
49468
24068
53940
35884
13557
11834
54194
46757
29129
60625
6176
41116
26847
21613
24841
46700
27707
57133
44616
13558
52433
25682
10601
31541
25178
50637
59626
31329
55508
15669
1880
54382
5504
2376
8211
24738
50052
17852
44033
47857
27741
35405
5485
28273
28553
8290
47981
19569
5566
8191
34537
46624
55019
50901
50138
23548
24777
28729
50029
27606
15599
33670
42871
56129
58535
44917
5966
40460
24117
16469
21620
19532
29329
24027
29311
59564
10609
2055
29104
47476
49883
19536
32194
58855
55840
36464
10768
4251
26010
56169
4314
28418
61595
56624
11818
26958
35401
45018
1804
11338
49686
55923
49143
24153
59165
27911
29951
41564
28315
39840
56188
24985
54298
59121
5536
24521
59066
5397
44612
8273
15508
29298
16056
31510
13453
24185
20024
15612
51798
59145
41097
24170
9463
50772
45270
59139
54272
25025
56001
47729
15575
56191
50536
41004
28588
33372
32218
54387
47492
47807
50370
35426
24349
22333
41556
13523
49652
49586
47662
36158
29135
54728
41173
27578
29102
27170
28576
28676
60648
44900
17931
49216
24401
50793
31157
25026
49223
30685
41507
10656
5968
45009
56201
41592
24101
19714
29145
24084
2162
11791
47957
42860
6698
29459
48694
54036
40615
49195
13596
44620
24154
46061
50699
28784
36076
4246
22944
38379
29409
47665
28345
30353
48970
59249
1834
24144
48358
48991
44590
28632
29545
16079
32723
46584
54880
33807
59042
23936
15583
28235
22831
19665
37498
26921
54329
46453
23907
50375
11773
46703
39837
17912
26035
1097
46701
32205
49371
28125
34743
31370
50346
35913
14677
58009
56535
17942
28121
4058
3420
28654
46035
35857
49740
25727
54014
59107
59087
3469
52813
31552
55851
39773
24397
34424
49452
50574
25104
59264
22646
49334
4238
27507
23563
11830
27593
46042
56252
8208
26995
15505
50100
47477
24808
16437
48596
36179
14481
40639
29539
43770
54968
48787
56738
40584
48674
28210
48399
28200
31722
25244
42856
28916
2423
61561
38355
54926
9492
1182
36406
25136
53843
1232
24191
24767
25358
48540
14573
60600
49991
36195
46653
25586
49049
56088
18765
54321
37482
34609
61564
22972
46667
3415
17861
29400
5383
52354
29726
20401
1206
28314
31649
13463
55983
19726
33650
49357
28898
45023
35797
34756
56259
54245
49710
32666
54231
49646
23599
28299
38477
10818
46847
51090
24587
54446
58988
45090
48737
49933
43778
48816
54026
43732
38116
54418
5409
49129
31529
55940
59115
19712
31543
25294
42852
56604
8249
26091
49009
54191
47405
17848
54558
54748
27973
31891
31171
30682
47184
48166
25009
37551
22641
53836
48384
4048
28531
40485
32741
48533
50656
6653
50018
50146
55805
59262
42845
28845
16089
49378
46051
31512
6602
4293
28887
19677
59555
41160
56008
28509
54221
32083
24149
54702
15517
47397
46010
35816
59208
15534
31924
2093
10730
44896
55506
2061
6634
32480
15616
25018
54547
56472
57120
29467
15937
28102
29540
32736
25365
50813
54712
29207
50965
50330
8306
51127
8215
53990
8289
31559
11421
9484
49191
9273
57110
30691
26888
32712
11797
34583
24354
48081
55926
59661
25372
60615
59615
26953
47815
53945
36474
46476
35825
47808
58949
4390
35366
6154
1875
4092
46793
56262
15623
42821
25510
27890
4206
21600
40522
53058
27597
33746
46529
42932
24859
28203
37548
47801
25802
22834
47893
25283
35845
23910
11229
45022
27123
52817
40955
50441
49481
53853
25249
27505
28933
55524
30340
48538
28326
52425
28401
28663
49133
55936
56042
54538
56595
8378
11131
56659
42804
19605
23550
8352
50378
54503
58809
29836
31153
1815
49186
53942
50417
57994
19555
50544
54828
5650
25794
53395
43888
29533
50999
56286
26631
58840
47541
48560
47736
46610
20061
27729
50424
32202
48183
49533
26933
1270
54560
15905
58522
43877
58745
55034
16454
19913
28715
23857
27048
45100
28149
26849
50442
29086
5988
25387
4213
48780
15621
28952
6682
40451
9438
44036
19682
26934
63084
49113
38153
41095
8305
47931
25657
51783
48774
10746
58007
40643
29942
3478
24095
60642
49127
24216
28865
28512
50989
3438
48964
4285
58878
5949
30369
60671
48974
24969
55872
50752
27501
59274
27577
48729
6577
39834
20398
60618
46583
35437
54770
46526
22833
10612
17923
47728
55843
36101
8235
42920
42888
50411
20378
29276
20358
26904
54196
58848
26935
11350
50657
19690
31633
26018
55952
28224
48134
6138
54229
27513
35783
37507
28787
31776
8396
54859
15418
48182
13524
24053
30694
54955
24964
35876
24484
15423
41554
50777
54574
58504
36102
51043
13460
40586
2095
27259
54035
50143
42829
25756
16479
19556
59536
55794
54347
29297
46050
58835
53949
59226
49907
56341
42907
29442
4067
25716
50101
56634
47472
16458
11879
49451
56231
45110
48155
31892
50508
19650
50541
31576
31626
56310
14544
13561
27733
6184
39804
35376
60646
1277
27927
25622
38359
1874
29549
45291
48713
40582
28728
24414
24819
56734
26126
19621
48707
59167
63087
5484
56641
15650
1910
16036
30679
40612
24791
6144
56029
28242
56723
47803
23895
47717
27963
43871
24721
28922
59126
17943
20033
46030
5413
39807
13573
59223
13498
33382
35823
23555
34550
43883
24122
47805
35385
16382
5948
10677
27887
54133
59665
50646
36465
8387
49118
14513
59095
13551
13406
10709
28618
54395
14515
59266
33741
16064
50891
50639
43874
27554
37504
38474
24361
25301
11150
59195
19525
31651
29936
29429
24879
46047
46013
55772
8370
29366
56146
31175
23598
1184
10803
35439
56450
48079
48053
54675
40623
45045
4091
46677
25175
26957
23953
26911
33687
55513
25377
28063
31571
31617
26906
47816
6114
27041
34150
4040
5540
29396
27839
38466
5917
26130
46025
4272
28707
24058
44601
50109
43917
8295
54478
15511
20025
50648
11204
4052
10518
59582
50982
11788
44916
2158
49885
27705
17876
31787
6701
19911
56437
9442
56660
38735
29730
11897
9384
17891
56144
49235
22940
53879
5981
11203
25213
11415
49696
55948
43941
11107
50625
50872
49825
47456
39784
28526
58967
48762
45286
54528
30705
33647
1195
53051
49091
47980
38342
15480
54244
24923
38215
54875
54224
47875
59104
29085
38480
26624
33804
27895
27618
59119
31706
11764
40986
56636
63197
16460
24712
25386
47169
24005
43932
59524
5486
48388
23941
55942
27838
24722
60657
44904
3508
56502
25226
14479
20071
60649
13575
25282
25219
30675
25169
27045
22772
50125
28740
24876
46849
31454
31795
24749
25040
48343
59577
58977
24044
48189
16489
38115
19554
44580
20052
50402
1852
4277
39782
18775
59639
50115
40578
24593
6581
6170
47897
4047
29150
27066
4281
26620
20387
21649
14539
14452
59580
50798
46707
27537
2426
13426
51016
46511
5976
45089
59201
24590
6129
49995
18752
48949
27614
56692
53964
28226
6007
35781
8356
22941
57523
45105
27812
39768
28208
10667
17953
24543
31647
25705
13582
15855
27034
50622
55994
28475
26626
46521
47747
31360
2356
63217
41179
5601
35772
1808
49736
37543
28425
25193
54781
53868
29765
1850
28928
50739
23977
25127
25247
10777
28936
28558
47607
29265
48201
2381
50642
24482
16029
50597
28657
49498
35826
56015
54371
20370
17906
35812
24105
36082
49777
58992
28067
57113
41497
15543
45027
54399
33378
58962
54214
40990
50371
1884
16457
34441
3432
46514
51041
15568
29390
36063
54292
48790
47180
51557
26012
53392
47645
47430
9430
48700
50542
14668
38763
50473
36480
48089
24035
28529
13417
59035
50607
49535
43867
56172
15521
25825
27260
24478
48494
38182
50993
26095
50514
35377
27923
8316
28230
28785
43878
17918
54125
36155
28852
49435
9301
59160
61605
59547
5567
25814
54681
29348
59086
54709
27270
29720
33666
53877
55832
34527
27118
24525
56275
56271
35906
46536
25037
42924
50736
31521
56512
35785
14537
24853
49072
54208
2060
24148
38493
48606
47680
5604
24398
22621
48366
37483
56605
27080
35822
28863
41169
1909
50362
6645
49642
56097
49236
6595
11165
24831
23583
14553
23979
13420
54028
42818
43795
31900
35871
36059
53027
39879
25786
37480
5392
28487
28752
35784
49323
29766
11341
4266
48040
31642
49279
5961
24962
22777
56607
46772
33809
49485
17939
4403
43719
49472
35837
28764
13532
25382
49927
60611
50566
29214
56685
29424
34592
28097
42910
54136
20329
53980
56541
45249
54361
50797
24715
13541
24798
24376
13602
35875
17960
24055
27545
4074
59043
50524
1914
1898
59092
50882
35912
3506
56470
54484
29744
49768
44047
11407
39800
48148
48975
58800
1870
19581
25803
22634
29446
28497
42853
10752
26054
52118
1942
40479
38093
54735
49880
49913
48947
4066
47486
9494
16059
13579
1896
15556
27516
25663
15638
48588
25407
20337
1813
49673
56481
27314
20067
29384
60641
22655
14516
35407
24126
35853
49194
43754
55917
3401
50723
51002
11143
31719
28417
28518
54223
4046
29945
54524
32087
37526
28850
55810
26992
52139
28791
54458
46538
25165
54844
51126
49342
10770
8281
32486
59209
36408
35375
49602
47719
20385
54750
44579
47576
61571
4209
34535
42886
2378
48058
49229
24972
58946
50525
29761
3406
27807
42892
29132
2421
54380
22652
31542
54568
29872
46690
8203
21656
24780
49344
49730
16455
60582
19931
19601
59006
24710
59261
47791
