495
3267
2568
7008
11797
12333
1774
5535
163
4029
5911
9040
7636
3080
1503
2550
3011
7411
6777
4474
10758
2725
6506
4416
3835
1697
8496
9904
2042
10621
6258
676
9964
1916
9295
11492
8150
9128
6341
6151
3185
5792
5661
6037
2600
8865
7669
5428
3556
9858
4862
893
4685
8559
1719
9536
10874
9282
8487
9712
2918
11073
4471
4232
6197
9374
8231
6803
11959
11380
8006
11905
9084
424
3523
7535
9669
1190
10179
438
1534
2159
8313
9526
10851
8453
10952
547
9171
9936
10412
1494
8208
798
175
9881
11933
9919
12180
3789
11793
10591
3795
7662
8491
5916
12274
9610
11956
6358
5248
4871
5247
549
11672
1897
5040
7249
9415
1074
4695
7756
6438
7197
9142
10190
557
10594
2038
5882
3802
7788
3538
9889
525
5754
7585
10998
8283
6826
3463
3718
8571
6193
5736
4384
12298
5398
10120
6026
10382
7960
11899
10031
8981
7263
11982
7474
12313
11331
8563
8557
8585
3245
3408
10265
8947
2479
7176
9258
8217
768
3026
12186
8713
5433
11102
10544
10760
2325
2781
12320
11158
10988
9481
10694
11022
7161
2734
7485
12078
9602
4101
6748
3513
4897
5509
11795
209
10551
5078
11148
2493
953
10883
3320
11451
8850
9883
6988
9294
7684
2831
6555
1518
5048
3956
10411
51
10916
2673
9316
2670
6745
7250
4111
2868
10598
5540
6092
3142
9681
8983
4035
6729
2826
11068
9243
1223
2681
11734
10333
9331
2615
11943
8929
4194
3976
11365
7066
10762
8317
6096
8572
3453
7797
4288
8761
129
10087
9694
11141
2973
11030
9981
5583
1513
5280
8918
2574
4304
1620
2572
539
4590
8803
8447
5365
11352
3310
3599
6130
8854
6764
372
4609
10931
818
9736
5241
8297
8655
11472
12174
1015
9888
4036
5751
6700
10296
12067
9920
6730
940
6549
9244
3241
5924
2827
544
4578
3651
8798
3548
10696
1568
2985
7241
4696
8897
11323
10471
8264
4221
9101
7460
9456
8105
2663
4675
11667
10666
9247
5197
2514
3982
4071
11154
6735
8357
2727
7132
10260
12193
11634
144
1486
813
10185
7647
2696
7088
8417
5289
11468
256
5222
3315
6383
6757
3582
7685
9143
629
8226
7686
10068
455
335
3918
11202
12371
1483
6460
9088
6476
1178
7806
6658
7277
7083
11996
2083
1701
11267
2782
7389
12202
1179
247
12336
8841
1665
1050
3277
1136
1465
9697
6331
6006
9409
7118
11405
4028
4092
4044
6970
2373
2155
11961
6720
7304
10151
7824
10229
3007
10089
9240
9198
11262
4602
10263
8237
7681
9718
9815
552
12099
6412
965
3954
9176
389
782
7085
8696
2575
11660
4990
12345
12242
7967
6421
500
1559
12209
677
1878
8650
4048
4605
11550
7580
1765
2152
3596
6665
6305
12166
3746
1821
8333
10444
6402
5590
8695
8799
970
2279
630
11179
6276
9879
9830
6382
7521
7190
6215
6993
11301
12300
3375
964
6304
1778
7900
2130
11413
9044
9764
800
5077
3633
2801
4597
9910
8801
8857
8311
5298
5487
6471
2372
7123
10741
12339
11835
8602
6360
11343
2267
492
9193
6962
6428
11466
5362
10099
4070
2151
1763
374
1930
1335
4721
3621
3952
6413
11855
7362
6459
9000
7598
5095
8644
6292
444
11770
8241
7866
6640
9505
8570
7010
10323
7298
5874
3243
11135
7114
11713
1085
6299
6
10117
10763
2259
2225
1633
6279
6389
5922
10624
7984
6643
2987
4198
1047
4376
7464
5594
3291
10336
6480
6268
11597
6728
2933
4538
2162
7414
11232
11533
11512
195
9733
462
6727
1816
226
6676
831
6184
4839
10895
8087
9980
3193
5031
12033
4880
4790
2088
11095
11001
5529
338
5605
7767
7766
2086
540
4736
12058
7141
6005
583
6646
5880
5619
2428
9461
11841
4336
8723
3601
3495
6623
5546
4237
12087
7760
1102
10609
9449
9644
2971
108
1406
8660
9773
4023
10542
8380
5575
10268
4155
6906
6106
10893
12091
8718
7236
9665
4185
2087
4828
7175
2877
6900
10088
5407
5321
3367
2455
3253
9828
3805
7745
3734
157
9027
6433
2795
5791
3735
171
2764
11712
7785
8296
12234
7799
11608
11839
6267
9848
5946
3723
10366
8676
10453
7891
6755
160
10710
10257
12037
3251
9047
11893
7692
6013
8471
2652
1155
669
6953
571
9239
4107
6000
8532
8793
3261
10667
6115
2099
10938
6467
6241
11945
6756
4073
3444
2413
7495
5029
2532
2749
4953
3685
6534
8384
1573
2742
9118
5432
9029
7162
2353
11403
2412
2915
6692
3329
3009
10923
1747
7763
12338
7497
5707
5277
7331
9233
2336
4723
4110
7821
2620
4320
9728
6321
1017
8937
730
3752
4816
6762
9357
6436
10457
10523
11424
8376
6060
4785
3946
4612
2337
1625
10415
10121
11461
2008
8822
7773
11704
2695
1433
9166
11260
7730
12311
11611
12023
5023
4220
5867
7645
7196
8119
2858
10463
9612
3823
8785
2011
7582
3141
3638
9594
7307
1152
4972
2520
4184
2569
6843
2829
12076
9404
9467
7571
3785
5219
7862
11422
5269
9817
2184
6558
102
178
988
11751
3034
4735
8687
11307
4777
5554
12171
244
5626
12286
11351
3173
11379
4309
8212
10589
11511
4524
655
1034
7392
7135
4939
4884
1766
3478
6666
12361
8101
5638
6928
8363
2283
5425
5242
5592
10358
6461
9406
12095
6690
7035
10532
9182
4623
11251
2015
9990
3372
1829
6230
2059
7036
6437
11395
7910
2185
2122
11037
4191
892
1010
3093
2369
4606
8555
12153
7378
2053
8409
10725
11844
4117
253
1251
8353
7648
2577
10142
8636
954
9572
6409
6925
920
7225
7322
11700
4934
6766
10803
6551
11142
10508
10926
4660
3164
10600
1046
452
4429
8108
11155
56
9179
3403
9103
10335
11652
5033
11769
5333
10834
7694
3680
10081
7885
11165
1800
10046
9656
4006
7295
10909
2139
5070
4757
4355
9059
10643
2567
5489
10437
6945
2762
7077
837
4811
4389
43
6588
3475
4731
1651
8323
9022
4420
6799
1151
2800
1901
6077
1825
1455
3790
2424
9355
4144
7747
950
5468
1113
11024
12332
4283
10796
1628
3781
9699
1130
303
4046
2639
2872
4996
382
4702
10208
7851
11995
7119
1195
7683
1867
493
10493
6372
2949
6008
10328
1703
4088
8485
10927
515
10242
12008
7853
9308
2927
8627
1841
6627
8501
12125
345
6683
4334
4244
9827
1831
10039
9852
1296
10849
6567
6418
4231
2656
10252
10987
12196
2432
8455
446
10446
9772
5439
4576
7355
12045
4418
10106
5983
454
2961
4888
1629
4037
6023
6377
9989
9631
8734
88
8807
3452
6496
9520
4010
1171
342
2394
10064
4835
316
6462
9194
2486
2076
106
9173
1375
2814
4758
6583
6195
4863
6629
11892
8750
10353
9595
3653
6877
11930
10084
6335
4555
12116
9209
9265
5597
8286
9462
18
2317
1552
8949
4556
2464
5843
9502
8490
6468
2222
2508
11882
6519
9877
7761
1110
12112
1861
2234
6664
9616
9372
8378
9004
763
616
5582
1077
979
8277
9609
4915
1584
4408
9891
6539
10742
9407
6941
12247
4604
1129
10383
10233
2440
1959
11710
11908
3354
2851
6597
3992
10848
9972
8589
8910
8511
7659
4775
8247
6015
2302
9452
10342
8648
1612
435
8724
1991
5957
2679
5037
7992
5409
5474
8545
11548
10024
4968
9474
3771
3058
5416
5542
590
425
2213
5226
2092
11457
4860
5579
5378
4108
4167
4824
7452
11747
2380
9108
6708
8824
4647
1543
5258
11650
4709
11299
2037
3724
9864
3285
4509
7871
2230
10137
4562
9740
11656
9183
11960
4137
10228
4999
12102
11443
8001
8309
3333
1226
12010
10054
10176
11746
1501
11584
1041
8638
904
759
7556
9668
7433
9814
11849
899
10100
3748
1439
1762
2176
8330
10479
7171
802
9617
1993
9220
4808
12310
12136
8170
9799
12216
5876
114
7465
9129
10181
7099
11169
5669
2371
10214
7852
10832
11609
8664
9390
6926
9131
5793
1379
2379
4826
1952
10827
8136
2726
8579
10076
11475
8748
11212
9951
10786
10908
1472
1711
8741
11688
7299
3037
8775
11496
11547
7211
7385
5064
7708
8118
1033
4687
2989
7153
74
9162
9043
4280
3309
924
9994
2595
11490
2403
12222
10184
11339
6828
8950
4375
7834
7455
6880
7308
10041
5895
3824
7994
1537
5953
8756
11209
4786
1419
5800
4449
6051
12086
1525
4354
4947
10095
10723
10215
3713
10977
6287
4269
4395
1020
7993
5446
403
11265
362
11805
3380
9638
2405
10381
7462
3387
2598
10082
7848
8388
580
7226
6677
4492
2864
9106
6486
8449
4995
11944
12304
9732
6614
8196
2794
1908
11293
9358
2528
11937
4661
3669
41
4744
1794
5168
10976
5759
8583
3066
543
6589
2128
6474
4973
188
11623
1822
5380
417
9548
4678
856
12364
6174
609
9460
11897
7715
6422
10025
1707
6650
9554
7242
4794
9897
632
6075
7752
6957
2499
2768
67
5217
6269
7744
8776
3176
11661
3615
7410
8908
8260
6918
8816
4281
6492
1649
7049
2959
2687
12066
6575
7971
5353
11612
292
5997
1563
786
10425
8164
10930
3627
1564
11252
4482
10884
10262
725
8129
8461
6963
8140
12263
762
3417
128
10912
1955
7253
10549
10597
8959
2630
668
6548
10955
1101
8708
8815
7238
348
6512
6366
754
7128
5119
7896
3604
11213
10056
3129
8992
10513
10352
1189
650
6111
3359
7717
3347
3565
8902
3559
2168
12359
2867
5943
2899
6378
10227
62
3541
11111
5941
9012
625
9068
2855
3393
5846
11402
511
1984
2266
3018
11702
1903
5370
10787
3083
11522
12358
1927
9911
9483
4353
1680
173
4530
8575
5828
7592
10250
6242
7494
5337
9654
10946
5068
10055
10844
6094
9302
2190
5732
6772
671
9344
2627
9693
8141
3677
6781
2541
8504
6165
9472
10395
4204
11031
6376
4178
4919
9727
8997
7213
11336
10510
3715
9325
7515
7198
201
1217
853
2306
6660
12019
1837
242
670
9682
8743
1475
8912
3934
4985
3061
5573
12100
5887
4054
3461
2442
4477
6670
2904
2779
1741
8964
1445
4365
9218
9719
8450
7051
6082
11473
7127
1938
9670
2657
2416
4357
11853
12056
369
2494
11040
10568
1725
9524
2744
9514
12149
6453
9430
9501
8749
10032
5763
2669
5290
5566
11493
7772
5270
3358
7651
1571
3014
4726
11821
9804
3397
5454
12079
2079
3335
9309
619
11680
1158
8697
3586
11617
12319
8623
7562
6114
9689
6134
6619
6855
881
7514
7043
10690
182
10460
1435
12271
6216
1722
2558
285
4536
9362
149
9321
4098
2047
3149
3579
10380
1810
10419
2150
7286
9702
4127
10658
4752
3102
8523
3503
1758
4494
2517
3966
1694
1875
1144
2460
2049
212
7158
5959
10770
3974
327
9035
4976
3525
3262
7422
4909
7503
4432
2710
11575
9420
6213
11406
190
12018
8821
3741
10648
2278
10740
11460
10298
3496
10860
12190
3167
5001
4434
926
2840
7939
4970
7044
2775
3370
9769
9119
44
700
94
5193
1641
7889
3555
7344
10957
8679
8533
4051
8875
9146
10150
10280
11386
6227
3602
11098
1808
8331
10482
6090
5102
4061
72
3558
6244
1436
4114
11259
6361
2237
2165
3860
3041
5861
4659
5410
8751
2730
8084
5966
2334
8587
3580
9464
10388
2075
7155
2214
9021
3731
8675
5628
8615
4568
10816
158
9453
7843
211
6010
9589
11521
9842
1246
6599
11686
170
2756
3227
168
11520
10907
10346
5875
2347
6455
4118
1488
4486
1890
3489
2770
7707
2263
6595
10362
3700
6634
7856
4223
1506
8100
10130
9132
3003
840
9887
8345
8903
11498
6061
1554
10954
10868
1416
11851
11711
4058
300
6870
1566
5500
5835
857
4971
3215
3964
4981
2107
7608
9392
210
1906
3411
12162
7783
11361
12291
8943
1528
1154
5892
2653
8795
7905
10692
2016
6246
8714
10235
1466
9057
6046
4056
9854
11815
8385
3686
7676
9105
5340
4192
9809
11197
11788
10461
3098
9831
8430
83
12281
5167
3044
4082
3794
1886
6478
8915
5132
11304
7719
2384
6590
9738
353
3288
9767
7509
6030
3290
9074
7626
12130
3221
8401
1999
10978
1876
9730
1572
847
10584
8881
8246
6317
8700
4262
9340
78
2294
6560
250
7456
5352
4842
3394
7480
5921
11341
7031
12223
1421
1850
10091
11314
11208
11692
11359
8721
4925
7564
97
10459
12340
6513
10278
11539
2003
3965
7137
9214
9587
9866
4147
5918
1731
4201
8278
8232
7506
8366
4467
7749
2359
1856
1851
9034
10873
10038
4142
12221
9862
9332
11804
6770
11731
7354
11389
5170
7716
905
10745
5975
6621
1515
11953
2258
4203
6380
3067
4303
9475
5691
8003
3570
3386
8122
11709
7180
1859
10012
1899
6594
5038
11272
10864
9657
10003
2057
3646
9745
1001
2861
8800
1200
2111
10175
5159
1173
3082
3031
8341
6819
9985
2844
2365
4401
11230
5969
1857
4728
4507
6328
2807
2445
6680
4017
3254
12341
10301
8374
7377
9328
8820
12137
2193
3396
2414
2146
1036
3767
10919
10626
9850
5371
4872
7200
5986
5643
9822
264
11619
8507
2644
2738
10147
10693
8717
10347
4190
11563
4024
2960
5062
3577
12181
510
9301
10404
6104
10579
10079
5282
404
4913
7512
3851
7421
5865
6836
11501
9723
3908
3326
4688
2871
11834
7819
213
5849
545
131
12250
5343
6364
5829
10069
8426
169
10013
4874
5020
46
2641
12002
2272
8548
1721
11832
9275
10934
9739
4317
6463
1484
1743
9408
10114
2227
6131
11717
8691
4711
8512
514
3791
12071
4225
1127
10306
10236
7223
7682
3729
10659
11363
9346
3006
4686
6080
3483
9279
11600
9289
8499
11481
7624
10959
2875
7302
8257
3657
3443
8097
307
8844
5429
8990
11426
7291
2362
2929
11337
5464
11035
11964
4749
6507
4004
622
10731
7591
1078
1700
11072
10133
12367
8541
8698
944
11562
5342
1428
2788
7397
298
11080
4845
4980
5071
10060
1686
3877
10414
7108
4038
3281
4653
11289
9210
7769
2348
7638
11549
10668
4877
6027
1530
6641
10458
10637
8093
10187
5324
2873
9807
1793
8128
928
8198
8089
11374
6087
5572
8926
7668
3218
7643
12093
2839
8242
2954
5224
10398
11640
460
5960
6753
11026
878
11153
3572
4622
10154
4003
2672
8146
10628
1186
9109
351
9347
2739
1935
54
4030
665
3522
7321
7184
569
3361
9283
1440
6981
5577
4259
7136
911
4791
10866
291
6600
2728
3025
5526
9072
2019
137
3487
617
7742
2830
7807
5424
9152
1461
4739
613
4369
1411
1942
103
7854
4349
4961
607
4635
8224
10164
902
6675
11248
5541
57
5274
5477
8185
7199
10447
2774
58
3321
9482
11785
996
1000
9226
8336
7504
407
4417
1206
11137
11866
11507
2044
2765
5145
9560
9327
8716
11775
10577
11329
6391
11163
5035
634
11156
12288
4914
10646
3904
11914
921
6264
1895
10316
6286
7095
8188
11926
11699
7602
2680
8187
3425
10614
8657
9932
4554
8365
5049
11344
8204
10682
5097
7368
6228
8469
10148
3706
3664
11935
9666
5974
7203
1205
4050
4105
11017
1642
2470
3360
8225
9678
1006
341
3430
10576
7338
5768
4072
503
12218
5320
10678
4241
7260
3224
10011
750
10720
4795
10197
6760
2033
2923
4358
11478
11239
6293
6498
7040
9229
8914
10166
11083
6959
5012
4140
6686
7315
257
2737
2421
1871
10007
8510
10448
10999
1643
9488
6565
9662
3640
5961
6497
5081
11792
8465
6001
11701
9969
8684
1626
7893
1553
4412
10813
9840
9833
5266
9397
8273
4008
4580
6611
11588
7244
10200
1953
6522
9698
3021
5194
11150
10052
4465
5808
9703
8924
10828
2461
9255
8222
408
8603
6954
4411
347
7507
2501
1426
9987
3950
4446
5201
10627
1526
10289
8673
3993
6415
1336
10390
8596
3511
10504
2751
2900
877
10808
3563
7909
6617
3643
2276
10541
4681
9425
8321
8503
10339
10531
11690
6344
9320
381
2471
6671
1165
11464
11482
2935
1907
4955
1945
3531
937
36
10878
10689
8298
1431
3379
7416
2344
1696
7863
9539
1616
5662
6122
9607
6256
2988
11735
9181
2171
9976
3294
6936
10438
11561
3339
3980
5992
4797
7124
9577
2115
1771
4804
9720
1420
2027
6566
9441
1912
2836
5936
2886
2104
3328
8256
1418
11799
1877
1181
9808
9383
2255
10488
10489
4764
2390
1314
7898
1467
897
6713
9507
9915
3410
8249
11606
9251
2916
2537
32
11727
334
1784
8322
6209
3765
7139
7558
9326
9291
2487
3518
5825
637
6381
10496
3412
4626
6084
5004
6668
4765
11086
5308
10307
11278
1971
3639
8131
7965
1478
8011
5349
10000
7616
2282
6270
6488
6419
4565
12240
7559
4069
11353
10774
2052
864
1705
2854
11258
7572
6277
185
3649
5462
6405
11523
2169
9601
3593
489
6961
3033
626
2526
2629
4313
6899
9187
5815
10300
12267
1610
2147
3437
5436
8356
8763
6401
6429
7728
47
10636
4637
3806
10183
1675
5015
3442
2181
9818
2217
6736
1497
2280
10492
3145
11546
5042
4219
2434
10580
4260
10841
4745
4671
4284
8594
3246
1973
3906
2708
2073
3850
8201
5913
3497
1040
497
3696
1788
6187
3611
9263
9755
6587
12114
10735
1068
9779
9970
11586
766
8863
805
11776
11931
9956
3540
11152
10403
834
6231
12331
4462
3792
956
8940
11745
10212
1062
1957
7305
1410
812
10305
4498
1542
854
4843
20
8144
8255
11106
1018
11724
9317
4360
11139
4649
9147
6477
5216
925
2392
1690
12165
6997
11644
9742
863
9789
8921
3861
10319
9996
803
7963
6848
2095
11298
4410
3624
504
1271
8435
10287
7437
1045
7458
10768
6142
661
7701
9367
9958
8542
11275
5180
8597
10155
10967
1540
2946
11220
639
5671
1013
10856
1561
7391
3150
8893
6248
10276
5954
5390
3342
11244
11752
3488
10112
2733
771
2713
751
11994
9506
8535
2640
4778
6886
9510
8364
5195
11447
2651
7228
8782
8092
8000
2271
465
8552
10617
9120
3155
7232
284
10478
6330
10295
6365
2091
7899
8900
3060
2583
6275
6556
9011
123
1913
5009
3858
10168
9353
10700
5593
4737
2612
8574
8607
784
8355
2593
8349
10464
3745
9819
11115
2309
4720
9145
10809
6685
7361
972
5819
1673
7475
7000
2409
10225
7883
10
4172
2204
6754
11750
10729
10058
7670
7846
2898
10662
8248
196
1989
5735
214
5019
908
5055
2810
4847
10443
1508
5209
3214
7297
11569
50
8521
9494
2535
10057
10750
6502
11833
7845
6731
594
3573
8181
7720
4619
3520
8778
11657
9952
4892
5999
8139
10917
1468
769
9778
11223
11592
8862
4402
3936
6524
4027
4049
9141
9135
11288
2025
5314
2805
7637
11305
12255
1934
1932
6129
2802
3188
1471
2599
12127
11624
7109
7220
7590
5560
4522
9137
9154
8472
8009
6638
10937
10749
2692
490
9485
7382
3842
11843
7056
8839
842
9611
6533
12203
3426
2126
7024
2502
11637
283
8234
5598
2816
2224
5213
324
5206
6451
11863
6368
7439
3197
5203
6198
10359
10048
10455
6152
7687
487
1446
11689
9268
1631
4989
3969
423
11860
4638
7259
9672
9751
11595
10540
8451
4783
789
122
11067
3340
7131
10063
4103
187
3787
4663
6265
8613
1597
9816
10469
678
2236
4866
7351
7890
2555
8957
4585
8765
2582
4975
6149
4856
4753
2943
6669
12
458
9286
11415
10042
230
3244
5769
9354
1141
10647
5779
3395
10713
7726
4691
8397
7033
3138
3383
2704
4890
690
2833
10857
5898
734
3854
6577
1790
5996
1556
5443
8565
9318
8653
4784
1511
10466
2763
1634
10090
11429
3143
8629
7777
9281
5730
5537
2919
10389
11516
7729
10948
4316
3521
9349
10655
10146
10067
8040
1049
7247
6509
9202
11284
8314
3597
5891
9256
9121
358
9573
7394
9938
12189
10608
5853
5231
10836
4324
11714
6089
8719
6431
2846
5316
6681
10973
2452
12296
4475
6571
1941
2678
2590
3809
10625
3968
1214
997
10746
2649
12346
9975
5375
9393
9015
4021
6393
1589
1533
1
7840
4052
2701
7895
4788
4197
1983
5036
12057
873
3407
4370
8728
5964
7567
8427
8344
8454
9945
10554
5249
5513
2396
3076
5129
5246
2220
10805
10421
12132
6117
1448
11932
10284
11000
2166
4983
479
101
3796
1012
2619
5949
2467
10293
10727
1985
3252
217
10830
5945
12113
7306
10756
2945
6392
9796
2848
1109
2177
7
10831
2941
3962
11002
4900
11280
4115
10397
7536
11590
9965
3726
518
5374
1474
2349
2902
10961
7632
7837
3914
8970
3779
7384
10939
12317
48
7258
7106
5821
8166
9363
3008
6743
1456
4207
4852
1650
7937
5967
10528
8120
3202
610
3260
6703
11842
4734
5423
2291
10010
1835
6086
9568
11070
11134
12139
5271
9647
3826
957
4083
3156
6905
8147
236
1398
197
6613
9412
3028
1161
7768
2616
7325
6176
8813
7317
6911
10189
4680
1408
9868
10529
10996
9266
9973
7393
4535
3949
4258
1427
11321
10213
11465
10640
12280
585
2183
10837
11537
4211
5532
7087
8157
8215
1699
5621
4078
4639
4841
11948
733
2485
1477
1460
1622
12081
963
4251
11099
4798
10376
915
2399
7612
9741
10728
4271
1718
6466
5521
7459
12004
6984
5481
2265
3939
11518
3690
10029
4484
2905
11373
12158
1075
7654
2700
3376
2662
10140
9940
6050
323
6022
3727
6635
3477
6965
7189
7273
9562
9149
433
4579
8669
4379
5288
2534
935
7159
7917
9596
6657
8463
8099
901
10656
10843
2718
8462
10575
5028
6400
115
3959
9905
5630
4854
12235
1937
7434
8788
7703
1738
6851
7661
380
9224
2199
9238
5287
2757
8481
11957
499
943
9075
9711
10098
3293
4787
2024
7949
10511
11643
366
9995
4896
7366
5079
4473
6434
7758
8538
1208
5334
10949
11186
1555
5976
4611
627
10512
7294
9377
11231
7589
11730
6485
3471
4716
3998
1519
5979
5506
2050
10748
200
5162
9269
3537
4297
9322
6697
4433
11850
9821
1760
2388
6718
4199
7736
9493
7086
865
10273
1048
5296
12369
4157
11229
11360
852
6775
1647
9125
7324
10521
11767
11448
6120
3201
11896
2925
3172
5810
2594
4809
5823
11774
1407
12347
6223
9660
4776
3606
3016
9448
8351
7274
8023
3721
8109
3474
9823
9926
8086
5940
7165
6884
245
10241
3466
11108
11435
3120
11151
4033
7469
2125
7370
10587
2489
2303
8390
7267
6144
4149
9001
10595
7996
1523
10037
11377
111
1236
2203
5319
3228
4656
8682
11455
10634
2735
10191
9159
5112
6504
6309
7065
12245
6535
3679
3687
673
2491
10552
4272
5108
10113
10858
658
9046
1067
3338
5556
7170
3605
9623
7334
4189
8580
10195
10688
5982
10127
12065
10141
5260
8605
3445
12326
10886
11647
7358
191
10539
7985
10615
7383
8899
7581
5175
5991
10778
6408
1599
441
9659
311
1422
151
11145
6373
4733
8301
7032
502
3546
3109
757
7164
10350
8680
675
3183
398
4952
9580
11494
1459
4274
12276
6939
5908
7150
6206
3465
5552
5955
11811
6706
4755
11065
7550
7714
4658
884
2546
8448
5262
4514
10581
4751
6390
4560
6066
9643
5215
6354
3944
4516
6722
9664
68
10922
2841
8740
2648
1943
6532
8186
2975
1139
5039
2127
2685
1549
9213
4533
9724
8549
606
5672
2516
10182
1585
10015
11585
9123
10674
12251
9278
10216
4022
9329
10533
3211
11404
10315
1883
7641
6229
2806
10779
4815
8176
522
9454
9241
3005
3369
5820
9525
7830
6604
11732
848
8514
6211
1976
11421
1150
10963
6832
2067
6348
400
6322
12167
3137
1207
2990
1658
12297
167
10683
898
10115
8061
8768
10468
9385
2953
3205
4327
4820
4870
8478
9676
11780
3905
3446
3071
4415
5956
4079
11411
2254
3405
8802
9225
2980
9009
11831
6691
5366
2000
1432
5364
9333
8287
598
2523
9977
5547
330
4253
8920
11991
45
9695
11283
2668
11236
5917
2407
6867
370
9960
8689
1944
2955
10472
3776
4665
2551
8285
8361
4782
4378
2604
4551
9439
1510
8677
11059
5406
4398
9581
91
2163
2062
8103
5227
8405
5056
985
5235
7656
9139
10593
3938
6609
2613
8877
8184
7825
4091
8371
12012
6591
11064
8149
10449
5780
4549
8948
1698
3937
8631
2942
225
8814
2922
6701
331
5899
6235
2149
8172
10385
10616
8819
4074
11633
11113
2472
4366
9054
10417
3947
8403
10724
4504
631
11515
9369
6420
3574
10920
9649
3566
5631
5293
4234
5397
4796
7516
6605
2108
2187
11285
3377
9954
2587
5207
10400
4703
6744
10850
11725
8812
4598
1590
2319
1121
254
5818
11127
6846
11013
7997
10290
11375
947
12143
11898
12159
10630
4026
9839
6040
3775
2820
7576
8004
5171
2511
10096
6765
1802
8457
1646
7431
2105
4293
2947
5426
6210
7869
10771
4567
8683
12236
12272
3738
2909
5057
4444
6596
11240
888
3169
8787
4161
10825
3501
10653
8468
9593
8338
5278
2
760
7278
7327
7614
8133
6806
10773
1116
7534
4729
5063
8193
39
809
8890
4766
1184
10021
5311
3431
12278
4305
9766
1357
11388
4396
10875
1990
11766
5047
7588
4534
4652
1674
4646
5243
10772
8289
6895
5965
8324
4642
6254
8630
3052
8362
9574
2637
1222
11728
6779
4850
10218
10209
337
11975
981
6544
10386
10484
8726
9469
2418
5934
9924
12077
9020
8715
8441
8693
1604
9161
2821
1578
5813
2352
467
6784
5851
8360
75
11532
10548
1655
4770
5938
11577
10432
2602
2420
3587
9211
621
11857
12208
8917
10974
5634
10618
9402
10722
5797
11125
1885
691
3782
2813
11081
7117
7970
11921
8601
6294
12154
2449
10829
9274
8473
3398
1536
2010
4997
5719
12357
2688
4217
8745
11176
6858
4873
6465
11345
2579
5812
9487
10764
436
3853
2167
11675
2828
6859
6992
4450
9628
8568
684
11287
8806
5204
8706
3808
2910
8836
1714
11825
3458
5479
2865
10846
11890
4767
7817
11257
10234
505
1748
4810
8404
11759
3296
3115
1163
7376
12170
7695
12117
2505
4574
11665
7122
9342
11497
5400
8843
7738
3594
6805
8295
2519
4009
8805
9986
3330
10159
635
5452
7005
10847
1097
9466
10507
2994
2200
4134
1657
10802
5978
6768
6934
1180
10230
11962
3855
8825
3136
71
6948
4210
7154
4218
5199
4596
6946
7069
11591
6301
11032
5305
8952
412
2113
9946
5218
11109
9098
10201
11203
12123
5330
838
5417
12355
8347
6610
4205
11234
7275
10454
12232
10592
7542
5387
7373
2106
8588
2408
9484
1661
11033
9435
11901
4679
731
8027
4437
651
8725
10109
11903
6752
401
12350
5944
1834
5869
5188
3770
11726
8117
7415
7640
12225
9205
7778
8936
10485
9758
7677
390
11534
6482
469
8727
10279
3472
2664
6105
3406
4222
4592
332
9901
10981
2715
8272
8315
2134
5058
8600
2584
3166
1115
907
3931
10711
5043
10905
3439
7680
2197
4282
5990
5520
6059
3275
8637
10730
9096
11763
4466
10210
9300
11014
6584
2729
8200
4541
3777
9356
4768
5322
3816
8891
11988
11669
3255
3002
447
7349
12307
9627
1122
82
2468
12164
1544
10408
11266
4917
5399
10826
65
1167
4012
5755
6580
4634
2161
7147
4589
674
4833
761
9457
12259
11216
6921
3618
10691
7646
11103
4451
6991
3929
1745
11987
3498
1185
3530
11673
6425
1024
9061
717
5958
9170
12194
206
11092
1898
3135
9937
2605
2017
1138
6148
9982
4986
1558
7101
10929
5210
2996
7690
7975
9436
6550
1339
10679
3154
11255
11861
8342
1798
2425
1728
10396
2090
1132
235
449
2021
11495
12133
10427
7561
1994
10467
7864
6969
10320
10534
7759
8550
3450
10822
439
66
4158
7980
11529
2882
3780
3763
7798
2803
1946
8203
5351
5419
8282
2666
3336
8382
2785
2767
5114
3800
8730
1080
9747
6807
6574
4065
4584
6804
5935
333
4177
11580
4342
7914
8840
10680
10377
775
3754
4159
10997
8942
10935
1811
4287
6626
7360
1147
5350
10136
10566
10718
3179
3535
2711
12090
4650
8348
3114
5878
6323
2983
586
1114
5580
10180
7554
5392
10586
10819
9405
8632
10565
79
4641
5480
2345
2977
9253
1565
4436
5678
3051
9049
10035
9900
3311
5613
6007
1025
6262
1613
12107
1933
9138
8670
3485
5189
5415
11320
11436
7314
2552
7396
6709
5448
6397
9775
3798
5046
3119
4478
10968
8779
6546
9375
4007
4672
2323
7859
2655
12292
116
1720
747
3139
11968
10940
11004
7978
3817
1902
10536
9873
10274
6398
4326
10751
7210
10992
430
9477
9114
11754
10288
10354
999
1833
5369
7539
2398
10514
10498
9079
6205
1726
819
4949
3144
11739
4510
3113
6119
2226
9781
8183
11499
11003
6862
10418
2198
6938
9963
4055
11886
9962
8817
4948
3750
10633
1919
3110
11645
3074
7611
4174
9124
2503
1011
6018
5161
2776
10761
6049
4113
8163
4984
12094
265
4951
7660
10798
8826
777
859
10122
11074
9091
4256
9379
817
10369
1546
10791
6585
7402
7074
2429
5327
10578
10424
4754
5373
10204
6371
11346
2510
8015
2423
2228
10193
7076
778
4135
2553
5106
9185
7276
974
11664
8205
1962
8124
8732
6632
1007
9600
153
2481
4002
6608
4119
10107
7568
2315
471
4539
4179
12316
2759
12323
310
7195
5368
2571
1796
4340
2771
4267
7138
849
4175
9199
11055
10706
7639
6715
4296
3400
2051
4187
7461
8386
4435
5536
4577
11706
5092
4853
3192
5614
9531
4067
1823
4329
11036
9002
5952
10783
6179
5125
22
8941
3626
3719
3280
6207
9750
6933
10567
5912
3424
11243
4750
5826
3740
2752
194
1580
5467
5570
8516
7125
7671
4312
6607
1209
2157
139
1170
664
9188
12027
4512
3585
5589
10050
1965
6494
11414
281
3953
9158
7316
1504
4722
8343
2634
10483
486
2617
4879
9538
3515
2180
9468
8898
2635
949
9861
5253
287
11486
737
1986
977
4547
12277
10563
11758
3184
7553
9388
10406
6158
12182
9797
4668
10557
2172
5837
11062
7168
1218
1872
4125
8335
4965
6345
4669
876
5096
193
5530
9178
3373
198
4100
3022
5345
2748
4513
9838
8958
7878
5987
1287
12237
917
3972
4196
8134
4633
3625
1060
12273
3901
11559
10570
7401
11636
5871
8659
7432
5421
4772
8383
4526
894
8656
8456
11219
9169
456
7820
5061
4443
154
6432
11977
4550
5601
10564
6606
6559
11703
9646
9062
7538
107
4229
5569
1118
5261
6866
7751
7405
2707
4268
3784
8104
9825
5695
4548
7981
7020
10124
12108
3632
1896
5303
4374
11075
7313
10044
11615
5100
3528
5295
2588
3024
5090
5470
795
7204
11128
6182
868
9290
6303
2529
5225
6070
10500
1683
5596
3314
4077
9262
7600
227
221
4789
4962
966
4397
9063
4801
3468
4667
77
3331
4239
4645
719
1557
10960
1175
2426
10030
3304
12200
9515
11954
8110
2138
9865
564
204
7312
7151
2740
10855
5186
1820
3268
870
6414
3988
5013
4583
9013
3208
5450
10253
8808
11383
6062
10880
269
4697
2189
11741
2717
5052
12275
6659
3030
5551
5651
8546
10747
3069
4319
11007
7326
6923
1776
7059
8377
5919
5075
2402
8425
4876
5065
6986
781
11088
2509
1194
6924
6470
4162
5265
2731
1434
3803
5920
8194
11146
3163
8464
11467
12042
6795
4493
1541
2223
1601
11543
2908
4168
2527
7569
11791
161
215
3712
1069
11513
9
12188
5973
2997
7520
9722
10629
1023
4345
6763
12157
12001
2014
1740
4109
1228
1654
10984
7146
2268
8154
2329
5430
3274
8280
10490
11296
4869
8476
11789
3054
11044
4521
7770
3973
7081
6786
6133
4102
9026
5660
1671
6012
9836
11870
12179
7888
2928
4977
3159
4263
614
3486
7881
8780
8592
584
2965
1168
10734
11123
11627
11188
6017
1596
1621
224
7566
4363
9856
11922
2581
9055
7962
12325
4215
5612
10571
9824
6110
10019
4922
10814
2638
8326
5995
6252
9717
8340
10788
9038
8527
2758
1164
11364
1491
7597
7478
4760
9756
4552
1538
3612
1119
10619
1918
5524
6581
9729
12054
11204
7023
833
5211
3867
7874
9423
11470
12366
7935
3917
3038
6074
4427
6503
6916
6557
1595
2244
8674
11183
7664
4834
10161
7902
1133
11846
7528
6249
2883
3971
936
4481
2939
4392
4261
562
8276
5018
7231
2778
5548
10248
11335
410
1922
4792
5931
70
6898
8302
7252
3829
2121
11210
8884
3833
9426
1334
1869
11556
10006
1838
11023
2101
11924
10547
7387
10017
1607
405
4454
11783
9615
5173
694
4844
10561
2462
3941
1974
3106
9112
4391
7257
5024
8646
1204
5942
85
10153
6218
6102
5844
7979
429
419
3500
10755
7424
9752
10611
6064
2822
8567
8466
11949
6723
5198
9599
1924
10226
9829
1755
6693
9661
5157
3350
12201
5858
4020
3010
8192
10026
11322
581
3181
3507
520
11347
8502
4651
2702
7518
7953
3658
8928
1806
9788
11740
12111
6316
3170
12007
3623
3967
42
4624
9734
1545
11800
5010
12284
1754
7906
538
6342
2761
3043
2061
4097
6620
7560
9203
9846
969
9384
11368
4040
3926
11818
6741
7527
1215
4095
4318
11310
8965
7838
3608
4500
1342
5915
5338
5054
1230
12268
2632
11916
9315
8621
9343
3222
12199
2142
12233
5814
3607
8858
11716
2411
10769
9863
10817
1149
11651
1949
2253
9759
7628
7706
1192
8080
9048
3349
12354
1852
5523
11570
11018
1517
9570
9042
9160
7079
9935
2029
10766
11263
9921
12051
3600
9480
2578
9780
866
4425
3662
5497
4170
11350
4762
10794
7296
3153
126
8327
9479
11852
11170
7187
4706
8460
6698
6930
9603
9651
11452
6078
9140
6903
8933
8021
9584
4328
6972
2004
9212
10203
7599
3195
4715
5166
9871
8446
10373
6200
2856
1717
1786
9801
7573
4693
12134
7067
2618
1493
6818
7787
9774
2269
8220
1583
5516
9186
8274
9811
11217
5624
509
8058
10083
11874
159
9223
3240
3171
164
1858
1550
10673
1414
6452
12330
906
8889
8467
1527
8909
7169
9476
3822
9999
10407
10902
4080
10051
1229
2030
11540
11306
223
6417
3975
858
2597
4528
8300
5442
6749
10986
1057
9691
7221
2129
3035
4497
9707
10256
5971
10641
60
6167
2799
2884
1482
8620
4456
11951
6568
6222
12230
11820
6214
12219
7510
5644
2948
3820
7633
6147
10349
6140
3242
6593
5344
2769
8419
11965
4344
9890
2401
3299
3836
2458
5223
10261
3271
3617
6250
7061
10681
7678
2048
5608
1079
7594
6259
1677
9925
6579
11614
4240
1551
9394
3960
1159
7774
5437
8935
8434
7055
10002
4865
2544
5383
11050
9793
6942
1029
24
5562
2712
8051
11919
12017
5658
576
12122
1172
2117
6562
10070
11434
2978
11604
11185
7689
8553
98
59
11096
8402
1032
5925
2311
4264
5300
3100
5008
6403
4277
7012
11666
11985
3544
12328
6178
10527
9067
9334
5894
1081
2876
1712
11484
6143
4944
10480
10311
5604
6940
2207
12101
4181
11442
1470
6327
4607
11445
11544
1611
7186
8611
12163
1146
4937
7185
183
1874
1710
4643
10588
660
7537
2164
9783
12147
6311
10363
4405
105
8598
9966
8709
92
11808
4276
3827
86
344
7111
12321
1177
339
12050
8218
4963
8665
4
3125
2962
6747
4508
4076
8661
11824
354
6824
1330
8838
9313
8896
100
10304
2034
3089
9906
5817
2642
10964
3174
8174
10672
2974
998
484
232
4041
133
6652
8524
967
6169
688
6045
886
3269
5890
7038
1492
11015
3381
4599
11816
11121
1505
7818
5341
3550
6201
2538
4247
391
11827
8171
537
7481
5401
4905
4311
12243
8400
8551
1038
4295
8573
2682
9583
2533
5377
3766
11571
208
5733
9959
104
7734
1619
9569
9496
7966
10739
10221
7342
2741
2566
6039
3081
2454
359
7784
5431
7262
3659
8885
2497
9276
2368
383
11715
186
8823
4966
8216
4531
11450
8261
1860
7082
6204
8562
1111
2438
5357
11356
10526
3683
5584
10495
12248
73
5174
685
6314
261
8923
9652
4093
5469
8410
952
4655
9803
7822
6932
6699
1797
2264
49
4907
8720
7356
12048
2914
10863
1064
11524
8303
1107
4404
7390
2153
6737
9832
3374
3356
328
1103
388
9598
3341
9630
1502
7858
7246
10990
3316
466
2548
2358
274
10918
3084
10005
7595
8483
12253
11837
8206
8612
11683
5557
10649
6653
3644
3162
12228
7352
4290
4346
3819
1044
4457
2307
5980
361
993
440
2333
11940
3068
9547
2435
6633
4499
8153
7254
2852
5267
2300
11308
8772
3921
2314
9826
288
3104
10452
11909
11508
682
11907
9787
4081
787
7653
7922
1804
6624
9311
11802
1126
2374
9037
4600
7868
4581
9056
2427
10915
9726
3818
8379
6702
9264
5896
5533
10818
6499
10442
7505
11574
3399
4248
7933
3248
2646
3039
289
1709
3279
177
3951
10177
12315
6028
4998
12088
5053
9053
7765
7224
8766
5143
5089
5856
11803
9083
12025
9513
10824
12370
2694
3046
1846
6356
1312
11934
8096
8770
3092
3401
8969
9416
4676
3196
2286
9298
416
4403
7375
12356
3036
8440
10838
8641
1117
3551
825
10062
1454
7319
9634
1579
2201
11684
5864
6971
11047
10343
11670
9743
5141
4195
4368
3532
2832
5466
1202
1569
9967
11094
2963
4096
3986
6374
8991
2791
10251
5585
241
11738
7022
9860
4209
7989
1520
4553
11008
10501
6951
12226
239
9016
166
2469
1678
11425
12082
10245
6929
845
1688
8534
10869
8151
8308
4255
8685
4640
12195
3433
851
69
10049
2661
11920
10162
4670
2260
4545
9470
2448
8907
2320
11773
8245
4090
11646
10297
12124
1923
9312
4806
2335
12168
11618
597
3134
5254
5629
1027
3948
11338
7737
2931
3048
10943
4699
9686
6447
10123
5472
5903
3362
5101
5440
976
9360
6484
3514
7499
7103
3553
7583
10135
919
11011
874
9382
9242
11485
11500
2896
10820
2891
5627
5202
1836
710
989
12072
9148
7364
3524
7202
8177
5022
10553
1921
5427
10925
10669
2819
7091
135
10423
2667
3121
3543
6041
8480
3536
9650
2686
2920
6958
9810
5354
6128
1785
11622
1813
4422
1469
5356
6192
3756
9763
1780
4502
12020
11955
393
5565
7028
10402
11777
4423
4409
5044
5870
1452
11264
553
6367
12070
5179
7578
4116
5684
10237
1004
4559
929
2714
10610
7665
927
3480
4441
2304
7757
755
1824
5476
3434
2540
9974
4710
8312
2288
4122
8121
10839
4708
3265
1679
1338
8288
9031
8197
9175
11902
8752
5165
7812
4339
125
2580
1140
9903
11441
8529
11862
10220
5852
9284
3462
3699
8930
4245
3409
9433
11674
8519
12302
3470
8671
8582
5091
3490
9221
4707
9304
9172
6202
9978
984
11295
5414
3456
640
5463
420
4921
7090
5528
9671
2219
1805
7030
7235
9285
8774
8595
8369
6454
1772
6340
2290
5511
12029
463
10223
3620
2439
8156
2144
4188
2691
317
1676
7001
7332
596
7436
9674
2952
9765
4447
2719
6616
10572
6057
3384
9692
6844
7217
1131
12098
8334
11463
6960
12192
8810
340
8934
2650
10028
4424
2847
1567
1746
6563
2069
192
2261
4419
4025
8085
608
5855
9845
4138
1792
9195
2754
3821
5914
11695
5332
10198
2888
2549
4406
12214
7775
6232
5264
10119
11048
4793
7673
6569
1605
4994
12011
3094
10217
5121
8974
11510
9614
272
6260
10894
3232
7675
11327
7829
1925
5877
1757
955
8236
4362
10445
10016
7214
1682
1614
2433
2878
1749
6020
3049
2063
9553
7270
7545
4730
5883
228
6449
5807
2957
7400
5059
3056
4171
4176
9869
11840
1775
5652
7587
7073
3985
4920
8429
4603
9133
10294
1637
12337
9206
620
796
6785
9236
1648
11245
9855
12003
7060
3077
10102
8126
9913
641
12053
6601
9754
12322
8305
9701
6758
740
368
5192
9782
8859
10470
8367
9933
4657
476
2967
10378
7526
10327
8007
373
267
3847
6282
5496
1873
3708
5564
2482
1169
6024
13
4407
1773
6290
8998
5358
10569
3303
9929
12227
5405
9478
7657
376
774
9077
7409
2716
783
3484
6919
3671
6166
4126
8543
5656
2603
9065
8887
7500
4719
7789
8518
10714
4746
11737
4933
5110
2984
7557
2377
6771
7407
644
2191
1447
3930
6501
5014
2210
10715
3216
11348
10174
11509
7584
11587
12329
8210
3733
3353
4505
11858
1232
9473
10704
3388
739
5998
8408
5310
10361
10913
8407
1781
11878
7652
11958
7329
3239
7272
4292
841
5140
649
10537
2212
3807
11555
9341
960
11157
11241
474
555
9895
7105
4053
6625
1051
5587
7230
8569
9201
3122
1104
2684
9134
8202
1668
10525
7240
11177
7865
8690
6257
4878
1996
12206
3099
10970
11290
7586
7337
4085
3990
5385
9874
12059
8213
3764
2308
4322
6295
2404
11506
6527
11005
8116
12349
5951
5396
2818
11087
11206
422
4883
814
3744
7333
4352
5602
871
11605
8413
11381
12015
595
10975
9533
3730
1727
5275
3103
900
2367
867
1199
8517
8608
11459
10665
11630
3697
2078
3126
7543
2721
10823
10243
945
4774
4331
11668
3272
6025
4544
4705
2301
9033
140
11408
2654
9713
4532
5586
5185
12140
8737
1879
7019
3875
11201
6719
9364
14
9918
7977
7206
582
4855
7502
2192
5483
8
278
5491
6029
6835
1981
7163
2065
11986
16
7796
11428
12204
263
8593
377
9486
4236
5069
4279
3716
4489
9208
8161
1383
6019
2993
3811
2874
11218
4186
1412
5904
1191
603
2055
8489
9508
5930
1581
11279
5413
11530
7145
5609
11681
9545
8710
10865
3402
3491
9680
9567
1570
1162
10211
1988
10409
4830
9122
3547
3042
3749
470
12368
10574
4958
2178
2395
4518
12324
11480
5795
11552
11830
12151
10345
10792
1659
2084
6310
8755
3236
10785
11970
7722
9399
6721
9411
6185
11895
1635
3517
10900
6247
360
5649
450
8849
8437
9102
7172
3757
4978
3499
10701
8869
7663
10199
7112
9292
6530
642
9348
2082
1196
8666
1463
3880
9081
4426
5196
6661
4694
517
10896
1982
2815
541
4586
3371
147
12177
12080
2476
5154
5968
2043
12238
5281
142
8699
9645
6978
4448
855
10387
11525
9006
12342
1444
12184
8271
1733
4945
9008
7130
2992
10757
2001
10441
10101
12031
2250
4802
9633
8736
2216
3981
916
3305
9551
1059
4814
10530
12207
3742
9174
12360
10522
2515
11682
10302
6854
683
9095
4335
4057
4487
10703
12150
9715
1608
3063
3130
1055
2930
5391
11105
11579
8643
1485
2543
1830
3762
6237
2817
11378
1809
9679
7229
6035
9070
8354
7029
4015
1782
6221
9710
2006
11768
5571
7990
1261
2951
1870
10171
3263
11286
2484
11676
6281
1623
346
3432
7318
3736
7288
6489
5465
6014
9277
7120
3502
5142
11810
426
6285
3838
3250
1936
10264
9410
9010
5155
11826
4206
6964
11440
2539
10451
5633
3392
8508
2196
4018
11417
6194
385
11854
5190
11268
5150
7762
10524
7532
4059
9045
1915
4214
3945
9557
4818
10631
4430
2869
8479
6973
11362
10558
1337
3158
1203
2745
7876
8622
736
7892
10719
3932
12197
4372
8431
3473
9254
1476
2885
4387
4200
321
7177
3112
8744
2391
2366
9429
6705
9857
3346
461
7398
9776
6490
4684
5666
1606
6302
6273
2466
3774
9230
3270
776
7548
2202
3813
4390
10222
4819
1954
1779
8325
8115
10879
8442
2792
3922
11778
2118
11602
11227
6386
9442
4216
1575
11554
4373
2023
7330
6901
9948
6622
4000
2233
11616
4399
8433
9444
10519
3200
9437
9378
7245
7879
3070
3207
8705
5641
4595
5888
6615
326
10965
2035
8973
2611
11282
4212
5801
2116
3747
2911
12264
6002
1713
6399
681
10606
3942
1730
6109
7017
10562
8418
5897
4314
1035
12205
8635
4957
202
4993
5176
10845
12257
2811
1450
12173
5326
8618
10601
11334
3758
1920
2040
4570
8722
7311
9899
4301
4727
7269
1182
10506
9092
12217
6212
2381
3516
2436
9971
10244
7473
3896
12327
10733
7156
11679
791
7615
1716
428
4330
5555
6654
3590
3053
2907
1112
10950
8894
8137
148
1457
8591
4761
882
12104
8244
6127
10736
5873
12046
10862
8165
1022
4875
4106
3772
252
11607
8995
10520
8145
10434
5286
12160
4393
2488
8268
5067
3812
2835
10165
9993
7523
9941
12335
5972
1889
9757
4031
7779
5250
12009
2804
11253
2723
2376
9625
11274
11409
9111
6840
10979
10001
9931
4130
8625
2120
12161
2966
6063
9847
2585
10881
7425
2137
5525
3317
11311
2102
4988
7974
8106
8396
10867
2340
6067
9396
4537
9413
749
8758
11207
315
7144
5301
1894
8649
152
8190
10286
5970
615
9097
2387
645
7078
4136
10972
3055
5615
2363
3698
8663
3689
1211
7271
4969
1832
3598
2870
12156
1693
5363
9564
6388
4016
3533
10859
7916
7363
7116
127
1253
2357
1914
9942
2124
5731
3876
11025
2557
4827
10391
4043
1653
134
11194
9287
931
3180
9227
10094
3131
9876
7780
5066
8445
1227
531
8617
10071
4503
9093
9875
891
3684
8619
11366
9880
9620
11765
1777
4310
10477
2098
3830
7625
4859
4278
11942
2647
319
4213
6424
9721
3545
10738
11912
3
6996
12022
5947
3846
3363
6338
5948
9336
11848
6423
11437
8111
10752
246
4224
11894
7182
7781
11009
2895
8762
64
9156
3190
10503
3564
3322
5519
6190
10085
11504
872
9771
10487
5228
10078
991
566
3072
11599
3457
277
3128
9032
2596
2026
10433
5007
8564
11952
4662
7968
7908
2689
9636
7524
8041
6224
5230
4254
10163
7102
3416
10259
3935
10149
3357
2808
3552
844
2112
10207
8979
11182
3694
6667
9786
8393
4495
5778
8939
9164
8239
5451
4756
7160
1037
4128
4459
6443
7750
8497
2327
4337
3435
11479
5367
6637
5482
1729
1014
10299
3419
11412
2293
9685
513
325
4491
8526
2857
7727
9104
8993
3645
4291
7423
4701
11880
7804
9127
7842
1783
3318
7048
6350
2693
12013
11560
946
5191
3447
6915
11794
11028
11913
10436
1145
2564
4460
5041
9576
9338
10157
1531
6346
3177
7004
4648
3229
6138
2504
1892
561
8281
3300
6573
3364
11045
2766
1462
6995
1473
8304
5885
9561
4129
7698
9555
11261
2924
4515
3773
10435
2054
6225
6329
12351
7498
9491
6444
1855
10283
5724
9762
6038
9005
5689
8477
12373
7075
2659
7800
7057
9530
10904
2677
7309
5214
10045
5138
7577
10267
5842
8269
5984
3325
6656
6154
2136
11476
10903
3413
1591
10556
11483
3856
1753
8544
6780
2675
9025
10585
5901
764
2492
12024
3234
8258
11016
2724
11256
6440
12043
11836
207
7126
2608
978
118
11760
11200
11963
11462
5453
8739
11226
4299
8842
5389
4563
7907
5889
10852
4458
8870
4479
7014
5339
17
12185
554
8986
2346
3630
758
9293
7113
8284
1480
1587
1135
9337
1905
6773
2477
12365
10023
8493
11276
3090
11653
8474
895
6890
8389
6226
1524
9592
7003
12303
7792
10516
2273
7215
9280
453
90
10910
11034
8332
10635
12279
11076
9884
11418
2979
5076
1910
7809
9401
8634
11049
6537
4805
11659
11249
11972
9190
2940
11871
6636
8639
5659
6091
887
9440
11906
9259
4644
12266
548
1681
6343
10546
2475
6404
8988
8678
9519
4615
7731
1843
10654
10661
6157
12129
4452
10560
10911
6101
4285
6538
10105
1574
11822
6313
498
4439
2522
7986
5447
646
445
8421
3961
11527
4982
12109
5435
364
2179
8861
10356
770
2232
8373
8955
9051
968
5642
3259
11269
910
1803
5148
4183
9421
9800
11477
10933
6979
4851
352
11430
8381
8209
11376
568
6100
8352
9297
4799
4075
11487
7511
5710
4627
5376
3175
3045
9080
4238
11407
4558
1582
365
12120
2525
4332
5657
1627
5360
11340
8279
7025
7655
4173
6547
9637
11315
1997
10440
10535
11354
2284
11984
9894
6994
8475
4992
3783
11237
4257
4367
11085
5291
6272
2755
3994
7739
9489
11303
9867
9563
8294
9153
10956
3642
9381
11505
5553
12246
2295
6239
5355
9113
7857
3650
3059
3562
8458
6446
7413
4001
6357
418
10613
5550
4677
5866
1210
4918
4045
80
10310
5221
2446
9324
7429
11929
5507
7816
218
8847
3146
5335
11330
12252
1992
11969
12348
11971
9639
3088
4825
301
666
4848
3027
12084
4302
1016
384
1056
9310
9578
11904
3581
5169
6663
1233
11748
10505
1940
2473
8262
12141
8789
7143
10118
5032
7606
6678
2123
11399
7027
1076
971
788
11744
8391
2312
7836
7369
9387
7133
10517
9189
6458
2119
11333
1615
8130
6510
6980
12131
11755
2576
8428
9731
1958
4614
9296
9500
1453
10944
10782
5273
8505
349
5444
12148
9902
1234
823
11638
6998
8832
5172
6298
378
643
5403
3096
7972
8834
7650
11635
8878
11938
4840
11967
11325
11784
9882
6711
6639
10840
5988
3313
9163
10291
9361
4180
6337
2342
6990
5074
3720
3460
3652
8095
8094
5233
3132
11928
9983
5617
38
8306
1764
3258
1100
3147
10607
421
8328
9760
11198
7339
6032
559
3449
11999
11631
3223
3013
184
3210
5822
2601
8513
10420
6707
10657
1735
7093
2194
5212
12005
9136
6944
4062
3903
11488
3995
10509
3991
11941
10605
8500
4713
1188
5181
6570
2536
2145
11864
9492
6300
2251
4307
1638
10018
9319
8777
1724
5796
7620
6208
1826
3542
612
9231
4104
5804
4960
7771
9352
7841
2863
1547
6362
6952
10266
9675
2007
4063
4476
10439
2937
10126
10602
1083
6097
7995
11104
8919
4700
8554
816
10375
9090
3958
11598
2573
4166
1043
9414
2934
3123
623
3578
5688
5637
1577
10040
4490
11247
5857
6598
9516
5107
4087
3665
10172
5599
1672
5323
4380
11167
3343
3297
10639
2981
1827
4692
5328
5927
5251
109
7466
2341
2459
1143
11326
6514
10651
10020
3284
611
8319
10652
2660
9232
780
1742
4620
3282
6873
8339
11
2500
2211
9770
1739
5622
3688
6319
9389
8422
10898
1750
8961
5412
3933
11090
8229
12260
3230
8966
9955
2625
12318
10936
6864
3454
5164
9792
11900
9892
11528
5485
875
10953
5860
7886
10966
8470
6914
4631
930
3189
9076
4523
11205
9366
6278
4846
2845
3828
11514
2879
12041
4867
9916
7872
1254
6395
11545
9844
10360
76
9648
3634
8848
8746
387
11847
11254
2186
6220
3352
11722
9039
2506
4575
296
2356
4858
10205
10059
3743
8368
3286
7107
7718
588
7207
9540
8960
6251
6031
8520
1093
11596
6493
4294
9907
9403
1507
9566
478
5900
8980
3834
11663
295
4156
3199
9939
112
7016
3832
1736
4014
6734
7913
12229
3422
5151
3306
2170
860
1356
2849
9003
6500
2174
2173
3506
11391
2671
6511
3681
7882
2215
3900
2009
9368
9565
9339
4823
4202
11021
2773
4315
3101
7426
1598
9307
523
181
11491
8452
10355
7691
8985
5072
11149
2812
6682
2624
10835
7094
2853
1667
8191
431
1847
5259
6724
861
10951
6450
3307
6975
4724
4601
7823
2068
8127
11542
11214
3635
7388
3355
1153
6116
1929
306
6177
9497
9509
2621
12096
2890
592
10861
2631
8337
5518
10374
10134
879
7479
7042
10994
8809
10173
3004
9422
2270
11387
9849
8606
12352
7289
2860
9605
457
6217
2143
11687
10246
6332
10132
11175
10053
2561
2944
7041
799
5418
3701
7009
8790
5257
8316
7563
3404
2530
2958
4628
6912
1193
8616
8195
3231
1333
6072
3983
9007
3225
2431
6968
10413
10379
6688
9949
7353
9207
5610
6009
7089
2354
3415
9490
10663
11342
8586
8230
5285
3588
3385
8786
9116
2277
11693
958
9386
3512
7593
7631
5329
7380
12282
12215
794
12030
6430
10486
9586
10980
7256
1096
155
10351
2114
889
9168
6536
7068
10247
9622
11392
6375
3428
1652
11601
9635
6261
6441
6263
2586
7533
9150
3220
11923
9585
8731
8506
9447
394
9455
4529
9471
10924
883
4632
10942
11160
10737
2926
11444
6592
10753
5083
2077
1441
1882
7266
785
1479
10365
9028
11393
11813
9991
8005
2513
9588
1969
2998
8270
11502
6696
3073
8509
9744
3704
10405
2041
7052
1961
9626
3087
6056
2478
6528
8654
12155
10043
6308
240
4165
7157
11798
7605
10074
8372
10876
5774
3693
542
180
11573
11324
3883
933
850
1274
5382
9030
2298
5647
7570
9704
10312
3000
5655
10462
117
6475
6071
8578
10139
10708
1134
832
199
21
399
1201
8754
10231
3047
6801
4351
6426
1801
8135
939
6318
7212
5304
7292
5654
10776
9270
4621
5675
7218
11980
4386
10989
3440
1464
3312
3414
9534
7406
266
4941
7610
2338
10971
7803
6306
3298
9663
948
9579
8658
913
6284
10645
7350
2709
10853
10833
7607
973
8704
6083
11060
6545
3019
9417
903
6435
9834
10393
1770
9071
7531
6645
2221
1815
3695
99
8729
8214
9794
1592
10334
10103
8652
10077
7875
5939
7517
2912
4164
11138
322
7285
8642
4832
3569
8686
10033
2422
1331
1685
7348
1120
8971
8963
9446
12308
7988
10110
2018
4141
6146
9709
10188
1458
7062
3857
3769
10744
10797
5402
483
11316
1088
6068
11936
11420
7776
3583
5488
9820
8155
8905
6508
5473
12306
9872
6787
6949
2495
9261
12138
4032
8221
2094
4821
2554
6325
11225
3893
189
4394
1449
7529
10066
2289
7492
7540
8484
9835
464
7053
7179
8609
7541
10313
918
1084
1964
9629
9624
6576
8494
9271
11589
10249
7987
3421
3323
1340
34
1529
10338
6055
2560
5005
7468
6642
5136
7725
6320
7813
2784
7735
1751
8299
7167
3209
11697
10371
11868
10670
2328
659
7183
11553
10985
5606
8039
1106
6334
2633
11978
10036
501
2697
8432
7629
7755
9087
11757
3107
1124
10754
11883
4542
2747
12026
4361
4252
9082
8581
9753
11358
9177
10991
5237
7467
141
10599
1963
1759
1313
10431
10144
8694
6219
8420
2322
52
3508
6469
5284
4480
11918
1618
11291
9632
7092
3799
5645
10254
6578
3571
7603
5618
357
1669
829
1909
12097
8855
7791
7381
5561
752
6526
2512
7047
8013
8633
6999
506
143
1061
12289
8329
6233
11131
3670
7054
305
10255
7697
9428
1968
7839
3420
7050
10677
9575
4047
3418
9790
2060
179
7097
4587
1880
2760
4572
8537
6170
11541
1995
9914
1442
9144
10650
4348
11979
89
2160
8797
11927
4732
9330
8984
4546
9398
880
5359
11828
2089
11809
885
7555
11199
12121
4388
6882
11582
11535
9235
8375
4959
2750
10821
9653
7732
5313
1767
9418
7248
12210
8252
942
8107
6881
2866
3613
9350
9582
2614
1156
593
6349
229
1053
5348
12241
9060
9597
1560
7609
9110
6347
5603
741
2783
8968
9424
5408
6769
704
488
7084
11654
7764
6847
6352
9968
7850
3219
7634
8996
176
9248
11889
7457
7219
4112
8931
2206
6935
7268
9245
7013
5255
1235
5937
10027
8233
1213
8292
110
8753
4654
5113
4714
5240
4068
8742
2780
7134
2706
8486
3739
5906
10429
10709
2131
10392
10476
600
10545
11875
2081
8645
11371
1539
3970
6150
6034
8901
7386
174
11558
4385
6445
3753
6746
10947
2070
7828
6983
150
2823
2921
1490
11867
3020
7209
2045
6798
951
11517
3614
6655
5902
2218
7870
7549
5050
9896
11250
10145
10707
3391
8148
1706
1451
9443
9246
7039
4064
4094
11865
7613
7335
11998
5776
3848
1900
5182
2182
4748
7880
10698
3831
2310
7178
10128
7552
756
3534
7173
1532
7205
2450
6505
5994
7873
4464
1054
6896
3717
6518
579
1600
1500
1632
1769
1123
6618
6982
3345
7181
1174
11564
8008
3337
9099
5016
729
5539
87
2658
5
1089
846
113
5886
5545
4242
4781
11313
9180
713
2351
7811
1481
12224
1108
7006
5346
6191
11453
10781
9677
7148
11385
9785
1956
1019
9345
7100
1413
9495
7696
11917
6554
1065
7522
8614
6517
1264
12128
2285
11572
1098
11823
7121
12062
4923
5017
363
9558
4383
5563
6586
3804
3348
5347
4690
1522
8651
5588
6464
491
7679
290
5200
2956
3151
4455
4838
1216
9019
7070
7486
546
11433
411
2545
2318
2297
11807
1176
7430
2287
6977
8906
146
2524
10550
10623
10272
8290
11610
9018
12178
9898
5928
4034
4636
6542
9841
4928
11416
9434
4594
7015
4511
1005
2607
3332
8112
3637
1848
10167
2798
4013
4569
7115
8626
12068
2453
11557
4356
3469
6955
8796
2093
10899
5690
9052
5388
9690
3168
8804
5220
5734
7227
4882
8102
10642
2636
4300
10732
11649
10344
2415
3249
8263
4364
5950
8123
1521
1840
2375
4338
11046
11538
12372
10784
2281
3198
10131
9853
3622
4936
8662
7002
4717
4343
2132
2109
409
7323
7251
1148
8911
12075
5905
3682
2703
9908
6307
8114
10138
1002
12239
4246
4718
7110
4630
138
3722
4664
9517
11474
2474
11981
6516
5721
3476
7021
8522
3324
6339
10982
5790
12249
5395
11873
9687
4887
367
2797
4742
6644
255
63
10364
7713
6491
3539
7216
12106
8769
10196
8610
1891
9359
7712
9542
10426
6315
1662
5002
2880
3191
2906
4831
4743
10072
2589
1951
356
12343
6016
4616
2331
1684
12145
3256
3287
2148
550
1430
3266
3732
9085
11658
9885
3862
1975
6065
124
3351
3301
320
599
6649
8922
26
11126
11691
12287
6704
4593
3178
10238
726
5723
4881
4771
3801
9961
8359
9250
6355
941
8228
508
7243
7427
10993
11168
9130
2690
6384
6908
9305
1888
1853
7551
3963
5252
7833
5879
6825
7222
9115
779
9658
4381
7149
4950
7945
10921
8759
3768
767
687
329
10901
12265
8536
5517
6684
2969
2378
8088
5863
11242
1664
10104
8240
1225
7310
10285
6021
11939
11292
4413
9215
962
10812
5234
459
4230
3592
40
10815
6651
9100
4496
9992
1639
5276
10192
10928
2056
6473
3778
3127
6662
1980
8547
11990
9749
9273
5315
1791
11398
6947
231
5620
961
12290
3589
11992
379
4266
12172
4571
1548
1039
10317
8954
11423
7574
4800
6439
2736
1026
5381
3015
11838
922
11531
6085
11845
3843
11397
10309
1687
11761
6778
8482
9498
2447
5493
638
2889
2562
6966
2313
7723
10326
8530
8944
1160
5635
934
6673
4836
9219
8835
7508
1509
10008
12115
7261
3237
10108
9748
11012
9777
11749
4954
6043
8624
10178
5411
6687
3979
516
10401
9167
2609
10481
11057
1031
9217
3441
9928
11224
1028
9191
7998
2097
9673
2064
7045
869
3140
6297
10889
3609
10308
5147
7754
11671
7191
132
10962
2355
9667
507
6529
7428
3283
9086
9459
9196
8872
5646
5515
4182
5981
1352
8989
11781
7658
9812
7357
9705
1715
1864
1231
9795
6889
6280
3366
4440
3427
12254
8764
2058
8767
3481
7519
9546
1789
8138
9532
1862
6004
294
3786
4582
2862
5294
2456
3464
3978
5394
5527
2645
8733
10969
9590
2676
7740
8738
7365
10399
2012
7239
10281
11753
2995
8293
2292
15
10795
9066
9805
10384
10075
7399
8539
3997
11887
7887
1617
11140
8275
2339
3017
3194
3629
12118
5318
9373
4193
2970
1516
37
3212
7287
8090
11910
11771
2437
7705
4868
2444
11946
7293
8017
7265
6093
2796
6907
6370
4837
2022
10807
7208
3678
8531
9117
11221
4813
10275
10885
11756
11519
10765
5325
1723
11372
9155
7379
7513
3429
5021
6164
3116
93
2441
5279
10702
297
11006
3728
23
8038
1273
1221
4323
8604
8528
801
1799
243
8874
4747
2275
4306
9512
11613
7802
7282
7546
10870
10789
10897
5478
9544
3529
772
11989
7630
5926
2881
2013
3584
12187
6602
2753
10303
6783
11696
1645
836
8235
258
10877
11787
8142
402
1734
8975
6359
1030
9984
12305
6564
5663
773
6796
3984
11729
8162
496
11171
1496
4773
4617
9559
2838
7815
2787
10743
7284
10793
5245
10022
1812
7674
9445
2903
10854
7501
7395
3815
293
4265
7601
8498
12142
6797
7672
4527
3691
4967
7201
11038
3591
2972
3186
6541
2036
1979
6052
2463
8773
1220
4901
1704
2443
10596
4438
3213
12169
7490
9192
5907
6782
3557
7861
5080
10983
6058
2592
2195
6203
5838
5559
1219
9725
7547
1939
6240
6523
3117
10475
3710
5184
6326
2563
567
10340
10092
2066
9335
9064
7991
6076
3492
119
667
2205
222
4683
9621
2626
8199
2892
1787
7347
4005
5711
8459
9706
10143
1409
2531
6333
3247
233
1052
4470
9260
12211
11471
9351
7064
2382
3714
5859
5187
6053
10450
9909
5504
4625
4249
5232
3257
7525
2793
10047
5438
8647
10892
4133
6483
10777
11814
9735
10474
11983
2570
9886
8590
3165
3389
251
1752
5881
10004
8672
530
6920
9696
10622
396
10675
8711
6837
5000
6531
10206
11762
8916
9859
10170
8867
7188
2361
6121
3023
9997
11786
4857
7300
3628
11027
3957
12191
3382
11856
10632
7328
3001
1819
4987
4060
12176
2032
10097
8703
309
7973
4608
3567
6069
10494
2786
5025
5361
10518
6974
2610
6369
8599
4382
280
4666
2746
2859
8416
5648
9591
11458
3703
1224
689
624
4912
5977
3760
9957
3909
3527
8078
4308
406
12283
8515
6717
3050
2834
5492
33
5962
10583
27
2968
2457
1818
11039
130
529
3160
10322
11211
8540
7403
8927
3641
12213
6520
10717
11089
10422
5073
5854
1586
2842
8864
4725
8560
10156
11184
11367
7037
7280
7844
9930
5051
4520
7635
5379
2370
3278
9237
6296
4431
145
8160
10430
7096
7233
4807
9267
11355
1624
6481
6776
3999
3996
7855
1008
7419
9806
12344
9400
3097
4506
6245
8987
5993
1499
5144
6515
4712
5549
2490
1817
8143
2507
8492
7098
9314
10995
3759
7831
2046
923
10687
4525
5317
5229
427
1795
528
3233
11812
3438
3610
10958
4942
10456
9608
12047
9107
7194
9504
2556
2483
7496
10239
1966
1866
2158
6487
4428
3549
473
10582
9126
1768
6407
11772
1066
11884
2936
11642
