2119
2345
22
2137
2844
4239
3271
3889
1237
110
1639
1632
3791
2311
2572
310
4175
3340
2434
672
2132
1673
1937
4242
1876
2284
2370
448
503
597
1663
1635
2828
3769
3884
1262
1371
1507
4149
2210
2497
3606
2194
2963
1806
1959
4255
1555
1258
1845
3325
2648
1719
493
3411
4229
2731
1404
1329
1782
1687
3226
2133
249
277
1890
889
182
2646
3879
2218
2076
1027
2390
3024
4306
3806
1077
2762
2236
3343
1844
549
2930
2996
1935
2535
892
726
2939
870
3653
3275
2186
2486
120
1226
1297
2321
223
1933
94
3858
732
1183
115
687
459
90
4204
1172
2607
309
2944
533
901
2706
2592
3584
3573
871
1593
1134
3677
1218
2491
3130
1441
2229
3851
750
3965
3246
1002
1972
1759
606
1685
3691
2969
207
2374
3756
4349
2469
1238
354
1718
130
197
3890
770
2130
923
3388
3751
851
1842
3337
2753
1471
2131
2242
3561
61
4337
2962
865
2145
3996
1908
3864
3615
3604
1160
2916
3014
3681
4178
3076
2
2291
785
789
2364
3244
410
2775
1397
1983
3814
522
3452
1239
949
3041
332
4081
1600
2967
2293
308
2063
2777
652
3211
3017
4249
4187
21
1386
862
872
505
2419
4193
3888
325
2754
2155
3618
1037
1913
1367
7
2444
2088
3035
539
3185
2410
2257
2077
660
2371
149
1131
3740
641
42
4198
372
2147
246
1684
1574
947
907
4001
3111
1717
4381
2965
3554
3859
1645
4080
313
500
252
1889
1835
3367
1826
2770
800
4295
3404
3383
2557
4348
2817
610
3682
4067
3394
3216
538
3213
268
3750
260
4386
3314
888
801
796
3852
2344
3092
2270
2457
1125
1883
950
1379
2360
1588
144
4062
2542
2979
1103
2796
109
2342
2460
744
2282
2368
3641
2870
315
3651
3613
164
701
727
2839
59
2091
2423
442
1129
690
1327
4380
1032
102
4236
544
2025
4122
602
3232
546
3636
93
3912
4093
955
959
798
603
3971
4192
1859
3848
2057
651
484
402
3029
2251
2243
1938
3555
4156
2317
1993
1840
1979
781
3795
1638
511
617
895
3741
2127
4256
2125
159
937
3973
2830
241
3181
828
512
3749
3983
3100
1092
2447
3321
1708
528
3565
2603
4327
2908
4056
3458
3744
1578
725
3371
2920
1595
2493
580
3392
340
2724
2392
3855
17
3960
1369
2543
1762
2416
2978
3502
2135
3801
2955
2780
3220
657
1243
3671
4251
3695
1220
3037
2207
1260
4174
706
509
2941
2346
1850
4245
2110
1380
3449
1270
2094
1395
3292
3753
1915
1036
731
684
1554
2032
1801
2501
1435
4091
1521
2215
2591
3868
2774
1884
3242
4284
911
2450
748
2268
245
3637
193
4325
1848
1904
1318
2788
2085
2784
1245
3997
1831
1757
4190
1313
481
3272
3654
3619
1872
1368
2608
2843
2722
3761
4125
3557
1529
3416
429
962
3318
924
218
210
3737
903
864
2617
2472
4216
3156
2146
1944
445
3643
162
3315
3303
2760
248
2771
876
1633
314
1362
1575
1761
192
1194
2647
1031
2299
1560
1475
490
2816
3013
1892
4328
462
2483
922
2452
1626
428
1777
3839
3608
4231
431
3856
3894
1539
797
2719
3623
2027
3247
4358
3505
1725
4116
3052
878
1293
1855
3132
4355
3215
1505
259
618
2948
4127
2319
3053
2976
2661
254
1870
2554
4113
1771
2436
550
1355
3110
1431
1528
2182
427
3703
1164
3638
584
520
2244
201
2711
3878
1914
161
842
11
64
1841
2422
868
2768
2096
914
3712
3122
2247
4234
4173
3214
581
2064
3748
2993
401
440
4197
3576
4283
4166
1248
1871
2264
4144
4341
2151
43
1704
646
2237
2602
3312
2349
1705
3299
919
3679
680
3180
2815
4071
3574
4120
327
1643
1185
784
649
2785
3808
2613
2957
2204
2943
2034
3980
3027
531
3492
3490
1880
179
3302
910
3559
2118
3936
154
324
4009
2459
3917
1308
4201
2640
1857
3137
541
894
2986
542
2261
2398
3419
2548
2337
474
3103
3866
2576
1284
86
1280
151
140
3074
3847
4276
829
1677
2946
2396
1322
2017
1934
4345
2910
3690
2082
3809
1084
1714
4323
3178
1442
2326
4006
504
167
839
256
3402
463
4275
611
1976
16
2298
4172
3892
3327
3455
108
3387
2547
2758
185
1863
4277
1518
1263
2224
2455
3869
1254
2471
3152
2657
215
52
3700
692
2797
3397
1917
4164
3675
165
2628
916
1619
3036
902
4316
3882
654
3766
790
1225
4206
2559
2458
2347
1153
2397
2272
740
1285
450
1321
3089
1797
2160
4070
3364
496
1283
3922
2733
3575
3639
3116
2913
3745
3363
2209
62
1001
2265
1644
1026
4209
3269
913
1364
4291
3970
1219
2605
2456
607
519
487
1540
2927
2122
3678
524
3054
2650
2302
2500
3896
1098
2982
3333
323
3320
3614
1599
1473
4331
1000
2124
2258
2825
1703
255
47
2421
3733
2476
3217
2643
4252
2658
3121
473
2304
599
3977
3376
466
591
3793
3499
1726
1195
1257
4179
3306
2840
1778
2925
1328
2431
1105
4150
316
2004
1675
3500
439
3209
364
2612
3558
1305
2355
1981
2625
623
1970
4289
1186
438
1756
944
202
661
2373
1907
3323
1144
3012
2539
752
95
846
3698
1603
1104
2728
150
2808
3617
1216
1034
4111
1910
4052
3305
142
2400
482
1374
3798
2850
896
614
191
3498
2972
88
1898
2836
2024
3731
3420
2556
2909
3313
4073
2810
2335
27
644
1381
502
1152
1629
3025
4060
4226
3186
3300
1278
335
328
2800
3366
2915
2508
173
1101
4333
823
1640
4115
1623
3304
3369
845
526
397
3157
2253
3230
3790
4005
3374
4196
3783
2021
2020
3191
3205
2361
2080
1865
498
2159
2285
2795
1874
1187
1951
222
1180
461
3240
1175
4339
925
890
1691
2581
3346
3101
333
1530
1807
1470
116
4379
2947
3752
1877
4075
2813
339
3235
507
4128
98
1662
1577
1385
2139
1715
1919
3317
3774
1303
2756
1625
3775
1832
2477
4352
2723
3610
2778
1162
2923
3765
3762
2420
3921
3611
2445
639
3800
3336
2448
1279
1433
3813
3081
3154
2960
430
1136
71
2158
2709
3982
2492
1246
645
2620
266
497
3123
2616
3673
616
1311
4051
1911
3380
3506
1556
1780
1021
3290
1058
2633
854
50
3124
213
613
4296
3713
1676
2994
2292
4189
4191
4143
2409
4301
2598
3324
3621
1330
1482
4290
3685
943
1310
301
3447
3562
2567
1094
4137
1523
840
1382
779
1971
4314
156
3284
2829
927
2074
3189
101
2227
736
758
3631
368
1559
3820
775
2013
3330
3276
2136
258
1873
1612
4170
2611
3871
2833
1613
3003
1755
1975
2638
4228
1774
3046
1127
1858
702
4165
4145
767
855
1604
2231
4055
158
1296
296
2156
2097
3409
334
3138
318
4253
190
2406
3781
583
1524
1102
1196
3672
534
1079
3212
1436
1425
2757
4000
763
545
508
1727
2588
4282
2846
3821
2639
3707
2353
4049
3311
2408
1265
2736
1823
1325
1061
3030
1516
3625
253
859
3104
1426
2222
1918
1966
1967
3658
336
2157
1969
3184
128
65
2466
688
3233
3077
3417
3219
1392
795
655
2072
695
1320
2301
48
3910
365
2601
2366
2805
2546
1193
824
3862
2295
3919
4336
915
3044
2357
433
2485
3811
3084
2532
3644
465
3702
1879
82
1978
3802
1
2619
2190
311
3378
4205
3829
4203
2717
53
2056
1299
3406
4012
221
3815
4183
751
1779
2467
3805
938
1472
4315
2255
3732
199
830
759
1155
3075
2086
3342
2440
4254
4319
2505
338
166
2761
3863
1095
3011
2343
866
3767
57
1773
3538
2652
4169
178
2536
956
1798
3934
2279
4077
1962
2793
2790
762
4215
1059
4135
4195
1353
2054
1132
3365
1177
2583
1847
3403
1281
2765
3115
677
1269
196
4054
1527
2971
620
20
4312
134
1897
1942
39
270
2363
1013
2529
2340
1295
406
1936
3939
2327
2274
1805
3016
2734
3150
2443
4304
997
1690
456
1480
1987
1272
3326
3245
1631
2111
3803
1912
510
1434
2407
152
3198
3873
3391
3933
3155
206
1799
3097
2250
582
1903
843
3105
3734
2263
686
579
768
2938
4200
3676
4129
2062
3624
2463
1868
4138
3583
2315
494
1148
117
469
3094
2006
3002
174
135
608
567
2718
951
1259
939
659
133
2951
3460
2604
4078
3446
4310
405
3612
1014
2533
4313
1393
1728
4293
2256
935
3139
1921
501
359
2738
4072
4114
2333
2630
3453
267
470
705
4162
2108
103
3689
3078
454
1864
1849
472
3344
853
2213
741
3135
96
516
3570
1986
3693
2968
1151
3293
388
187
132
609
1594
4050
621
1438
390
2710
1012
2278
3616
1688
3699
2451
2705
3503
1023
648
1302
879
1288
2362
773
4188
1333
3966
3763
1627
548
1060
3580
2573
3571
1616
1606
2235
4092
1622
2814
123
954
1161
4141
2636
3568
3849
1590
3408
3296
1557
2821
1388
176
1004
1905
3686
1605
2707
3389
2644
194
737
1273
4357
3372
4240
4133
537
766
669
2507
4353
2975
787
3007
2394
1674
875
2642
573
3861
1520
1082
1087
998
2928
3705
675
881
1974
2217
2584
650
1158
2365
3428
3880
1401
486
2660
1447
1866
1953
2561
1003
2121
3106
1332
1617
2461
1024
3668
136
734
850
1396
3780
1139
578
1159
13
394
2184
2921
3650
274
3657
4182
2729
2645
97
38
2827
352
2569
1253
3231
475
3979
2498
471
891
4066
3961
2502
1247
212
3099
1637
3533
834
56
356
3824
3755
1399
1474
1130
298
2428
2318
4214
4273
106
1621
2226
4168
746
2328
1171
3221
3238
3322
3976
4147
3532
4246
2107
143
3140
1323
2129
169
700
2079
3008
957
3630
1681
1862
2704
4112
1075
488
2449
3266
2586
1085
3459
2503
1443
18
2985
1365
760
776
2320
1769
4292
1081
1445
833
1326
2849
772
2350
1947
3151
2205
331
2314
515
257
1763
4065
1140
1384
3918
4208
3193
3784
3560
674
4320
1887
2260
3395
2600
1682
4053
2641
2418
3830
2552
1661
1126
2792
3854
3088
2290
2230
2599
2059
155
3605
1722
2564
3694
1469
73
3373
2580
3128
2551
195
693
1389
250
2275
3937
564
3853
3291
2259
3876
2462
3895
2914
1154
2759
1664
3826
2123
1589
3697
3431
2575
1099
1802
2309
2766
3319
403
1038
1990
1086
1029
3031
244
4221
2015
2009
2140
1315
3274
1255
1961
2530
4010
1506
777
2214
2568
3659
897
1449
2336
2837
2280
2537
886
1137
2475
2334
3632
2437
4377
918
2003
214
3407
2007
3118
4326
3146
2067
129
45
1264
14
3298
3285
2075
451
2058
2415
2426
4307
1165
933
738
297
2206
882
835
906
4332
1720
2254
1610
2582
3963
1268
3772
3886
1043
81
2331
55
786
3885
1618
1306
3347
2141
2113
271
2351
480
2126
3279
2637
2429
1005
4121
3082
3109
2987
1843
2238
1372
3607
836
4013
2802
3042
1464
2066
2016
3634
1827
265
1373
2453
3940
934
119
1713
1430
2540
3799
398
1006
2023
269
662
2454
391
2149
1891
570
3144
928
2989
1597
122
908
4384
2288
2610
1466
1383
85
2787
3136
514
3301
1571
444
1390
2606
1837
4343
2225
1614
3386
75
79
1040
2782
831
3160
337
3893
596
1227
2188
4224
3080
3194
2287
4134
2845
1509
3865
12
3709
4
2781
477
822
658
4002
2812
2219
3816
3034
2585
506
295
1190
1010
4180
2442
1147
3967
936
1882
3828
4089
1689
756
3289
1200
2087
3535
2281
329
3310
2446
1988
345
1860
435
568
198
2818
2404
2228
2649
668
4090
1251
4225
3430
946
2399
1096
2241
3241
3760
2473
3280
3669
89
3504
841
19
412
2574
521
1522
4007
1678
2234
1309
1465
1088
3448
153
1709
780
2239
2276
1775
3962
1008
3294
2767
2153
1846
2538
543
2632
100
1408
4227
2481
733
3810
2713
370
4237
4074
2654
536
1758
3268
1298
3984
2940
2405
2307
523
2150
574
4322
1601
2489
1356
1106
735
200
2627
2022
3424
2026
4217
1235
2081
1517
3687
1157
112
2018
3091
2187
3501
2208
565
3020
3412
4161
3860
676
2192
2550
3
3223
3131
312
743
3883
2435
69
1201
2286
2093
4285
2189
1009
1282
1568
3764
4232
2549
2496
1301
3998
495
3049
2083
3736
2822
3107
1980
168
1294
2799
350
1427
1504
1481
1124
84
3207
272
2438
3410
1766
2621
857
1314
2359
3710
72
330
2596
3117
1358
208
2144
1902
3552
2117
1534
1016
619
1428
926
1591
1076
844
3932
4088
3334
527
704
4159
107
2479
1141
3507
2779
15
3187
3747
1508
3640
3026
3566
3729
1724
2338
1394
483
4177
2732
3022
1894
2116
3789
1800
4123
3096
2563
4274
683
4278
2806
3785
3843
3195
3656
4059
3112
535
3577
3528
99
771
125
2070
3746
2427
3423
860
912
3792
1760
4303
1965
353
2990
3840
1123
3872
1957
1150
589
2739
2305
2629
929
1716
3427
479
3414
3633
87
1963
1881
3714
396
1839
2262
1019
2068
2807
2663
1234
400
2352
3005
3660
1772
326
3818
3108
2294
1197
4212
942
205
3683
2571
4057
753
1304
681
3370
952
3028
3297
3897
186
1028
2653
3817
3497
2289
2714
3418
2008
566
547
904
1804
2763
1895
4117
1830
664
694
321
3794
2232
3159
3126
4318
869
1231
468
2609
2824
1920
3398
2956
1596
2614
2414
211
1851
2624
203
4233
1409
782
2651
3396
2313
2480
3742
2950
3197
1286
1955
126
769
2911
2769
2324
457
1896
4218
1833
1191
642
2402
138
4243
4004
663
3199
4064
273
2391
2411
643
3210
83
4250
4351
4082
3348
1230
2531
3133
529
4185
2148
67
689
2773
441
1636
1354
1400
3129
4153
1163
3647
9
146
3192
467
2183
2838
2221
3019
4335
408
1199
363
1579
1370
696
2981
3914
3001
1252
220
3881
2590
251
2425
3093
3491
4298
1768
2316
2297
2949
3283
2306
2826
2634
2712
3405
76
931
3143
307
2841
3236
4338
698
1360
1764
1271
3224
351
848
1007
4158
1991
3267
4202
2488
306
1274
3421
2659
4230
2490
2358
4132
3842
2842
1461
2211
1290
3415
4014
532
4186
2635
3941
2106
821
3000
1266
392
898
68
3288
3087
1712
3095
2735
460
2755
1500
1176
2216
4167
3567
4382
3200
1532
2811
118
847
3239
2296
1949
2776
1100
3153
1025
3620
4297
4235
3083
111
2809
3825
4238
160
177
2325
4354
3032
1410
478
1680
1407
4139
3915
4356
447
2248
2593
3603
665
666
2570
3602
2831
2631
2322
1960
2578
3182
2953
953
3706
849
3208
303
3457
3228
2834
3033
3445
464
4244
1564
2983
1170
858
170
2212
1948
1477
1133
4003
1634
1916
2997
2329
1954
1090
1711
3015
4223
1875
3425
667
3844
1964
4321
3381
587
2012
1707
3234
3190
1149
3039
3730
3787
1558
3646
920
900
2587
4257
3400
586
1267
874
3867
305
3759
2181
525
3916
764
3127
294
1233
4085
4308
1217
2494
2341
367
181
2112
2656
2465
4146
2060
2482
1511
761
3385
600
1563
3553
2073
941
2115
1078
2991
2128
3338
3804
3920
171
1535
2424
104
742
2154
1363
1989
1770
1361
3206
2958
1145
1375
1611
1479
2367
575
452
1376
2984
3309
2725
1017
2727
653
3341
3332
1018
3913
183
1229
3999
739
8
78
3183
224
1224
4084
1261
1478
3040
2084
1223
1945
3287
371
2143
276
2089
1467
2372
499
3243
432
1432
40
1242
343
3390
4344
1331
1405
757
3536
3461
1184
3147
2832
4199
2558
1042
1941
3113
2618
1289
148
2028
2499
458
893
262
1143
2401
571
2266
3382
3004
1776
1080
1307
3329
4342
1900
3680
765
4119
1359
1089
909
3674
157
656
74
2917
184
3422
409
163
2092
3145
604
264
673
1312
2439
3527
1984
530
2484
411
1943
1828
4058
4079
2555
3530
754
2310
349
749
685
393
2470
139
3010
24
1501
3493
1901
4305
404
204
5
867
2703
1861
605
1324
4063
729
4378
1476
4130
3823
2308
2120
1834
622
4241
3645
794
1030
4184
1439
362
1135
453
585
1444
4068
3204
838
3006
1836
4110
58
342
2193
588
3286
3148
360
1463
4083
1630
3771
1829
1958
2061
3158
3142
3629
2277
2974
3739
3149
2801
3819
1562
6
4131
1173
46
1940
682
3773
3401
1097
1398
3368
3222
4383
3295
2721
3413
612
3051
856
2245
887
1519
1437
2011
91
3812
1377
476
3375
3911
4087
792
4148
485
2029
3735
3964
3023
1022
3073
569
3768
2566
2348
1093
1856
877
1168
880
2924
4207
832
940
2339
3537
1767
2300
1939
2926
3203
188
1796
263
2312
1609
3316
4126
1853
2413
319
2848
4160
2919
2626
640
1169
2541
3938
1440
114
2942
1300
247
489
3757
671
576
3692
2478
492
1236
3379
2772
1228
3770
147
3308
1510
2053
2737
3935
3531
2095
2579
3345
517
4346
1276
2912
2918
2233
2794
2223
1366
4350
1537
1166
2995
2010
3655
2138
2791
3788
4347
1526
141
4330
921
730
131
1615
1686
4076
2798
366
1221
905
175
3429
1854
2014
2432
1628
1525
3399
3786
1357
2623
3609
2323
4309
3456
4140
2595
3009
3227
861
3277
1291
827
3125
592
2764
2819
1893
1020
437
2220
1275
3968
1138
3688
3496
1167
2487
3426
1146
595
1641
4222
1642
3846
1538
799
1985
1576
2998
3581
3307
322
113
1906
1011
2730
344
80
1533
443
2114
3578
2560
2395
4299
491
2961
3887
3642
3579
180
2069
2134
820
300
63
3704
1973
37
3451
2090
219
2970
436
3179
4211
1602
395
2959
755
60
1107
3701
590
4142
2495
361
1174
3050
2954
3974
917
2803
2430
2597
598
2433
4311
3018
4124
3778
137
3797
3114
3670
41
4286
2055
346
3556
4069
341
3986
3377
1156
3085
3282
4086
3877
2109
884
2980
2441
3874
1620
930
455
3845
2252
4008
1952
3141
3202
66
3696
3743
1317
2393
2078
4176
2065
4287
2303
1781
1608
4288
2240
873
4155
745
1982
3841
3758
2468
793
2506
1531
