8837
3802
11149
1531
7877
10635
5425
3105
10035
5659
7241
6439
1294
11462
10076
2413
4709
1201
4829
2092
6190
10898
5334
8672
5709
9408
7416
292
7159
883
12347
3221
8401
8995
8204
10206
10462
3258
1050
8526
6091
4487
12253
6005
11863
9417
962
2881
11025
4992
9699
6757
5751
11972
7736
574
3048
417
1331
7956
6132
10358
4326
11269
10344
1943
8304
6192
7769
7429
475
11309
11271
6781
2735
598
11327
2440
7989
3138
4577
11428
11152
10046
4158
7008
8272
3259
1384
1038
9910
1615
7770
6308
9713
1085
578
559
2677
7032
8510
4790
6385
12107
5304
11332
10174
4035
4121
2736
7132
11565
10822
10215
1236
6934
9851
7172
331
7918
11680
9757
3560
4697
1829
6095
31
3354
834
1555
643
8165
4683
1235
1216
6741
11202
6555
6490
30
97
1274
5888
1354
3639
6195
5251
10245
4162
11188
11442
3759
6497
2366
2162
499
8240
6244
10646
2229
9798
10749
8869
12354
8963
3783
1961
4641
2648
11424
33
7504
1524
3965
5336
9276
5411
1242
7406
10470
5563
6021
12121
10966
6539
12134
10567
11319
10229
10431
3543
207
11372
2532
4654
1226
382
4045
2077
9660
6428
10068
2080
1982
9062
7466
8960
10541
8709
1254
6823
7068
9731
6817
702
12052
10056
8105
214
11051
12004
6654
11388
7246
11036
829
12048
9232
5623
1815
6744
10719
7814
3182
3051
7881
11807
3179
1095
12115
3576
10628
4479
7155
540
6515
2059
8767
3291
7444
8511
5940
4104
5325
5820
10405
8655
3335
3597
3750
3700
1391
9279
1981
10468
8273
5741
737
410
424
6212
8294
5935
10654
10949
7591
6080
6974
1490
1359
6255
7152
11965
10954
4606
7477
5363
427
5821
5285
7020
4286
3171
11114
2944
4647
23
159
10977
9123
7204
8418
576
1832
9280
6040
10276
10924
8407
11557
8179
9958
7277
2235
12290
8822
10758
500
7756
3779
8129
9195
7350
7764
5997
7320
5779
7968
824
3237
11822
7561
10088
3057
1614
4398
1751
6113
2710
10306
5427
1282
8058
633
80
9489
498
6608
5739
10561
11486
6601
6464
8027
418
11061
10359
6592
3832
1210
9199
8192
5034
7265
8206
8454
2377
8216
12232
6237
1995
8552
8155
326
6050
10776
1504
6173
2965
1277
2946
3403
1689
12315
11693
9442
4368
1634
3225
11214
2153
10031
9110
4277
10005
6017
9296
7639
8186
7235
10647
6389
1766
9006
11644
1250
9420
8269
12199
5668
601
11738
229
9751
2589
7332
4475
4954
2424
3235
9805
1822
4023
9993
11098
1147
9046
8878
3612
1546
9396
5880
7224
1333
5576
10925
1666
1370
5014
4483
11946
538
7443
9252
2897
7360
11687
10146
6581
4515
4555
11553
226
1461
1881
11058
9000
2262
9440
12095
7284
8267
7992
10935
12264
6839
9528
12271
627
9511
2023
6650
11849
2450
7379
8126
8953
1601
7719
3433
3738
434
405
7908
3371
794
4244
7286
9375
151
10228
11312
355
6621
7876
1761
6796
12351
261
9060
8498
2562
2633
3381
7190
11932
5699
1002
11690
9122
3847
7611
5628
6249
9920
564
8173
9873
3280
6033
9287
8001
7849
6606
8090
724
4530
8171
1819
6108
7654
3705
474
10607
8163
4884
12141
8112
404
3490
742
5905
3441
9705
2227
9878
9580
6435
2868
11868
5780
1309
9168
9230
6076
0
4335
9169
11181
6824
9056
8928
337
9407
6006
6932
95
11974
2877
4164
5550
2266
4581
6437
5230
8461
6631
7028
11221
8456
11245
4822
10691
136
11661
5857
6351
1127
688
4349
3655
4585
11989
844
2867
6347
11611
4596
4714
11579
3652
9102
6636
7774
8716
6548
5675
11710
9904
9413
12097
8038
5008
10629
10007
5715
5615
8322
7820
4075
8730
10644
1061
919
5616
4916
6176
1208
4893
181
7034
5970
10413
2806
5308
9656
2176
9376
8701
3151
9465
8634
5374
1648
2211
1114
3736
1753
9940
8802
11862
8340
2154
101
894
940
3375
7998
2566
7299
12147
667
4465
12223
4301
4570
8496
10352
4137
8022
10929
1655
7009
5491
12191
12190
8053
8262
2123
9771
10798
5904
2915
4806
10807
11211
10277
7211
1692
11748
3311
5811
6611
11672
5218
12257
9121
7436
10008
6414
10529
5910
4230
2844
748
9175
1630
3367
6671
5522
1913
11943
6373
1379
8500
9028
7799
8799
4612
11789
5269
9329
9883
8793
3347
3468
4637
5532
7668
7161
9114
11960
8182
9012
8981
7863
6699
8771
39
6838
10835
6805
4232
8763
8122
1349
2110
2760
7186
11889
8862
5291
7218
7173
2480
3809
10580
10643
11241
10984
12119
11533
609
4313
4370
11068
3657
7981
12110
8265
7011
11430
1160
7291
2521
11423
11169
1321
634
9365
2474
6387
1645
7717
5585
10621
6997
3834
3028
2598
2830
10281
301
4761
11837
9120
7324
1018
1312
6487
2350
3782
7073
10022
9812
7212
10065
7938
2763
7720
9098
10960
6992
5103
9540
679
11961
3825
3136
2063
6569
6925
6698
2460
10494
7223
8766
2531
6784
10548
10313
8619
3660
10852
3244
9310
9486
8980
7683
2120
10106
12113
11288
10679
5694
4852
10481
4441
1912
3038
11634
9867
11035
7701
129
7263
10334
2455
4337
9653
11830
8050
7494
10571
10957
1232
7004
3561
2039
5248
2984
4686
389
7602
2985
9564
7312
10317
1535
8783
1039
9390
7843
948
8616
1213
11154
3948
8357
8290
11602
989
437
8710
6463
3027
11534
219
6765
5630
3014
2075
147
6041
9206
12215
4936
1440
6291
12137
6571
9282
3460
2493
3787
3061
2805
12219
7733
1573
7766
11344
3507
6890
5773
8877
3021
399
9430
6626
4853
8441
796
7927
10333
2100
10975
2832
99
6149
4855
8465
1292
12198
4161
7988
6334
5834
9456
9952
1570
4263
12157
10075
8092
11990
7743
1997
5893
5584
9377
3124
11962
4015
187
4293
9756
4887
3518
8117
347
3806
1338
1317
4944
2798
9664
9256
7479
5809
7740
1432
7150
4181
7575
1613
5296
4598
7109
1328
8034
5157
3037
816
10097
10004
2821
11572
3135
4528
2365
1713
9675
9382
5071
12236
4858
1651
2062
11511
1082
5472
6878
6876
1672
5864
1950
5948
12357
2340
10702
8080
1164
7383
4698
12188
8592
11537
1165
9386
458
3017
10384
1024
3464
10000
8943
1699
6419
642
5212
9781
6165
185
11577
3509
4016
11316
5596
8113
5143
11041
6872
218
11050
7392
7642
6833
1307
2407
6234
103
4524
777
9906
5509
10883
11839
1414
1885
5204
11408
2128
1812
9183
9835
12058
6669
3340
11077
11421
11737
1224
3295
11692
11488
727
11968
5086
12053
7417
5499
8735
4743
10416
12024
1679
2730
7649
6171
4236
12240
4850
3007
9089
7728
1425
6526
6764
8906
196
10688
3492
11494
1241
2241
7251
6055
3974
46
2482
9628
11095
12289
5106
10936
2762
9548
7846
2448
825
8115
5737
4991
9238
7600
3309
4950
6294
6069
1534
7322
11749
4469
12026
10499
4562
11743
3423
10226
8462
8069
2668
11389
2135
504
8959
1409
2523
3187
4203
10238
11668
7185
6535
8734
979
6715
4420
3442
12025
1778
9261
7505
6898
1034
4270
9357
4382
1071
8693
10610
132
6310
1970
583
3190
1790
4819
1335
10135
237
9247
10367
11402
7605
193
3308
6849
4620
2861
10225
8414
9141
2544
8279
9635
3320
9439
5501
2853
4189
5712
4040
416
8152
11752
1022
6803
3079
61
9735
10727
9640
1169
2472
3530
8194
7676
4632
8088
775
11518
10939
203
6975
3000
12009
7953
5838
11694
2623
9433
12174
8640
4399
9125
12364
4730
4543
10902
6424
8007
659
7271
8347
588
190
2220
6147
6944
7
11864
7811
10331
1838
351
1802
12028
3393
10556
8950
5764
5972
7805
1375
5456
12242
2689
5009
5240
10099
213
8308
1506
2977
11853
5797
2141
10412
12034
1138
7375
1897
6327
8964
1730
9001
3547
7880
11502
8863
1984
2613
7043
11109
2814
2764
4069
11774
4877
10455
7967
8731
165
3041
2334
4325
1710
12041
6374
2406
9955
9619
9976
1590
11922
11939
11679
128
5031
6107
11801
8138
5785
6404
11483
157
2476
2678
3251
11425
2999
5392
5167
6185
7786
9466
7304
7044
2036
2310
1580
4305
10149
9649
2986
11182
11610
375
3352
3052
5154
11473
12233
11556
11700
11751
11215
5384
5755
12250
1632
41
7540
5020
8051
8359
2000
7293
10980
933
1286
6564
9464
8121
2781
4830
1221
6854
5732
8315
8919
3077
4679
11855
11796
11099
731
1029
12317
5805
7225
7057
6480
1196
10175
10641
9384
7080
3995
7696
9048
12001
6051
1498
4202
3328
6028
10642
2519
8432
5696
9134
5350
1000
9725
2866
9721
11619
10458
1991
6834
897
11833
12343
6826
8687
2718
3184
8853
5979
4785
2690
993
11366
470
8986
4451
4215
7495
9094
6931
10194
8167
2880
9895
10388
5783
8829
8320
5725
6597
3158
6977
7672
8384
3797
12241
7757
1839
10079
4287
1722
1273
7482
9222
12300
11589
1170
610
6180
8780
11175
9350
4592
8362
7681
1059
10098
9007
12062
3535
4363
5952
11838
3122
11011
8166
1530
7242
1586
9998
10716
339
12075
1062
4783
3630
4604
8275
1781
8749
2270
7568
6427
10426
12340
6908
1149
10381
8695
1863
3674
10964
4256
11658
9603
2497
4423
6090
3568
2175
3558
771
6825
9636
9968
5481
4168
5194
10183
9318
2558
12324
10353
3118
5602
803
2851
629
2993
2011
4837
4381
5254
2296
11016
11806
9275
6037
8528
10247
5881
10820
5562
2697
35
4957
5190
5117
10410
11049
2319
1297
2395
1985
2955
10296
4726
3471
8786
4076
10137
8139
3186
3739
5894
360
2632
1480
2256
9666
2361
10224
2732
9730
7480
5180
1089
10669
3109
3658
8319
9096
821
9519
10237
10424
7045
5976
8795
1191
4688
1100
6609
9354
7106
7396
4458
10286
11729
4536
6200
3858
7993
6716
4614
1231
8181
1220
5421
59
4976
8880
4115
9857
1688
2122
4419
2415
7834
3607
3653
4133
3350
3425
11540
6321
8280
9951
1955
2714
9593
7980
2066
11798
8006
9144
2825
1306
8355
4400
1207
998
8491
550
11479
1469
7163
3010
4442
4918
5761
9428
12322
7055
3557
11446
5273
4275
12367
11208
2471
10036
9886
3536
494
1836
8408
1552
5617
2417
9105
9670
11318
4199
12169
9633
6808
6525
7042
6766
5928
3945
1930
2683
11227
7352
10890
6213
1374
5496
8617
10201
3572
4862
10383
12286
7084
6285
8796
11378
11081
6197
6746
4922
3538
5566
7641
8040
2353
514
11573
12273
11284
7178
1576
7099
4026
5326
11649
9119
9734
1502
6125
9534
1041
7699
4879
9942
8827
11147
7280
8697
10154
12355
8641
1889
9032
2994
747
176
5185
252
2712
7076
8584
895
11339
7767
1065
2432
666
10721
9305
10182
1488
4343
8484
1640
5344
11353
5094
1477
9965
8295
3222
4969
6138
7864
2908
949
4324
37
10452
2101
2367
893
2487
3706
6674
8509
6183
10298
7603
9383
11545
8211
6201
2329
11498
4838
4282
10120
6370
2569
10139
9220
6952
1484
1464
1939
1726
6158
946
10009
6724
4082
9068
10212
2306
11352
12368
6740
7761
9295
11730
2997
11662
8590
6004
2245
2871
7749
1098
1256
9663
11740
1548
6205
464
398
11925
899
8873
4207
2219
3087
2239
1083
11359
2630
7878
7999
9703
2196
8847
3552
1620
6685
8196
11
11657
7404
5731
2454
5124
7519
9891
10422
10806
11660
9746
4490
5967
4805
6112
1612
194
1571
7780
8159
10536
5408
274
8954
2308
1481
2631
7422
5748
9870
2469
4340
5249
2348
11287
7842
5380
11900
9717
9273
11683
10907
9075
3023
5987
5170
7446
5090
2841
2328
4603
7013
941
10600
5400
3993
967
2694
4535
4549
5416
3192
11029
10165
995
8549
4682
7551
6019
1405
3587
9560
9747
3494
5222
12127
9289
10759
8543
9627
11544
11184
512
8720
8740
4131
2530
10780
2927
5365
2146
2667
6852
2408
350
8412
3101
6461
2112
11124
6026
6879
11909
6121
7660
5261
10865
2301
10061
887
3644
11243
9010
6081
7542
8293
2550
8419
1357
2332
848
6236
8374
546
4512
7548
1915
9210
11457
9411
7523
11325
1233
4360
6432
6392
7737
7860
6269
462
8751
752
112
4881
10546
11526
10211
4757
85
4449
142
1178
3130
6473
2072
6534
3878
10802
542
4948
12042
10124
9508
7433
9625
2338
11648
1362
1760
9373
3413
264
1716
4051
11342
5168
11422
2928
9356
3699
11056
3096
2768
11770
6030
954
7369
8806
3636
6807
1646
4284
11938
5482
788
10450
784
9772
3480
7015
9698
7894
10574
846
1994
3943
6588
10308
7210
6829
10674
4956
911
2838
8598
8554
2067
10568
4264
3921
7488
4616
8286
6420
10667
5714
12201
5379
4639
1599
2575
5708
2184
4672
9576
3880
10926
6837
7030
11594
4311
4196
431
3742
8883
4234
10581
9429
6522
11523
6366
6961
9811
11080
9173
11015
10998
552
674
4934
1113
11072
11280
172
4794
2444
782
7153
10693
10320
5789
8939
6431
6659
8996
3663
8653
1285
4130
12244
12268
3437
9330
10411
11180
10504
3822
7452
1561
7307
2647
454
3673
10474
7751
10867
3693
6114
6845
6586
1733
4776
2564
7493
10448
9264
4323
1402
8481
11588
10263
1128
2791
11550
6713
4807
480
6381
4422
5141
566
6104
1604
11415
10152
10709
9162
7102
8733
435
9855
87
5614
4111
6191
2214
8260
12182
1636
3704
9774
1475
12226
6926
11358
4831
6911
4109
10853
7803
9303
6353
579
10363
7750
2534
6430
4246
8207
4296
10173
8063
3195
7997
7977
11811
6454
4556
9589
1214
5171
2525
6486
2583
7462
4020
11148
10896
9449
11851
2973
651
10962
3982
2346
8664
3374
7502
466
7400
10186
9941
7754
6484
9775
4010
6610
9399
170
7381
781
1428
10823
3148
8670
3005
4677
1500
3796
4768
541
3670
3191
7136
7801
7239
6338
8626
6759
4719
7729
9790
10973
5806
3503
4803
987
2987
1330
5589
10880
12080
10731
7064
7399
9710
7270
2665
3157
4007
7813
4501
3337
1558
1718
4100
6701
1652
6300
8259
9233
11642
3287
11933
257
5757
10293
11593
1581
8241
9421
1288
2392
8287
1717
11930
5193
12278
5271
570
9838
7118
927
2847
9985
10547
6914
8632
4414
1551
2291
10164
10113
5868
4810
7384
2918
7868
5068
5105
2907
4812
6681
5745
8372
8380
8476
6179
441
366
6086
11742
5882
9688
1914
3064
1382
2501
3767
6455
1638
2954
1262
3030
707
4721
12073
6103
7893
1361
3034
8363
12349
7219
7024
9701
7537
5921
11578
10982
1916
11739
10420
11512
9936
4332
8725
2826
2733
9082
10887
11481
6115
7463
7574
2019
6161
7409
5298
4582
7795
1265
4927
9849
9221
1787
6214
160
3757
7184
4917
10115
10710
1954
2443
11431
8346
201
5155
9243
4793
8811
7403
8188
7514
4611
299
8004
4575
10253
4025
55
4540
2197
4923
10952
7105
2933
6603
11780
5803
11817
3790
1459
4960
2820
1300
5676
5603
3833
8856
6172
5084
8663
7969
3780
5800
6189
3681
3091
4711
513
11757
8005
171
6401
4315
2975
9605
3823
9237
8850
305
11350
1358
6047
6
9765
10895
668
901
415
11250
3098
1172
6820
12249
6750
16
3505
4900
7481
96
7804
7524
5669
4836
5713
9521
1007
10402
8107
3567
9080
547
4371
10577
3065
110
980
6561
11093
851
10495
10236
7497
4436
5867
5989
2637
6438
9594
9402
11021
2282
215
3390
68
5495
6218
4445
5331
1678
1393
8540
4456
2687
1550
7835
795
6936
11100
9587
7664
3312
8524
8514
4815
3386
4652
7899
11576
3746
12204
3273
7198
5702
10335
2989
11902
3117
6064
9209
1142
7947
8421
1268
11270
572
4589
4664
10123
2040
6061
3529
12295
9839
2492
12292
11039
6219
2132
3493
3180
11959
11886
11265
6309
968
6166
1192
69
8999
1923
8659
11585
7065
8187
11017
6772
10304
7372
10248
3703
6096
3115
9157
6202
2495
791
3074
3811
4489
6399
2058
5310
6440
9547
673
11858
7285
2599
789
9677
5295
12150
6489
1864
6778
6025
8722
10593
3194
10466
5985
309
3196
2752
8257
3406
9084
10467
7122
12143
4623
1900
3420
4945
6721
8683
5887
6613
9484
5845
2029
8252
12145
130
1008
5679
5476
5897
439
11917
10066
9505
12050
3445
12302
10676
12063
12154
1046
4385
8468
9669
594
9571
1346
5819
9924
11478
7447
2053
5329
2745
3675
9108
10417
6710
2343
7867
8202
10262
9832
5724
4415
10362
840
11119
8446
6227
1574
5930
1408
7194
1862
7230
11063
3334
10348
9915
7691
1199
8553
7143
5087
1963
1304
7798
11112
1869
7883
10176
7753
10231
3506
2254
5123
7486
10678
5238
10680
6874
8327
963
3724
9648
8271
1446
10415
483
9852
7707
3957
11551
1121
12227
2516
1119
9654
4129
10837
9817
10572
2007
28
657
2223
3054
12106
2696
3961
5515
6341
5924
10197
10841
12126
1099
4205
2293
9053
11772
560
888
5466
7964
4537
3003
2594
2437
11543
6258
4504
7321
1152
2006
3265
4393
3332
3104
10525
915
3868
24
5274
4888
4781
9288
277
11453
3348
641
9358
7830
886
9537
7594
5243
4823
6964
12133
11048
3397
4303
395
4962
1798
656
9475
10131
6344
3164
10472
5299
7746
9011
2539
11256
11235
357
10735
11682
2884
1932
2553
1174
3726
3682
6736
10597
1342
5289
4128
319
3212
11301
10916
3603
7049
525
3268
1608
12263
6198
457
8487
10797
10244
5063
12234
10287
6857
11038
1941
1882
7345
12051
1888
4571
1959
2024
11020
11019
2213
10042
8225
3307
365
10863
4074
11531
6001
11728
4851
7833
1280
5446
8596
12049
10938
5660
7645
7616
10961
4298
3784
8563
7533
4214
367
10587
2064
5244
7731
7566
8368
1465
12136
9361
7376
52
1986
6695
3895
9467
9510
9342
9319
5040
6851
5372
57
5889
8978
5878
9671
8797
1397
7983
11678
3650
8620
4117
10840
318
8867
8712
8016
2572
9494
3470
2753
12310
7233
6312
3219
206
12032
8721
6971
9927
9404
4896
7884
11975
486
11991
8434
8076
2014
11643
4771
11151
8402
3162
9043
383
2253
7949
3807
282
4553
3855
8643
9064
7628
4126
11888
8356
4763
3029
9887
8353
9714
10326
2027
9584
10857
6620
10324
10830
6605
6407
7722
10690
10050
4758
4801
3217
370
4435
2010
3073
10020
12260
9733
2115
7217
2336
4014
7648
6543
7715
10109
8905
2250
4432
934
7829
2769
1003
2397
10482
10436
5032
9338
1786
5213
12055
5438
10745
602
288
11167
11795
8415
2149
2674
7431
4666
1122
12072
7031
3967
3819
3629
6596
928
8184
12366
12037
461
10531
11882
5875
3435
4403
878
5767
155
4309
9637
1324
7844
293
528
4426
3838
3604
5413
11554
2103
3134
5640
5265
5692
9841
6421
5286
9051
8618
4507
9999
3526
258
11448
5188
1266
4576
9629
6996
12287
7634
6209
10871
5077
1058
2643
8482
5832
6337
1795
1840
11547
9461
1797
8127
6127
4505
3555
1047
5902
5909
100
852
2359
2596
6667
2614
7305
1017
9435
9538
12327
2823
3527
8816
8360
11096
3985
669
4753
1868
10187
119
2206
9661
9132
2276
1511
8985
3450
9719
8667
163
5360
7652
4646
5357
4668
3669
9863
10930
6354
1693
4690
4433
7651
11825
10053
10134
7393
1020
10720
12217
74
10742
7243
632
9744
1618
1906
2283
12035
2738
6482
953
7371
10392
4590
9136
10846
11251
3299
2522
5941
3731
9112
8341
7959
11640
9127
2515
9868
2843
9907
12002
9400
8254
9880
2421
8455
9045
9766
10922
5752
4566
9332
7127
5906
4513
8123
3516
966
4792
1470
1701
9516
8413
10301
10976
4237
8900
617
246
8193
10794
5118
8818
9524
4424
7258
327
7890
10844
7658
755
2924
10161
7861
1131
922
5738
511
7346
6889
9388
6027
6210
2939
1399
7886
5166
7771
8868
4240
3363
3127
3730
9843
2879
9502
6731
9455
861
10956
6923
3140
4097
11597
7201
72
3640
3011
3695
3412
3156
2936
255
5396
11296
12306
6587
1670
9184
10636
5986
9176
6580
4613
8354
772
11539
12076
3086
4764
2556
7331
10603
11926
2971
11914
9115
4752
5913
3960
4615
2721
10437
6352
4012
700
3528
2793
11843
8199
9149
3649
9814
9414
2380
10078
8037
2414
10862
2309
9599
7382
12193
1211
9292
5734
785
9879
4314
3851
3627
8597
3768
5330
2638
3622
5634
228
2233
4241
1566
5039
7527
7088
9990
4417
7738
4872
8622
1908
9685
990
6887
5283
7793
3501
9800
8576
10011
7552
10813
11521
8425
5281
6552
548
1683
10279
4866
2869
8148
1225
10634
7510
8110
1229
4628
5162
146
11792
4569
7391
6084
10406
2030
10537
12329
7946
8935
2090
1373
5627
6754
3223
9743
7356
3286
4580
3956
8808
2284
7139
11192
6875
8134
4112
6133
5433
7303
8244
6694
10430
7012
3565
3207
7227
6445
1600
4514
4492
3405
3997
12099
459
6275
1834
9244
2369
2548
7398
3325
2858
3843
6048
8256
10839
9551
5980
9437
2362
7220
4185
5179
9307
1879
9418
3816
3620
5792
706
4437
7620
6942
11691
4466
837
5795
8842
3126
9480
1129
3859
4911
5345
3175
11397
9583
2603
11714
306
10126
8035
8859
11386
390
5092
3398
3978
2636
6709
6020
849
11323
5048
6937
11074
11108
6314
2608
5565
8065
2896
2707
7725
8650
4988
8070
5383
10464
2327
205
5871
9974
2991
1521
11104
4306
9239
4450
116
4617
8925
7563
9845
10
5305
2456
4545
4144
10903
5453
1980
3163
11905
4798
4883
3747
10692
3684
1068
9707
1528
3351
10885
10493
1371
4151
686
2242
7531
7306
10814
6196
7912
2305
11829
4057
2442
11986
4824
5182
4602
6676
2401
11460
11674
7870
7828
3813
8030
5758
11645
10507
8237
12246
5313
5918
8823
2813
1907
4629
687
6070
5833
12183
5848
11708
9785
1951
862
3898
5232
9919
5684
2794
5671
11218
4067
4920
8331
860
9809
1339
5873
5081
6240
11137
1139
4344
6246
4242
8119
1429
6243
6953
1846
6868
8779
2420
2133
1104
3022
5796
2186
8910
11310
11921
8807
5749
9573
7865
9821
4446
7709
9820
7434
7930
10400
3959
11876
6441
1594
7521
2590
5316
6565
7845
7858
9597
3103
12016
1137
11376
2107
3497
3486
6411
10920
11345
9536
11013
3032
11308
2143
5362
11383
926
1983
1112
6343
1707
7114
76
5399
9953
8250
6268
4676
6388
8031
4705
1774
2970
5656
929
792
1519
6394
8100
2351
9531
10142
2147
5449
5353
2641
3928
10538
7469
5649
2883
2543
2466
4163
10708
11983
1855
8230
1709
7101
2646
827
2909
1859
1559
5595
9504
6945
8965
3883
83
9478
4740
2031
4211
9118
9542
10795
12299
3882
3893
1086
4876
7037
4352
10021
5468
8994
5229
1714
11779
9014
8178
9533
386
9911
9151
4262
4891
3082
7550
10689
4657
3804
10701
5890
10490
7631
2003
407
6517
1562
3573
3870
8423
10336
8636
1478
1168
8183
11346
81
10778
3204
2555
2496
8603
6491
5293
9615
5613
6647
2792
11166
11667
1553
8191
4078
703
8530
10209
12085
11769
4760
2056
5260
5961
9172
10290
10508
10446
11981
10893
6148
637
2364
8546
9604
11085
9672
6153
5559
11836
804
3396
11721
5398
6536
11145
10418
732
9763
1424
11907
3461
7115
11516
9152
4689
8585
11266
8673
2807
10316
3290
3234
4059
3360
10826
7579
3519
10125
9665
4706
11532
1589
6226
2441
12332
5403
2203
4943
1515
5301
4084
2459
8917
7546
12179
4755
6806
6705
2277
4502
9600
2559
11115
6305
11234
2360
7837
12019
1773
4963
7138
6843
4889
7787
2167
9186
7516
4968
1901
715
8242
3563
4261
9290
3283
11273
3453
6335
4127
2269
8288
4787
3888
4844
6563
9065
5652
10477
4291
1603
1014
10318
2033
1805
446
9789
956
225
3894
4090
11174
2888
1135
11638
10361
2846
3889
6822
134
9632
26
6723
10429
6106
11262
4192
8696
9366
1723
2940
6224
1023
12283
11469
1557
902
5508
8398
3849
9739
7684
4184
4101
491
2857
10588
8282
11548
1070
5895
10668
2754
2650
2968
8700
1
11663
9689
787
11612
8224
2312
10074
5073
5139
10380
11385
5513
4079
4320
7950
556
12207
11555
6075
2163
5582
3067
1161
1291
7195
11384
12175
1302
6886
8108
12117
11347
6011
6248
2289
6036
11157
10633
10162
815
2313
649
10740
2619
6444
2684
2148
11229
4365
4358
8844
7713
3840
2816
4727
7485
5697
8261
5990
10847
11870
10382
7500
3120
7440
11193
1298
6150
3401
4027
9200
8971
1857
7354
12084
1249
5923
767
11982
1212
8066
7174
3116
7581
7560
1105
317
2849
723
7231
3066
11126
2938
3976
5258
2629
644
4951
443
5542
2248
4085
5387
11322
7213
4751
290
6912
9335
4191
8621
3146
5653
9069
11242
11895
8665
5883
10532
5089
8059
11365
4147
2418
3369
6163
371
3012
4171
828
4551
6105
3596
11636
2976
7735
1835
6794
481
7107
8991
11628
5431
11950
4835
1880
1732
10911
1227
813
10460
8601
6743
4885
8314
613
1669
9567
1316
4063
9371
5355
2247
8752
4503
9834
9216
5307
11524
7589
10733
881
3472
4497
10994
5862
12120
8284
11258
12020
9391
2300
1049
11201
5523
6660
11164
533
630
7609
1347
9568
5150
3071
5447
6962
4464
11260
75
7364
9898
1537
1811
985
10273
5339
3966
879
7415
11519
5844
4946
4341
3002
11042
2102
4273
11904
8715
10591
680
9174
1134
10625
4440
4289
1463
1353
10535
2761
6986
9964
2481
10747
3467
11371
3940
6168
378
10996
6957
621
5494
86
9192
8924
8874
11113
5148
7181
5132
11718
9590
8292
7182
9512
9874
10167
11246
9740
7973
11283
1754
1473
12047
4673
4700
9058
3153
2134
6320
8281
8352
8969
2435
12276
2744
2358
10465
907
5130
7777
11724
1319
1697
8941
7402
2758
3161
10478
10454
7979
7187
10856
1115
1536
4978
1069
8233
4172
8437
2330
6123
11018
9610
2852
5127
12061
5181
9193
9334
9267
44
6058
2749
10116
460
3345
10933
6326
2960
4658
4642
6102
521
11993
2016
11370
3250
4925
1363
6877
2545
3481
8488
4350
4733
5146
10534
7710
596
11582
2001
6614
3044
2382
3078
4438
11254
10617
8714
7036
7388
5463
1267
2509
10744
5937
8046
2941
7226
3665
6551
10184
5417
4345
745
11364
6670
2174
8299
6007
6949
11726
340
8003
3389
1240
3716
10110
11066
4001
6627
8447
8775
10825
6770
3206
11210
235
5163
1492
12331
3262
5196
358
999
8130
2051
6519
12254
12285
1989
3444
4058
7923
8979
5231
2827
3912
2004
6624
12056
11541
9722
10408
4959
9552
4283
2088
7873
6071
5588
79
5859
10564
9787
11775
6453
11510
8223
4691
1045
1690
10724
5765
7644
8629
8521
133
409
6632
9444
716
3400
9557
1588
765
8458
11834
4125
7374
5
4072
4892
8918
1077
1945
7872
8338
11216
2765
4982
7408
8892
4986
4496
4898
7327
1978
11410
11087
3827
2399
10346
12
12266
11263
8810
8157
2785
11075
4800
5457
5528
10156
12326
9559
5537
11314
7348
1522
517
5315
8084
5104
7726
2526
3702
320
671
8830
8982
11207
2949
2264
11595
1189
3979
168
3407
11419
7005
9569
7359
1715
937
9438
6682
11143
8537
10624
7961
4484
3193
7071
4231
5682
11226
9767
7215
6700
3436
3593
11970
5720
8154
6600
10283
2160
1948
8987
7297
11420
54
1167
5241
10371
5306
3661
12313
4000
7047
6749
3304
6136
4498
996
11357
9198
2507
6177
6241
4821
11417
8744
2932
1125
9196
1499
7289
8221
9258
9779
600
10824
6271
1097
8677
5056
5144
2604
4546
6985
10398
10979
1975
3677
6792
11343
11715
7269
6365
4210
6131
10569
8169
9410
12003
372
1334
2898
8023
4942
6918
691
8495
7933
10838
1118
1653
5665
5473
6313
126
10047
11482
3100
8882
10706
508
10321
7687
3623
12171
5114
8794
8993
5036
10338
7449
2436
1420
2517
1190
9024
9761
8021
12225
5802
2489
6865
5516
8984
8226
9793
5500
12350
12320
6599
3049
10058
10845
3203
8612
1006
1597
231
8448
3025
3785
8318
11745
11698
10300
6181
1777
1493
487
9611
11911
3349
3904
5963
7522
2728
5685
6478
1136
8852
3319
6860
1952
5352
10711
5445
3218
8594
5744
8522
4380
7962
6505
1784
9966
1124
1529
10772
6664
5548
11558
5598
7889
10265
1883
9306
4249
5095
4110
8574
1001
2199
3776
11004
8858
7590
7588
10059
4518
11903
3499
313
3531
5574
12059
5460
5914
2992
4019
45
10461
12275
7343
11583
2371
3740
2111
11567
9177
9313
8755
10695
8489
10171
8326
2510
2699
42
1377
3773
11618
3511
640
3860
5418
7410
5128
10354
9050
10051
4547
4626
11988
2658
10111
11685
3417
3656
8268
9960
10754
5824
4260
10675
2251
3159
473
3918
7583
1150
6369
3026
4742
10766
11826
2930
9109
4597
5778
8660
11973
2892
7794
599
2780
9476
6307
221
17
1749
421
10133
981
5934
11305
11079
5060
10908
10800
250
10189
558
5219
11627
5253
3160
563
10473
9994
12156
6118
6296
7066
1188
2601
7423
11831
626
12091
9658
1320
8470
1431
465
8431
3016
12071
8474
964
141
11237
1977
5949
1255
11439
2189
8449
11621
11781
4849
9877
1968
7294
2485
1247
4506
12203
7301
2288
3601
2592
4453
10095
7283
4018
3765
1080
4624
2602
5382
9300
2770
5234
10249
11118
7762
2742
385
10921
9269
5968
2957
3185
9914
3430
8690
7330
2876
12308
6702
11570
9281
8451
3861
5207
5555
6272
4175
9813
7096
8103
353
11934
8791
4723
9496
4574
12231
9715
6170
10615
5278
1704
7986
1587
4627
3949
4416
6155
8580
5064
4820
11666
717
4519
9824
2854
9100
3814
223
2140
1810
726
3710
1738
10901
9202
6174
5395
6225
1804
11393
10672
3917
8809
7459
139
3202
971
11581
4827
2799
5650
11575
2878
8689
7405
10513
7693
4102
11064
9854
368
1942
9111
1565
12105
8246
9988
1705
7752
8814
6000
5960
11997
2187
4980
7468
490
3964
7358
9995
3594
7259
2775
1922
10575
7891
6978
4890
5091
7176
6426
2386
1664
3554
11758
8102
5184
11159
11509
104
10999
7558
5743
269
10524
253
1360
11890
211
10195
11083
9370
9908
6119
11434
835
9126
5677
10379
8332
3419
5101
1911
9825
3875
658
7414
7914
6361
6653
7166
2966
11617
6010
7498
5746
8156
9892
11298
11443
8336
2159
7499
1355
10067
2212
11153
3545
7340
3478
8339
4583
7041
6513
1884
10505
9716
3341
8042
1779
4208
9027
9889
8646
1271
6847
9514
10312
11373
676
10722
11514
8975
12057
10158
5943
8383
3302
1449
7530
11437
10543
8914
11732
875
6446
1472
12239
12158
7496
4022
9917
8872
4004
11014
5069
7567
2720
3903
3715
12069
2012
10972
10810
2766
5925
4692
12006
9063
3508
2462
4964
3886
4863
12129
3854
384
11571
5717
2129
9263
11650
8234
10599
12165
5354
12341
11607
8708
11313
2819
9644
8097
11368
8111
11561
9182
8190
920
6159
11396
3938
1344
1844
8143
6707
3485
4182
9031
5022
2980
4431
5012
3713
11398
4491
868
9458
7377
779
5358
11854
2457
3829
7438
7035
7606
11865
10002
1497
5359
1577
10923
7006
1964
7541
11277
5373
7314
952
5728
3599
6034
10506
6142
7063
9187
5474
12160
6384
11076
2463
11596
3762
1450
4618
5429
10510
7741
6023
4966
12309
9154
10627
9742
4867
11874
4903
9231
4029
2615
4878
10789
3504
10557
6223
7765
1517
2021
6367
11170
8047
7547
3826
5798
892
1074
2078
6157
2923
9897
6199
11186
7018
5451
4052
10748
5594
8776
4347
6503
4595
9033
1899
4267
11091
7464
311
396
9409
10717
830
7125
4989
1711
4405
8702
4183
6795
8135
773
806
9588
2121
4454
4178
7907
11363
5899
4227
2303
8532
10087
12093
8745
6979
9831
7623
10849
4525
6812
1920
8507
3004
3817
10860
4847
7836
5998
9268
8865
5177
3346
6951
733
1874
4802
6012
743
11623
11073
5829
6500
10307
565
10990
10205
12128
1381
7435
8573
5620
2833
3789
595
1329
11827
2410
12083
3099
11090
3455
10489
5083
338
11380
10657
4832
7087
8704
7714
3812
10656
741
778
8559
12316
10905
8785
11987
9692
7532
4947
248
4921
9797
1796
4728
10278
10986
11289
5030
7349
204
9304
3513
3725
9973
1261
7128
114
7461
8114
8684
12173
7852
6663
10127
1489
4003
9801
11945
3418
8435
2022
10391
5518
6655
5210
7054
5349
2295
8944
6416
12272
5110
11520
8324
10725
11341
7965
5478
429
3671
10653
1598
10605
4377
10790
8452
308
832
8370
7108
356
8512
6073
12269
5272
2983
6402
3137
9181
9189
4985
4833
10269
3683
4223
5729
7069
9095
3798
2625
9352
322
2837
1194
10779
8330
10756
3936
66
4201
10315
4279
10330
8124
5604
7511
2315
8789
3473
8703
5719
9687
8815
4789
2679
11177
6429
2201
11418
10112
8508
7866
3035
9047
3380
9425
681
1081
2639
3261
2502
6520
6797
3679
6273
4741
8782
7942
4307
6082
145
6507
2822
2335
8015
10741
6864
6477
8727
9718
678
4813
12162
10191
6083
8582
1657
6499
1958
9982
10196
555
8082
9470
5079
6262
5428
10140
7157
10864
6297
1435
5686
8325
9055
7702
10955
6518
8494
8404
10138
10463
10001
8029
1890
5826
5996
8137
6921
12342
2073
2317
3635
6333
1036
8750
4160
7859
10471
6031
11783
1721
5119
2969
6375
8718
9450
8305
10083
2117
6319
8351
698
10340
8460
6379
7633
5560
7934
6016
5016
7394
6907
961
3524
9933
5658
4061
9369
2740
3294
392
6871
11027
1794
2657
11138
12096
5257
11089
3919
5376
4485
11496
3233
751
8903
2504
8967
5149
7386
5199
3456
4427
4967
10522
6688
9967
8773
8915
2512
4636
12353
4981
5483
8992
8611
12089
5657
5843
82
9106
495
912
4811
1647
10414
493
9451
6527
4318
10592
7775
6751
5067
7017
7027
8334
6948
3201
9302
6691
2290
5975
5318
6935
6958
3864
623
7564
8420
5140
4118
11604
6470
1422
4482
3637
10782
9541
1325
149
11840
4645
9607
4563
8161
8094
3638
900
3608
7363
9059
12314
4765
864
2691
1217
1187
705
3643
11438
11377
11477
5025
6485
2659
1313
2779
6250
11449
5096
10016
970
11220
8350
11846
7971
9795
4600
1990
11454
8623
12087
5327
3586
7237
4476
5003
8679
5200
3458
94
2198
10017
11355
11799
270
4565
9197
2345
10652
6143
7755
5333
9513
3862
4387
5777
11259
9574
1146
4188
9853
2151
1205
8748
535
11450
708
8747
7222
3323
3755
5570
2588
3365
7319
2354
11546
8541
8997
10073
8017
6167
8071
3452
2195
5861
9250
4300
5835
2257
11191
4091
6280
8444
10062
4225
1031
9641
10520
4048
1828
3069
8728
10870
1510
8306
2047
5578
2906
10834
1245
7708
6575
10365
7341
1407
2252
6472
12228
8627
9360
9291
3691
10940
10425
4914
3197
7395
9394
4809
29
3915
9882
3239
6318
4663
5043
5718
12015
4154
5855
1284
2405
7439
5655
5947
10648
11330
6002
8804
7556
8253
8860
9816
2860
8445
11566
7121
10271
8428
3276
2698
9726
9758
11144
739
4447
6842
1541
6332
5942
10432
11199
4840
10006
7292
1243
11929
8958
7791
286
7278
958
3001
8615
2002
4226
12021
9962
2541
7855
5626
2411
3970
1595
10530
10947
6748
6714
2787
6364
7126
4216
8098
10028
9348
2713
11750
7974
2618
10104
10102
1643
10496
4662
2577
3946
9353
11632
6775
10662
6801
5511
10107
2181
9864
850
5266
9474
3072
12319
5706
8669
1345
47
9497
6540
9406
5710
11689
3808
2127
2864
5891
3549
10757
6144
2188
2734
9802
8824
11150
7857
9107
5907
4474
1295
5458
2372
1973
4716
4141
6791
5667
5804
5662
9673
2208
618
3906
9608
12238
5044
8026
510
12189
4139
1793
7418
452
1934
11399
6396
11590
6678
2895
6940
6720
11894
11505
9002
1474
489
4796
2095
10305
6737
7587
7401
8277
9737
10542
3428
2461
515
10586
6841
2956
2786
9101
11161
6959
5268
866
6203
8064
8535
12078
4984
3585
5672
4369
4987
2038
12346
8459
5817
5342
10141
1084
6941
1015
2913
575
11240
7802
10310
9035
8426
1398
8833
5066
7679
10781
12142
7577
10812
6502
9913
11759
988
2355
451
6380
4064
6816
447
12365
2772
10012
2542
6101
8990
6927
2304
9686
4739
2945
9203
4747
8149
333
8762
6263
3984
8144
2083
5688
4965
2381
8846
388
1556
2156
11654
2268
11307
4265
11447
8742
2802
10995
4983
2344
6339
822
5470
6855
7169
4795
9236
4247
2612
8588
3588
11703
8068
3216
3667
799
4933
153
2850
5054
3361
10399
6616
6135
11746
10981
106
10188
11253
6595
3969
11949
12166
7808
3113
4384
2273
2666
7180
1369
10503
1123
3925
2015
1631
12194
1219
8949
3476
7595
2904
8443
5870
3866
7267
8564
3451
1938
5774
10775
7613
6261
9309
689
5524
1788
11315
2050
1198
8606
10427
8486
7809
4868
11441
5423
5966
12130
5033
6819
8099
843
9937
199
6758
7612
753
2170
10100
8738
6045
3107
9602
8642
11281
9709
4402
11489
699
4526
6231
2664
7200
11813
11955
10033
10714
6637
1051
2580
1545
11461
9392
12112
7287
4971
8920
9179
5836
11844
8691
7315
11239
10671
11600
653
9983
6528
1850
7604
10256
6557
10486
4280
7124
11290
9423
6960
9485
4770
5618
3752
10974
9676
7040
9117
10945
5099
10751
3438
11426
6779
7245
3932
6704
7534
3404
5533
7928
5178
10915
5872
1503
8343
5629
2337
4083
5635
9662
11219
2224
2449
3791
9578
7624
1731
7385
10704
5619
10946
9585
2708
6156
5486
8387
8146
573
11867
5236
9562
3288
1308
2961
9412
7029
2644
9454
10227
4123
2089
4103
9188
8235
1698
7104
4150
5135
7205
11828
11458
9963
4788
3181
10101
7191
11052
1816
109
10769
1525
7778
36
9277
120
12067
348
8894
11084
10469
5504
1496
9130
4409
10260
4362
910
9764
10264
11753
3326
3577
9613
8544
11936
9351
2475
10094
9643
3937
1742
2352
3525
7944
4937
7897
2087
3815
10819
8579
12066
2609
809
11404
2653
2464
7554
10216
5763
2937
6809
1800
12086
6933
7892
943
4734
5061
8389
5205
10003
1893
1650
3628
2686
8904
11924
10438
9550
6252
148
3988
482
10906
8492
1159
7261
10085
2316
11435
9150
8093
8109
9016
8889
6408
9432
1696
10266
5964
5311
847
5455
5568
3794
6506
7817
4924
665
8864
3748
8337
2998
8932
9285
7451
8813
10103
4750
4294
3378
1998
839
3474
5247
4826
5183
4508
10219
3015
6604
6452
2234
10965
10732
3414
1567
808
11279
8831
7955
4901
9131
4486
8493
2656
1520
11203
1093
6594
6566
8018
5452
10602
11046
1956
5406
9387
5950
9847
9856
871
11651
295
2701
2484
603
7661
5965
6523
2124
2953
4712
7666
6756
8369
7465
7016
10280
6589
8558
7411
3121
8430
5018
5371
7584
4238
10378
4542
8711
7569
7686
8699
3462
534
3246
10718
914
4640
7355
8442
11252
8087
7571
10796
11776
10240
2490
58
1691
8911
11222
8274
4656
63
9948
11896
8463
3631
501
10132
11899
281
6230
7079
4149
1182
3931
4908
3841
543
411
11952
6184
8758
7903
6894
3147
7915
3515
4610
11696
3173
3929
8485
12140
7120
5412
10267
10497
8798
3689
3272
3495
3313
6216
4737
6423
1866
1743
12111
380
8219
12280
11122
6514
9850
11335
8637
12251
11024
10565
5647
6146
9491
4584
5646
5489
4165
710
2321
11248
4769
2551
790
11463
12345
12256
6652
12104
7229
6395
9720
4366
12293
158
1064
4907
3874
2722
7134
5982
6885
5332
6989
9727
2591
7367
6290
2624
8694
6708
11626
8386
6783
2859
6835
1019
3155
5782
5519
11213
5841
1673
9918
11464
3850
2347
5593
1933
2912
7685
11881
876
5404
2654
3364
1281
7081
2396
6867
5558
1976
5983
6035
10659
11733
12131
9754
7705
8927
9363
7629
8297
1671
10987
8934
11006
4902
11816
5760
8367
7310
7994
7026
924
3018
387
11103
6760
2081
3735
310
10517
6846
1785
3427
4013
8469
7673
4156
10881
2757
3589
10268
5978
9308
4521
1622
9631
10163
8438
9723
5810
11777
545
7943
5385
10232
5414
6828
8433
12138
10285
135
6617
11985
12209
7368
9875
5543
4974
6956
1048
4715
4073
611
3879
11475
11354
1775
8436
93
1366
11631
3848
7706
9401
8158
3958
10345
6458
10614
5892
8222
7249
6550
5601
10369
182
4845
1886
1539
7467
3533
4266
6718
91
11760
3766
2528
12064
8876
3611
4774
982
9320
6541
6298
1458
5480
1351
6304
7336
5781
4782
5621
5583
8009
4710
5919
6074
6901
4379
8772
373
12100
655
1392
10512
10734
4651
12339
6810
11920
2655
9570
6888
1540
11744
6220
5698
3211
7975
245
10821
362
1821
1365
3542
10582
614
10329
7378
6126
11465
239
3792
11727
12132
6003
5633
9708
1547
3728
3303
1542
6259
1856
4970
10221
8707
11139
4066
7168
7657
8439
179
2916
7692
6642
4357
7690
2230
2593
5356
1623
8989
1130
9901
7425
8955
8044
8457
6022
5235
469
6703
7424
9070
8266
5080
3402
3242
4204
8610
3483
6542
6572
5121
8654
6738
3690
6818
1141
9768
10210
11704
6471
2331
10737
10401
7070
6786
2741
12046
10208
6322
10282
3666
2829
1239
5787
3039
11198
9316
7518
10439
4472
5440
346
6916
3043
2627
2272
6955
2218
8565
7789
9067
6954
2387
9989
2865
7506
4228
5409
2974
7193
10836
10829
6763
202
10288
5776
2756
9553
4132
5547
7739
11652
1644
4931
11928
6905
9468
9638
4895
1186
5479
9446
11059
5512
9659
9030
9646
3220
6863
6679
3176
9846
1433
1725
5794
11999
2579
9776
137
6831
11927
6947
2054
10366
3719
8916
7619
5742
4389
8778
6578
4468
11569
8820
10914
9617
183
4816
8781
3712
7234
7565
9650
1837
1607
4517
1507
823
11304
2552
12102
9137
10041
7906
8039
7300
2673
7370
5192
3205
3399
278
5636
2419
10730
2894
8567
7123
10328
854
11069
7050
6342
8525
9581
9923
11136
2533
5203
12255
5088
1876
8200
4002
677
10440
9947
11673
7920
6409
3521
7592
605
6909
10784
391
5865
11268
2964
7917
6239
402
8055
9328
3093
2416
8074
8966
10069
2180
8676
13
2098
7821
12262
7244
5217
10785
12325
8930
3033
6134
4775
11823
9657
1641
2209
9255
3391
4373
2178
9042
10010
2412
9992
1851
5024
3324
8373
300
4039
3664
701
249
9655
11875
8251
468
7311
5216
6690
4222
2872
1808
5581
4386
1629
10449
8180
1383
6207
9201
4070
7670
2919
11815
7978
8024
3282
11223
3523
5951
5465
9133
4857
12335
5407
6009
6773
531
11741
10626
8220
5366
4276
2818
11037
3459
9165
1417
526
4011
7094
1873
4621
247
11123
2136
6251
9052
4159
6188
10096
7840
6368
6356
3119
5484
672
8705
3274
3297
4661
38
12296
9091
7052
7882
994
523
10092
325
8168
8061
6658
9623
8333
5610
3168
8067
3200
9321
56
2342
5575
11132
3169
11168
2244
6991
1456
4905
8942
3174
9986
10479
7572
8312
8213
184
4220
11467
2071
9327
6832
11942
11194
10166
9057
6568
3465
2809
10783
11286
8739
12252
5294
11471
3980
2568
2144
7879
9103
11506
3165
4024
4477
11008
1237
9939
442
3975
1253
2600
1554
5624
5505
7441
11916
793
9009
9881
9586
7772
12011
3562
7351
4290
7711
2990
7196
10970
8769
5245
7841
7038
8678
8604
6732
754
6358
2874
2246
12027
1677
797
5733
2700
11507
770
12149
584
4200
5847
169
2778
6266
1668
1988
5026
4212
4050
3060
9862
8328
10153
4839
233
414
5849
10064
7526
7175
5933
776
8136
8032
1376
2292
2570
10091
9712
4299
1148
7788
11466
5393
8399
11598
8153
1175
10578
12370
5189
9566
10119
1413
11401
7457
1818
3615
8313
4028
2157
8010
2662
178
9104
3865
5561
4099
1845
2862
4999
7389
1200
5156
8668
4404
12195
1102
551
4777
9240
1452
4049
4034
1116
1694
5740
8002
3955
3901
622
6301
1639
6943
6117
7712
10086
4865
2451
7503
6038
5277
5198
8923
4089
6029
2693
5525
8893
9483
10932
2236
2695
10203
1508
8635
5901
8805
9996
3550
3598
7250
5153
6242
2755
6675
6510
8870
7617
77
10179
6729
909
571
7097
1724
903
6635
5812
7585
7895
2706
11295
9262
6628
363
4245
4383
5786
6235
1745
8746
4253
6264
10774
3355
2524
9695
10851
6194
1026
1278
4550
11810
1910
8578
2398
7140
11787
1197
9601
5223
5275
10261
8599
12088
2048
10584
2368
9997
4707
9922
8946
9005
11808
1972
3720
10892
1072
5557
9642
6917
3654
2278
3266
11542
3322
8933
6897
8566
6462
1091
4694
7365
4488
2737
9554
10606
2840
11190
11427
3648
11998
3989
2217
7129
6062
1012
502
6078
8871
7156
8527
10874
2155
6788
7216
11954
11629
64
5639
1436
1387
10842
3610
5988
6984
12222
1764
10554
10879
6777
7453
7145
1106
4372
5736
695
6483
9054
8613
6193
5424
5879
2902
1789
6884
620
6349
10311
6372
10755
5436
2207
7916
11615
2511
1348
2934
393
11178
5814
10590
8692
9944
4006
12103
7839
2795
9034
8790
3996
6634
5756
9036
2645
4940
11958
10750
294
8422
8602
1658
2565
882
8926
10337
1924
6684
6873
544
5750
3556
8243
6256
2828
1332
2505
11351
3756
1969
1940
8429
10485
10988
4880
11197
10082
6761
5097
8519
10428
7002
12155
3941
3801
11957
3745
127
9443
12124
6403
478
5209
4170
10144
738
7954
1823
10246
11414
11009
2926
6861
8938
7202
6092
10351
8348
6612
4021
4364
4869
2425
4448
9842
2221
1166
2394
10258
7856
5587
2403
6160
5019
3613
4316
8480
9572
817
6088
11317
9170
3296
3907
8556
3697
9634
10150
5224
3383
7847
593
1799
1111
10483
1311
4932
9532
3090
7014
1223
2890
11328
3626
7373
5938
10480
889
2540
4359
8056
3314
10515
10620
9786
3095
2428
1927
6355
6928
675
10866
3152
3129
520
8624
1579
1903
432
4778
553
7647
5131
3540
3097
1416
9626
9979
2430
5426
9020
8645
14
6602
3624
3743
2231
5609
1305
3908
9138
9445
9419
12187
8843
3559
1936
3872
7272
1341
3058
3409
8988
10509
217
8765
7051
10889
9902
2177
10723
4842
4105
2486
12082
805
5338
1410
2747
9981
5381
7781
1032
3045
2963
10441
11495
3863
4732
7095
12178
2161
693
9072
2339
2899
9503
9777
1695
2391
10419
5544
1842
3301
5991
6950
7674
3876
8890
11010
4817
3947
645
6253
5136
5691
7822
670
342
1079
10089
9040
7905
1947
4413
3584
3676
9884
11852
5377
7203
867
9679
12181
11127
2429
8060
449
10658
298
8760
4037
6893
5070
10292
802
11969
877
3694
10670
8150
7019
5641
7904
661
324
10032
7256
7694
5027
1769
241
7698
1747
7313
9614
11131
479
5643
3426
4979
497
3803
874
3881
539
536
9836
1892
7549
8536
1824
11474
1860
522
5492
51
5956
4462
9806
10948
1752
9945
6646
2824
7061
5211
3891
11409
725
7948
7853
10342
10816
764
467
3539
5823
11129
9160
10611
10129
11436
9323
4106
3761
10950
9769
6509
11189
10683
761
10649
6479
5992
2057
12311
8719
3570
1592
2383
9943
3867
40
11206
2097
3208
2240
11887
4745
3111
453
9
12229
12163
1133
9558
935
11125
4799
4703
6858
9837
1755
4080
4608
2804
11794
8551
1905
8310
11984
10858
685
7646
1512
7413
10655
8214
4909
697
11030
1380
582
10891
4729
303
7148
4653
8956
312
4302
2232
11508
4912
8854
7103
8901
10038
682
2384
5290
10673
7797
10204
11923
1681
7945
12176
8499
6728
8247
5927
4634
6988
10128
1611
8609
2611
125
1708
10566
10992
9462
1572
7958
2717
8503
10114
10234
11841
7520
6066
2422
10519
8478
8176
11055
180
7525
2379
5690
7039
978
11646
3278
10685
27
8812
8788
9142
7450
11793
3828
484
2719
12148
5607
2925
7255
3902
5485
10498
7197
10451
419
1533
6357
8861
10997
6910
973
2660
4272
5015
7782
8671
2035
2536
11092
10801
1878
10433
463
6451
9029
1177
9896
639
11664
11653
7478
6583
316
7851
3905
3359
2324
10151
2981
1606
4759
5932
2815
6850
6994
267
11231
3977
5239
6057
6524
8885
8589
361
7471
7164
7344
9161
4704
8075
10609
5227
3408
5527
8424
7785
4699
3232
10527
1263
9225
12216
8177
8648
2046
1660
2681
3132
12205
5759
10904
7724
3047
6882
10639
6474
12328
7318
7420
5772
7100
4972
8898
6043
6493
11134
10394
216
3574
7260
4554
8079
12202
4493
8875
6390
2796
1184
9957
8983
9980
3856
9017
12248
296
352
2275
1999
11766
10180
9596
5346
10055
9314
5506
11977
8020
8586
4194
3685
5343
10297
10637
9680
5078
6221
8303
3721
7247
5221
1257
8631
455
654
3983
9453
2473
5237
12186
4675
4977
12206
10618
1741
4939
273
7268
906
5704
6983
8396
5569
10015
11586
8845
3910
2729
9592
10118
4870
6233
8666
8529
9248
7640
3230
9023
4701
9543
2870
3305
4684
4568
4499
3080
8945
8378
4762
9978
12361
1847
7972
3824
9931
5055
10178
6278
1283
7688
9477
8682
3491
2607
750
5415
2759
12008
4494
7276
8019
2922
7970
8662
3651
11717
5302
7810
2943
3356
7659
7848
5572
7622
4046
11023
2715
9921
3579
8886
7209
10222
3541
275
1564
8518
5348
8899
5160
2453
2363
9212
3532
6116
11400
11411
3040
11003
10811
6448
7734
7689
7454
1957
3443
108
2982
8467
4559
1807
11622
11908
845
11891
12333
6802
5654
11375
709
6317
227
1624
8394
10958
12372
6371
10551
2302
1501
2605
2675
10993
2491
9463
240
3050
8364
1466
947
2226
1813
5541
4418
5860
2651
692
154
9228
10355
2506
11860
8365
8605
3336
397
6405
3520
7240
11034
10739
3199
10252
6039
6410
3595
5202
5606
9415
10969
9311
11484
1234
5126
1337
10516
1438
11205
4169
8849
8131
2563
1871
10492
5969
7003
3081
9639
5454
1848
683
10900
1073
3659
2671
10665
6287
1605
10827
12265
8388
10917
10761
9021
10951
7911
8033
10786
5389
7254
3645
4579
1780
8961
9337
10886
9436
8562
3772
3366
9214
10376
4773
8698
8547
8490
5264
7475
3913
6120
2294
612
7257
4281
3357
10185
1826
9124
10157
5839
10284
7937
6128
5191
7901
9530
763
5159
10910
648
7940
3606
10242
4177
10553
12334
9674
8759
9693
6643
3566
684
6981
7473
1635
1676
1364
10023
9934
1931
3616
1145
3226
5134
2782
10650
4213
11367
5539
88
3009
865
161
3376
10488
10122
8891
5886
4744
1937
1144
7553
944
10953
2068
12135
6769
1076
1872
5503
12369
8674
4095
496
11362
11000
8106
11716
9724
5052
11485
3255
4557
6336
6696
9416
5931
9459
8255
6504
5517
19
8471
11102
6790
3600
7704
8409
11637
5549
8777
3298
9544
11842
6323
5915
6576
936
5442
908
10445
9866
9803
1448
5957
10619
1096
8638
1626
4255
11300
6995
287
1486
8784
304
8896
10983
8209
330
6813
5469
9481
870
2952
8397
11200
3544
1532
2400
5877
7936
11587
8393
6755
10632
2094
11005
758
8560
5314
11790
8913
8172
3701
10882
6436
2008
10931
6222
11381
4695
8371
4138
10540
11403
11591
6145
8555
8832
323
7133
1596
2333
3646
440
8825
8947
3270
7597
9315
8116
6215
5926
9039
107
10712
9506
718
2669
6862
2488
12077
9143
7458
2789
3415
5116
1516
4239
7871
5553
8644
4667
3267
6383
2652
11719
8045
1117
4134
9807
7790
4928
4259
10239
9129
9038
7323
11291
6018
663
8724
5328
4754
7952
3362
10169
4643
6726
3696
8774
7963
1768
9890
6618
2215
9609
6228
8732
10697
3591
6747
450
3411
3131
10291
9624
4367
2299
1276
4532
7189
6859
10364
1293
10698
9167
12321
400
7059
3102
4882
4718
9900
1430
1244
917
488
3139
6546
5107
4665
11490
12363
8208
5312
7921
2649
220
10029
690
6511
9147
5422
6771
1962
5267
9704
156
4243
11731
7165
9362
6079
2873
3962
9385
2972
9984
3236
6570
5038
3614
7987
7491
2116
5410
6281
1894
10444
7082
5282
3036
4625
6673
10746
4500
10341
3578
1527
1656
1875
12196
7397
1568
2070
3085
8349
12164
1993
11525
11574
6753
1318
11857
11407
6512
4828
12108
9620
8358
1735
3228
3252
11515
3247
4219
7960
6789
1269
6377
369
359
11487
1526
2263
11873
1513
3795
5994
9946
2225
4994
1887
1960
11785
6830
5011
8403
6993
7941
11171
3892
2790
2322
7001
1078
8633
8607
11535
3517
11106
5530
12210
6623
8329
960
11101
11173
9403
4328
8977
4860
7682
1195
11697
1252
1852
696
11768
4354
10660
4113
1264
1740
2200
166
7455
4428
9299
5946
6768
8706
712
4120
5065
11608
9700
8884
4439
2085
9066
7412
5721
8835
8907
2084
5161
5475
11086
8931
8550
4680
349
2091
2581
1628
11699
2043
413
6247
11333
7266
10631
10040
4660
5075
5858
1248
5535
7264
10160
9284
4874
5735
9044
9283
4457
1028
7317
8228
6532
7984
4786
10526
3992
2676
6129
3564
12261
11497
4197
768
2255
945
8011
1756
5195
506
9018
8057
8028
11387
7228
11802
3887
50
6060
518
2724
1460
3145
8479
10875
3063
2988
5863
9234
4841
2783
4736
5681
842
5287
2137
6311
831
10230
10421
6883
3692
11820
12298
9272
8639
7888
10978
4319
6481
4650
6549
6433
11032
1126
5386
6393
6633
364
10043
10878
730
12214
2287
11349
921
1935
5644
1593
10677
5642
5507
4376
5320
5648
5552
10573
6044
4906
3751
3575
4148
11765
11669
2205
2216
9487
8291
6785
10233
9158
5450
3583
7632
15
2711
2921
8922
9013
4421
444
43
9148
9668
2856
9441
4533
5661
7747
5164
3844
4825
11630
6969
6065
1040
12118
7966
272
3331
6217
6895
5142
7058
5769
7721
3534
5711
3632
6315
1649
11247
11183
256
1843
8591
5368
12013
2044
5605
9298
7543
3170
1830
4412
11885
10928
5920
532
3395
7627
9750
4534
4748
10848
11979
3269
9469
11028
1246
7784
774
2520
10070
11639
9205
7570
6100
4738
8236
9359
1617
192
9829
6450
8278
4631
4094
10550
950
2260
5347
8840
4633
9694
5477
11212
1642
8406
9274
11641
12161
10373
9397
5115
5768
9460
10052
7816
11155
6052
3818
3718
10039
9219
314
4355
10063
2249
7214
11528
2061
9211
291
12125
6363
6260
11336
2086
6362
3209
12005
4919
5955
9224
5401
2483
1314
7062
7545
5490
4042
4248
430
1356
3431
6734
8803
6920
8048
12144
2494
10944
2323
12344
8316
3373
7130
11948
122
585
11445
10172
2114
12301
2052
1514
3289
1891
4221
6904
5546
1663
10214
5280
3647
10453
10661
1467
10613
4961
3315
4630
284
740
10793
4251
734
9526
9434
11303
10762
8652
6680
289
2682
2065
2692
5017
9736
6292
6782
7167
5540
11275
8628
5771
1659
3275
10942
1171
12243
9591
4008
5093
4030
2427
321
10386
1814
4767
2145
9208
12358
7339
7419
2723
6547
591
3177
885
2705
7472
5174
10409
123
6891
10295
5001
4408
2320
12304
10360
9899
7995
9379
268
1849
5929
10250
704
8440
2529
7823
8382
1703
10117
3922
1075
11850
4361
315
2617
6814
2887
2561
505
7116
7680
2152
9556
276
12312
1654
4088
5169
7985
3668
8948
6068
9681
11060
4930
3477
991
7929
9575
4254
9074
5351
7274
7763
9498
3788
9218
11913
6137
9912
426
6598
5896
9582
3062
2237
3075
780
10177
1092
6742
212
12185
2626
8395
3686
4122
2788
10013
12098
4209
577
8162
2467
377
3229
8466
10372
10323
1340
7650
3429
5663
6558
445
1974
3770
12330
660
3440
2801
11334
3708
624
6459
3968
4470
2164
7078
7599
7538
5801
6692
9759
6059
12094
5057
11784
6122
1067
5100
2041
10630
6725
6245
12245
4032
5108
11901
1909
7669
11688
4478
5220
9848
9479
8091
6902
5538
9818
6382
9185
12184
8141
4395
11964
3076
6593
9347
5263
6656
11736
6591
6665
4725
376
5790
9815
1583
1418
10622
10459
11915
10876
10027
6567
9612
615
1107
4904
8834
1157
1680
2831
12109
762
6693
650
12014
11871
12038
8717
1563
12318
3457
11980
9087
4915
3338
8545
10764
11859
11814
11788
9748
7656
3260
3432
5053
4578
5592
4607
5954
4749
10254
1712
7874
4808
587
1423
8570
1727
4140
11406
10861
10897
7308
7112
10713
11832
7160
2784
9312
2535
5208
10563
9381
1287
9073
8533
11756
2238
6111
10190
7074
4594
10121
10715
11971
9171
891
8379
11892
12213
5370
8238
5687
6417
12045
11906
4375
9729
10941
3150
711
3899
10502
6386
8879
5903
3954
1801
10395
10145
11272
3053
1479
11413
12259
1323
1898
11707
9909
5856
3602
4065
1010
10257
6733
3621
1447
7281
1674
9180
7586
880
10738
8151
10198
1395
4886
9343
2138
12284
801
3774
279
7653
6607
4206
5279
11045
8218
9395
10686
8713
1060
4092
4605
7337
4731
4460
11681
10638
625
4564
8505
6093
4958
503
5898
6067
10018
7000
7697
4973
8857
5922
4996
11360
3243
10251
9791
2499
9507
436
5813
9253
3987
4077
7421
8212
11204
12192
923
3729
10943
6913
3344
403
9691
5364
265
84
7021
3662
11671
3285
3582
7513
8049
9697
11773
12291
3753
9545
5674
2995
11562
9858
2171
8217
975
3394
2573
3845
2210
10968
6762
1421
1584
4038
471
5529
6460
11146
2920
11762
186
8841
8957
5391
1462
8792
2508
10645
10130
5995
8195
6140
549
5214
9563
9099
3424
5284
10912
3569
2168
9336
2479
12168
10963
10664
11340
115
7328
5402
7796
10357
10332
8043
117
9254
4644
10374
10872
10385
9752
11967
8895
586
3926
11379
9539
10773
4407
9822
10528
11141
394
4153
5900
10314
760
8300
5000
1415
5842
5959
4391
1549
1042
438
2803
2885
2279
6204
4356
3387
8008
4096
3737
2423
7460
6622
8657
4455
7758
1763
5419
2185
6391
9090
9894
5487
10770
5042
1759
12068
6649
3316
4848
3142
8937
8096
2610
1437
6776
1315
1543
9501
1971
1925
2670
1275
9139
11107
4955
10989
2265
6853
1411
5046
11348
8608
986
4224
4268
5722
557
6162
5158
7825
2811
8583
3183
6206
5498
10818
144
6274
965
1902
4187
4098
2385
8377
3512
11580
4717
4327
1343
11165
6350
4461
5461
9991
11116
6584
2388
6899
7991
11931
6151
7048
5597
7295
11805
6265
4179
329
1853
4107
7428
3800
307
283
6331
6376
1471
7487
5122
8477
4338
1303
2409
1179
3999
4119
1386
10054
3590
3842
345
4146
2620
6175
9579
9490
766
9488
4998
3123
12030
5775
1043
10583
4430
589
11910
7667
2640
9093
5432
7022
4136
2142
746
2082
10937
6677
6848
7177
8081
8761
4669
5109
6745
4348
11361
6099
7732
5259
1180
11878
9819
4295
9249
8417
4406
9213
1033
3089
10736
11818
5297
9389
8801
2959
1782
11040
8506
6666
8072
10771
3933
4599
12282
8342
646
6774
4047
11179
1987
6615
2842
5869
34
11001
9903
5916
10343
7695
4235
3551
9959
11012
1258
10077
4772
9155
6049
1665
5435
6727
6639
5638
5464
6651
9975
2131
10143
259
5021
9706
9753
10403
11230
3306
604
4374
5270
11105
8170
4993
3642
1904
9925
1299
8680
5176
5917
855
4346
11725
195
3754
859
8258
11647
5600
2731
11695
124
527
9928
2165
8572
9025
9426
8390
713
3240
11337
6970
10777
10275
2370
1350
7262
8
12362
1400
8285
6641
11374
7427
4217
10034
251
619
1238
7484
9773
7745
2118
1865
11677
1633
10491
10081
11391
10884
10959
5520
6229
3707
456
6530
4180
4871
10640
3981
10071
11601
3990
7077
2446
2576
5586
6077
11606
10393
7926
8125
9245
5041
4392
12277
9595
9270
9405
11470
8160
2259
6154
10682
2150
1090
6972
2271
8073
5885
10843
433
6811
10049
4649
896
2672
8973
7298
9961
143
412
1155
8538
8800
3271
3625
869
7302
11670
3942
4142
2060
3321
9555
11232
10396
9251
11476
6328
1443
10985
477
1181
5853
6717
224
9217
9956
606
5255
3687
9457
11992
2108
3714
2
652
3487
4720
2119
3370
10817
1809
2574
2183
11771
8416
12197
11624
5939
10025
73
1926
3379
5300
7033
3
9452
11706
4929
8517
7199
2375
8502
5226
5462
12211
10833
12012
5151
12323
3144
7663
2929
2746
12356
1854
5256
9522
12029
10223
7806
5611
12235
11278
3909
8516
3108
11493
10595
8203
3830
3333
7288
6881
9364
3836
4899
6208
3971
6815
4609
7117
10594
5252
7296
12279
90
6211
6982
2800
8855
9229
11228
6544
7812
833
10681
1518
7456
537
3377
3877
