950
272
514
933
619
90
1007
237
8
1004
376
773
24
196
420
791
1043
1111
270
334
797
311
1060
98
125
181
162
372
374
51
243
146
776
431
463
833
627
430
534
266
1146
364
537
570
53
1256
483
269
438
626
546
447
123
1108
899
217
911
1029
829
1177
91
1264
1200
612
834
535
356
1048
608
604
28
1267
772
426
600
234
36
2
856
545
367
616
1130
1038
126
588
1083
871
1044
861
1193
64
903
654
503
485
1236
859
35
1092
525
710
179
1226
827
960
188
207
298
1209
774
457
1254
97
744
379
135
206
1140
46
324
1228
48
1032
703
1021
228
1006
0
150
411
897
700
1168
398
818
837
587
678
144
1211
518
253
362
732
133
999
220
78
566
352
82
122
152
799
580
935
973
260
1197
44
677
369
968
603
117
715
102
910
675
821
918
236
299
544
672
664
183
63
10
948
760
199
1073
972
1101
506
73
484
515
70
56
219
40
932
218
408
422
212
361
441
154
110
599
271
662
669
223
1222
814
1062
636
257
405
81
523
731
1143
1192
794
158
1059
1173
6
470
1036
74
1260
921
174
1225
695
67
96
617
513
359
753
189
149
618
84
725
375
1068
505
435
280
524
955
969
303
594
870
565
85
798
47
180
847
185
698
1031
835
601
896
716
786
1185
348
519
596
739
15
781
640
593
371
522
209
884
254
292
765
1072
928
841
163
103
723
1227
1086
1065
620
685
917
979
1199
1172
778
1179
469
351
648
57
1150
247
668
137
384
295
350
275
609
1020
826
839
845
1080
1093
941
395
705
1223
673
315
528
746
214
1005
520
450
1015
1132
824
1214
1175
1154
1208
1058
403
876
338
1050
111
532
993
956
365
213
502
1231
1253
1170
976
175
891
792
804
699
639
472
864
1251
451
820
886
796
816
19
900
836
1074
674
1126
235
538
113
326
805
373
119
983
961
730
1124
32
752
38
509
1046
954
563
659
476
18
224
591
1215
775
550
394
1003
568
966
1240
211
25
997
1122
808
846
332
471
94
904
962
1233
489
198
551
1039
748
203
1028
467
558
1001
192
628
69
1147
1010
779
759
742
880
381
873
294
890
386
516
478
1188
724
249
727
1045
1090
287
410
21
1259
613
540
564
159
3
281
77
71
1116
1030
1112
167
268
193
763
389
663
276
857
23
1153
692
1113
197
912
1129
148
493
226
992
289
1091
427
42
1134
1135
202
305
68
1127
751
363
252
1049
1187
366
977
1212
1149
838
718
1163
194
340
1077
729
927
33
717
1142
1106
909
461
421
140
842
301
1133
1202
357
1181
517
256
777
995
290
800
45
651
957
945
250
784
868
830
1238
507
317
1075
682
1103
75
632
658
109
881
1196
894
1109
893
819
279
1169
906
882
987
767
625
980
388
982
1162
129
735
592
115
679
783
100
665
749
145
583
1025
853
938
314
728
1176
721
629
1035
737
29
392
274
971
99
554
657
1203
953
79
245
1239
686
1189
337
1082
453
1117
869
1247
1279
1131
1057
578
50
1221
801
1037
1234
709
860
1095
20
286
689
978
440
1204
543
1205
768
793
501
477
852
377
1000
491
764
1271
898
1120
358
1011
1270
62
817
14
713
142
1248
1229
475
937
215
160
244
576
165
486
905
974
913
991
496
231
428
694
466
168
1217
1053
368
811
883
831
790
787
986
832
714
750
712
823
934
204
925
862
574
740
756
288
429
707
1099
690
598
238
738
687
691
589
1089
611
851
265
1070
863
490
446
488
1275
512
108
970
653
553
1182
182
624
572
697
541
201
892
460
1224
878
216
13
828
258
1144
652
874
385
138
508
1180
412
930
134
1159
1027
458
418
754
769
341
1054
840
1128
335
1195
120
304
407
1160
291
132
1066
855
1016
1141
1184
770
1167
454
449
155
825
12
474
464
417
432
1241
1119
240
151
785
448
994
1121
809
246
255
436
581
480
27
645
1164
1145
1041
127
734
633
1110
479
380
327
347
302
1255
404
916
16
310
259
1022
1055
866
229
1152
169
680
647
248
936
1151
989
931
1178
1263
552
895
747
676
929
264
504
52
867
1186
907
569
184
370
1008
494
1100
1244
815
284
1276
318
1190
11
1171
1262
557
959
1272
688
807
176
141
1118
313
306
112
309
901
1137
1114
54
607
1088
55
812
89
850
1274
434
191
1165
316
684
1266
988
331
1014
521
173
922
86
622
888
164
66
635
610
1148
944
320
76
325
186
425
208
577
1156
95
4
885
939
92
1096
606
87
239
456
241
187
879
468
1249
166
1246
400
762
561
391
990
157
307
1064
670
402
1183
49
1013
1009
702
330
251
104
413
858
319
1198
499
548
360
1216
339
1210
423
1040
61
1056
1278
378
1018
498
1079
1063
101
1218
312
585
1139
877
1206
1245
354
293
810
1265
263
1069
914
788
1104
442
637
806
854
333
614
1161
172
560
1047
444
803
590
704
465
433
1052
1115
147
232
1207
409
584
1034
683
1232
492
615
482
1081
277
487
1026
473
1017
406
9
177
462
273
915
210
923
1258
529
190
178
343
511
171
323
1242
