821
332
55
829
388
892
303
56
508
153
693
671
1040
756
474
876
603
353
345
519
901
954
676
570
183
487
629
1029
695
369
586
443
724
814
826
978
721
350
217
621
311
619
237
761
580
26
968
523
598
749
678
423
85
157
176
189
852
395
282
210
820
957
983
703
239
742
767
1007
6
582
583
172
439
778
161
768
926
275
655
891
631
344
319
612
265
890
809
299
682
776
403
371
131
438
433
220
426
507
225
510
962
22
937
556
271
158
659
215
120
907
266
1024
337
931
940
627
20
1019
72
606
235
411
921
314
1008
520
766
605
419
993
1009
98
545
502
434
454
322
500
442
376
349
223
542
169
58
11
84
530
9
1030
808
990
424
485
753
101
669
45
730
417
146
94
429
916
214
594
952
335
126
324
177
955
841
625
53
30
328
830
135
233
476
654
694
436
288
944
833
933
69
578
581
274
700
725
114
953
775
945
96
697
231
413
347
1033
420
922
1036
481
974
528
691
525
93
672
300
460
886
407
66
855
446
151
463
62
260
567
837
127
123
374
203
959
880
774
121
563
847
346
743
1039
558
91
398
827
987
648
559
846
744
690
881
199
579
190
1004
849
757
1013
453
688
477
68
531
532
543
378
555
734
470
396
307
1014
334
234
925
425
46
800
402
635
675
143
769
278
552
57
201
495
270
459
404
662
109
618
167
684
472
597
902
601
284
427
479
354
783
27
111
430
704
195
64
1038
421
181
252
792
985
835
731
810
572
677
773
102
13
737
924
105
585
607
218
65
397
727
359
614
471
185
7
174
490
526
14
455
889
448
861
36
338
24
243
686
494
1026
533
714
895
71
541
37
204
623
464
544
908
565
108
941
435
336
503
1010
790
339
865
370
706
934
988
660
80
915
905
620
267
32
989
138
323
617
380
689
538
1001
320
741
965
802
632
971
257
40
813
980
736
3
535
136
499
750
312
179
1021
770
976
1000
803
283
104
564
685
113
872
456
960
747
1044
918
467
878
375
222
859
475
696
950
186
562
939
373
77
772
486
25
804
879
786
182
202
726
480
229
154
382
141
321
917
546
17
602
616
310
842
951
326
317
1
797
248
613
414
329
118
649
1037
160
914
836
781
279
590
699
236
956
401
866
488
870
175
366
29
452
643
209
624
888
213
106
390
626
760
573
269
287
70
831
517
589
869
717
818
39
483
877
975
943
780
970
867
705
729
534
1025
240
720
75
904
261
23
862
422
400
1012
911
258
838
95
148
845
92
927
410
187
942
575
35
125
383
52
343
238
1018
61
184
687
47
863
984
1031
1006
291
280
504
591
935
615
548
511
986
710
449
308
680
848
444
550
910
379
506
593
230
281
584
385
887
15
637
656
16
405
393
330
958
536
116
796
205
762
276
745
447
73
692
469
948
740
920
554
387
702
41
372
272
8
784
857
604
994
874
569
164
356
1005
963
165
110
296
496
152
557
112
1043
754
302
646
412
97
48
979
609
719
10
961
897
571
18
799
294
301
516
394
473
212
245
450
642
553
368
936
839
785
681
67
83
723
313
200
145
254
860
577
159
732
1017
191
144
132
129
304
418
1042
903
823
468
610
386
363
518
219
529
162
539
807
864
99
673
1016
708
482
399
107
600
718
576
451
651
224
180
664
12
982
51
462
193
198
492
560
758
331
595
227
484
134
668
661
1041
683
59
196
325
216
290
946
264
147
909
658
115
28
155
547
644
588
806
1028
868
715
365
777
295
489
587
645
875
415
384
630
647
461
527
263
286
416
611
854
103
437
633
493
226
360
362
515
241
333
273
478
501
327
285
358
316
249
977
521
445
250
670
938
491
858
137
513
178
906
537
566
701
825
150
929
81
967
522
1034
342
2
140
207
86
441
972
87
913
466
78
882
355
561
255
840
822
893
791
998
1035
247
292
509
211
850
712
352
884
928
798
