41
91
1350
3322
4210
3360
341
2962
4144
547
533
3758
1282
1066
1790
2617
216
3816
3645
1653
1800
3139
2756
2753
3165
1885
3669
112
493
39
1409
3424
3917
1129
2306
3735
1859
3412
1566
3070
3557
2401
2488
3231
1645
2647
2403
3406
2751
592
1655
2667
1633
3293
450
2933
1914
2071
1994
3399
1111
2002
2092
796
3411
1226
2108
2811
812
2988
1495
468
403
199
1845
1694
2275
2393
2791
3516
1740
1679
1134
237
3026
480
1475
833
10
2521
771
2892
1967
3722
3852
4159
782
3653
3092
2266
1065
196
3117
1318
2307
1823
956
1270
4350
264
554
3596
2568
2157
2438
953
1895
2248
1243
1275
2106
1625
1990
3100
2778
577
1955
639
1821
3961
2795
336
2709
1439
4375
287
2920
1109
2130
4017
2856
1470
1358
3532
3149
3413
2629
3478
1505
1172
760
389
2038
3893
1258
3233
1806
2441
874
1020
1050
839
700
3468
387
2599
1179
2928
4100
994
1659
4000
2096
241
570
4246
4219
915
3237
2155
303
2260
2495
3084
1564
1973
2927
1183
2431
1785
4116
523
4362
4289
236
2390
686
1589
184
1656
578
471
818
1286
2129
2659
281
2004
1592
3889
2839
4217
817
2054
1538
1667
3652
3731
4124
4261
4137
1558
1559
1414
1660
2830
3584
1094
972
428
3575
1746
1978
2149
3810
2177
2086
4070
3227
3586
3336
3096
1696
3236
864
2234
2090
4134
1392
3654
4247
4112
3015
788
97
165
182
2114
3460
24
260
1002
4074
2503
2034
4153
813
3977
3517
866
2145
1831
4195
1993
1322
2765
2250
2056
2911
802
746
995
3507
1776
166
1325
2771
1762
2351
1182
3013
1269
3704
2732
3573
2035
2144
2731
252
1014
4167
3988
3062
129
3415
660
2956
3004
1788
2681
2263
1832
1563
1919
2828
555
3978
3572
3504
143
185
3602
1343
2395
1533
1302
2926
3957
3732
2205
659
3330
1268
3521
1308
618
949
990
1807
2578
2445
78
968
981
3286
3638
3125
2196
1466
1894
1809
1084
3305
2743
3465
773
3002
1609
3861
1279
1700
593
1181
244
425
164
1580
169
763
410
2408
1939
551
1796
882
2554
1513
3866
326
3959
3307
1917
3995
3428
3534
430
2789
648
1252
1069
2522
1555
1216
3693
3614
1289
363
1330
3737
2974
674
2433
1983
1319
2708
2168
730
1669
1647
3742
2945
4208
2264
1114
1234
3767
2300
1420
4062
3368
3712
1529
2081
586
2138
1164
3800
4021
298
2008
3146
1089
1509
830
2942
4091
1951
1535
316
2533
1872
1364
3443
178
4092
4156
3111
2630
1763
3636
1896
358
4126
1477
626
3728
3027
3248
3906
502
346
4268
1389
4123
961
1515
1157
409
1209
3270
4115
3956
1166
2897
2101
3812
1301
2010
484
850
861
1338
211
1643
3733
2885
312
1394
2917
1159
1943
3592
3075
4148
2880
3556
3342
371
2510
3808
1078
2477
4141
809
274
4027
272
2860
2610
218
3173
1985
2767
2748
1478
3535
1139
3086
4341
2566
2904
1606
3964
2995
1825
2679
3289
1782
2124
2730
1913
1004
2593
1960
2020
1801
397
1267
2110
189
486
4087
3807
4179
1793
307
2514
2648
4383
1925
2696
340
1443
2952
2724
3291
1266
2661
2776
1879
4025
2868
2632
2323
3434
2924
2232
1704
2428
1008
3670
3975
1756
3309
1553
2111
778
1517
714
1144
380
2468
865
2115
348
3600
2760
3136
2538
1724
4110
4061
2293
2604
2429
286
4245
1521
617
2577
2202
4057
3642
3826
3635
1852
3562
1843
4040
1546
1822
168
4111
911
1150
883
1632
2292
3473
4015
1120
401
1334
1444
3095
1826
3518
4158
1273
1817
3769
357
2787
3563
849
3511
973
3613
310
441
4055
422
2509
374
2675
1786
3341
1165
3327
472
4030
2689
2907
3594
167
687
2223
4162
1479
376
3453
1689
3734
847
322
739
653
3487
2784
2761
499
2737
1923
4095
4050
2327
2809
2502
4317
1240
1309
1605
2113
4181
1524
4012
120
384
3344
3381
3444
3124
1351
1986
4270
482
2970
2212
825
413
3546
445
846
3222
2766
770
3401
4183
1930
1737
3815
2690
2700
999
1300
3151
3965
3651
2472
3632
2852
3094
2749
2673
561
3498
500
4018
602
774
2547
2143
2031
1730
2135
3843
2006
2861
3708
4093
1321
3120
724
1058
2768
2790
3934
1380
2726
691
3655
5
587
2909
65
3550
875
2611
922
2236
4353
157
2247
1953
1954
398
2476
3766
1005
694
4354
2686
4342
3359
3952
870
3565
748
2718
3939
382
2979
4272
1433
2098
1460
473
4130
2997
2717
2259
93
2513
3420
2425
4128
219
3940
2165
3437
1149
110
1407
3698
299
266
407
3558
4077
454
601
3442
747
2763
1016
1136
4060
111
2597
2271
3028
1354
1644
1174
2434
318
2759
1691
3310
3493
3696
1976
625
2736
4066
3466
3711
1850
1906
1082
1590
2193
2621
1652
628
3131
829
8
1849
2372
3701
1838
1012
1709
1248
379
2037
1773
2176
3379
446
3048
2544
2964
2316
1892
826
2934
2080
2590
3356
1061
2961
2189
3776
4089
1911
606
4192
2298
632
519
903
3235
1254
1015
2207
170
1435
2746
2245
4084
3568
2151
1124
2220
4083
2107
1393
2123
1424
4058
2902
2505
258
2536
279
3976
4164
293
373
3182
3955
638
2303
2087
2480
2549
3343
4005
1664
123
1029
2421
259
934
270
2898
1959
1938
929
338
1519
2325
2866
2519
2693
3417
1374
3773
1842
2412
3675
2687
879
2713
2190
3450
3904
1547
3085
23
654
2876
3458
2334
3875
1113
2552
1631
3982
2195
3862
3369
3757
970
2442
3251
4385
715
2625
4143
4363
832
3792
1123
2041
21
2161
3090
3958
3931
1748
2285
3840
616
1738
4364
267
1092
1810
1441
1577
2146
4235
792
2692
2420
3530
276
1702
3162
2921
3425
613
2419
2219
1744
1639
2251
752
2858
2222
1245
4296
3548
2608
3266
1860
919
2003
3528
2703
1377
1425
3667
3730
1400
509
607
4187
4283
1348
2238
4151
910
3593
3752
3576
3373
4136
2816
1716
3240
2665
1108
3421
527
1366
671
3522
3929
581
2699
2338
187
2060
512
2585
2660
2001
3697
2182
2167
277
3536
2382
349
1890
536
3256
984
3719
1359
703
1528
3295
4252
3427
1620
767
2184
2340
306
2813
2937
1244
1855
3762
4052
1327
1195
4166
2011
265
256
663
615
3692
3108
4122
729
1489
1370
3582
635
906
3726
2848
4280
2826
415
4230
75
1315
1750
678
3531
2888
1457
1481
1017
4002
828
227
160
584
451
3383
3019
2040
3578
3081
567
876
3605
2786
3142
2163
240
781
672
1472
339
899
3061
4373
1532
309
720
886
3475
1991
1916
3780
3994
1488
2102
750
2895
1962
2614
764
3017
1332
3292
3793
3284
2525
2727
4248
3971
3993
142
3918
938
2564
1612
1969
942
317
2657
4067
3660
1060
2605
3031
1168
2147
3902
1372
1297
3657
2688
757
483
913
2899
510
2265
3672
1593
2210
2741
3370
1417
3827
3630
3622
3497
3560
896
1908
1121
2252
1884
1247
1601
2981
3671
1285
1468
300
725
2537
3544
467
1345
3490
3985
2344
3804
2305
2715
1567
2677
3806
3845
1099
1745
3376
3837
1081
3678
3628
3748
857
2912
1492
3533
289
1176
3595
3278
365
1866
3611
1734
2482
1057
531
1935
2455
3303
347
13
732
1963
427
3144
2242
2704
3419
3668
2154
4065
4051
226
3283
3741
1557
3553
3400
2969
795
481
1418
290
2574
2624
4307
426
1251
1836
1998
2676
2662
966
1540
188
1714
150
4231
1483
1751
4185
2368
1803
3659
99
1891
768
2381
1726
461
394
2855
2
4359
3794
709
333
1673
61
1317
3033
761
2179
1360
1410
4121
1765
2375
1130
2670
301
369
3519
1827
837
1367
2586
600
2712
3508
2872
1598
3377
3021
3858
344
465
784
2180
1416
2576
1494
1721
3967
1819
679
2162
2557
4118
1326
1045
931
3864
4288
2785
1912
1608
1403
2239
2788
1910
1722
2891
2103
2474
1720
242
1214
2186
2990
1191
3474
3242
4276
115
636
3249
641
1542
2887
3245
3152
786
558
1584
3436
2030
3699
107
2194
801
3646
630
1984
3177
2728
3835
1798
1145
3174
711
940
3000
2814
2486
383
2631
3071
3751
1075
3464
3023
156
2628
4006
827
1096
4173
1211
4160
1758
2755
1708
2999
820
3832
3477
2027
1995
3527
4310
708
3301
4107
3446
136
2627
2592
4265
891
2591
2672
2385
1550
3176
3555
2683
2019
1037
1305
4338
918
4157
1878
2405
621
819
438
1291
643
1125
3500
3896
1299
1294
2722
1228
1749
3979
2752
3025
3644
2354
3743
1333
2639
1105
284
3255
1274
1324
3615
1766
2270
3577
1518
2975
1371
2471
2235
368
1148
3973
3624
3591
3980
4150
619
3506
3619
1575
437
1531
2620
1009
958
439
3011
14
2671
2164
2910
2461
1496
3087
2050
335
804
560
203
1039
1378
1909
1980
2386
2018
1255
4274
2229
2890
1742
1968
2558
3512
3207
669
2377
1648
1171
848
3717
1594
1140
2531
964
223
1617
2339
1151
540
2896
224
3132
3193
2373
546
3983
1705
3426
3966
3016
1818
4075
1271
699
3209
295
2957
46
3851
3008
429
572
3813
3597
1739
4267
2922
2944
3724
1684
2913
3192
2583
4079
851
4285
2742
2109
541
3639
1474
3817
3763
681
2283
840
1399
3479
3617
3306
2178
1259
3481
1152
1868
3267
1898
159
4207
1220
3298
2396
1635
3825
1663
1778
872
3358
3472
932
785
1857
2494
3110
2278
2198
1298
2484
1578
1835
2118
2682
1198
174
4085
2719
2818
4328
2214
2989
2807
1072
2183
214
597
1688
4043
2829
1044
1295
3234
1224
677
1610
1760
1792
1018
4146
2384
1769
1250
800
3658
2387
3220
2886
1349
2312
1071
3375
967
329
1225
2203
1791
3492
1743
2716
668
2837
1680
1465
2653
3744
1047
4315
2039
3039
1511
650
2772
2559
4286
1456
245
1178
385
1272
3499
6
627
612
1283
4154
665
2276
1504
1588
4039
2282
2217
3927
2641
4056
2635
1703
2870
1732
1342
3391
1525
2181
3269
1915
2508
556
2095
3520
1846
1035
163
53
7
808
183
207
3018
978
3224
2279
2356
3552
4139
3705
608
4010
1576
234
3503
716
2535
2530
342
3587
1501
2735
1313
1902
2664
3280
1944
3783
2126
1958
2021
2029
4028
4277
1068
2127
3405
391
117
3198
1021
640
3367
3824
2567
2342
193
2318
4367
1031
685
1237
3407
302
2582
319
3727
1169
2524
3523
2820
2834
3709
1102
736
2388
652
220
810
4044
3559
3020
3300
867
1242
2460
3364
3308
3496
996
2225
313
12
1132
3494
1307
3725
2562
359
3489
3547
334
4282
549
2581
3276
1173
790
2914
1375
127
3226
328
1889
1311
1683
3942
55
880
1362
4029
1830
895
1241
2296
649
4220
4076
3581
2443
4033
1829
1514
2859
939
2710
1404
2879
3887
3041
1167
2869
1581
4007
3588
3502
2935
4064
2364
3710
3315
789
860
2280
463
198
2045
3949
1500
574
914
4019
1880
1189
2996
3093
1888
3007
1430
3647
571
3216
2492
2043
3571
2951
1759
1820
3169
693
1471
1604
239
3393
2931
3707
1260
1106
2955
1928
2539
3898
1415
1752
3194
1613
3454
1965
477
947
878
2052
3549
670
1079
2527
1287
1010
2528
2341
1086
325
1931
2475
3089
2185
1207
3188
2174
834
3513
3133
1215
3010
1839
1246
275
1265
4284
1554
2213
2654
201
3059
1067
754
726
4240
3921
2378
2967
3566
321
924
2226
361
3329
591
3540
273
1055
1570
3252
3981
1573
1048
3529
2337
2626
3777
1900
2972
4023
4172
3350
3774
2805
2380
1290
2518
2053
2556
2261
3685
2379
3264
4176
173
3791
868
2963
1487
144
2543
3212
2874
1945
4182
3372
1893
4109
590
2545
3871
3831
1949
2982
63
2088
2329
1874
4022
3673
3294
95
4188
1905
4013
2286
2706
377
1455
431
453
2652
852
292
2580
2398
962
2867
225
926
3703
1328
3429
1154
1115
1686
2119
3784
698
87
3753
1618
2391
843
1264
1882
1614
3538
1833
3012
3689
1490
4300
1438
3501
4108
986
2615
388
975
2122
688
3366
3430
2073
448
3409
1401
2929
1541
1320
2884
3223
772
4169
1498
2058
280
552
4009
98
707
806
1808
521
3514
2120
1834
4292
213
1119
3881
758
2976
2640
3888
3317
25
155
2049
1772
2415
2112
1753
3332
1230
45
1544
3839
1777
3467
1436
1924
1512
2571
2680
3676
2105
1112
562
1972
3122
2462
595
3625
3525
1948
4345
787
315
3984
362
3853
982
2698
2046
151
3030
542
3297
920
4337
208
3440
212
3618
2925
2359
1467
1707
3999
2799
1450
1711
1628
2409
1824
2139
1545
2883
633
393
404
3892
2666
3564
2803
1775
3599
1402
4260
2343
2865
1199
2051
81
469
2241
2137
2916
4184
513
1396
3134
2918
682
955
1870
2125
1936
479
455
2042
4059
3333
3438
646
675
1957
969
177
3631
4072
1212
1851
4321
1376
2734
2804
2084
2410
350
3380
1390
3432
3274
3567
1098
841
1811
1153
4103
4032
1847
435
1288
3627
2697
1780
1373
1695
311
1219
1013
3542
1536
3337
3253
420
2978
3969
4048
3345
2464
1
249
2044
4180
508
673
2561
885
1395
3895
1353
943
1922
2330
3029
3700
3006
3604
3200
1733
888
3509
2908
3543
3058
331
1661
1565
548
492
1764
2840
3476
504
979
1942
1869
2720
205
1484
1281
3410
3580
2871
2142
1184
2553
1723
3686
697
1363
2938
815
250
1799
927
3688
3418
327
2986
3736
3340
1019
594
566
2099
844
3589
2082
2579
4063
501
2674
162
2507
3195
599
1292
1133
1034
1296
2584
186
1335
2284
1685
40
3491
1346
3674
2490
2009
308
756
3053
1989
1432
3024
723
2017
3974
269
3314
960
4299
4281
2993
3882
1789
3250
2333
324
4320
1802
4024
3754
4069
609
320
2417
2383
797
1591
2204
3486
3402
1774
2059
1459
917
2079
3505
575
1507
3714
1448
2240
3537
101
909
294
3129
3789
3389
611
565
3435
1883
3779
1641
3786
2905
1453
2440
2136
2980
2068
4101
925
94
589
1729
3001
447
2290
3695
1597
2447
38
1387
1599
712
1875
985
528
206
1761
3814
1853
1128
1771
417
2407
1813
887
4080
2893
3679
2244
2131
3067
283
2406
2365
1556
4003
696
364
4145
989
855
1263
2936
3433
2612
4250
3395
2565
2900
3312
2499
2152
2153
4102
794
2249
759
3860
835
1236
2439
710
153
821
2246
2304
2616
1218
1863
2723
22
4211
3515
2083
930
3290
735
2983
4094
2389
2745
1727
2258
3050
4138
2028
742
4031
247
3323
1200
2150
3302
1185
1239
3663
1717
345
408
2750
3265
1312
1585
893
3263
662
2287
1881
596
4142
2915
1161
1907
4372
2827
1961
3683
680
440
248
1526
1812
3874
1073
3656
3648
355
3716
4081
2148
2000
271
1310
3445
933
1642
360
2132
1794
2453
3526
2173
1937
475
3005
3118
3801
1054
3620
2254
356
2459
3441
743
2588
1952
2199
1621
520
2875
1841
1627
2352
2467
2940
2823
869
2169
4348
4200
4275
2773
838
434
366
1886
793
3603
1574
105
2272
209
651
2601
3388
537
1001
3590
1476
658
1856
4004
1064
1562
2436
894
2573
842
1491
243
1201
1397
4203
766
889
954
2774
2314
4264
215
3609
1381
4008
2691
2191
4125
2764
3747
4189
1469
424
2739
1502
102
573
3175
1903
1690
1233
19
2273
3539
1041
3208
1217
2658
737
1369
684
1854
2358
1046
987
42
229
2160
2170
2324
4278
1904
965
3830
935
411
3946
1202
1028
1146
278
1682
2623
514
314
740
4216
2237
2093
3470
2319
1256
579
769
814
1927
1097
661
4228
2463
2646
1038
3746
3371
2411
733
1662
2729
1552
1997
3797
1062
2281
297
623
4201
4339
2473
2301
3422
568
950
3009
1615
161
1053
3610
1804
3196
928
4106
564
254
2216
1638
2255
4306
4088
1192
3755
937
2650
44
1356
4237
3997
2402
2133
3394
2808
416
3721
1204
824
4254
957
543
798
1368
3760
3640
2966
1864
2446
3585
3349
4014
1862
2233
823
1180
4016
2781
4175
1262
106
2968
4304
3764
4105
192
4135
1858
3459
1816
282
3113
811
2725
1619
1522
1520
2100
1977
2313
717
2291
4242
3738
2548
3510
233
3598
202
158
1093
2546
3148
4041
2532
3950
2947
1876
2466
1616
3910
4152
418
657
805
2853
1074
2606
656
1747
2901
977
4114
4071
3687
2243
2159
539
1122
1787
2656
2695
3962
2618
2414
4213
1920
2844
3682
923
1497
3607
2643
3749
605
980
1543
152
776
3397
751
3948
1508
1971
511
3211
718
2288
854
1206
3408
2498
2744
381
263
890
701
2551
807
1422
4331
580
1452
816
1770
744
1848
3661
251
2572
1871
3299
3135
2740
2714
4011
859
2458
666
1100
4257
2192
1197
3684
3809
1304
1934
1602
1626
3482
1713
3968
993
1940
2971
2317
442
1549
3601
1672
1539
2792
433
2596
488
1630
2483
4117
2775
1043
1076
963
916
1795
85
1142
721
2782
1027
2097
4329
4120
181
2013
2347
337
3374
1534
3963
2973
992
3996
2504
4054
1384
1624
231
2188
414
4253
676
535
4133
291
2569
3288
1966
629
3694
3662
4312
1137
2594
1877
1063
1981
1293
1600
296
2575
1090
2430
458
1213
1398
2076
4205
396
3431
1603
3608
1530
921
1516
1222
1537
1138
1022
2457
779
17
1867
3160
353
604
620
936
974
3915
3867
3914
503
532
3324
370
1329
2104
1365
4293
4097
2209
71
3363
4377
460
4127
2367
4308
4140
3126
2269
4129
722
2529
3347
2523
1651
2175
780
2757
3277
2633
4042
4352
3702
3759
3014
2705
3469
3972
2055
3352
1636
1170
1964
1175
2493
332
4380
2128
2622
1941
1391
399
4340
2821
1523
1316
354
1160
603
3114
1815
3258
2649
2321
2843
1814
1386
614
683
3799
738
232
622
122
858
1306
235
2158
195
1779
2268
1527
230
4047
1767
1611
4147
1950
3756
2309
3022
2998
1088
2678
1379
2560
1344
2770
762
4086
2595
3745
3680
1070
2919
4238
69
2589
4244
4132
4241
3447
755
2048
2394
2007
727
126
3740
1357
719
2320
2991
2465
3239
2366
2308
1232
1996
1303
3102
2116
257
3761
3524
1506
3788
2950
1654
3713
2685
3905
2754
1797
1103
2946
2500
2253
983
1568
175
2965
4223
2800
582
4347
2959
1355
2817
2374
941
378
799
2949
2694
3318
695
2422
1844
1676
1503
3275
2651
1485
4098
3848
1257
419
2702
1158
3947
1033
3127
2923
4082
3060
1956
856
4053
1666
1238
390
2878
831
1077
2166
3463
2025
1042
2863
37
4381
3137
3723
1736
3569
3541
753
1451
405
2833
367
3462
3313
2089
713
372
1946
3123
4199
2262
1649
569
4197
3232
1623
2930
1147
2877
1352
2022
2894
3480
2721
2747
1227
655
28
2369
3143
624
4090
2452
2140
2322
1629
734
4290
877
1837
1276
