1598
4136
3379
36
1377
4
1065
3165
742
3591
4231
1891
3637
199
4196
1234
2385
3226
2372
66
2283
3697
1224
4080
419
3831
412
1906
123
1795
3401
113
3363
2728
2012
1614
1894
244
990
1069
3737
4068
964
251
691
3480
1416
179
1178
2512
1771
2070
3976
3440
1912
1493
3621
1661
3745
4214
1101
3716
3398
2343
3578
231
2725
2741
2598
3306
1097
4351
2379
2316
3617
1406
2389
3211
673
1953
2081
112
2150
545
3567
3966
3981
3212
2207
1956
2970
313
3944
2472
4306
2525
3014
3449
320
2164
3064
2872
991
3843
3847
2631
2633
3522
3101
1246
2648
1596
3739
3240
2824
372
1038
3204
2969
2724
1521
3896
981
3448
1787
428
1801
2691
3305
1627
2435
2273
4368
4194
3512
1723
1620
110
192
1930
3304
214
1507
2645
1799
3977
4088
4369
1878
1565
1059
744
1324
10
3106
1508
1671
4168
2715
3901
3085
473
1266
4249
1731
3481
1394
4114
3147
676
3673
3148
55
3243
2867
2105
3346
956
1484
3734
1123
197
827
2204
2198
906
4232
2737
3091
3705
1040
3678
20
3476
591
3341
893
2504
1001
363
3130
4020
1607
2448
2118
639
2114
3242
3994
1655
3594
1275
3303
166
2116
15
3150
1043
2868
4171
3852
2662
2184
4238
3443
710
2342
1720
3953
986
948
2478
360
2685
1064
3175
6
1651
2447
4215
1228
3565
4371
3855
2285
2932
2014
2313
2219
1505
2864
116
1657
1519
3969
597
642
3154
2211
2729
3958
1099
918
2290
2086
1075
2807
389
1546
1409
1307
3442
892
836
671
3696
4112
1789
3534
975
2282
1685
2810
3370
364
3586
1648
3
4070
3313
2813
2077
4159
3294
365
2084
1642
3626
3872
3983
4187
3789
2646
3163
3119
1434
1003
3699
3630
3669
3587
3963
427
1423
2888
171
558
4380
3518
168
704
4230
2817
670
3986
1280
393
823
2818
1782
252
2679
561
4101
3597
3520
1746
3301
4312
4162
2527
3631
2597
1124
3376
687
481
1076
2375
4006
3606
2936
4140
570
3643
445
992
1475
2793
3680
1323
1832
2959
3556
369
61
2023
3104
891
3015
3146
911
3820
388
2099
4072
1616
1718
1960
4065
1430
3432
2785
695
2040
3290
3759
3222
1444
982
2025
643
527
4383
2371
584
1964
2109
3133
1798
2671
2713
1581
3123
367
2370
1047
1971
1955
2804
1338
4089
3309
947
1352
3184
2186
1652
1977
923
2229
2050
4188
4175
1289
1669
1705
1609
2514
2698
4081
316
3254
4012
216
4108
647
1790
2601
1625
1910
3879
1510
2035
221
2695
4090
4123
3050
1058
3729
550
955
1691
1464
3993
2190
497
111
458
3932
2956
3026
628
819
3057
482
2861
4172
1247
1403
3638
4056
2406
913
3140
423
4120
1063
1327
2644
2926
1626
525
1318
803
1079
1617
1273
910
3073
4110
1984
1694
2869
2835
29
3342
2036
1687
400
2491
229
3282
72
1317
1779
4095
2475
1587
2862
2600
1383
557
3496
2927
989
1245
3845
2388
125
2733
3473
2462
4319
3419
3025
3344
1750
161
3264
4058
2440
3507
3098
3574
2521
2153
1391
114
4007
2038
3733
4127
4364
1899
987
3079
3652
625
1343
439
4142
4349
3927
994
3690
894
1496
1939
2066
2886
3176
1770
1830
2609
2206
4064
3985
1270
2344
2745
3849
2402
1629
4106
3754
3475
1828
595
4225
3502
1182
2185
693
2359
1468
2637
437
4059
2550
1472
2405
3853
4317
2812
630
1084
156
2789
4160
2021
818
394
937
2205
1506
1044
206
2773
4297
3316
2119
1103
1580
4104
451
1988
170
1638
3859
1126
1242
2726
212
3972
1107
3229
3577
933
2971
2094
3295
2104
2474
1066
2610
2643
1985
3335
1386
3925
4224
3116
2083
2975
4379
522
4212
1037
2019
2394
243
3414
1762
1260
3156
3252
2635
4167
31
4244
648
1905
1400
1392
2173
653
3894
1325
3105
2962
1949
3933
2117
4138
1608
3263
4008
895
4018
3718
3561
2626
901
3497
1711
2308
1177
2876
1600
2832
1269
3988
3045
3287
3657
2618
2009
3982
3844
2215
1703
1309
4027
1909
3168
2404
3195
1644
3230
1168
4295
1641
3790
2380
1427
4356
1717
3307
4311
844
1904
2146
1041
190
209
3023
4156
1983
3876
2222
3433
3199
4109
478
909
1769
1432
1775
1433
1986
941
688
285
3429
3030
441
3460
2140
293
2801
3209
2704
3248
1502
812
459
2051
4287
477
814
2508
919
213
908
4279
932
2484
3190
4166
2158
3069
2625
1512
3636
2188
2318
3942
4363
1404
3881
2113
1788
576
4201
2595
1326
4326
1236
2446
1844
2056
3949
2357
1885
1395
3902
180
4022
1959
1248
1870
1926
1773
2874
4241
1388
3830
395
2088
2270
4286
1380
943
3908
2640
3053
2660
2628
4141
3126
2082
48
1092
1783
515
971
177
4170
284
490
4310
3422
3558
1036
3285
1167
2712
1250
1448
3659
1073
1741
3383
2853
3656
3143
3834
3205
1348
3794
3487
3740
2624
2288
1428
2396
3796
4111
1258
1238
571
696
418
2047
650
1477
2179
1873
1303
3579
2883
2381
3194
2139
1422
2018
1129
2269
1696
2589
645
3566
4023
2901
2925
1090
3650
2006
572
1088
705
403
2838
1276
2255
204
2808
2306
1929
1100
1384
2951
3640
2481
2467
3262
3653
1566
3880
4067
942
2783
2771
4001
4208
2493
3991
3171
3420
3117
2923
3934
270
3989
4000
2622
2592
2658
2566
3031
368
4032
3471
664
2007
1081
46
3888
3099
3730
944
422
3231
12
4221
2403
2561
3221
3310
746
3904
938
2247
1339
2199
2203
1658
1028
1320
3320
665
1751
121
1700
2361
3416
2716
3385
417
3504
1901
585
2596
500
2151
162
1880
2709
2073
2286
3020
3732
3391
198
1900
2711
2374
2377
2586
3071
3943
2606
3984
1938
2519
3486
3531
952
2746
2558
3738
2237
2024
163
1968
2182
2310
1253
2553
2213
553
4137
3897
3253
1046
3068
4086
1631
709
2055
2739
4026
1408
3868
3647
2892
4021
3589
491
3797
3704
242
3450
22
454
2806
3206
1417
1337
928
1722
3144
927
1048
279
4353
1834
3249
4376
449
4239
9
233
1874
3296
4146
1483
2930
1714
2244
3671
3997
1961
1743
2509
2358
3501
1541
271
2749
2891
2444
2268
3938
3750
3752
564
361
4314
2016
366
169
1399
2837
3193
3417
4118
2653
1328
3051
440
4103
949
3800
2106
1970
3393
549
2080
3111
4074
3132
1052
3042
3959
669
2528
1586
1252
1733
3890
3786
3946
3317
961
2629
2780
867
2399
3410
2672
3749
1654
2699
47
4366
3435
205
1070
1758
3092
1693
3581
424
238
239
1089
485
3572
182
1511
3941
3232
3468
652
2382
130
1385
2604
3047
3706
1635
3687
2032
2004
3523
2707
3288
1223
1948
2476
2253
4361
1633
1630
3089
3655
1461
871
3895
3412
235
1781
3302
154
3426
1933
2337
4385
3658
539
3459
3109
3495
1628
3883
492
3477
4278
203
2829
3787
2632
3094
2236
452
4236
2880
167
3980
1267
4178
1849
3139
2314
3615
1106
2430
3022
2686
2740
3509
2890
1634
1670
1940
2800
4318
675
3364
3421
2582
3503
4163
3374
2957
4097
186
3075
1251
2271
930
1231
2933
4281
3343
3431
226
751
3405
453
1283
4235
2223
3093
1756
1415
2797
3478
1425
202
2156
4216
3039
4375
2494
2568
3945
416
1989
1716
448
1288
4057
3557
1379
2465
362
2966
2898
2059
2664
2603
3373
3447
1613
2
3059
4352
2142
2574
3870
4179
273
4180
3753
953
1740
674
3062
579
899
493
2676
1623
3866
3519
4303
3181
1838
1704
240
4087
3641
3576
4055
521
681
3580
3878
2836
924
1329
442
641
2799
601
974
518
3884
4150
1346
3721
3453
150
2154
3683
4186
1688
1739
862
4386
1973
3691
3257
2079
3245
2505
3403
2177
1078
721
2790
1551
2013
3318
2353
119
2354
1287
3467
2017
3644
3124
2026
1449
2187
536
4370
1261
4275
1166
2336
2878
282
3319
1982
1553
2548
3792
4113
2239
16
1947
4173
2634
1347
677
2157
194
2145
838
3668
840
1776
2860
1636
2748
4205
3044
429
2364
667
281
2037
3712
713
4246
3955
2011
3713
2828
1094
3681
2972
164
920
274
3381
407
4316
3200
4169
3040
1128
3084
2551
2794
1724
1445
4049
460
1785
2889
2220
3208
2431
4061
1737
411
1336
358
1184
712
1302
4174
2517
3118
3701
33
1308
2065
3179
1962
3413
1665
821
191
1889
1517
2149
1163
666
3506
2068
1662
1543
4197
2251
1902
635
1710
4199
1935
484
1664
3076
859
3850
4107
1872
3046
2246
654
2774
3947
4010
651
3838
633
4365
596
3196
4308
4328
3857
2241
926
2575
496
1584
1807
3860
4155
1412
2479
1550
3573
2309
3758
3951
754
594
1836
3968
2107
2074
969
1666
2690
2005
3493
833
405
2194
3185
58
1601
1375
1093
524
3500
2882
2391
2826
68
60
2212
1290
3454
2819
3409
657
2905
4135
2395
3865
1102
1730
37
3584
3058
322
1936
3300
315
413
2053
2620
3237
985
3377
17
3627
356
406
436
1892
4200
1690
2089
2398
3029
241
638
44
1914
3488
2042
830
2438
2605
1226
115
2841
1974
1699
2093
2546
2651
2272
1803
2697
2630
2885
200
2363
3590
1895
4130
1271
2798
3382
537
707
1672
3801
1645
3530
2954
4346
2881
3283
2961
2723
2823
1232
4154
1646
3298
4218
4213
904
3935
3013
3614
2028
3347
583
2796
287
4124
3552
2217
2390
700
811
3799
3731
1876
1488
3131
3210
898
816
3372
3524
3279
2770
831
2822
1835
3708
4217
519
2742
3052
2466
1792
694
3286
73
2196
3386
3260
805
4367
1474
656
968
2857
4327
4139
3570
3727
4073
4220
4099
4242
1520
2544
809
56
1653
2734
457
2231
832
3679
1053
747
2775
3633
3228
2816
2384
3707
3603
1842
4016
1719
1321
2276
2636
2865
3598
3833
359
3489
3906
3964
4209
2214
3451
1804
2091
3387
921
3090
2693
3970
3048
1761
1922
11
3613
2549
4284
34
516
3987
2201
4252
1340
3569
3628
655
706
14
2224
2834
3832
1431
1263
1237
1481
668
126
1886
2436
2041
357
3028
1951
3736
3315
1944
1797
3940
1371
2163
3369
3965
1055
679
2968
3108
455
2579
1972
3430
149
3588
3018
2736
959
3756
4131
4151
1396
1893
2899
640
3137
2031
1991
1335
3905
1467
1522
685
2341
3992
2510
2238
2485
3823
2937
4063
1159
53
802
3463
950
67
3553
4075
3214
2160
314
118
3384
865
2542
2701
1875
750
2487
1098
984
2197
3407
4129
2732
4134
3931
1487
175
51
3619
4153
565
2689
2233
2647
3446
1829
2499
4293
2727
815
1420
915
3854
480
3102
2057
4091
1879
122
278
3404
1656
1243
3743
682
2058
1749
222
153
1397
2443
4125
1086
1647
3142
2497
3582
1897
3891
3220
3291
1692
3622
3120
1585
3517
3724
4100
1161
1029
1518
2526
3684
371
1071
1350
2292
1272
1845
1605
3201
4082
590
450
4384
4247
1767
3322
3869
3160
978
3828
3437
1095
3155
2362
3871
1291
4062
1235
4071
4276
1524
753
4013
2498
678
3408
3095
4288
3371
2178
1466
4219
4283
2571
1478
2155
684
71
447
997
1887
2469
2373
3499
3255
2578
2064
443
637
1742
3511
1244
499
3741
3654
4223
1548
1794
2368
2148
1599
3436
586
1908
1051
69
1322
3735
3423
575
4206
2191
3466
2904
255
907
3197
3819
2511
4024
822
1418
2376
3180
2973
1993
2703
2069
3893
127
160
4360
2366
1911
3858
1715
2730
1424
1286
632
250
4030
50
4158
1486
289
3709
1039
3996
3457
683
3560
2802
290
2180
2617
4292
414
1446
1847
2090
1240
2486
1965
223
3078
3612
3234
3898
2287
4227
1928
1313
718
626
2852
4377
3685
1049
3162
3445
2721
1132
3082
3183
3751
3292
4347
2507
686
2696
1032
277
4257
2228
3760
3027
1378
1297
40
3081
3345
2470
3892
3728
3528
752
2393
3611
2554
4229
2642
3250
2432
1239
1877
574
3427
3049
3458
4096
2663
2111
272
1542
3956
2221
3265
723
749
4296
3623
4183
1127
3672
4285
3122
588
1495
4191
3333
3689
38
1034
2437
1437
486
63
544
246
1133
3223
4248
1300
227
2602
1351
1954
1843
2054
4243
1712
2611
3554
2856
3138
2678
2738
1316
600
2096
873
1839
4348
2022
317
3182
4157
28
3936
1848
211
983
3060
4323
2502
217
644
3198
2803
1667
3107
3538
2750
4280
3135
1256
3674
1697
1884
3583
456
578
1765
70
820
3698
1345
4350
2085
2547
4085
680
404
2226
2092
2918
2902
2638
2170
2434
2967
4320
3492
323
1438
3624
1689
1463
1485
2825
2097
3793
3700
3645
1805
3037
1980
2159
659
3702
866
2974
1846
3115
1978
3065
3438
2520
3848
3646
42
1764
2267
3100
4105
3995
843
1946
3755
715
977
2234
4253
1709
554
4273
2894
1913
438
3055
1967
1827
4290
1745
3604
498
4144
1068
3513
2687
804
2029
2952
4251
2809
1735
1881
3632
4324
3825
3783
3842
4011
3337
3836
3861
2317
3141
2360
1755
3710
4004
2776
3527
1726
3593
2442
1410
4094
1285
3874
1482
4076
2705
1057
2235
3202
3600
954
2369
2590
1031
542
1077
3395
1784
1389
288
2833
3555
1523
1547
1162
4234
1618
3125
2112
1668
421
3465
4313
1766
569
3998
1254
4078
2591
3153
1927
2781
548
1649
826
4298
2735
2827
3791
3396
1738
995
1796
3962
2877
646
2683
2225
2044
4240
4165
905
2522
3525
3164
2655
634
2652
2594
3191
2488
1806
3937
692
1442
3464
398
3389
2744
2585
2524
1284
1747
3402
3334
2183
4382
1802
1924
1373
4359
165
2181
2545
184
658
2175
3439
592
1087
568
3036
703
4069
2339
4133
3289
4301
4019
232
2193
2584
1299
2311
663
3703
1981
2468
1262
3979
1624
2010
825
409
560
2515
3311
501
3087
220
3961
2305
1056
4193
3714
3747
4014
249
2694
2587
3535
2614
0
2078
433
963
1279
1421
2659
4033
487
863
3239
3899
1890
397
2200
1992
157
3161
1419
494
1165
3366
2166
929
3616
4116
1833
3021
4195
2934
2274
1597
392
817
245
2433
1898
2863
3595
2677
4029
3189
3074
3864
604
3677
7
2684
2963
2254
1896
2839
4028
1492
3763
3472
2281
3158
1754
2319
3244
1791
649
219
2811
2168
3067
1734
4355
3694
2477
3083
4015
109
708
3559
3568
3649
318
2619
808
1181
1725
4321
3948
861
4177
3017
2576
2928
1544
520
3822
1306
286
3757
3019
627
2900
2682
2743
196
3635
1753
3236
1042
1772
3889
446
1698
813
2355
291
3218
2896
3388
998
4198
2061
4079
1934
1180
2062
562
1611
489
4322
4025
3761
3321
1160
699
3151
868
1411
931
3676
1265
1525
3293
4149
1513
587
2906
1006
2884
18
1225
1331
3312
3719
807
4084
3482
1979
1780
2227
3533
711
3723
253
4245
1342
748
2095
475
1932
2439
2075
3571
52
1319
4299
434
4291
3648
4372
1552
2747
3907
2873
2784
902
1304
1736
3798
3096
3529
3744
3112
2480
1436
2169
3159
237
1413
2858
3532
1727
2657
4121
479
3967
2489
2814
3238
2795
3041
483
2565
3314
1498
2482
1080
3299
912
408
3973
1074
661
3821
4307
3954
3785
566
1259
2072
3399
4190
3167
1701
1439
3411
32
716
1494
1125
1915
1414
193
276
2577
541
3693
4128
1341
2751
2879
3688
4031
3950
2777
1241
1604
2483
3394
900
993
3620
1987
3086
4254
1937
2895
4325
3725
3599
2277
1471
2378
1441
2903
965
2921
1096
3642
4051
3485
3564
1054
1390
3103
3452
2720
3867
4148
1164
230
2503
1610
828
4329
236
2870
533
925
1957
4102
2367
2102
4250
2965
1706
973
526
2252
858
1281
3748
1509
4222
2772
3469
3455
3841
2593
3602
2557
2060
719
2559
4362
2049
4345
4189
3297
2441
834
3406
2171
2556
45
2573
3818
181
556
4226
1942
3246
2397
2115
1268
3072
3682
2033
3054
3149
2245
2656
2935
2232
4054
3186
4211
1501
3034
234
2048
3924
176
173
4117
208
3444
810
1
698
2275
3607
2570
2015
4143
187
1005
2821
2964
3887
2284
577
1447
4132
4255
1105
3397
2583
1374
1473
435
1131
2955
1072
690
402
2731
4053
1504
1757
3188
1002
3886
3280
1660
3110
370
215
1958
2718
2141
1759
2866
972
1130
2929
714
2103
1582
3971
2654
936
1632
2176
3129
4184
2463
2616
1907
1941
4381
3368
1659
662
4294
2020
3063
2280
1257
517
410
2639
1744
976
3173
3717
2688
3207
2769
567
1963
1382
4181
1708
717
225
1606
3837
178
1497
159
702
2792
2641
2189
3526
3882
1278
1923
3722
8
3012
1274
2108
1640
2383
1134
581
563
1401
2523
914
540
3846
2564
2855
19
3926
3514
1230
2045
201
3484
3080
1826
3348
2541
2621
2492
3339
624
2030
1255
2562
4126
2887
3629
2787
839
4228
1621
1583
3826
1824
4289
275
1045
3609
3177
1470
2046
2338
128
1085
872
1503
321
2192
4152
3990
4237
3742
4005
1545
2919
59
3066
1491
743
3338
4002
1229
3380
2165
864
1387
2039
1515
3952
2174
3720
3863
4182
2500
3281
1082
1033
3340
945
2101
2960
399
593
3851
41
2208
3462
960
534
391
996
2034
1393
1643
1695
2674
174
1050
535
3113
2307
2495
1778
2708
2782
860
4192
1330
1314
4282
1975
2386
2144
3999
3456
2506
3877
3692
3634
720
837
2209
538
3508
1882
962
1514
3097
1035
2172
4305
1315
4050
546
3651
30
3178
1883
629
3256
599
1227
3145
4145
2607
2623
2871
2615
3875
3032
1966
4373
1381
4378
1763
2791
2710
3127
3762
1903
3367
3856
3241
2243
3203
697
283
1516
958
3261
3056
3077
3121
1062
1500
1871
1311
2569
124
2830
1499
2815
3885
3746
745
1305
2248
1067
4083
228
3505
4092
2256
3187
1443
722
2490
1619
2599
1888
1931
280
2717
390
2675
4176
1837
2400
3726
3765
2650
582
2473
3928
3428
1663
3235
701
432
3441
2588
2147
2924
2706
3675
3365
1349
3960
3660
3284
3563
1840
2464
2840
1083
4256
1612
495
2786
1650
2613
13
3536
2608
420
2195
2471
1786
3070
1333
4358
573
3259
939
120
2779
444
1179
4052
842
1372
2087
935
3415
3978
3494
1405
2167
4204
3174
4300
2161
3498
2552
65
1465
3378
4003
2240
946
2788
2387
1721
970
189
1402
806
1249
396
4357
1622
151
2692
2681
