269
198
307
935
323
776
1061
709
780
616
21
695
909
127
837
467
723
76
63
449
22
364
108
28
1040
631
376
109
428
173
196
97
1067
927
99
223
1074
60
271
406
189
941
820
689
1010
599
623
1057
1014
19
535
321
273
176
671
816
579
677
296
564
748
194
34
588
858
866
217
186
94
58
569
756
983
626
752
48
342
258
386
239
1037
625
969
146
656
171
210
64
675
102
506
1070
899
141
995
523
882
156
491
990
683
351
290
553
350
772
25
40
131
69
504
871
370
1036
663
803
278
636
1026
360
1031
124
387
457
1073
345
642
353
508
317
499
287
346
72
978
320
807
751
641
187
56
859
418
53
845
493
643
813
830
847
704
844
848
801
557
925
735
551
14
294
908
484
180
687
455
426
501
961
507
606
316
688
958
950
322
657
42
243
634
2
777
1055
170
251
697
968
562
514
572
789
422
38
117
1065
1062
903
158
770
822
305
558
505
366
209
883
532
13
256
325
122
470
415
184
241
398
5
529
83
712
853
589
992
205
828
52
107
445
1018
437
1033
530
809
873
336
371
1058
890
136
197
1019
728
487
441
93
721
151
949
955
496
443
1023
932
178
839
414
235
16
737
479
916
73
289
1083
84
918
244
1056
797
676
43
865
743
527
833
703
390
640
266
946
841
50
550
1045
328
768
134
382
674
943
45
330
339
469
840
121
24
128
172
815
846
377
960
260
714
793
142
959
110
185
231
560
267
388
412
369
11
868
919
313
434
456
263
792
1006
495
861
552
875
417
167
782
4
832
745
1071
942
556
293
116
517
106
30
182
905
1068
257
826
984
438
35
233
147
604
1005
471
690
29
55
652
92
658
431
381
301
143
308
391
497
1020
746
193
645
6
779
638
784
253
997
113
211
549
901
733
115
488
232
821
764
910
722
292
475
57
200
306
740
80
95
365
98
82
544
0
806
639
952
843
268
252
575
568
237
87
730
534
707
597
750
224
468
1004
715
937
66
1027
153
1024
242
393
940
805
653
850
225
664
133
585
424
39
61
724
421
647
486
795
717
314
160
481
265
1043
299
988
1052
804
593
794
603
1009
758
432
220
679
54
924
86
1048
302
453
144
931
798
591
23
130
611
802
528
149
1047
565
333
800
791
573
953
261
632
939
767
755
590
799
279
215
175
888
945
384
474
719
446
104
89
349
247
519
111
684
600
155
448
996
914
1082
372
852
163
537
672
276
303
880
979
708
877
65
644
711
999
36
1051
618
27
928
744
324
347
439
571
739
667
166
100
473
867
169
419
204
444
354
814
706
229
1034
682
44
962
378
915
150
315
621
651
135
648
399
1032
280
904
515
536
338
522
51
1001
356
71
886
898
18
701
1012
404
509
857
126
1069
545
963
159
326
998
863
985
977
118
442
138
835
920
70
218
773
192
472
896
238
112
221
1054
906
10
340
650
971
78
492
947
732
409
747
576
413
460
869
379
461
334
951
900
411
669
425
520
270
796
407
254
368
967
500
649
870
380
811
608
1063
74
686
902
405
397
203
9
337
331
1066
538
275
114
678
613
216
956
781
478
526
771
494
81
713
358
1059
637
230
402
436
385
179
440
736
741
318
635
930
691
581
427
762
157
620
362
213
1035
26
810
680
1077
311
154
1013
459
513
700
88
33
447
236
554
912
823
174
191
913
359
304
705
986
282
818
936
228
177
1076
753
659
878
922
540
332
720
416
561
91
199
601
344
761
190
989
763
566
570
851
892
665
574
162
79
972
966
357
32
981
352
477
1022
681
286
727
137
394
917
885
1011
559
760
335
62
655
105
862
788
8
775
630
539
12
37
503
319
373
889
884
348
654
548
464
783
120
152
227
964
592
451
341
285
1038
234
628
202
1008
759
685
923
954
1041
1025
463
85
423
329
834
389
668
435
201
716
132
465
824
248
838
125
734
911
249
490
96
277
1079
375
829
541
1049
698
619
1053
555
222
183
400
982
602
629
926
363
403
17
525
856
587
975
1015
860
482
274
47
991
921
429
450
787
580
392
420
