3379
2588
6508
2927
1687
5038
1254
2626
2444
2916
2710
1097
4168
5418
739
3935
5335
179
3621
2193
2757
4931
6111
6139
2674
4351
1773
884
1236
5727
1157
3537
3027
1227
3600
622
5684
531
1534
2949
4732
4332
5437
3633
4022
2144
2555
6546
5578
4100
4950
3643
3732
3550
5930
6205
2644
1362
5660
5305
6180
2135
5231
4716
3758
636
6198
1351
1044
2608
365
5478
5045
4942
4016
6558
2581
5999
5383
4737
3075
4937
3296
3690
5900
2027
445
4962
1929
4347
1995
6421
2761
1280
3013
4027
4791
4323
5511
2747
1418
6004
6239
2239
1302
1233
706
5086
2033
1229
4179
4875
921
4877
635
4223
1155
3946
2339
2973
5812
6332
2665
5589
718
1817
306
1083
2521
5600
5519
1286
448
170
5548
945
2331
968
1364
500
3240
4114
5726
5905
4735
4553
3570
1330
5725
5259
1825
4924
5669
6433
2664
2506
5743
1906
900
5121
5652
763
1096
933
1638
5392
477
5953
2267
114
3044
4161
3536
5011
190
3205
5099
5786
4119
3393
452
1736
5601
5922
4000
4925
2857
2325
4738
3440
2425
77
6132
3480
2925
2796
2245
4961
3099
5329
1757
2820
3689
1311
313
5127
64
5463
70
4222
5087
6163
5185
3499
3284
5116
3349
4848
4824
22
1555
1938
4020
5892
1050
5022
4414
5464
3295
3751
2570
4004
1735
4448
5902
1647
5712
4922
1775
4840
3860
559
364
619
250
2409
5124
219
4483
3645
5643
6020
3024
1666
3772
2508
5404
3928
3669
3009
3447
1987
4590
941
3601
1180
4170
4808
831
2676
2419
5083
6050
375
3515
1298
3667
3624
5695
2270
6371
2396
5103
3380
1495
5780
5958
2434
3216
6095
5649
184
4805
2900
116
543
2420
6071
649
2805
2635
3290
1204
2679
5057
958
439
6468
5925
4036
2982
2672
3694
5066
5289
751
1049
5324
777
1737
491
372
3062
3849
6098
2870
974
522
1665
3568
5668
2313
5781
545
5381
1120
357
450
1189
1537
492
6106
6330
5723
1082
1365
4909
4547
6518
3805
1178
5222
3800
2327
401
5366
5753
4033
4728
261
4313
1954
297
485
2967
3753
229
5986
5080
729
977
1247
173
5173
1981
4131
204
5008
1346
3244
4518
1813
6251
650
2352
3680
904
206
80
5263
6472
1116
1772
5085
6425
2603
4883
2739
4308
5396
3518
3523
2430
3810
5792
9
1506
2997
1184
4443
1430
1250
6127
2610
4096
1628
5135
4800
3781
2139
4029
6153
4516
6162
5160
6254
5860
1264
549
4215
2782
5479
2236
1309
5359
1271
4039
548
4233
468
4971
6262
4035
865
3798
2232
1239
1306
2911
1092
4374
6257
3896
1818
2192
930
2709
1107
6179
3836
1748
2129
2349
5014
2565
5024
4335
1700
3651
4002
2964
3661
4080
1662
863
5328
2272
856
2877
2348
5529
3511
4793
3608
366
2711
3609
3870
3286
4531
5414
1088
2955
4411
242
586
5107
164
1894
2187
1933
3631
2609
2604
5333
5332
5838
1231
732
3873
910
5416
1727
3840
5840
4057
787
3760
6314
4334
4572
2824
4438
1899
1206
252
6119
1308
5052
3116
285
4187
6145
2799
3407
1994
5680
1747
3100
5731
1708
6208
60
1624
599
1919
3776
4813
1322
5487
876
5593
1269
597
2881
1803
2281
3377
3522
3038
2025
1697
321
5194
5441
5534
186
5423
4406
3107
3804
1202
3878
1641
4958
3937
2666
2448
4188
5495
2293
4544
1497
6431
4577
4259
1195
6361
36
2985
6411
1127
6085
2580
235
3054
4017
4153
3545
5134
1117
6231
563
745
374
3213
1368
311
3982
4841
5377
1822
1000
5867
1838
5115
3441
1
6133
4920
5835
1138
3559
4175
2636
3754
2435
1924
4928
4358
2722
3638
4322
2943
4660
3037
3925
4429
1282
5422
4510
686
600
3273
1431
970
6510
1046
2188
1740
1158
1429
4885
2353
5719
3737
774
4965
5076
3865
2839
6126
4256
6477
2875
1257
4696
4586
1040
709
922
3104
6158
436
6406
441
3486
4417
203
1048
380
1355
5000
2741
5918
3444
4995
5405
5851
108
3318
2993
2768
5334
1659
5016
3829
4917
1053
4503
5615
2922
5782
5544
4209
592
2556
5897
1625
595
4433
2595
1190
5915
6265
5603
562
4422
1516
3491
3222
104
4916
2624
4870
2215
1491
4966
4254
3475
4947
3448
3457
5444
2511
2302
245
3795
2184
4415
1293
3306
2517
2505
2573
5357
4162
4480
3889
3755
2986
4664
2279
3414
4091
3822
6318
1833
358
631
5607
4441
5098
2591
210
6464
4929
3026
110
1332
1816
4043
4121
6204
1376
5735
4663
160
5935
3699
4005
5131
1511
2018
6188
6070
1218
6244
5564
4839
6105
5562
1675
3464
1240
395
6109
3102
5541
2680
4145
368
2886
731
5715
3346
6185
5572
5129
5375
6549
2566
1327
3301
1213
6029
6512
1695
5926
5950
3500
744
5260
4210
2149
3063
5130
5458
1363
5005
6430
5193
3020
6219
3482
1265
2699
1553
3534
1778
5676
167
5576
1169
2307
1688
2131
4540
2130
4178
2449
181
3877
6142
6376
2667
6360
2579
6258
3611
4811
5040
2622
4484
862
31
4324
3066
1166
5777
5020
3952
1179
6322
6457
4960
6223
6189
6522
3678
4176
2834
4110
5113
4109
6110
2792
4519
3512
4108
5808
3401
1203
3210
2988
6544
5456
5579
103
4501
3434
2524
1802
825
3769
6143
1147
967
746
230
5186
1920
4468
5842
938
1716
1784
1030
634
4588
898
1289
2692
4156
5809
2340
1545
4053
6427
5385
3043
2285
3882
5682
4228
6369
15
6366
6113
5795
4173
4225
895
5947
772
3891
3934
5517
6164
6358
767
11
6441
2968
4940
3383
6321
4087
3398
5720
3571
685
3644
1252
4475
1273
2424
4331
3603
4086
784
6435
5558
5987
3470
1682
4506
3733
3033
3705
4444
3655
2147
498
2814
6424
476
6123
2421
3101
1847
1238
3391
6489
1123
1917
5744
572
1342
2309
5315
5504
2995
2779
2640
4077
5187
3672
1115
2962
4880
832
835
2823
2145
590
3236
2572
2024
5697
4142
1198
5482
3604
1783
5752
909
4835
1983
3831
2519
1676
4076
3492
2534
2157
750
442
2070
995
4099
3868
638
542
5560
6137
5402
2830
4247
2288
576
5058
5865
3592
5711
676
3483
2888
812
5998
828
4274
1826
3932
5060
2629
1094
3442
1643
2031
1279
5524
4372
3796
5133
4240
6175
388
3354
4562
6449
1305
4472
2720
1488
4431
5677
2600
1294
6220
5294
4818
5550
1371
538
2854
4325
43
1484
4425
6233
3505
1912
4037
5110
2138
3211
6215
3736
3854
489
737
5555
2017
2401
5508
3025
3435
1680
1249
3110
3429
578
4700
5547
2790
2961
4024
4031
52
1958
3837
3449
3824
1051
6463
4816
2951
3747
1472
5616
33
3219
996
222
5750
3517
2523
3942
5369
936
1915
2462
5931
1717
3314
2384
3488
1318
5978
5159
6238
81
4051
626
1645
5054
1267
3677
1702
165
3547
1314
5919
5182
402
2061
2675
4171
3591
3916
3300
3700
715
6187
3243
5713
3310
5605
3664
1660
4064
4559
5089
2942
5908
1644
1895
4558
257
2786
984
1089
3424
2969
2502
1827
5168
29
4353
905
3125
3018
5228
3750
4820
5705
2398
1698
1904
703
5322
2229
4935
4847
5034
5017
5528
5219
637
4032
5196
3215
2835
5658
3838
4075
1540
3939
5013
601
2890
2343
3142
2819
1325
3649
805
2984
6359
2412
6320
2537
3710
1729
651
2402
2375
3299
483
312
3032
6556
4128
6305
4151
2
3922
433
3964
2987
4154
2408
5602
820
2746
5916
183
2906
2789
1432
3050
1151
1253
4183
4741
225
4731
4244
4269
159
2305
3278
59
4907
1078
5595
478
3452
3237
5476
6303
2530
5907
925
6221
6521
2159
809
4019
3610
5119
5543
6135
2734
3650
5993
4695
4434
6097
5693
5041
2280
3218
3771
6167
5990
4164
3004
627
2233
3994
51
3347
2378
470
4439
988
1285
5292
6060
2214
2912
3494
4952
537
3023
5225
577
4539
2176
1670
4991
5433
2583
6491
722
2725
5783
2778
5100
2879
1927
5234
5515
2055
260
1893
6067
2347
6269
2301
5408
6013
6379
877
2753
5538
5895
5862
741
4787
381
5678
1777
5255
4844
3814
50
6335
942
283
544
758
2540
5706
2793
4513
2914
5943
4560
6157
5849
4999
6474
6007
4103
2687
2809
5906
4102
2957
530
4012
4095
5358
3738
2415
5074
5932
3857
6388
5498
5162
2146
4778
2404
5718
3969
3852
1487
5646
2707
5025
3709
301
868
5429
3626
553
6068
6010
1041
486
3002
6094
1299
3848
5980
6480
5427
6086
2698
5784
5304
3635
2601
985
75
5512
3460
742
499
860
5176
4006
2561
208
6018
585
5230
2000
1932
3703
3073
5910
2785
5192
6312
4592
6349
1699
3454
1731
4208
3682
3229
4992
5810
1667
4060
1550
2643
290
2428
6310
6148
4812
5597
5651
5566
440
3693
3918
69
6022
4169
3097
2533
5624
6270
484
4479
5290
2518
3342
3864
3431
5647
1781
6316
4580
1001
3893
3770
1193
1762
5114
444
2016
2696
5027
4530
199
6235
4918
2944
4596
2431
6053
4780
6462
894
760
3109
3553
5704
6487
2542
3802
3714
24
3930
5105
48
4850
5553
4993
6543
3059
4919
5940
2907
5859
2387
3017
2772
3676
1319
1908
3277
1763
858
923
2989
3221
6492
2574
2351
1759
2218
880
1132
4144
4184
6381
4416
3863
4135
2148
6202
4481
1806
5179
1804
2569
2775
3425
3302
4328
702
2437
5447
318
3541
3894
826
1913
1810
6466
2137
2846
410
6218
6351
4129
6081
594
5959
4402
384
6055
4045
6077
4123
1526
2455
3813
6155
2407
4207
2787
113
5104
4085
2975
552
819
5549
3565
2297
2816
4419
2795
4963
2337
4042
3226
3869
4585
4266
4072
546
5888
4703
4067
3272
5139
3421
5901
1187
1543
3920
5577
6165
6030
1636
6054
2842
4954
1705
3654
5435
5413
6405
5598
5894
5474
5368
596
325
1291
550
55
927
1333
6494
957
823
240
6337
5001
6141
2976
3558
1844
3962
1536
1841
461
6225
2008
1693
5991
2235
1128
4412
5797
1963
3203
119
4015
4911
1023
1175
6382
3556
2825
571
969
4838
3245
1749
5007
1761
3973
4792
2571
61
3774
867
3985
34
5257
6112
2535
2416
2062
2289
4270
866
5805
3819
6056
684
5806
3744
1664
316
5501
3212
1331
3463
1988
6184
4107
4379
2721
315
6545
3549
2874
569
954
6248
1931
5227
3697
4508
3773
2873
2705
1207
2276
3965
2594
1090
6255
6481
4569
4482
394
4652
5395
4945
4355
3437
568
2019
4555
3552
3388
2320
453
3752
3504
3748
2067
3067
5913
4098
3007
6313
463
3958
4317
28
5140
397
3462
4430
2287
2801
6224
2620
2791
5073
6080
881
861
5421
711
4177
4734
928
1992
5787
5992
5439
3040
5983
1726
2552
3711
1268
6101
5490
557
2641
6328
5102
465
1303
385
1651
4884
4405
3763
1077
4130
6345
6550
588
4584
1093
647
906
2978
4062
6309
6357
2913
4049
5728
4106
3303
556
2980
2815
383
6482
4055
3640
403
5220
1496
3053
471
3117
5911
4421
3317
5453
4232
2948
4528
6124
3698
5839
5671
4745
4779
5581
237
2002
2726
1058
5739
1839
2981
6014
5307
1998
6001
5467
1423
6062
3949
2586
3150
3811
6245
5617
5431
4180
2936
6138
5042
6364
4529
4474
956
573
1829
3217
2154
5746
1266
1498
2563
1523
2769
817
2910
6485
5291
924
5126
5233
307
2950
1350
1341
919
30
2576
5406
3812
8
886
1358
5189
2945
2141
2744
3497
5909
2767
4349
1186
6210
1547
3035
815
78
6306
1910
1560
4413
4149
3793
2773
2010
6192
4809
496
897
251
6260
6432
681
3478
5075
1258
4146
1038
2883
2930
3589
376
4137
3070
5954
3012
5266
1845
1832
6562
6363
2919
3430
1326
56
2021
3105
3867
4662
2304
4658
3279
997
2932
4150
2529
1538
6511
2940
717
2265
6385
5608
3052
683
2781
2868
5262
351
3895
4253
223
258
3311
3757
314
3856
1552
3006
2058
3048
302
5078
2438
3051
5618
460
49
878
5374
1685
2426
6006
3766
4697
4257
5457
2686
382
1834
4923
84
1519
554
3564
3961
5518
3411
1673
2596
4815
6195
953
4521
3468
5191
2056
3350
920
912
3496
5979
998
2866
1172
5587
2800
547
4363
3121
3950
4423
5106
2668
1131
2284
1226
730
1764
3077
5755
2439
5923
2614
6026
3892
903
4730
5936
6418
1503
5466
243
4718
2311
5327
4272
1952
5376
917
1679
1964
1531
6176
4959
4710
2670
3484
5033
2323
587
4155
4797
1627
6079
4401
3875
259
6028
3842
5302
822
5360
6247
5477
217
1479
4827
5914
1274
5580
3473
766
5356
3936
2777
1129
1563
2917
4160
4273
2889
2592
5326
1031
5256
2336
3397
191
951
3108
4576
5503
2004
6061
1130
4239
2872
4707
4469
2828
1475
756
2802
5924
3998
5933
5952
561
4764
4776
1769
3069
6264
1807
1297
2308
4520
1692
5386
5081
6506
6473
4310
5411
3443
1081
2446
2605
5028
409
2443
1047
770
1091
1561
2788
2892
2374
4377
2938
2538
6267
40
6240
5419
4943
4549
5622
4427
5461
4567
5391
5112
1733
4796
4030
2693
2065
6183
2355
786
6476
6146
5896
1730
5606
4449
2853
2712
6024
3646
4041
6066
6023
3220
1419
4447
3432
4810
874
6114
3308
3803
2759
6519
2225
5023
740
2817
3487
3538
964
317
2924
5709
6372
2871
392
5556
37
3653
5732
2818
2182
3426
1898
6104
5683
2631
5852
5620
1177
5310
4321
494
1935
1522
198
3297
4404
4575
4265
5317
3944
2810
3648
1480
1337
3963
1079
7
3466
583
1918
6078
4420
4725
1528
5316
1949
978
963
5303
6331
5569
1323
541
1199
3122
2695
4344
4158
5299
74
723
2005
2590
582
4570
6380
982
1766
348
5698
6118
4768
4564
1260
1684
2597
3636
2525
4166
4172
4350
5776
5090
902
3539
5172
2539
2059
5791
4074
4226
2423
4066
5834
253
2442
5361
2299
4921
1352
4934
2338
2447
4794
1417
834
3845
1209
3637
6197
3897
3879
994
220
239
1956
2007
641
811
4721
5623
6059
5887
4315
2153
2826
646
5514
4661
6434
1840
205
2990
4116
3777
736
3594
621
5799
2894
2663
1940
5945
4078
1145
6415
224
4046
4552
215
4790
4969
4028
2840
2991
948
2929
5036
3417
6547
5546
1143
4834
673
4329
4826
406
4079
488
4554
3668
962
13
540
3436
3546
3929
2142
1171
525
623
1490
4400
6216
2026
4694
3118
3231
4799
5708
3806
5069
5539
6211
6214
1960
1225
1719
180
3704
1653
6076
3356
3113
6383
2606
6144
940
979
6268
5137
5029
3481
83
226
4021
3825
1103
6479
726
2282
1320
5170
3005
2504
362
6266
1300
3227
2838
6509
5371
6170
782
5590
466
2014
6075
1982
4050
3816
434
4314
3987
4774
3249
3596
1739
3630
5420
5614
3507
68
749
4341
6515
6443
360
1420
207
5507
4140
4097
5010
1137
1119
1316
6456
6082
4767
3647
2677
6548
937
2318
3761
527
1896
2394
5533
65
112
1026
3058
4698
2935
5019
2623
2399
6019
1343
3775
2896
3395
5613
1234
1842
4003
19
3983
3691
5224
3345
1535
502
3232
4817
2341
890
5460
3959
3943
2860
73
44
5921
399
1706
2507
5526
3807
2158
4371
5717
6091
5904
6368
4038
6136
1820
644
5789
2227
4599
2946
4535
187
4723
1200
4132
1668
1471
2155
3465
5937
2855
6194
1039
1210
1500
5373
1489
2310
4094
1622
6140
4719
3074
1950
3590
5006
3746
45
5118
5960
5563
2064
3847
6340
4381
5297
4515
6217
4705
3248
4238
4701
3145
4056
1941
1809
4373
2461
533
2127
3991
4595
806
5714
3410
5811
2326
5426
4008
6242
3313
721
1028
640
5063
939
172
373
4264
6096
2621
5567
3268
5648
1154
4803
5268
1897
2849
5496
6553
1738
459
3390
6134
6
516
4597
3618
2015
3068
5387
5400
6002
396
4407
4336
5531
4093
778
3343
6203
2891
1372
4724
330
3593
5264
1984
1113
2607
1746
5994
6423
5483
821
2527
5944
53
6338
3543
4
907
3883
3076
5694
5846
672
5397
4101
677
2669
305
2389
558
3384
1724
58
6483
5465
6484
4410
4211
3298
524
4807
3071
298
4946
6561
992
3850
6200
2999
4316
3348
2066
913
282
3385
1805
2884
5525
3613
6017
5552
1819
4450
4733
1356
5898
4227
3147
2882
193
6341
2821
5836
3563
5424
4330
2541
2713
2185
6499
1032
4786
4830
185
4070
1024
3830
1232
5092
5853
1230
2829
2616
986
3399
5445
2286
564
5434
3599
2440
4327
3416
2013
3046
4823
1782
2858
228
3461
5388
2456
5748
4532
5927
6370
2126
5370
6488
6471
6352
1162
211
2760
757
3489
1835
6115
870
3289
2694
871
4052
981
4148
41
3072
2784
1219
304
5216
3555
3344
438
5051
6319
5004
4953
1237
3477
4714
2920
23
5265
1888
712
3859
6057
5621
567
213
4912
4221
299
389
3642
1801
5232
5409
4951
367
2346
3544
3241
5751
4047
5583
3152
3405
2939
2780
5961
1713
5520
3996
5095
1345
6422
6378
2306
2634
4545
497
5378
5026
1427
5532
769
2776
4715
5951
1307
5798
3707
814
481
2333
169
833
2632
3427
5890
359
1125
218
2433
2749
4536
1811
1315
3815
3224
3662
1744
2503
4551
6523
4442
4908
4088
1649
5308
3509
5675
3529
1196
4831
6226
3469
580
1098
565
3622
6222
5736
1720
4949
2512
2545
2547
2748
3685
4579
1029
3871
1057
2030
889
246
3968
521
5505
2827
3948
4957
5650
2612
2560
5741
5177
3235
3749
3670
944
3979
4784
4804
3695
2845
5355
816
5325
189
5934
390
2562
6342
4059
1037
3919
1153
4216
1916
3832
2292
3528
2441
5803
4471
3768
4014
5459
1035
4512
3614
6493
1962
5164
5802
4706
5856
827
2228
5190
2557
1637
2427
3660
575
6387
1848
743
2856
3015
1771
4563
4219
2697
1718
4927
2422
980
2180
4311
6212
6088
2887
2020
201
2060
872
4802
519
3828
2762
3696
1959
3510
5088
2011
6367
1985
1304
5844
1482
5056
6560
5653
4477
5716
1415
178
1694
6323
456
5032
3620
2558
2294
6252
6354
5067
4339
4242
1767
807
5372
5575
4650
2681
192
710
593
3687
25
6451
1150
6343
1955
3561
2898
3485
6099
4932
6213
2844
6540
2619
3151
2344
176
1223
1080
2928
5125
1725
4234
5700
4542
1474
3999
1168
214
1197
6500
1369
2510
1774
6121
3238
5440
733
3862
5707
829
4040
1656
255
4546
26
5946
3446
2730
4997
5312
63
1246
1510
3992
748
755
1486
5499
1548
3817
247
3412
1251
1349
2737
779
515
2395
3663
2418
4267
5778
5175
1943
3765
5065
4248
4541
2972
3945
3557
3986
2445
4837
3639
2717
6386
6128
5096
3542
4054
6193
5094
293
1741
987
2602
5254
5661
1373
5226
3843
1422
455
899
5061
2837
1768
6190
3146
4944
2923
1493
4720
4933
1163
3794
5568
3665
5702
4653
1425
3876
4654
5941
446
5696
5166
4996
1709
2979
1751
1654
378
893
5489
3034
6261
3400
3103
4593
4842
2436
3001
5428
3743
4772
3041
6384
989
3974
1837
5012
2806
2934
2413
1324
4765
6125
1118
3423
4356
4509
5551
1505
2382
1222
1361
4769
2758
1255
495
3292
6150
5848
2551
4312
1824
3888
3988
3119
3671
2905
408
1133
1928
6263
3471
1499
3666
1703
3924
327
4849
2522
286
4357
1674
4936
629
3641
1901
4380
5309
405
2526
5389
3619
5217
3445
4370
532
5432
6169
3953
2836
3451
5604
354
4065
2684
4712
3394
4729
759
82
4836
6315
2246
6147
353
4229
4009
6365
4262
5030
5138
3625
4174
950
2575
5585
3409
4243
1732
6232
482
1520
952
4534
2865
5917
1890
391
4143
5540
6005
4906
648
4655
1104
4138
1312
292
6389
4478
3921
3524
3872
1277
6256
1124
3148
517
2238
3285
1494
5609
1259
6478
1937
602
2559
716
2513
4255
4451
1765
3387
761
6186
4348
115
4843
1212
1502
5169
2403
2843
4147
2671
1329
4165
331
3418
4268
457
1022
1517
5612
4782
3940
303
3532
5306
62
320
2223
3513
5659
1681
66
1914
2831
6308
3629
6116
4914
5472
2690
3615
4326
4517
1678
6181
2354
1165
6177
5956
3997
2150
6413
1033
2531
2283
5522
5455
5997
5410
5672
5561
4527
734
3741
864
3799
3851
5320
2750
5734
6507
5679
3230
3740
679
2186
6008
2582
3275
3428
6228
85
2822
4915
2290
5481
3739
1084
2885
1136
1025
42
6089
6356
3853
2745
3708
1715
3956
3479
4773
2392
2136
5484
6460
4467
1787
642
4766
5996
2231
3990
6243
2189
3288
1911
674
2897
118
4941
458
765
501
324
5747
1652
1542
2345
3551
5184
4362
3016
5093
4788
1704
54
4081
310
972
3980
4343
1245
4152
555
6497
926
1541
232
5015
431
4770
6069
1141
2133
929
4063
4533
2528
1990
1996
1696
2728
6102
5258
539
1216
5261
2376
5594
6003
5053
1544
4882
4382
3453
326
111
1034
1657
2464
3735
5655
6448
3886
4352
2266
3554
5401
4550
3569
4214
1711
3042
2783
2771
4829
3039
1317
2069
6490
6131
4556
6404
467
5542
1159
2702
5938
2902
4408
2752
3833
1283
5399
2179
1027
474
3605
5084
4502
1754
244
2878
2330
3208
5393
3566
4711
965
3490
1270
4872
975
2514
1106
724
3927
4309
4574
3352
5850
1669
3966
5077
4025
197
3780
5745
5111
5471
2901
3120
2317
2729
2406
1936
216
6156
57
5588
5473
4446
4432
323
2183
4111
5854
4337
5494
1554
4181
2933
1105
2277
983
2862
5742
4068
2952
882
2998
349
3989
300
2459
1428
5436
3767
4018
855
3382
5654
6329
6108
5415
3684
4133
526
370
2688
3404
2314
5912
2638
1529
4122
117
3866
2191
3628
5663
1512
1148
3681
1953
6428
1182
3527
435
2615
195
5586
2611
2798
747
3340
6410
1278
4591
4565
824
4476
6350
6307
3508
4263
1891
1087
1483
2994
1328
4260
2716
2298
3823
387
2585
2068
5565
6503
2974
6171
3351
4795
32
518
4082
4113
6412
1648
3764
5738
808
4659
5673
2315
6129
4345
1228
5364
6227
262
6470
2023
5491
1301
3712
3519
3762
4115
2390
2380
4964
4359
3320
713
773
1161
5729
3759
6196
1633
6516
1532
6348
4600
6073
3977
2151
194
1557
2063
2501
2009
5117
2954
3617
2678
5470
5662
854
5710
3716
4956
1492
6552
5300
4159
1836
2704
3419
6334
1156
955
493
4246
4871
5296
1525
2736
5779
5167
6317
5645
3270
675
6092
780
1513
5380
6100
4249
158
4127
1244
6025
6514
935
21
221
3533
5064
2926
4473
6241
5486
12
5417
2222
6072
5071
6513
2269
4136
5449
5446
3019
2417
4881
109
3809
725
4134
171
5857
5398
579
2691
1514
3112
5039
371
5454
1335
4994
4235
3880
3304
5800
2321
5480
1100
879
1192
3242
4739
473
4845
1745
1646
6414
4117
5692
400
1262
1812
5412
3516
4656
319
1756
5136
2983
738
3392
2630
5161
5988
5674
5545
443
5699
2937
5899
6016
5171
3933
2334
5035
2941
3595
534
236
386
4657
4048
6230
3144
560
3402
3458
4967
2532
589
4879
432
291
3207
5845
3938
3280
3502
2567
727
1160
1623
6152
4252
5570
6419
830
6465
6103
288
1287
6417
4436
5989
3858
5288
4573
1934
254
5903
5523
2847
2237
5430
1948
2625
5101
39
5301
2034
4241
3204
3779
2956
5858
6130
6504
5379
2457
869
1183
915
947
3406
5163
3124
3967
2405
2738
2379
5068
5097
3887
1263
1849
5174
5656
3993
4026
574
4524
1295
6450
72
4058
5863
1241
1721
3000
5691
1630
1551
1925
3861
196
5644
5573
2548
1892
2797
1056
3003
4939
5619
6182
3917
2589
2275
2273
6246
1830
3675
5703
2755
2808
2633
4360
2028
3702
570
973
4104
4561
1370
1354
932
1710
2996
887
2859
1421
2393
2241
528
3094
4023
3955
620
5
3315
4713
2388
2377
1367
4084
2383
2226
2350
1843
883
1621
708
1284
4582
4375
3659
5984
2947
4525
6173
2931
161
1549
3456
1424
2637
6209
4783
705
5178
4001
3923
3474
1639
888
3455
4112
4141
2766
3287
1149
3014
5861
5681
1921
3060
2554
4905
3514
3386
6107
4340
231
6000
4346
3307
2970
2386
5059
2683
4409
3064
361
999
4571
14
3246
4557
2247
6207
350
1663
3047
4061
241
2128
249
5425
598
1779
1185
3874
2391
523
4217
490
3975
3656
5939
1558
1714
4220
1214
3756
4736
6049
6353
2410
2451
1221
2221
3283
5132
102
3309
2706
1215
529
3030
6325
5044
1997
6051
4819
2743
356
3931
3881
2803
5365
4124
3
4318
6542
6084
2181
3106
2022
916
1481
6168
1640
2568
2751
2001
6304
4320
3389
2463
1923
4702
398
680
6333
625
5450
3855
4120
3503
5165
2718
2832
6373
2577
1742
536
2628
3353
4789
308
6501
5513
3657
1109
3439
2152
1986
1760
1220
1823
1101
3495
885
3674
5610
1095
6541
3098
6083
5223
896
3011
1126
5488
3713
5287
5955
480
1021
5319
6440
719
2804
2432
5942
5509
3597
3745
5889
584
5331
5667
6160
3839
6151
4970
4440
5120
4973
2316
5502
1281
5864
1321
2332
993
79
1562
1272
1734
2054
3022
3951
5957
2029
5592
2921
2685
6520
4426
1173
3316
6554
4801
5733
5721
212
4777
1357
5091
1655
6469
1416
2893
1360
4445
6087
2544
3281
363
1188
4825
4972
329
2731
2867
2908
6429
1780
3467
352
5701
4589
202
735
4163
2178
4523
3884
6324
682
5536
1164
6052
3981
918
768
3834
5108
4876
1728
3972
1887
328
4538
6027
4437
2593
4930
5062
2965
4548
5050
5833
960
3954
1261
3061
1243
105
5469
5493
5048
1808
3305
1473
5195
6409
1275
4505
5796
2243
6063
3634
4258
1334
3271
908
6327
182
2509
1507
911
901
4514
3826
632
5293
4361
2909
934
5448
2177
1477
2812
38
3683
2763
6355
5981
3269
2240
2966
3408
1900
1631
5794
2012
5394
2701
5180
624
2850
4742
1086
1509
4598
3433
946
2219
6009
3521
1905
2132
2618
707
1707
6065
2639
1122
4089
1945
2770
5475
3355
4543
764
3844
5318
5188
2869
3976
1353
4878
5949
991
639
3602
233
2003
728
2740
1815
3438
1991
6439
6159
3055
628
2278
2032
4709
3890
2689
5183
3715
1750
4218
1426
5123
5730
238
5336
67
6161
2220
2714
1139
2190
775
1348
971
3801
2765
4504
4568
3957
6154
1533
5591
2553
6445
4403
1946
5657
6012
3960
2465
2715
6117
5295
2895
1045
4578
5500
5855
1634
6455
1559
4118
3459
1722
2216
4814
3091
5363
1042
1181
5438
3926
931
6486
2992
3291
6346
6495
943
3031
5527
46
2324
3223
6253
5893
3214
2006
1108
4044
781
5462
1642
6459
1347
5920
1055
20
162
4083
76
451
813
2140
209
5516
6011
5485
447
6015
3984
1208
5298
4224
3616
5031
591
200
5866
2342
3692
2880
5724
6074
5804
1359
3008
3548
5451
177
3808
5267
643
3036
1338
1235
859
4938
914
4913
3472
6311
714
5841
3413
1167
2329
1689
4833
2385
3396
6178
1170
437
1478
1712
671
5443
1989
2732
2864
3378
6229
4581
892
1152
1121
10
2335
3673
645
3970
5740
4665
4583
1926
2708
5785
1672
720
1743
5665
2234
1785
2230
1099
3520
5843
1944
3420
1947
5314
3143
1176
3632
2295
27
2642
633
4704
2244
1310
3057
785
6250
289
1770
4722
704
6249
487
296
5801
2242
2599
5109
2742
1907
4376
1144
6236
4236
4651
3560
5390
4333
4717
3115
3797
5995
464
6458
1276
3476
3065
4237
5442
2411
3381
5218
47
1951
2724
5403
1114
