1469
1576
1332
1571
1781
379
3116
6344
2718
5171
3089
194
1871
1690
1783
4342
5596
6326
735
5968
2203
587
91
2604
2924
2994
5311
369
2310
3952
2021
320
2496
884
6348
2325
4217
2241
4573
3796
1357
2124
2170
4644
5824
6457
171
2421
2257
1868
3362
4706
871
525
5450
2607
4692
1955
4746
4314
380
397
3497
4036
4452
3508
2724
1739
1732
312
2487
5559
2727
3069
1134
1058
3257
4384
78
3975
2533
5568
4884
2884
4742
5222
4438
5743
5460
5939
2199
6202
1484
95
3674
2020
4348
2830
5943
5447
6042
4293
5625
6099
2109
1221
2342
5041
956
3870
1277
6512
219
2218
346
3093
4470
1262
6341
1983
5651
5391
3412
5232
531
5307
2941
5477
6550
3504
2700
1055
2968
821
3467
4720
3516
2729
578
1864
1525
1485
2499
3617
5400
3223
4695
1931
4475
1539
5987
6430
417
5263
841
176
1478
3775
5206
5887
913
2288
4719
658
2987
2815
3648
745
4569
5223
552
4224
3270
1717
1725
3325
465
19
1892
5860
447
5976
6046
1154
1768
2775
2989
950
471
3500
1145
3747
2159
835
1627
4405
4926
5650
6133
5332
2972
3070
512
6294
2690
2308
4420
2263
2207
4216
4943
757
3002
4343
6529
3016
1130
1644
1662
1251
6535
3766
6248
4801
1850
2029
1186
6417
4780
264
6368
4251
830
3133
1132
3638
4792
2633
5476
201
4508
2095
140
3441
4298
1218
2063
6499
3685
6148
1471
315
1431
2847
1625
1438
2964
6212
4789
316
1017
303
6082
31
2360
3082
585
1026
1266
4122
3896
5465
3252
1604
5419
4588
915
2430
595
1199
2886
1941
4367
70
1540
688
4373
3495
4111
1105
649
2003
5258
6182
5988
5560
4045
911
1057
4414
6268
1807
2195
3103
4353
4148
6357
6141
5752
4194
5828
4088
6002
3074
3115
2752
612
3903
5431
6205
3309
4460
1174
2662
2779
2054
4007
1061
1476
4114
1991
570
2324
2655
4686
5309
2795
546
266
3736
2403
5115
511
2026
4252
3535
1319
1185
758
599
2556
2080
2669
1258
4494
902
3832
2245
2973
3376
4623
3989
2599
5114
5866
3877
2260
3262
3510
2064
3444
3378
2233
3428
2829
2084
4921
4988
5487
769
1682
4819
4748
5401
439
5793
1866
4903
3755
3054
579
306
4002
2079
3251
4532
453
591
4818
1724
2291
2537
4862
4575
1986
2223
1820
2177
4068
2363
974
1960
4233
4753
2108
4311
2074
278
2493
4610
1252
576
1889
2647
2168
955
6066
177
4548
4816
1053
3456
541
1757
145
2653
1920
2758
2033
4143
5796
1250
5928
3936
3425
495
1013
5292
551
717
3015
1946
3815
4454
5566
773
4227
5167
1489
357
2985
3998
2781
5620
82
5911
3883
2484
3000
4300
6494
4622
4615
5909
6515
87
4231
485
352
5154
2352
1043
4258
5244
920
746
723
3884
4259
535
3527
5399
844
5489
3577
3974
55
6356
3729
3666
5409
5106
3707
3480
1636
1782
1565
3230
2715
1318
1751
3774
1076
6043
2949
1232
4542
1243
6332
3226
5392
5578
3957
5501
2980
195
4865
5488
5417
4073
371
1632
3260
6004
5390
5632
1674
3511
5095
1164
6101
3095
6505
1819
2347
5236
679
1795
2740
2519
3515
5661
3008
1346
4469
1881
656
230
768
3225
6461
891
63
2843
133
1098
5283
6091
6438
5043
645
3880
1223
405
2320
4192
3537
5432
2888
6211
2520
2298
2272
5490
3503
1710
329
2121
3035
1282
2613
3813
4587
34
5588
4319
4970
685
4379
762
3899
180
1146
2925
1155
582
1747
1639
657
2876
3294
1842
2008
1740
2119
2592
3569
4662
6217
5867
1973
2942
887
3608
1937
4181
2113
4957
162
2591
2505
3473
729
1009
1621
3024
360
4852
545
3573
1665
3146
2743
365
3181
3333
1885
5224
4287
6510
2071
1168
4592
2056
2692
4458
5979
5748
2226
1123
2111
67
5047
178
730
3514
4733
4340
3505
4886
4582
2728
4079
1778
5942
1
5784
2078
2045
4022
169
5584
3014
3696
2319
2862
2937
528
1099
2526
2132
3193
4694
408
2654
1300
5252
5712
2693
980
4320
4913
2409
5904
1321
899
1071
1047
2701
2882
1245
4308
4699
2082
872
1790
158
1896
3191
5034
1974
1054
5316
3509
3811
5832
3071
4424
1603
1018
3355
5377
1964
2622
3043
5644
2671
6303
4626
3691
3614
6176
1575
6360
3352
5543
5646
375
1509
2570
5116
3752
1573
4357
4119
662
1558
646
5329
4703
4772
2741
2055
5885
5239
3091
5266
2995
4336
1902
1869
2933
4579
775
3645
660
1063
4578
222
3941
4355
873
1518
181
1794
838
5004
1578
3663
1027
1420
3318
342
3920
6018
3654
3524
156
962
5038
5545
480
311
4103
478
4591
2803
533
772
1812
37
6482
4318
3017
959
4775
2914
4039
188
2952
4948
2582
5260
518
5674
4504
6363
1477
5139
6319
4144
5878
2959
1337
2323
1569
3830
6110
4281
4730
4859
1515
2304
1661
17
4829
6345
424
6152
5076
4614
6295
431
1255
4087
196
1474
1156
389
4425
4791
2931
5186
6406
504
2247
1956
3348
5681
2610
4598
4697
5970
1042
5954
2251
5149
2443
519
572
388
3835
4674
6223
2965
110
5513
6136
4608
1765
3908
1594
3007
2334
5729
200
94
3477
5555
1934
149
2399
1607
6052
5448
461
4947
5810
5927
3404
6070
1814
4968
4678
577
756
1610
2059
1036
1789
5175
2819
4899
4124
3220
3005
5491
1774
3138
1351
3855
2516
1083
2205
640
2628
728
3726
5189
1897
6375
5213
4688
4402
3589
3342
4435
2578
23
3554
727
1985
5886
3377
1730
463
4076
4130
5499
4337
327
2893
2300
4082
1681
1107
6296
2899
4537
1599
448
2579
1524
620
233
5123
2181
3980
4725
3869
2202
1137
6509
391
5478
5822
252
5535
2868
1744
4341
486
3343
1279
3565
6328
499
3268
6414
602
4605
3201
281
5509
6528
334
1173
670
5551
5130
4659
1048
3395
1927
6121
4541
2668
5730
4811
3702
2194
1667
3063
2190
6488
4362
5374
1197
2117
5774
643
4043
2358
866
1406
559
1153
1049
1422
3233
6496
1748
5787
828
3077
2394
1888
796
1086
6429
922
5574
2387
235
1874
4728
2833
3367
982
4673
5078
3750
2754
4228
2147
978
3187
2035
2103
5166
5955
5537
2573
963
4239
2820
6172
1088
1965
2169
958
6459
1961
2650
1425
3471
4685
733
2504
2751
2626
538
4434
4351
4922
4456
2408
2594
1786
6300
1276
2684
1331
3647
5195
3681
6173
707
905
3119
5542
5591
6350
4350
3559
385
136
4646
2539
1827
6037
5908
4255
2283
5892
1787
5734
6327
3242
3764
5647
3716
4679
721
2908
2374
4918
4570
5917
5742
183
2600
2851
5590
4741
5567
976
4305
4893
6342
2120
2240
64
4195
6065
4097
5697
2309
2560
731
2140
5055
1213
1400
5208
213
1135
2726
1094
5516
3432
1971
5791
3064
1624
2266
2293
3287
4709
2009
1554
4104
985
3616
3611
1045
4628
3564
4029
5604
5949
2404
571
1192
132
2986
1915
5294
5199
4653
101
203
702
2849
1212
1546
3606
4359
2077
1890
1609
3169
5924
2246
2577
4127
5483
2644
1766
5838
3719
2981
4278
402
1979
6513
5025
632
4126
2615
781
1520
6155
2335
2253
4108
5714
246
2166
5583
2102
2192
4105
1516
5463
361
2461
1883
6036
1834
6252
925
4501
5280
2025
4141
2371
2361
2730
2440
663
2107
313
4427
5383
6520
1669
752
3879
2974
1090
1686
2880
338
3988
4407
3358
4999
3760
680
5946
190
4211
3962
4297
5733
3928
4509
2828
3302
3517
1464
2039
5282
4849
5736
5082
2944
6392
4421
2991
4240
4010
2088
617
4229
5493
1596
1257
1253
1718
490
1861
3595
4621
2721
3141
1273
2764
2666
5852
6483
107
5479
5160
5044
2036
393
3079
6492
2658
1119
4498
5462
4766
5495
1833
4202
5388
3334
6450
4726
1563
5237
5708
2011
754
6526
4062
5688
589
1342
307
5532
2434
2015
5523
2161
337
3607
2857
1741
1222
2395
2790
1549
2446
3802
4996
3706
92
5141
2219
72
2022
1745
1473
2481
1426
3433
981
216
39
5063
1481
4964
3651
659
6314
1261
5250
2191
2656
2238
2922
3501
2913
3360
3518
3295
3609
1074
4221
3179
5941
2580
3743
6038
774
825
5958
5158
4724
3278
986
2002
1463
2783
6561
2372
2330
3307
4196
507
2998
2542
1695
2525
4471
2085
1113
3049
5242
2227
5366
4324
2254
4393
2083
2605
4031
2585
5281
4965
1731
3127
5297
4245
2479
4264
812
2155
5125
5862
4361
5622
714
4166
5442
2116
3635
129
1994
6158
2597
1505
6521
4291
3353
1547
522
4492
383
3237
1673
1870
3799
2093
62
3713
4205
1880
808
29
5978
2339
1460
2675
5858
4530
708
1998
3227
5617
883
847
2465
3046
6073
6271
3288
2871
2141
2739
1244
779
3312
4830
2719
3615
3546
896
6137
5104
4093
4295
2837
4411
858
2134
3062
6552
4118
1684
3672
6389
5200
4360
5305
1898
2301
5739
3644
1811
6069
2232
3128
2384
2149
2215
1339
4574
1106
1062
594
2574
4689
5052
1117
111
3129
2848
1412
1330
1143
422
309
2037
1623
4186
3372
127
269
6264
1336
3373
5144
2576
2742
1552
4147
1755
2407
3823
1567
2532
4404
2698
3388
2471
790
3450
5962
2534
2200
1635
2816
5666
3699
2152
2717
1443
2445
4409
2012
4322
6090
1189
703
61
80
4515
2196
2983
5663
3285
3408
4595
5639
2314
1526
354
5718
4876
458
6536
580
569
826
3683
5386
6334
5210
4315
3586
5880
2073
3656
5370
1808
2603
5119
2679
2536
2992
1943
6381
2028
155
3838
4512
2661
2920
4212
5778
3350
550
6540
5398
5212
3094
108
3032
26
1821
6324
1950
3369
2048
6226
3848
901
560
4153
4044
1082
2842
5375
5187
2859
390
5456
85
2657
2512
586
1383
4666
492
5565
4106
4821
5628
863
5569
6297
4664
3056
5727
5711
295
2673
4820
4590
524
3590
2338
2426
2249
3770
4736
481
4378
2299
384
4743
4700
6349
5424
4722
6486
2528
4149
6075
3767
5785
5481
5936
5902
3457
1816
4848
96
5768
2231
6
3286
3894
1087
5176
4237
6111
2921
3783
6016
3194
2475
6544
1742
2146
5694
2458
4711
1368
2720
2326
2405
1761
121
2629
6376
4826
3598
1949
2135
4672
3013
3485
5871
497
5839
434
4476
2572
5152
2042
2318
715
3963
2919
2451
4303
2814
275
5067
1482
1104
2157
1987
2380
1138
6361
4423
344
6504
5798
1496
5881
5935
500
2393
3725
4182
5998
4250
1901
661
2631
4061
3167
2186
1079
4436
4253
3575
324
806
212
4267
2442
1723
186
3630
2438
2782
3263
1259
2014
5214
3122
3397
5021
5603
2548
6266
2368
403
2031
4296
2810
1225
1326
5769
5333
1619
1551
5514
86
5484
6476
1980
4226
1614
3558
2948
3451
3297
3971
2793
2281
1637
2801
1128
343
6041
5340
3593
5394
2143
6213
6167
2841
6146
1910
3806
5896
2993
1841
2853
2145
607
3003
435
1590
3479
4290
4731
2867
2823
4213
4331
4230
3221
1829
2777
152
3720
2593
3271
404
5393
5799
276
2023
2216
678
1799
4426
3291
6330
3231
280
348
4663
2376
852
1779
1419
3646
6506
5486
3380
2101
5420
2889
3132
2188
2337
394
4171
4767
4683
1492
2482
4191
5318
5795
2641
4190
6193
751
1100
2930
1838
2067
3326
270
5920
4136
3274
5185
2788
368
3895
5716
1788
4467
741
948
724
4041
6516
3605
3026
2047
2587
3797
1988
6056
6477
3746
6532
5957
1716
3301
3175
2838
2180
143
2398
1802
2670
4117
5048
2808
2373
2355
5683
2098
5395
4241
5605
1574
1664
2153
4270
1606
2242
5018
926
3303
5452
449
3102
1165
2706
6203
5680
2286
164
3619
4430
2211
3732
547
1158
1354
89
2388
1246
4246
3427
28
1785
1343
2595
2276
1441
2943
1097
1369
2624
529
4488
328
288
2495
3229
4935
456
2351
4835
2279
5879
2929
6545
999
1608
350
4263
1108
1560
305
2287
2359
5372
2596
2158
2832
4566
2722
705
239
5077
2667
5518
690
5895
3629
5275
832
2681
3111
2072
739
699
2755
877
2305
3390
2060
2486
3135
3460
1519
1024
3112
1211
5069
817
1037
4433
5563
1900
387
5234
3847
2386
184
5659
3634
4712
4078
725
6537
339
347
3332
2217
1267
3154
1895
716
291
2733
1513
5411
501
2290
2962
4549
3700
452
2738
4135
401
5459
5699
349
3584
3778
1010
2697
5151
1875
4370
2400
2075
3385
5338
5440
5598
1670
1141
5022
4691
5269
2016
4129
1111
750
4682
207
2746
4183
3440
6078
3520
5669
517
3045
2737
2665
2311
1999
6440
5969
951
890
1557
1404
2846
3058
4618
2469
5113
5300
3371
3173
4636
1447
4651
977
5637
4764
1216
4063
3484
1818
5682
293
2818
6048
6049
3853
6222
534
2960
3310
6265
1510
1809
159
2938
940
455
5995
1728
1846
3805
5579
5642
4140
2694
3081
4681
860
5320
4200
1388
5777
1301
4169
4478
3967
2956
6372
90
1181
2563
3859
5434
5527
4511
4696
5083
4309
1713
205
5966
5655
4008
2237
4609
5601
875
355
2447
3536
6421
3984
2565
6044
5597
5248
2229
74
3997
3344
3642
2005
797
2866
1050
596
3036
1585
2732
664
6105
6021
3916
2435
3983
1600
5170
3873
2473
5059
3402
325
2792
249
3442
5494
1796
2747
3686
4107
66
5026
5792
1396
3065
3183
1345
4152
1830
4077
831
5103
1066
1581
3679
5534
5016
6113
970
2945
370
5549
2619
4687
2213
4667
4625
778
1444
5635
1362
113
5664
1721
989
5524
2423
467
3528
5389
1708
722
5959
410
345
1771
4680
2076
5749
6079
720
2734
3066
2791
6106
282
5540
3195
1200
3673
5014
1957
3113
5634
3366
2125
5380
583
4713
874
6485
3140
6045
813
3139
3994
487
2705
2618
6181
2472
2586
3458
3410
2236
4924
4677
3400
2091
1975
1497
4783
2976
744
2322
1822
6531
6539
2590
1286
4406
2875
104
5912
1592
4372
3405
6489
5142
5348
811
6336
4613
2831
3652
1206
4313
4577
5940
1224
1421
139
2878
2248
4310
2061
1114
3772
4084
3455
6407
3401
2756
5645
1292
6144
4326
5446
27
1738
3222
1487
2757
4534
1147
686
3712
5257
3084
2123
3224
4652
3905
341
5470
894
2228
6478
2858
154
3717
1418
5780
2333
764
5227
1752
1899
2689
3337
1800
6439
1089
6497
3068
5161
5759
5690
193
4289
2267
1791
972
5972
1020
5202
2183
1932
1743
6467
2427
506
2225
6472
1440
4490
5556
5473
5766
2636
4982
2881
2963
4304
4081
1813
88
5098
4624
6131
5715
1393
3863
4385
4015
4203
3951
3254
2723
4518
593
3978
2034
1198
308
5112
904
2789
2546
4243
4020
4396
1622
3993
3165
1981
2182
1992
2979
4784
1120
3247
2312
1879
2453
3822
691
1914
2805
5220
1327
2483
3551
5710
5327
2433
2553
3553
5496
489
3851
5630
3022
4794
3587
2530
6060
5273
885
2382
484
1793
584
947
590
3123
4069
5015
1797
1214
3121
462
3881
3162
6446
3109
5336
1436
2136
1828
4374
4919
3053
496
742
3906
3305
827
4223
1760
4422
864
1948
1611
2794
1784
191
6288
6444
5599
4162
2018
540
429
2748
6029
889
5353
2639
2611
1759
3304
2676
4347
290
5262
71
2529
3918
5797
704
1531
2053
4260
1486
292
3381
3834
5492
4123
3383
917
1275
4328
553
1762
5328
5433
6447
3956
6260
2256
1051
1556
5122
1265
6354
1325
3282
2954
6000
157
3004
5547
5360
5418
2131
1190
969
3992
5571
4472
5937
1893
4527
5673
5676
5595
3431
4400
3622
2065
3155
667
445
2652
1507
4276
573
5321
4464
5971
5925
3345
4139
5505
2252
279
4067
2087
4701
3379
900
513
1324
4080
333
4279
2007
6316
3694
973
4612
5530
3840
2184
3147
516
6024
3244
5562
6014
2934
189
469
1631
4283
4745
4740
5173
5581
3566
952
381
2478
3506
3675
628
1836
3969
3245
3741
3120
1803
4493
5156
3107
3055
322
2674
144
3419
592
4954
3356
2201
2892
2197
2500
6015
1176
5132
2524
2955
3001
4497
265
3076
4752
2367
2250
1997
2685
2839
5455
4113
1416
5290
119
4546
3211
5197
5215
2766
5475
6413
2345
3708
732
285
1521
3839
6011
2044
5930
1562
2389
1928
2350
1831
4142
81
6089
473
898
1067
5000
4744
5357
3807
255
5732
4306
5623
520
4288
3110
2761
5704
3753
5977
4389
1512
5836
4629
4369
5624
1605
1313
882
450
2209
505
3488
1161
2100
780
2306
2643
4937
3436
1322
3051
2292
2870
5304
2106
5629
179
2
1488
1990
5702
57
2659
5641
330
2951
1096
1483
3731
382
5507
6239
6132
4601
6518
1166
4179
3730
2269
1149
2415
6102
2749
984
6276
4412
1064
5621
5287
1091
4386
3098
523
3134
6124
3430
2040
1926
4299
2978
2313
6289
5024
2006
5498
4102
2852
1772
1423
1887
4749
1709
4382
3061
2869
2879
3711
332
103
6527
4090
5973
3709
4739
3995
2127
146
6358
1638
3923
4656
6030
1628
2377
1566
909
3521
514
3298
131
1126
6104
782
4887
5211
5812
2634
4481
2128
1133
267
1580
4156
4939
4486
4611
5192
4998
4193
5615
2307
2637
2224
3050
5820
1659
968
483
244
5705
2863
4257
5582
3439
2057
6094
2617
4556
206
137
581
5226
677
1860
5402
358
5373
3890
3771
5362
3902
3047
2129
5907
1472
2926
217
4977
4559
1764
5783
2940
4649
22
4836
4520
4489
949
5240
6062
4046
2745
4502
2711
4220
4418
6299
712
1824
3808
4207
2776
1522
5205
3555
824
2193
2379
1370
6514
2932
4951
4480
4910
4813
1882
4942
2575
4544
3010
2648
961
5039
4277
6034
2092
3926
2569
1428
1103
1427
3739
6377
6128
4392
5903
3228
2906
314
472
3986
2050
5414
2348
4292
5985
755
3795
2239
3664
1553
1984
2296
3117
1656
3852
2947
5558
6383
6449
736
464
2606
5412
4254
221
364
4048
2303
4075
4363
2903
2187
6522
5194
3200
543
4630
4586
2703
5994
2429
5869
2165
3290
6228
2449
1109
5720
2346
6025
6116
509
1849
2699
2104
2660
2437
2544
2264
187
2221
1191
272
4708
4042
2000
1234
2336
647
1348
15
5184
5643
710
4116
2902
6463
2939
5997
4112
5435
4210
964
696
5196
3724
4540
4301
302
3841
318
5888
2366
3104
4072
3232
2767
3248
4198
1254
5379
2825
2609
2086
1429
2178
2370
294
1548
4177
748
6087
1924
2797
3996
1769
527
3363
6114
4604
2150
6547
1773
2971
4855
1102
172
1131
367
816
2772
3265
2175
38
135
35
4487
3816
3498
4120
614
2804
4759
3697
3939
3740
6331
1770
4751
575
3804
1916
2214
4381
3152
4115
2796
2004
5771
5953
4705
2900
1220
2474
2787
299
2027
3987
5570
3060
2208
1056
1210
4208
4004
5369
1280
4584
1617
1287
5238
6290
2052
3023
5464
3932
3819
1101
2467
5271
6283
3529
3130
1115
105
6081
1205
2584
4517
4793
1208
5284
630
5259
1506
1993
79
1152
400
3829
3621
2043
5536
2608
3086
4616
6174
2455
5243
204
98
3919
4273
3364
3728
5385
4332
2695
2864
713
5503
2414
2162
5138
407
3150
1335
5359
2089
5746
3083
601
2112
4750
526
912
6001
4209
2259
4670
4271
4234
2672
2282
5552
3205
2278
3215
654
4462
2297
1323
4640
1801
4150
3603
4037
5717
5354
192
1550
5541
3526
468
3276
5510
554
1399
4723
2396
4325
1219
263
4447
2664
2038
4455
4345
3502
5750
979
2786
4882
1942
5253
5756
3626
150
2785
3886
6270
4661
2750
2204
3261
4633
5217
508
967
2780
2918
5670
5692
261
3347
4051
3715
5057
4734
5345
2364
141
1352
2527
3317
5406
2935
1952
6067
474
4329
5737
6145
1903
4870
4984
3705
3438
6456
5744
4557
1523
5072
5833
6189
4244
1350
2927
4275
3044
335
1347
4375
5573
536
621
3009
479
2068
2982
2265
1777
117
3976
2990
3101
182
598
1235
124
257
4715
3137
1390
4762
2160
5146
2344
2844
3028
3423
3249
3389
3207
3781
6309
4603
6317
4059
2996
5451
2688
2353
4218
2988
4693
2716
957
2019
2491
5177
4282
1038
3398
548
4927
4397
25
3864
396
122
3414
3125
73
3314
2535
3199
2270
563
2855
2329
2521
4521
1929
477
3545
2422
983
3424
1826
1845
326
5876
2686
395
6123
3407
6556
3357
4647
2845
4643
881
5009
991
3568
2013
1663
3020
1065
2234
4596
440
3197
2612
5415
5668
2066
2640
4417
5330
515
3722
3293
2010
1700
3843
5826
226
4463
4496
5816
2687
1110
1559
5751
5371
4634
1727
2341
3429
3979
3574
5358
1333
4812
1340
6008
537
5376
3898
4032
2138
4757
1877
3445
2268
6335
4016
2385
4450
3409
2222
638
2142
340
1884
3018
2778
2235
1118
3780
4307
2953
2809
2887
2860
4735
4499
1281
1792
2547
539
5268
5993
6061
2518
5686
674
411
392
5802
6085
763
597
502
4356
3676
2051
3858
2682
4173
1040
673
4710
4266
4204
747
4265
954
2896
3159
296
4247
3742
3216
2725
2144
1160
4594
4933
5654
1630
5428
4655
2391
738
815
1719
5531
2731
286
2589
227
470
6534
1894
1726
3313
223
5299
1140
3668
5136
6337
2362
5454
362
3057
1853
1167
5982
1260
3189
3280
2865
5897
262
5770
5965
4388
457
2001
1334
2753
5916
459
880
6236
93
2439
3534
6258
5706
2834
3171
4154
4401
1095
2883
4449
2946
1582
1694
6207
1311
2212
174
304
2836
5035
3118
5445
2328
1720
4256
3782
2770
1413
4738
3934
1733
4284
6525
1248
4138
2489
208
331
4495
3449
907
776
30
406
2173
6071
823
5758
2332
1365
5658
1996
2274
3416
4354
5600
1169
2598
491
2261
24
1878
4665
5607
1247
3820
5811
2206
3710
1633
4286
820
3567
5277
1848
5538
5296
3572
2271
4180
753
4440
3354
3006
2651
1256
4014
3842
3406
3812
695
1080
4523
4627
3703
4707
666
3266
5983
2105
3384
2984
1767
2999
2915
1502
2062
418
4323
3100
2812
5289
2046
4466
310
1722
1629
5107
1144
906
2454
1737
1734
3011
185
1344
4675
2172
993
6166
1969
2558
521
5662
2137
1756
5627
3533
3435
5934
1862
6244
4568
6549
2977
5763
3452
1162
83
3289
4366
6402
4869
3264
3126
5267
1116
4761
5436
2950
2928
4760
3704
5557
2735
2133
568
1702
2418
2122
20
1865
574
4206
378
2614
359
114
3600
6180
2736
2923
3583
2315
6412
5256
4850
1338
3259
4199
892
5863
2854
4201
321
3088
1703
3604
1572
5071
2171
3560
363
5100
3792
4432
3217
351
4376
3571
6465
75
1626
5772
2476
2099
1616
4025
5120
3817
740
2277
1873
4645
4159
5745
1355
5443
2402
2340
215
3041
5457
5218
5423
1940
2185
966
4403
5564
4967
5913
3784
5012
928
2642
289
1561
3059
498
1249
5684
4019
4132
2507
4840
4857
2081
1150
1398
5786
2646
4721
1735
6077
2630
5438
2130
2401
2156
301
6352
5162
