129
148
283
103
340
72
48
82
224
50
58
346
67
371
1
248
252
140
320
253
182
10
30
322
375
6
292
149
390
61
348
317
153
63
110
325
41
398
280
349
179
328
45
165
195
263
114
381
239
119
141
168
261
79
57
286
262
273
151
372
89
13
255
260
2
92
313
293
218
230
142
145
135
402
113
229
225
88
259
211
240
389
137
101
355
339
272
302
23
156
318
227
237
116
226
117
333
289
332
44
297
396
316
125
126
281
264
359
319
78
219
150
193
278
256
192
20
167
215
244
335
11
133
33
47
246
136
178
169
242
314
201
96
353
152
364
34
300
217
268
257
269
29
228
26
106
166
32
387
284
160
118
107
378
77
22
309
186
231
361
213
49
245
74
243
384
310
157
102
158
200
377
241
171
146
305
130
290
143
380
66
362
191
7
76
345
235
60
234
238
56
374
282
331
91
301
266
391
223
197
363
360
287
232
351
154
399
131
159
8
70
296
308
90
123
105
65
203
71
132
368
397
306
104
312
369
189
207
279
5
52
265
341
155
274
366
276
204
194
236
336
277
222
221
3
124
400
115
383
382
220
385
307
75
342
121
334
326
295
21
94
0
164
87
298
15
344
134
97
177
19
25
120
80
352
258
64
36
183
285
205
304
376
73
206
17
180
4
16
181
24
184
122
233
128
108
394
100
37
174
379
85
139
356
288
138
127
214
35
99
83
267
190
43
86
401
31
357
14
84
321
95
