11079
6052
4063
13748
1399
1467
8943
8567
4342
1074
1097
11228
5544
7547
12092
7151
13492
2965
6994
907
4750
11632
7400
2843
10369
12744
1596
1336
423
7043
3699
13527
6192
8378
13680
725
11553
5051
6872
1698
3955
2164
180
2010
11220
272
9831
13022
9323
10228
3293
7160
2141
6157
4528
7605
5969
6626
12358
13531
9929
1706
13464
5628
3957
13581
4494
705
5900
11607
2829
12805
4647
3723
5491
8628
10914
11926
10939
8524
7505
7582
1691
10936
2699
10706
8495
11483
8181
10734
3621
992
7560
2009
5046
329
2827
1272
9379
3306
3920
5485
3997
6146
13284
5478
2001
5957
10510
3977
3491
8606
6346
13805
9922
7320
10474
9416
6508
1141
1223
8292
2834
5220
12775
226
6763
18
11007
5487
6511
11484
11030
6931
5597
3815
11160
7654
6122
7195
13157
10864
12685
2304
2941
11711
1839
8230
1216
3633
10695
6604
8622
7235
5868
12892
11876
4545
7380
12322
9547
5400
566
3714
10809
3443
4658
11519
13752
732
8200
7815
2951
716
13323
11053
8302
8293
7318
5061
9623
9733
11015
1022
1712
8274
10776
3363
9796
4456
6747
12674
12712
7444
2421
4209
12785
11826
2803
4657
12280
7616
4517
8166
8035
1423
6445
13774
12164
9468
13417
5434
7720
6569
986
3708
3027
9725
1152
3547
2074
6606
8391
5606
10057
6293
6795
9092
2790
5802
925
5016
4947
11592
6317
7368
13518
9008
6567
6351
2040
5454
7285
7513
4969
2391
3718
7362
6563
1942
5329
10875
9684
7409
9791
181
4630
8612
13228
11418
5297
5475
13832
8913
7576
124
10766
5762
10967
7317
10205
5236
12734
987
8216
80
5202
10135
3417
7046
11743
3862
1008
12867
12341
324
10551
1444
10564
8426
2184
6262
7525
9246
2483
4926
9446
4134
5759
13620
10631
8565
5888
10816
8374
10113
10757
6940
2526
3620
5724
756
7280
13274
10087
5296
11599
9442
5917
12185
6906
11302
1635
11578
7098
1304
12070
12853
8803
870
10458
12486
798
12542
744
13684
7988
4198
9990
8314
9556
2628
13765
10202
9477
4879
7414
5181
741
8752
554
9889
13432
10672
617
11778
7487
296
4693
8505
1624
12153
6602
675
2119
11767
6599
4905
7880
11772
6387
304
1977
2575
4425
7070
2530
4005
46
10598
8192
5208
5546
5212
4942
12976
8171
11875
3419
11964
4632
3020
13326
1166
2352
11687
13466
3016
13444
11223
8143
4913
8456
2218
3638
485
898
11973
7887
11537
2622
8936
2489
11440
5852
3251
12918
9752
9366
10517
1044
11398
1499
7375
497
13761
7872
995
10877
6488
6471
13169
8842
5162
12118
309
9415
13672
11645
7236
5226
1958
9451
8919
6639
13415
8177
5620
2904
8423
2979
13725
3089
1908
2470
6765
8479
12058
8210
4358
10531
5557
12367
8839
11593
11885
630
10884
4507
3514
6774
4395
5980
464
12658
1045
7472
12078
3865
13548
19
2424
6524
9534
6126
3667
7086
8880
12819
10596
8117
13799
13127
5291
12977
10791
7884
11459
7459
10032
10136
13110
2957
1638
1035
11101
3548
1191
6400
7632
1616
9511
8248
5971
6530
8408
1067
8054
4519
7940
6873
5389
12246
6555
2080
3200
3190
11568
7984
3279
13582
2297
2963
13373
8111
12482
13507
13502
12533
13455
6438
957
7963
9174
3616
3504
1654
4454
9259
11045
6458
5284
1625
1405
512
12592
3744
11810
3248
10108
12992
3022
939
1091
11969
2276
10299
8850
7766
10018
12332
11659
1822
7218
3334
9497
7588
12710
9232
10852
11766
2372
12326
1723
3619
8366
61
1065
3107
3574
11902
12550
2944
12415
5371
8596
4842
4836
12266
8079
8924
7110
10713
5182
1636
6899
6638
2023
6819
10150
5652
9756
8452
11965
6356
3703
1195
9038
5458
3992
897
11670
8008
5533
7564
9109
13096
10634
3540
6466
5968
6155
8367
1630
5374
4277
1006
9069
2036
11388
1595
13093
11728
101
8900
4762
12426
9606
6473
10465
8551
8118
9864
6678
6304
7087
13268
5548
7174
1263
2165
5424
5721
11085
397
1603
4791
8541
12349
12254
12440
3998
7412
2161
11393
477
8429
8380
10161
8238
11278
3928
11417
8847
7670
5981
4338
9049
3262
2212
6195
8001
4724
3442
620
8584
8920
3378
2266
7706
5195
9438
2716
1765
4349
6820
4294
867
3593
116
4103
1537
8576
11808
7907
1375
1794
13854
13629
10492
8582
12925
856
8609
7208
7094
9200
1103
8258
1901
9894
4857
13649
8400
6627
11458
2311
1385
8736
5510
1129
10472
12481
6069
13608
11292
57
10786
12774
8910
6496
2913
10725
88
5439
1131
1493
8980
6601
4964
994
6505
12028
1970
1772
11804
12588
2287
3554
4309
2546
2478
4237
8558
9494
8857
11721
11797
2629
11706
12891
8059
10518
818
9364
3883
7590
4264
2138
8556
3006
6260
7172
12306
7193
10074
10513
7939
12779
13826
1876
9962
657
1176
5403
4123
7044
12430
10758
13598
1174
1249
11358
11768
7637
1291
12512
9568
2333
2416
6082
5472
10485
1744
5252
11968
12171
11489
10381
13670
12361
476
8081
4991
1268
623
12167
10452
4152
4532
13500
7262
3047
12485
273
7686
754
2261
12382
7319
14
10223
8928
7287
8172
5106
13721
8109
6528
2585
1800
9664
13199
4590
1759
11018
10574
12274
8339
11511
11741
12205
13705
8711
10324
9324
13244
10106
844
11181
2659
12747
3600
5330
8828
8163
13146
3875
5923
1770
9837
5253
2210
1994
5270
1485
7493
2238
13164
4688
12228
8085
5463
1463
407
1937
8812
7844
9009
13525
290
11871
9989
192
3180
6707
10838
5013
8137
7408
3943
5069
10911
3365
11384
13440
11630
5501
7203
11543
5524
13320
3830
1950
7199
9146
12831
11466
2642
5332
242
10301
11140
6870
6231
2007
13348
9939
8670
10685
13719
1611
7817
4374
11148
3569
5961
7586
5213
5943
13534
12894
6022
13693
12973
10092
169
13860
9281
13410
10193
7770
8686
8100
7600
8069
5310
4684
5149
1472
6996
3910
8328
11554
7306
4804
141
9735
6002
13028
5345
13227
13834
10860
12203
327
12115
8538
5483
2153
13574
10209
1066
5179
9119
6622
10511
5174
10903
8049
9650
7812
4506
7765
5670
12091
3892
110
10664
12502
4357
4206
2323
3995
8601
8995
5656
10222
2811
2745
1162
392
11129
5885
6957
5218
13798
8650
13734
12720
13342
9888
53
11427
7798
8618
5921
4720
9299
1200
7833
6006
5021
3506
7855
5305
9044
5500
7041
12137
1835
11917
4522
10561
10131
7029
4493
4743
3893
1795
2220
8912
1488
4399
5210
1016
3641
5299
12187
5122
709
9284
385
10881
12157
4325
997
4535
8407
10008
12113
2704
5243
9170
1985
9020
11629
5791
8256
11496
43
5103
3915
10622
1660
2195
3923
9063
8219
493
4302
6141
7924
4015
4625
6887
13409
3049
10236
6174
13019
8213
11408
975
12519
4366
11288
12988
2387
3264
742
2205
5643
9805
1346
11923
2845
13017
9533
8021
7113
9771
802
5072
1558
5023
1522
5928
7181
10922
4475
2298
7012
13124
1940
6498
5699
7476
6696
13094
3612
7653
9669
11615
6791
3527
5289
5668
13489
1149
4490
6716
11723
7683
6547
3668
968
5277
2847
9378
13048
3640
13823
13008
5922
12444
10707
21
8595
8173
13561
12263
11170
4236
10576
4396
4982
12653
11225
5751
5727
3531
605
12258
5623
6772
12603
13813
8352
3166
2816
11560
13004
8421
1688
813
11351
11799
13260
10011
8694
5586
3566
8823
2378
12752
11520
11710
3523
1474
2917
9327
2687
9027
10303
7739
13162
7145
8638
496
7163
11337
9032
13327
12249
3809
3497
2183
2236
11115
8463
4203
1701
2123
2124
8801
1037
5855
2600
6989
6689
10391
1590
11957
5607
4699
8392
9774
8508
518
1953
10801
7257
6329
11188
6549
3331
3222
6897
8141
9553
4096
7750
10737
8107
13248
2744
8482
5384
7730
1479
6717
3381
6061
10317
1458
8438
2027
2601
9102
11465
1464
4307
6871
2012
3810
10942
1579
340
3988
10993
7650
1667
6036
3449
12944
3663
3687
11371
8860
826
4469
9508
13842
11715
695
8020
5927
4119
12514
13371
814
5294
10475
10436
13397
9104
10507
13494
12513
2156
2884
8777
9211
12701
7103
4825
13405
2540
8969
7938
9775
3469
9307
7123
11705
8432
8095
11184
6662
1072
6402
6096
9917
3108
8169
868
4413
2306
7112
3243
6049
7825
6378
5869
1529
7227
9019
4026
315
11227
11817
11090
1254
13767
5632
9618
5808
11532
7755
7519
3300
3462
2928
1002
1168
11261
9522
3715
4189
9539
10481
8721
1181
34
178
13201
12073
12016
1751
7557
8331
280
3838
3522
646
2673
5742
10035
39
704
7574
1920
12699
9903
130
12815
6168
13795
13631
12142
11267
5741
9785
6133
13759
11380
4467
2005
12591
7129
9381
3832
411
6886
1391
185
9537
11061
8444
3415
2984
2643
13814
13768
5043
12801
5419
9634
8341
6668
4270
10803
6818
12074
12926
231
7254
5003
11851
8224
10352
5037
11828
11748
2448
2737
604
7167
2359
12156
1925
849
13018
6432
11171
6044
6777
3843
506
11029
1873
12436
6756
7369
12907
5426
325
7627
8194
12210
3170
7531
2931
9681
9883
10214
8806
12517
5591
1427
6334
13516
3833
8822
8923
8416
12339
7751
1324
5955
12471
11751
8208
4162
10437
13141
11550
4555
4602
4227
12287
10646
4823
7674
7030
4293
2404
11343
7301
11205
2955
13750
13856
9584
3852
10246
9279
8832
9852
4468
1992
12623
11887
2510
10581
1040
3316
755
706
134
3820
2974
4381
322
1320
5387
1133
1622
9310
8763
13663
11088
6912
3519
9153
10516
11102
5058
9335
9223
12633
8550
9424
13165
11564
7704
9654
9673
10019
8754
12176
10382
3450
10952
10353
12457
4789
5647
7916
10739
3688
63
471
11436
8311
10021
10887
107
1134
4440
5364
6546
6292
10471
10955
191
2204
1187
377
6486
339
9406
6167
10789
7470
7583
3268
4876
2152
12147
10892
11355
8602
7437
7885
5420
9578
4419
8193
10582
11468
2706
2800
5074
10453
13450
1589
10845
13351
13030
6621
5325
5956
5039
12490
6105
1102
12233
3567
1598
11236
10846
2953
10975
9240
6295
6805
5010
13318
11504
585
13355
4533
11534
1804
12116
4810
6463
7744
2373
2922
8270
8765
8598
2327
4018
7126
874
4485
7067
9263
1192
3032
5648
10460
13621
10080
13452
7354
1084
13073
12338
3513
9523
743
1613
1154
1732
8417
8915
11136
804
13755
3653
11678
5996
68
13566
12749
5761
3579
10943
751
2254
3208
11757
6118
13211
11620
3866
4709
2935
2206
4868
12678
10093
1482
9881
253
12841
7607
1577
9777
1406
1938
5798
10190
3150
7759
8659
11683
9977
12845
5967
5493
1643
1327
6660
3774
3068
9058
11347
5631
4978
13735
6426
838
2464
7277
5619
6332
4503
5446
2743
6843
354
2356
5196
2309
9447
13668
10400
976
2555
531
2270
2417
1548
10666
3960
12668
10371
5137
6799
1079
11877
3818
1674
6347
13184
9700
3421
5672
11482
767
10505
3771
13259
6023
1782
8997
4638
8279
12558
5020
9261
8946
5953
4782
901
3079
3327
13281
1136
11809
11854
984
5091
3950
6007
10175
5634
9369
9809
228
1115
8901
3521
13692
2711
3256
3891
1286
829
11353
10957
12407
5154
2513
9933
2676
3361
12670
4143
2971
11016
11929
11942
4513
4755
7559
7229
1845
201
12214
10075
9782
6246
1983
12478
312
1111
13607
4333
8159
4041
11407
8813
4807
11988
8665
5369
3717
94
2634
8874
7347
7622
9629
11977
10891
3255
13857
4531
11841
7699
12282
10585
2930
5896
10351
914
1198
3899
10609
7272
4081
12347
1312
1716
4859
306
11502
1339
9544
13412
4280
8359
6893
885
922
7954
2855
1683
5370
6470
6902
11643
2144
3689
3709
133
2043
10462
7225
9882
12830
3246
6353
5180
8286
6650
6056
729
8537
1914
5807
12551
12259
4031
12215
335
4420
8908
11495
1226
7385
11514
3962
5241
10479
11614
5390
9372
11945
9433
7431
13599
11639
2444
5567
5530
7893
13322
5523
9674
4305
12789
8999
3724
8006
7909
9849
13449
11399
4258
12463
5303
13161
684
10810
4173
8139
12108
8611
10750
6959
12557
13243
1836
7121
8009
4746
8218
6693
2817
4893
10158
6330
6839
1889
7047
11257
9196
2794
5856
3705
10305
6428
5285
10817
11134
197
7689
7106
9794
8592
549
11444
5610
7234
13742
10832
7180
6370
9564
5449
8663
13461
12753
7462
13831
3585
7987
8048
12640
7828
9244
12912
12770
3796
11238
2303
1631
10063
5649
4193
9485
7539
270
11795
8746
8591
10694
6952
10250
8973
5209
1594
7883
8533
7772
13103
1680
5464
12449
1814
9529
7388
7567
8386
522
9326
4996
10085
3732
3505
7238
3680
10851
6218
8879
3628
2757
6852
9144
6066
9528
11363
9711
1193
8010
6110
12256
8202
591
12104
5564
13147
7865
7486
7329
1996
3141
8956
8397
5093
4216
1880
6196
12679
10895
4584
1274
3206
4562
2213
1752
7063
10736
11697
12161
13154
6943
10843
2308
4117
9860
472
11993
6396
4865
2091
4766
5421
13253
8580
7406
9605
5229
8807
8683
8346
8493
4022
11154
7059
2908
9245
12644
12022
7161
3455
6801
11667
4107
278
3290
5722
8468
3603
532
2857
1023
13297
7124
10994
9014
12307
13042
8246
12796
4504
10067
10953
10310
5935
8029
6813
4210
12516
6291
2732
909
12957
737
13203
3138
6571
1886
5358
5848
8415
2196
4067
276
12823
4461
6585
5428
11163
8207
2994
6916
9704
13212
13546
6586
275
12523
1860
1906
9683
4437
6520
301
7088
5555
509
12727
7830
2171
10997
12250
3350
13776
12656
6921
8030
11582
10073
3801
1576
4707
5796
2890
8637
8962
12560
13682
4202
5053
875
4086
9926
4623
11212
788
9293
13751
4331
5676
176
6429
10456
10235
13177
12539
10623
6736
5337
10938
3965
11611
3088
69
12133
5947
1029
1748
13271
1305
13475
13587
13088
6266
11333
13433
1798
6
9425
12850
409
548
6013
12669
2257
12515
6442
4874
9590
6081
11127
7507
11394
3344
10639
7378
1332
12046
989
7478
8350
1916
2541
11622
7134
3954
2502
9886
2903
1989
5733
4714
13207
1112
13413
6352
2234
4233
966
4266
10986
4071
12209
4644
5736
2158
10754
3627
3763
7754
10745
6460
12002
5800
12938
6063
6284
9042
6673
7741
7259
13115
11764
1383
6227
11610
6804
2840
8267
12354
6911
11165
7563
13741
1211
565
13395
1043
9041
3263
9579
3520
1960
2718
12980
6117
1811
8641
10805
2576
6788
9195
4130
2409
6265
12615
8260
5346
5527
7783
4446
2837
12057
6212
8783
5113
4582
10499
3803
408
7263
956
5
5222
2719
5901
5233
5635
11838
6634
10012
11825
3939
781
11814
1900
7960
9319
9843
4805
5267
10380
7434
11588
4296
7
50
9923
9885
2175
10321
9484
4710
1440
575
9646
7090
11786
2980
8414
10703
4501
4815
876
3461
787
7424
11859
11813
3772
6484
7999
3244
9483
4824
7621
4354
3517
4391
8590
6759
13424
11782
7647
7565
1535
1769
3044
11884
6224
2760
11525
10171
13367
5034
10278
261
8148
10342
4963
11540
62
8916
9456
12414
11054
2280
8781
878
7178
8458
11232
8559
4955
10370
4263
3881
12216
4848
13149
11264
9581
12981
10608
5789
9993
3945
12594
3987
9853
12940
1841
9227
5658
2662
9183
10747
10430
13308
11038
13068
7943
12887
12681
5617
708
303
10071
3981
2772
1599
10677
9306
13152
8685
2885
11486
9512
627
1349
1793
164
1707
12715
1520
2729
12899
2866
9919
13496
3214
11704
2623
8473
9155
6323
1156
1990
5666
8340
6112
2824
904
11151
105
8015
13130
2636
9217
10117
2738
12661
12575
2332
2422
12580
4360
10879
9113
11716
10642
3539
9710
11617
6417
4310
4427
13845
10599
11374
8983
9718
13421
6248
1763
4871
3420
3345
6815
6232
5549
2338
6041
9727
10804
9951
9687
4079
12458
10169
5843
259
435
11955
2787
6401
6294
2244
4421
79
7501
5942
6761
11019
12787
8146
7341
3063
10930
7323
6057
5554
12596
2188
6119
4255
2344
4106
7475
9271
1640
4752
7631
11126
11282
421
2654
4949
3465
4172
10899
11535
1664
5570
12470
11807
10089
13677
5484
9121
5803
9408
11290
8896
9573
1553
3197
10847
389
3726
67
7026
2486
287
7948
2844
735
3561
3651
11207
8563
1064
7184
10172
7603
7391
4320
8632
7454
4880
12931
3629
1396
9997
7214
7644
1384
1657
5041
9107
2583
2860
7931
10567
7506
11840
5151
11216
3292
8572
13280
12312
8405
6554
2178
13386
10709
7018
4952
2973
6035
8336
1740
4798
4033
11099
13045
13232
13112
8855
7068
12901
13784
283
11253
12937
2806
12253
11326
4491
757
6941
13361
1550
4980
384
2273
8115
160
10267
41
1335
13430
10302
8718
8382
6806
6892
5701
12082
7518
9538
10849
6268
7668
5301
9139
9909
6297
10587
3429
13160
48
11526
10773
5624
11498
7898
960
11316
3067
3005
3617
11546
9542
1363
9015
13267
8547
10615
8539
2689
3498
5745
1510
9125
9563
9875
5290
1357
12168
11175
9855
10315
7003
4200
12835
6988
11457
12866
6598
4125
5924
13470
8196
2150
5417
184
6147
4909
10363
9759
11779
8816
5743
10105
589
771
9409
11763
7310
11852
7190
8548
2631
13501
13332
3918
11204
2517
3224
1207
12641
13733
4000
1020
1828
1438
5752
363
8098
4773
7593
12318
209
13002
388
7990
9984
2536
10455
3411
9714
6485
7537
6055
9836
11420
8838
10928
13350
9312
8323
2120
12876
10744
10269
5388
10192
12448
11547
13526
13601
2835
13651
1306
11455
13643
4692
2962
2465
6033
7411
12351
11449
13236
4935
12525
11490
6257
10644
11750
8275
11815
2506
1313
8988
12013
6256
6073
9780
11291
8579
3826
7628
2832
4735
5912
7733
3215
8053
196
1010
8475
11649
1675
1714
4738
864
3706
11551
10062
1639
8543
11406
3175
9474
5875
7027
2966
5096
6171
12982
13172
13788
3853
7131
10347
9960
4641
3217
10889
10038
12406
2535
4563
5002
10229
11775
6220
7740
8689
6726
3358
12650
6853
6793
4298
4259
1321
11130
6184
9120
9764
11918
1047
11025
13425
9426
1292
10692
3980
2127
5197
6891
12230
3604
3700
13766
5590
12856
8294
4003
1501
6691
5237
11881
5556
8103
948
9036
4400
4895
806
3782
10216
444
2302
11545
5279
10051
8509
5313
4845
4700
4604
3129
12854
320
4872
3797
6618
11463
7185
1247
2863
13148
9770
9181
6647
9012
1978
10156
6646
37
6198
11369
12043
9625
6522
13145
2307
12371
3655
3104
2106
2548
2982
12781
2664
6392
6188
9148
5086
11433
551
3140
1283
2774
3793
12895
7020
3756
13535
5940
3468
13231
3397
765
5774
7869
6890
10191
8433
3646
7331
5817
3672
10697
4552
10793
11272
1549
1545
33
6355
9652
3978
2882
13688
10054
11118
13794
6244
7330
4867
13722
5612
2361
6739
572
13503
13611
4057
13070
8947
11744
295
6829
8087
9816
12914
2700
1907
12673
2831
9053
4744
12222
2148
926
7079
9947
3788
3741
1709
12473
4300
2793
10361
2992
6527
8613
4653
5450
10521
11609
4803
5398
6504
8725
10738
9135
5083
13107
4547
8355
11454
3130
12218
981
13642
11032
8702
284
7829
11855
700
10478
11313
1323
8026
6012
310
4161
1326
4094
8488
9216
9517
13753
8713
10350
5186
12574
6264
2761
8233
8859
2924
5600
12045
13263
5495
2756
4786
3720
1652
8291
1536
5744
13229
12917
7082
13003
3342
1954
2077
5660
7811
8492
9910
9413
7452
9946
4128
5156
5379
8570
2734
4118
1340
9149
10028
10559
2248
2452
13557
2861
5769
8726
4672
12583
11404
9389
7403
6327
5882
519
2008
9898
2056
6321
5063
1345
5239
1637
6699
7630
7648
2926
12548
12691
5770
12429
10963
11413
10017
3145
2000
10680
7617
8745
8465
2208
4655
6162
11152
10825
12040
10741
5954
13044
85
9384
11653
10614
12441
2867
9294
1498
5747
5716
542
2988
7693
11729
6298
1137
4460
1910
6874
5124
11927
955
4730
7258
13338
219
534
9068
5230
4483
3489
9631
1565
3989
13104
8876
1775
836
9082
13319
508
115
9143
13853
299
3894
5427
7407
1234
12320
6802
7571
11790
12207
13057
11439
7923
10137
8562
8552
7816
1898
8434
8038
10043
12736
3102
6365
13558
4622
8182
1808
3560
9198
11042
8542
12064
2050
2058
11314
12037
10030
7270
3901
5640
4713
2709
9884
12693
5598
3073
1832
11823
758
7339
6543
4434
12500
1143
10173
1080
3533
6109
10541
11621
8899
8790
6182
11402
7373
12096
248
6825
2858
4279
9151
12162
11192
6869
4785
932
1354
2100
2375
12102
406
7435
10261
3101
2813
8739
11570
9835
2976
5812
4728
10365
13786
13065
13711
13403
12394
4847
12579
4046
1504
1805
6242
13618
11556
9525
10723
3105
4780
12452
2216
5111
10153
2374
1544
4110
954
5451
2163
11889
4611
10823
13511
13571
10682
10886
3340
9329
4272
644
3168
2602
3876
10417
12011
9696
12590
9912
8717
13541
2170
10103
12006
1779
10144
8155
13815
2902
12688
9043
12160
260
3878
3909
5443
4683
15
4
6929
12443
3315
7691
1210
10360
1256
12822
2358
11755
2168
6034
11260
8957
1118
1574
9614
12506
4908
4082
9948
6758
2432
6588
5006
319
11132
5746
10272
10580
8504
1239
9731
9740
4537
8112
6391
5203
7875
4585
11342
4382
10842
13683
580
9670
8425
13189
4426
7868
8634
11905
1695
2420
6775
12111
2907
6787
9543
9857
12225
13756
4767
11182
3930
3652
2691
3598
13589
4505
6797
13658
9059
4597
13304
4745
4899
5599
8510
4040
9270
4515
9854
10194
7073
7228
4346
7897
7107
5234
6263
3804
10913
13078
8052
4131
2569
4455
6968
10207
7303
2742
5396
4512
12411
4343
468
2511
12020
7753
4220
2235
11411
8738
10224
13740
13043
7395
7433
9376
12995
6216
6093
12755
1671
8906
13520
12745
2853
7051
8261
3396
9966
2398
2898
6363
13538
5920
1623
3416
10394
8175
1777
3253
3933
9035
5231
3785
8217
7826
9461
7097
6900
2140
2603
4328
715
13106
7635
1797
7154
7655
11056
9859
11055
11544
11378
4676
9797
11518
4145
8820
628
10833
3223
6411
1997
5331
13648
6324
6342
9351
5911
11066
5097
5582
9521
11666
7669
9040
4351
653
13657
3237
12790
8236
9768
1847
7264
3072
1694
12537
12989
2082
5340
510
9911
8247
3234
11692
9952
6769
5077
10422
7490
9404
136
6851
1476
2197
6831
3787
11445
38
11461
5185
7062
711
5194
10004
5338
6459
11613
5748
13041
3644
9214
13220
5461
3321
1017
5909
12655
3516
6987
366
3106
9920
13370
12576
4197
2477
9594
10972
11906
6605
11608
9025
17
7625
12511
8176
5661
2046
9192
3691
8792
4099
5965
7426
5847
6737
5422
1713
8660
13422
8083
10148
8929
6357
8767
12245
240
2505
7840
721
430
2896
13167
6215
3296
1140
1229
6376
7436
7464
9138
13282
7141
4147
842
104
1147
7139
13144
11696
13142
7533
10908
7922
11293
13143
6222
10991
343
2428
2593
4662
5469
8005
9168
3822
10870
1647
1568
2035
10921
11270
1560
9030
13205
6533
5528
4668
11515
8671
5964
3125
3366
8461
9739
6812
2186
2808
5027
5608
7778
5036
6531
6506
2203
2291
10416
6008
7708
119
12141
2135
8692
1418
8144
8862
6977
2906
7273
9636
1388
11596
4370
6179
13375
2567
4350
2388
12777
631
1846
11332
10027
12392
4314
6568
2558
7961
8160
8950
12305
6424
433
8909
2243
912
1721
10792
10211
3099
13499
44
8714
10212
5859
12050
7398
7857
12709
11168
2554
11536
1159
9698
64
2610
2842
6695
8371
2921
12890
9315
8756
13512
1109
10812
3695
4958
3291
5216
11967
562
7496
6965
3495
5470
7613
8266
9100
10434
5592
5838
9265
1750
3124
659
6998
13835
2515
4820
9550
583
12851
4092
7364
8241
3100
9527
5432
8007
8057
10683
9395
9231
4167
6404
7224
7065
12828
13549
6207
12833
1374
31
9934
11510
3632
1653
1487
4495
6464
5031
8963
13111
10563
13299
7575
8110
4856
3203
9089
1965
2653
9441
7031
7153
11448
10565
8784
1829
6785
9872
1328
8457
5639
7757
11421
10539
2633
11224
9028
7643
7052
13090
2379
8762
5105
10578
655
4779
11137
204
10837
12071
10592
7862
2561
2807
6827
3172
3274
8214
7343
13302
5781
5720
7268
2286
12716
7712
8062
12792
7371
2096
8412
8530
4778
9205
8243
7580
5048
7725
13471
11861
13337
3402
6475
8448
9601
10263
3298
7118
5605
5024
10748
12949
2712
9460
9000
6183
12567
8067
1964
4727
5853
10170
10702
13439
13543
6954
7994
9487
10835
2889
2877
4788
8470
13113
2663
11339
4741
11800
8682
12861
7995
8959
11904
2647
5871
13833
8989
1252
3557
9236
8630
9545
6128
10036
10195
5894
100
2876
12146
10660
3888
10457
6258
2826
8617
6918
9609
4882
7807
11400
9191
7882
217
13617
8511
4614
6315
662
6552
10061
2611
1007
6913
766
5840
9702
12829
7791
4182
8343
3976
469
13605
3758
12746
6019
11920
6708
9398
1451
8968
887
3925
5339
10841
6591
6500
10116
786
8000
7117
8131
6269
2668
7000
10752
5363
7991
5104
7142
7077
7494
4809
8797
3120
9055
831
4089
819
7682
10799
4928
6160
11266
1968
13076
10595
120
1436
441
4573
1150
7261
4049
8353
7767
10728
6811
10880
6389
9358
2292
3624
4459
3098
4866
958
9699
8315
13510
8624
8191
3480
3091
9445
7002
9680
5931
12297
9959
1369
8129
7661
51
4356
1720
5108
10808
8354
2888
7305
2242
593
7456
186
12000
3482
521
7064
1146
7681
1826
4883
1722
10234
1125
8858
404
6624
458
8221
5842
7392
9493
10613
8179
10260
1756
2130
8154
7351
8975
10081
9215
9980
1400
3733
7656
2786
3884
1408
5814
1754
4900
12328
1433
9385
2038
11231
6046
8829
8282
13256
2233
8133
13223
2949
4185
11631
27
8253
13295
12510
12695
4276
2362
6250
13545
6047
942
1563
10313
6855
5707
11974
3591
9346
9096
11886
13681
3017
16
3739
2617
308
2492
1503
3149
10099
13021
4471
9557
399
10411
13624
13858
4756
7361
3794
5335
10454
5735
11857
8934
12983
8814
2940
7293
10129
8930
6574
12889
9432
8831
13689
6281
4896
2364
7618
1704
9202
1228
13015
10508
369
10796
1217
4592
9124
9187
5737
7932
5782
9164
3610
9249
12377
2987
6449
13497
920
12459
2805
618
4212
4388
5991
465
969
3576
10421
3584
5011
13108
6303
10256
9793
1492
7457
22
8299
7854
764
12015
6070
3109
4731
6053
13293
10039
2895
8327
11185
7763
6125
3473
873
12552
6219
962
6983
1409
12472
13279
8480
8982
11252
2514
9070
7356
12628
5715
8993
6764
7054
9006
13377
4822
203
8942
256
12261
13580
207
8791
10673
2114
8025
10607
3440
10001
3437
2393
9111
11432
5517
254
6727
9583
3849
5276
7986
11646
4069
13474
12087
9213
12686
5891
4950
11505
730
2773
11240
7696
179
7429
7870
13612
2086
12056
8039
12352
871
5397
4846
1859
6158
9974
11864
3119
216
4481
760
4402
8402
6841
172
647
9754
13603
3755
5659
7036
11476
3702
11654
7957
594
12950
13012
9206
8232
12193
7558
911
8065
13640
9254
4841
10605
1515
10377
12610
7159
8284
1379
1296
10300
2003
4488
10286
1538
1330
7149
5001
7187
3592
5787
8817
10890
6665
1578
7379
8549
9021
7802
8688
889
12173
1868
7360
1468
10995
11046
448
10405
12881
1998
5430
6687
3626
4104
12782
9469
3991
7359
9942
5235
13134
6964
11946
3842
8532
3008
8321
1445
12044
7449
1690
4576
3856
10910
10441
10040
13585
10806
12109
13374
10720
8255
8531
11206
10883
6905
1126
455
13479
11209
10726
11226
13250
9829
10979
2103
12635
6956
12555
7130
13378
8523
6690
6729
4101
12340
5537
11999
3335
9302
1955
10958
4386
3635
8186
6705
3470
556
194
12237
10182
11321
6742
1148
1315
4064
10094
7992
13818
10284
11049
4032
11013
1738
3392
855
326
381
233
11092
10221
8064
5184
13192
6367
13419
2199
13622
4571
12909
11832
11822
10253
1128
1853
1271
13292
11446
11304
12952
894
10393
7523
289
12706
4702
13576
12826
2879
11997
8403
7788
10493
1251
13808
5611
3753
12627
9251
3171
596
2283
11437
12474
5064
8420
10072
12999
10007
5503
4911
12357
5534
267
10645
13079
1262
1507
13401
1489
10629
5087
1056
6326
10626
5214
1896
3333
2638
9061
7491
11119
5520
70
6037
3058
12106
3587
5394
11978
11026
10196
2200
697
11265
10412
9233
4664
359
3501
833
9197
5059
2256
6273
12601
946
8263
9003
9925
13578
1742
170
11888
5120
11426
2641
7831
7201
11002
9235
8778
3404
915
2958
10562
9824
13836
4915
13251
5377
13704
7135
9077
2954
3087
3189
4249
13708
10404
970
13781
13188
3163
13420
4689
10520
555
10026
2775
1815
2819
4372
10055
4831
12662
2479
10439
8545
10410
8404
6385
10733
199
13666
7340
5581
6879
2293
13194
723
536
5166
12929
6340
1075
4639
5946
6075
3374
1250
5130
7979
11949
8933
1957
7453
2681
10111
5060
11824
7946
459
6079
5710
4717
2435
1583
3941
12172
25
5425
8285
9401
5476
13820
6435
12642
9300
13216
11812
12529
6437
6752
10023
4122
7321
9587
12086
11587
11187
262
5786
4313
2763
3564
5445
5129
8849
13671
6395
8627
7338
1670
6371
12904
2943
6796
9234
5547
2560
1194
8809
11251
7521
931
8758
3019
10665
12888
7108
916
5794
5563
10343
6632
6539
10217
5349
6085
3053
13695
4910
3704
11590
4567
841
6680
13483
11934
6243
11644
11268
13082
5704
1497
7492
680
1626
6405
2025
9427
869
3974
9353
2263
3115
7296
4070
9392
8998
4650
11372
8655
543
6307
11513
2044
1532
10112
210
513
7967
3276
3956
11121
547
9968
11474
8610
8804
3128
3318
8401
13365
6920
971
3710
12023
3630
8808
569
425
1333
2415
13828
13210
8153
13376
4979
13480
11870
7959
9781
12291
218
5433
3174
8372
4476
7204
4679
13540
4771
3993
4267
4981
9502
5587
9002
3045
7237
4902
2221
934
3444
6451
3388
6094
1976
12739
12984
5350
6139
1341
500
10102
9013
9867
1024
9916
7143
1412
8866
7283
6725
7814
189
1490
12487
4052
1325
11464
3142
816
4401
13529
8955
1068
13803
6861
1246
3743
10606
10200
6380
9866
10542
8970
182
3800
10165
12741
2495
9356
12713
4796
4524
8125
13652
1542
9274
850
32
5114
12148
1032
7514
9546
5109
2531
12298
1371
2651
11222
10225
7246
1018
4891
1863
12908
6751
3192
7298
9490
13029
2780
3423
3056
4230
2143
6448
9969
11793
3284
6559
147
3001
8599
3310
10583
12838
5307
1303
54
3851
6910
4406
3435
11322
10721
6108
6541
6589
24
1823
7119
13586
12885
923
4890
12956
8819
8640
3132
9784
9982
11702
681
8573
5044
1175
9719
3712
7978
5784
2346
121
7711
927
11680
5018
638
1645
8658
11076
7553
5580
1284
9526
5779
10620
11258
11573
10998
11003
10101
9918
3831
10438
6201
9676
2430
1610
1570
3963
6746
3094
13135
8676
11179
8733
9150
9693
5110
5594
5573
7549
2064
12754
3281
6582
9491
11169
7499
9288
10431
11279
6375
7116
11524
13802
8878
7915
6209
5040
11350
10976
10905
613
1395
1521
3071
9241
2563
9520
4574
12859
2472
3805
13388
6889
6270
1633
11921
4619
6314
8810
3996
4306
1417
674
7022
11811
7779
9963
11071
11688
8060
11028
1747
4998
11000
3195
460
6345
6074
5535
12508
1361
9459
12097
12356
1575
783
5004
4433
4297
12897
5890
2394
2856
13436
4997
7548
4112
1597
12793
6909
8206
4930
8964
4833
3023
5952
8101
9336
7573
10325
7447
1864
6300
10002
7973
2512
2869
11491
4603
13600
10500
1809
6592
3707
10826
8074
4983
2343
8516
367
9272
13771
4341
9498
1171
1988
808
9407
1350
291
9927
1364
10974
4816
3637
4940
4681
1806
13837
417
5526
2442
5878
10291
6614
896
1718
2701
10049
1411
13713
11196
3500
10693
11827
8698
4326
3486
6635
1651
1634
13334
5579
7610
10777
3241
8363
7968
7861
484
12930
8090
1233
13218
5292
592
839
13625
2893
7450
6016
10344
13179
11830
10083
6629
8150
13198
12750
6537
13513
13728
5092
4261
10729
6934
5823
12761
7839
13747
7781
2136
12093
3359
10647
10497
10427
6415
9277
11397
5776
4115
12630
6644
561
9749
8441
10204
11835
12840
2049
8568
13314
4290
9983
4792
7835
1838
4726
11833
8583
734
2476
6067
5418
11785
8237
328
12025
8411
11230
13709
7737
944
6138
10259
4319
5070
5700
9154
5732
3550
2579
2608
11701
1573
13696
1012
13746
7402
7688
10925
4375
462
12871
9840
6534
6878
2088
3905
12496
10872
12631
13117
2349
4721
4472
3139
8914
443
6492
1439
4021
7747
2887
10787
10159
3844
9496
10248
2792
6757
9741
8157
6914
12309
11280
4235
8486
8375
2269
10392
12921
4966
7713
9821
13851
12771
2172
3182
7294
3373
13173
5771
12939
4806
1280
1500
13335
13448
6441
153
4367
5441
1298
7387
7365
10495
4160
4534
1941
4759
830
7357
2533
11081
8976
11312
9907
4733
2482
5191
1221
601
10107
6446
6963
10896
9847
3526
11109
8013
2677
13646
6185
4027
13515
1186
3364
13810
336
5539
4222
8032
7782
1031
49
5117
11392
13812
4971
10378
7125
860
3012
7925
346
3953
7789
9488
1227
10532
9330
10041
9713
7101
7998
13456
5515
4829
3643
8893
7128
6985
8985
9173
2914
4526
8846
5360
2384
13616
8805
2335
2839
1470
45
1403
4093
1693
5984
1755
3551
10742
1107
12169
4378
9486
9800
9423
2836
1114
331
3967
13678
9732
5569
9275
4929
12737
6976
10249
8084
8360
3602
2771
12319
6860
9377
11008
11975
5693
1446
13838
5521
5933
5910
8802
707
7714
2669
3966
5071
6608
1218
9658
9450
5471
3736
5685
4784
5865
140
12252
4055
10557
12279
10966
6783
10490
5645
13762
489
12386
7680
9726
6824
7918
2051
6253
5152
11345
12469
502
895
4348
12069
4608
10134
3368
13089
10336
1063
2252
2759
10187
9290
11911
933
718
5513
13067
9239
4151
5614
4508
2324
6922
8651
2463
13457
4881
13579
12127
10088
5448
7638
13712
2522
10318
3343
11083
7901
111
9163
2450
6960
5254
10024
10924
10701
9981
2523
2459
13468
7594
5269
10143
8455
6233
673
9208
10053
9610
10100
12970
717
2423
10386
1986
12924
2325
9507
679
650
3814
8958
8045
8096
11356
9965
13307
288
8017
13460
12122
3181
11344
2271
12346
4596
10788
2048
5401
11031
8507
1135
4541
8661
5146
6004
6287
4362
8625
8830
8445
1837
4509
247
11895
5615
2341
4316
7336
1784
1933
11317
2672
4901
2167
12368
10208
12488
2685
12738
78
8484
11391
6706
1000
3740
330
3556
7023
3165
6719
12920
10848
9913
11856
3205
6625
12219
9316
7166
1245
12121
4553
4685
2342
150
13758
8472
390
12484
10109
8578
4431
12802
9504
12275
7905
13208
11907
13064
11575
4722
9370
2406
9677
398
11735
11650
12098
8835
7736
8787
2179
13381
835
10869
10934
9452
9267
4144
6904
4411
13463
4985
13532
8389
9812
5951
8715
11803
13796
12735
1735
4080
12401
2532
6045
6845
12079
13178
5723
4711
4737
11297
8197
7863
7566
1362
10949
3384
12212
7419
1429
473
6503
2031
2290
8786
12206
10240
2549
7289
13451
414
5785
5453
12521
1587
3010
6226
11948
6669
11681
1786
13443
9134
3492
3697
1046
5959
10501
1902
7823
9269
8368
8944
5342
2281
6773
4239
9210
1030
13061
9033
4042
7278
3860
13790
1877
3273
13245
8840
5689
10674
10965
223
5790
3000
10163
1317
4150
6235
3742
451
168
13080
474
12863
10506
11959
5177
2728
3038
8882
11641
13519
13573
6928
9694
7554
13240
738
11931
7291
12492
11777
11522
8040
11507
3934
5820
3650
6677
13125
11001
5518
11106
3947
6150
8845
427
10772
8872
3193
1255
11791
7307
6068
10530
3039
9237
1883
858
1947
2933
7033
9454
13556
9705
5488
1224
7609
11203
5032
4113
11084
13638
6388
3716
10488
11580
8489
13441
7873
1509
753
4253
7819
11080
2682
13382
5095
3948
6338
12199
4790
151
2249
6480
5849
11041
1519
9429
9558
1816
13517
2454
5126
6875
11908
9383
11200
7481
3060
5870
3595
2599
4232
9248
11273
2329
10401
3376
8528
1552
5378
9709
6228
8735
10600
8332
11979
7413
5601
1801
5462
7581
8383
12089
8104
11663
3426
5574
12504
7089
5930
2232
6038
8600
12303
6975
7715
6671
3294
567
2571
2881
4936
5919
2915
2960
13775
3807
4838
12547
1110
616
8190
9987
403
13217
5324
4903
8719
7827
12437
1314
11373
488
7709
8747
10765
11004
3895
6217
3472
7311
9750
12646
5593
3781
11983
2886
5797
5356
12397
2062
9804
8623
11591
5696
4458
12396
13699
1062
8525
10097
10590
588
8953
5121
11952
7248
6561
12154
4521
12202
999
13047
6958
10502
8320
8869
4088
3649
5080
1919
965
12536
3018
2462
7274
2543
12030
13315
10916
2696
5465
7675
9331
12568
1730
7703
11879
9179
5480
950
7061
6667
9382
5988
7599
9467
3530
4877
11708
12257
4875
11477
4540
3432
2295
6703
4898
3618
6743
10775
10290
12677
13387
8373
9400
4975
5372
2950
1644
5729
13723
12059
8744
7315
3021
5045
10130
9814
3144
13330
1356
8147
11961
12804
10349
5663
6867
7522
12395
102
8046
938
402
8753
539
3984
10423
5223
8577
12559
13639
11161
6286
4561
3026
9536
3588
5380
12795
9160
3552
9753
2013
11040
10469
11989
9090
12255
6274
12660
6830
6237
3434
9166
3769
2066
9417
8252
2568
4826
12612
9088
6575
7969
5936
6136
12477
3944
516
3030
710
4091
4451
11473
214
3013
11558
6908
9765
7008
1629
6557
3580
10498
3385
12120
1167
2268
5683
3336
9362
2102
13180
8841
10445
7334
12602
13635
2670
5088
9141
143
1344
2778
5353
8967
12267
11916
6993
4039
1892
129
8851
5257
4645
6686
12424
1471
13239
8987
10536
11953
3362
13647
4291
12009
5811
13664
2815
2434
6221
4907
2070
11157
1212
10588
10687
5128
10126
8251
126
4065
10215
9763
10178
1767
12410
11050
791
9662
5561
10052
7910
11805
8077
3213
7344
10306
13055
6337
12821
10760
8228
8249
122
6111
12423
13131
8034
6979
13191
3545
3577
2078
3765
4583
2989
10154
6526
3759
9230
13477
11010
3922
7809
13404
3475
422
5575
12140
7209
9172
2978
703
5266
2862
11581
7352
545
2004
7074
6206
13542
4166
1999
374
8699
10601
1890
4797
6809
8861
903
1995
11598
12530
7326
6454
7290
5915
11571
3917
3395
2121
10244
12990
1153
5545
1264
3679
4489
255
6782
9996
8113
12875
12968
2714
7852
1963
6379
5205
4281
9844
9551
183
2521
3349
7045
5880
2821
2371
6239
11195
7233
9264
5028
9054
11077
6135
2014
12599
1655
6148
4344
10160
4207
7742
7738
5375
5302
12784
6877
342
1528
1142
9471
12616
2788
9380
3780
7958
720
13840
3254
8972
6366
5819
4832
8691
8055
6883
13793
1931
1884
11661
8709
10323
5864
2934
3570
12099
1448
9588
4439
9140
7420
1961
10264
8201
564
9080
12725
13662
6986
4059
3261
215
4701
6241
11860
5318
2128
7528
7239
8978
6137
13246
3877
11023
193
13121
8768
11284
8514
11950
7442
11872
4432
4142
4181
4492
10931
3719
696
4087
1287
6403
7497
9667
73
3654
13291
4923
4777
5540
1076
1646
5768
9595
1004
1297
8512
11403
4628
2480
7152
5260
12033
13609
9201
1681
1058
3059
4174
13559
12494
4441
5273
514
843
4317
11323
4327
11334
9734
891
1236
13398
10152
9257
13254
11430
4324
10863
3656
11340
4510
10643
2395
6733
277
8149
1945
993
12606
12743
11577
9225
9176
8693
4095
11935
1506
2018
378
3187
12125
4821
12597
2228
13
1959
2397
8902
4394
8122
1774
11044
8795
9779
624
774
13391
9575
11089
10969
7665
10274
12221
11021
8259
3221
12927
7695
167
9958
2109
10704
13459
11626
3529
10044
113
5075
2894
1401
7764
2552
12151
7796
8325
5261
12296
5440
11937
2376
250
4591
12260
12882
13242
4156
4463
2485
6672
1572
12798
9641
597
4228
12638
7530
11125
11943
2878
10858
6368
10114
3479
6316
11616
446
8494
13290
8760
8984
7451
7221
4178
4244
7773
2239
7642
5766
13565
13352
540
3235
8954
13590
1106
5907
6548
12589
11896
2697
11638
7176
6143
941
3042
10406
3906
13288
10464
10909
3351
12271
12189
7534
6822
12532
10584
2936
8971
2969
1743
3062
7058
5159
9341
12600
6032
3583
9617
9304
6054
11043
8195
13393
8337
4024
12811
7137
3890
12018
10090
7934
524
6048
3994
7993
7724
13847
4941
2390
4380
664
4436
6026
12903
4621
12637
10885
5311
8965
8398
11998
3077
5657
3824
4972
7060
1199
12964
1618
11247
5295
2246
9122
3502
2322
7049
924
1205
7417
5994
11583
29
10558
5902
906
286
724
13235
1785
5633
4176
7515
5887
3908
11572
12331
6516
8439
12522
4927
6679
3678
6794
4201
9660
11668
6156
9647
10121
9930
11992
9802
4205
4074
12687
779
3474
6373
2279
3874
11194
82
4634
13075
9074
7556
1398
5941
929
4677
9845
8639
2528
9967
12742
2385
4938
10132
12310
10227
4960
12276
3748
10711
5884
7624
13394
12425
5067
3827
3825
13744
10811
1666
3913
7155
3441
12039
13698
776
8518
1005
11034
5030
1567
6981
11730
5541
9262
12026
5323
11189
9591
9986
4225
3407
1887
3559
13400
7175
5572
9448
6328
5509
12540
3025
748
9220
859
5361
8428
6107
8165
400
6245
3952
3134
1230
1048
7196
1525
5221
12372
2977
7222
8187
4854
4025
9161
3983
387
11656
8647
507
13009
6092
10125
1454
8280
4888
4849
5143
5522
12376
4609
12345
2185
8384
7219
8701
6832
6097
10316
4132
3226
7114
9132
4438
5979
7136
7679
9072
817
6344
1844
7016
5827
8080
11255
1878
10545
12083
12186
2059
12292
13481
9087
11719
10933
2577
9039
7745
7111
13547
13792
3518
12183
4308
1160
9034
5136
11691
12883
1679
12330
3985
3249
10524
1817
9091
6584
13200
8326
8941
13726
7038
1600
2504
5315
4188
13508
9303
11450
8002
4285
12643
1455
3828
8044
9182
11211
8706
7266
4912
10477
9611
3544
8342
2367
4062
3353
13675
11521
797
861
6901
2418
11414
12418
7949
3586
2991
8471
2542
13247
12962
4330
9524
3594
3819
13204
3731
3009
8974
578
2468
13785
8174
4626
9127
6858
10141
9971
2251
4301
1609
3131
2320
2580
2923
11893
2802
5824
12765
11664
10566
651
2758
10297
3439
2975
3372
1516
4523
4339
10650
7717
3126
12076
10031
13264
7244
11274
5033
10281
10287
822
6180
935
3453
2754
10861
3176
5082
8708
2789
4415
297
416
526
8212
12636
1069
1381
3711
10155
9901
3398
10014
13007
3784
3011
5944
11848
12671
5098
10753
11523
3309
722
13524
7512
12898
4083
3093
13356
3232
4252
4017
2085
6766
2897
11660
6684
6501
5362
9692
12181
13787
5714
5115
6932
1984
6947
8410
13637
4129
3558
12439
5157
3051
5629
11155
13800
13469
2796
10862
3975
294
7636
8307
9744
1101
13156
9157
8502
8303
6607
7964
6468
2284
5985
3
702
8151
12860
171
6722
3352
9095
13119
9633
12648
9954
10069
146
11377
10556
2609
10440
7479
1687
1085
7468
9880
4834
6028
5757
3162
5009
11834
8443
6497
10110
535
568
7302
7211
13193
12507
6896
5411
1039
10000
9371
361
12886
8656
3779
12911
3307
7186
10255
11217
4050
2779
3661
10978
10866
8586
13206
12090
8870
351
1703
3483
1951
10746
3367
11724
364
12953
3767
511
323
11359
86
4601
11858
13562
8921
4157
12619
8361
13102
12994
13262
2299
6098
3812
7284
8854
1702
4965
11116
2919
1761
5698
10450
11361
7832
13408
13333
1294
8729
11625
6735
6177
9247
491
1124
9657
13568
9388
2211
3037
10484
6443
2968
775
7048
4844
9199
13724
8041
138
12365
1662
11600
9979
12614
7207
1734
8092
11995
6923
10503
3754
6760
12434
12963
952
13426
10572
11693
4715
12131
8349
9955
6011
13764
6089
11336
3979
4248
7633
12732
9108
12017
10988
9665
9848
7495
8399
6907
1855
5207
2181
1011
863
10304
9056
10066
1041
1301
4158
4410
11059
621
7786
4719
5821
5725
7035
11846
10546
3076
10015
11287
482
2267
886
9465
4457
10999
4758
10279
13770
9998
3929
9861
4589
6230
2110
8564
9593
1705
12760
11700
258
4864
10346
3762
2151
5042
1122
3250
12240
10242
5990
6490
5452
8082
12942
8728
5883
6712
3148
10876
10355
405
654
3452
3811
10749
9567
11112
7220
8877
159
13732
8297
5116
3377
4502
6659
1514
2160
426
7104
2069
12100
9897
4770
7346
7418
1241
174
4691
3464
733
6995
7965
10197
12526
7099
6701
6247
3301
7282
5695
10888
8188
4111
5005
11836
1527
959
7758
9722
1615
5442
4787
7164
12229
7743
5256
1812
8635
11752
9422
7148
4452
6101
6200
3590
3033
8086
4318
5118
7295
13266
2217
1028
10956
12084
9258
10800
10268
3325
4922
1209
11429
12531
3802
11731
6938
9762
1059
13222
6560
5531
10822
6628
9737
5993
13238
11576
12948
3859
11472
7629
8329
10059
1512
4961
11352
3430
10770
9834
2865
12479
1581
5238
3136
7847
10813
4336
13669
2176
5172
12264
7866
4624
11947
77
2814
5265
12632
9607
7249
9328
8257
6781
6950
615
3446
11100
5938
11146
11574
12837
2818
2328
1337
945
1213
12729
6399
4933
6015
2407
7386
693
6433
7075
6553
227
5381
2433
3097
4340
3459
3431
6423
4073
11331
6482
2318
5502
6381
5319
8358
4397
3002
11285
11068
2377
9250
3114
2985
928
10954
634
1259
9037
2708
6236
10362
10311
2621
3658
11139
4781
108
7787
11091
4008
11912
5886
9597
8390
6637
6393
2115
632
4077
347
11424
12315
1825
1204
9079
6154
10375
1036
4262
9455
7651
8427
607
13219
3636
10625
13661
1318
1944
1098
1592
13783
4149
8527
13656
5543
9870
1818
8357
419
6999
13252
1856
12391
8265
8369
5150
396
10867
4729
3390
195
4862
7057
4048
2671
4586
7192
3854
11932
10819
10759
1414
1802
8690
635
1684
6502
1253
1917
2278
3289
6341
2277
1235
8517
8827
3916
2154
7482
12759
13006
1365
5641
11941
980
4549
9772
5858
8024
6178
799
3355
4774
7374
11488
9309
5889
9712
8454
12751
6348
3485
11338
11105
5783
3458
8895
11747
10119
11122
9964
467
4429
4812
8587
6151
8119
8996
8093
6535
163
2350
4135
8437
12283
5577
3167
6848
6296
7032
1865
6755
7678
4332
12717
357
12598
10448
10579
6640
12493
344
4751
2698
3275
9399
4175
13597
2618
9010
1449
12896
4194
1870
10589
3081
1288
4137
5255
11037
7721
10937
6113
690
13023
1719
5163
6945
8333
12991
3778
11095
7690
2765
3686
848
5437
1402
1696
3064
11960
11594
8553
1299
5094
10463
3623
13056
7608
10854
9826
13074
10533
9463
5288
4673
5022
12062
12114
8183
1431
3191
8629
10964
10751
6613
10149
6306
11325
9973
11737
13353
5777
4196
1946
6653
5711
9787
10124
3092
7165
12936
5702
3749
10283
2145
10341
4606
4772
13100
11853
3563
7935
8130
11530
3003
3783
5681
12265
6152
13166
2321
5958
10756
1260
10901
2624
8467
2473
3869
6039
11869
8338
8108
528
6545
9738
784
11024
9978
5393
6080
3721
8770
12769
10142
5832
4154
7933
13360
10731
606
7288
13357
1376
12528
8072
3271
5718
12004
415
10982
8555
8262
686
3161
12135
8140
4127
8047
5090
6299
12198
1956
12110
3872
8436
7626
11939
10718
5348
12618
3837
13195
12239
5506
11442
9953
5343
769
13438
6619
7397
5473
12132
2547
3266
6698
4195
10098
7353
12797
12965
1912
4761
1924
8826
739
8674
6741
6715
7572
7541
9608
8712
11057
13182
12456
8631
2147
8615
6043
2736
155
202
2042
6594
12684
11936
2630
1614
3868
2382
5674
9024
3337
5801
3808
8283
4373
7017
7810
13569
1267
13105
2725
6840
11276
2776
576
1833
13717
5851
8616
4347
5565
8506
3902
457
12241
9374
13001
7602
285
12311
11725
13269
3447
1606
5192
2317
11665
1555
6072
6159
7171
990
11938
9932
11676
11375
527
1434
11376
9708
3401
6091
3103
13801
7147
5431
9638
72
2645
5983
6132
13151
2348
8620
4894
2155
1428
5764
6798
3938
13336
5347
11191
5694
3572
11517
11531
10649
1215
8220
5862
9325
5653
3035
8945
10374
10549
9589
9117
10466
3493
824
2231
4892
1991
11395
10710
13174
8798
9877
8058
9322
820
9402
12042
9755
9435
2952
12825
3834
9707
9896
8575
7727
10946
5497
7685
58
4498
12398
1669
6784
3775
206
10127
2125
2998
6683
8289
12196
5841
8376
7864
4808
3078
12812
7698
7430
3065
608
7390
672
3738
1745
10591
3911
10118
12432
2768
5164
7867
7962
10662
13171
538
5328
452
6710
4587
13190
10327
12150
12848
9066
6447
2946
11
10016
6523
4682
9992
8992
978
1452
8043
4830
13694
11732
7853
6919
2970
8240
5765
746
12666
318
4986
1105
5171
7585
1673
10449
8022
12721
13283
815
3850
10818
857
4959
13032
4580
3665
6320
6005
9803
12577
12383
4723
11506
4945
5178
11327
13083
9975
1001
10389
9031
2781
5215
10174
1289
8904
3387
13354
11110
10138
6078
3438
4984
2918
2219
7927
4588
10104
437
127
11462
9421
10553
11306
7912
9624
6099
4885
13707
2255
13778
3152
3932
6984
768
188
2240
4449
6170
5932
230
4539
2159
4869
7132
7846
6431
12031
882
10086
12932
4287
1206
12773
5839
2799
5447
7890
12247
2034
1309
12740
1243
13772
6483
8536
6311
5997
3864
4889
11958
4268
3666
1790
2520
11479
4499
3795
2093
10176
11249
3614
5029
3324
7461
2052
91
1762
7019
12119
12799
1982
612
13509
10447
12323
1495
1813
498
1893
11980
5806
3380
6359
1939
2461
11944
801
4956
5190
11310
949
9458
10295
221
11991
12676
2892
7215
13270
11605
1311
9865
12652
6790
3123
9071
6030
8678
8677
5015
11561
7309
6060
11707
13298
6181
13176
6021
12808
1540
3675
56
11379
2264
1123
12054
1466
3734
6208
11796
10944
1952
10442
996
985
3311
11717
1188
661
4108
9007
12402
8003
11035
4793
5836
8825
7886
8566
12321
10480
9186
5112
2024
5636
2640
12130
1566
238
4858
454
13614
10814
683
12524
1934
1962
12413
11727
10519
9742
3631
9798
3508
943
3185
2657
1392
4783
11144
157
8089
9273
1424
8499
4283
11150
5280
4299
8223
11784
6610
3111
10968
10940
5857
11036
940
13301
9576
13797
2099
12545
2449
11662
9342
2392
3245
2260
13214
1803
3338
8460
11469
10839
2841
3821
7399
2791
12731
1180
2848
8938
4667
1368
8387
12593
7684
2961
8863
2948
9773
9476
11075
5414
852
7183
11679
2357
9807
11606
12272
10722
9620
5355
4369
7805
2574
699
4840
7899
10220
2490
13859
3070
1885
6844
9112
9940
12967
2336
9229
12403
12300
5026
599
11648
8344
13418
6578
6422
5402
11475
8431
8498
11533
162
3608
13196
478
7498
371
2652
4037
5925
2305
2187
7660
6675
10874
7895
5123
10446
7133
7919
571
3846
5368
12175
7841
11107
3133
2285
7929
10514
11201
4221
6936
11159
12301
5898
7570
47
4337
382
9481
6465
12923
12803
8894
1015
6770
13249
8966
1831
2566
12095
5903
12778
10435
12313
9931
5709
13383
8852
7760
11686
1081
10373
4377
11269
1658
5169
12714
1121
9
6123
2412
648
5621
778
13630
862
10992
3178
4548
9904
6509
12190
9332
13855
10292
5508
13429
4943
9906
7551
3379
12366
4364
2529
8766
12001
5908
12483
13109
7527
10003
4704
854
3607
3054
4989
12248
12129
3220
13331
4416
1435
1473
12124
13615
9360
5916
7489
13399
2294
7671
7591
1151
8136
10219
8604
4970
2095
908
1232
834
12945
4617
1632
7903
1021
4076
13379
640
13414
6731
3562
4937
5866
1668
1869
8264
4045
2438
3118
5217
7240
7485
2487
5675
1053
7928
5754
3534
1119
10476
6165
4007
2660
7595
3959
10821
10060
7592
358
5805
13572
6881
12468
5308
12913
11682
5992
4904
5511
7304
8073
11539
12188
36
4282
7394
11128
10034
4311
12565
7941
7381
9720
10669
13523
12388
8772
3277
12208
7803
10970
8466
13129
13369
9169
3328
6835
3112
13703
8597
2582
1981
7634
8554
352
3356
11062
2755
5404
9126
3578
5132
10632
4953
7009
10483
529
7913
6925
4470
8917
11299
7664
11470
13754
12900
13407
9621
4990
12794
12065
9902
7877
96
6369
1708
6817
9412
2149
1273
8071
4056
10550
12136
3931
12314
7377
4518
13258
9503
12975
6377
8309
6997
1834
6519
13385
9428
12464
11319
5135
8884
1930
4565
636
6406
10515
12166
4974
9123
10065
5825
449
11215
8184
13659
5467
3582
790
4060
5507
11636
10254
3034
4100
9475
13604
5376
6285
7231
7415
1557
8281
6025
12816
7911
4610
10210
3951
11346
4706
7342
2142
13453
2620
2380
11765
546
11396
2105
9561
1746
6704
463
7710
11689
6173
175
2015
6596
5333
8316
11311
7445
8903
4734
3573
4487
3936
5602
12791
3382
7325
13777
7300
3400
13738
1258
4392
3391
1676
12417
6587
642
4951
663
4191
9373
5240
552
3634
590
5682
13034
6854
438
112
236
13521
8004
3158
225
9345
11684
12289
12117
6581
13667
7756
12880
10079
6456
10265
4694
11320
1185
9444
8684
8868
9103
2214
5052
13049
8042
10690
1593
4999
7550
6536
9159
10926
7120
8672
249
11756
12562
3116
7776
9219
11425
1282
810
622
5049
5204
7206
2537
9924
12409
11569
10719
10047
9560
2097
6939
10537
12010
4814
10164
11335
12858
2874
4646
8272
10426
12561
4600
2956
5558
12724
6663
3861
3406
1478
12008
12985
12844
9051
2272
4204
4811
13037
3445
2067
13225
11405
10420
7697
7013
5271
2627
3969
9801
13343
13390
5532
12546
3267
11082
3503
321
5383
9839
10140
12068
12325
5321
8123
7021
3949
3971
13655
7473
782
10873
2274
9671
98
6636
10206
6364
4712
2084
13038
9778
9480
10077
5876
11529
6630
3880
12170
6100
6967
1619
8313
10037
3696
6394
81
11145
12021
12295
424
10252
6444
666
10181
3227
5665
1524
4695
5616
586
11219
12800
13255
4412
239
11309
2068
93
678
1139
8351
5552
4243
9851
4217
13447
1517
11898
12342
570
6529
3839
6031
7382
9736
8310
10630
2017
563
10198
450
11354
9011
7011
2927
12501
6789
8949
2870
3040
11771
11528
8105
11866
2314
9715
12617
13849
7822
9630
1820
1936
4352
4860
8654
11341
9813
4819
6050
6850
6718
12634
1556
13654
9856
12419
429
9064
4303
4631
11913
1099
5494
4247
7314
5913
8544
8905
8800
3565
7936
6674
2851
13053
3532
10684
2688
4680
2288
1196
5655
4843
13763
7761
10945
11385
2650
5740
8422
7723
11162
2370
6895
3873
1351
12308
6865
6826
7702
243
8442
9224
11423
8922
7700
10151
9338
10619
3278
11891
125
10285
13839
8031
8023
4837
4424
13062
10951
8888
4208
3084
2445
1642
10640
10983
1183
8204
12987
10961
8557
4605
5669
12145
4109
212
851
13040
553
4447
5165
5995
7606
10509
13241
5035
2838
12067
376
7951
12810
9850
8231
11104
4486
292
11178
2331
899
6421
11074
13296
11589
6120
12814
158
1370
1627
1163
12374
660
6779
8453
2964
9420
10025
5189
8948
2447
12820
8203
9663
6709
9188
4666
12966
1348
10022
7188
8799
5399
3113
7970
1042
2189
8312
2134
7260
7871
3046
1966
2572
9639
10667
3752
10840
4536
2441
1089
5970
11431
3288
9572
2413
13215
11022
11601
5327
3233
9305
6565
13136
4138
11970
8952
5274
1494
6440
9453
11690
6551
2098
3212
11452
1347
2909
11647
8911
6229
5703
6336
5395
12584
13310
5830
8377
12088
6949
8730
12262
2396
12243
1731
12780
7511
1462
12003
3086
2710
9394
1851
4768
1278
3346
7538
8881
6191
12884
11419
11149
9057
222
7974
6333
3357
12165
5012
7834
7780
2207
9799
6962
9296
2589
10033
9612
10783
6161
5719
800
9052
13278
3973
12605
11097
8751
2565
12467
375
8419
7333
3964
8951
8607
5536
394
6642
11147
11597
714
12101
2104
3242
12489
8853
2225
11086
6666
10433
1355
2453
4389
7477
11233
4884
9716
7223
10628
4627
9391
10504
4251
2230
5749
4275
9565
10698
8250
1843
8091
208
1969
11416
9419
2500
900
12191
7281
1389
11512
11839
3669
12445
9218
3239
345
5492
1366
7950
380
11142
8843
11672
9292
7797
12707
3467
759
12302
4155
12138
10555
3184
10115
2559
2474
11849
2071
12007
2173
10829
1993
8318
7439
884
4068
13221
7728
103
4477
9354
4654
7774
11409
12664
13804
13610
10096
5960
2237
4034
6579
4575
13060
11910
1164
11453
6974
412
837
13234
3463
7956
1531
11011
5926
5272
9936
8014
5225
6778
7535
8932
3269
8450
5568
6767
9129
9602
13830
4390
937
4525
7955
3681
4269
9938
10120
13822
6969
166
11435
6259
213
4014
8887
13454
6694
1457
2588
1275
4705
12553
10655
4920
3117
5168
9914
11048
8209
12107
3786
13230
1295
7210
12244
2222
9359
11248
6288
6095
10294
4126
2693
8365
486
11669
8075
3870
8134
13596
4260
2065
12604
10288
6946
1413
13653
6724
9440
12223
12180
7646
12651
4616
3770
9792
9915
5863
13824
8774
12582
4480
10218
4038
974
5686
11078
2656
12273
245
12024
4775
2703
10912
3841
10597
9026
5429
12420
7251
9289
4640
610
11295
7115
2661
9339
7056
8560
10627
1372
11635
4215
10312
8180
265
1715
13132
9899
13305
5148
3823
11348
794
8481
6187
12103
893
9287
4917
9596
5618
10807
964
3858
1580
8121
7474
9081
5583
4636
11283
9457
8727
9506
2032
12236
3605
8743
1758
2997
13118
1120
11742
7010
6876
5354
1894
5684
11761
2544
520
7982
7335
4794
11628
13809
3157
10239
5444
5489
8574
11277
3427
2675
11438
475
9562
8170
8890
3409
6223
4179
12389
9823
12375
8304
12184
7516
8094
9659
4530
12972
8769
5066
7255
4853
66
6467
5145
8011
658
1447
3348
4288
3295
6397
13563
3613
3942
10367
11798
12498
1848
7722
4170
246
9282
12595
6361
1173
161
3007
11882
1677
2180
6251
3330
7308
1425
2613
10569
4620
4873
12159
12277
9600
11480
7276
8977
4322
9569
1138
7806
9260
5416
8716
7348
7793
4967
200
13384
8447
5730
7252
6837
3777
4637
1943
2425
10338
3305
3690
9515
3684
211
12359
6645
12703
11754
12730
7095
6114
5131
6450
3414
65
1872
4329
10487
1922
9238
5017
8226
90
5679
6730
6961
6134
7275
9073
7673
12177
10948
9286
2427
2925
6702
12251
8703
4444
7463
4511
3761
1
8162
7851
6124
1277
6163
12204
1459
11245
1819
6189
1307
10379
2750
13213
7848
9580
12085
5286
3270
11843
11124
3320
2501
5897
13482
6990
8135
4663
9956
9403
5697
5644
5312
12269
8605
5822
11370
12451
4478
13852
5344
6280
11500
13491
2846
7198
11865
12238
2766
1881
8215
905
9679
12748
5175
577
13155
1760
11982
7908
6310
11330
713
9349
4944
6510
6643
12014
12066
5899
4651
2340
11928
7337
619
9895
9165
10616
1895
4544
3096
2850
9178
11289
9133
5613
10528
8588
5298
6750
13522
13389
4716
12767
4102
4497
10494
6609
5455
12288
13069
2455
2795
10960
5100
5409
11501
445
13175
8106
9675
10496
7701
9626
12639
12922
8522
11328
11930
5170
5125
1169
6748
1090
11831
9152
5828
3639
7396
4529
9788
2674
9075
3029
9668
6713
316
6728
10230
11844
6322
7066
8229
1378
7197
9516
2411
5833
7230
10743
9368
8128
7446
4398
9619
6823
3919
3512
6407
10714
10309
5309
9086
1316
12035
5268
12360
2020
6540
2053
9846
13020
7640
5008
6648
10424
3260
12081
3028
11098
1929
10831
8603
165
9519
2726
1530
9023
4240
12870
2981
10084
11324
3886
5948
7376
481
2527
7769
8824
6325
9945
3386
1871
5211
12954
9531
1727
7109
11117
8145
9815
11769
7093
8446
5966
466
3285
6550
4124
3135
7173
12846
9418
6164
2083
10020
1189
8097
8779
372
10407
4579
6655
5496
26
10715
5054
11052
2525
2752
2632
6102
5846
7808
2595
9757
9878
6595
8513
4615
2503
9559
846
12462
8
4245
7858
6512
5160
2475
12285
1130
4732
6513
5410
12951
3339
2730
1792
1034
9222
7914
5468
3408
12960
10815
4408
8396
11246
2402
3791
3477
9949
10902
11806
2467
7138
4566
11120
13702
11208
2033
11981
6617
9874
99
13731
10962
11819
9062
501
3857
8960
2833
5038
8066
7989
1827
7611
3207
13312
1849
9842
9961
11308
5609
3589
4994
10289
1477
5242
2354
1416
11174
1225
7279
9628
7025
55
3725
4543
5625
3597
11956
5578
919
9171
5904
8589
6499
4383
7401
2784
4098
7157
4763
7084
9645
5850
8848
5987
4527
6951
3701
6086
7524
6271
890
7483
2469
2426
365
2113
1842
1971
9510
5553
11584
95
11415
11714
3488
7245
3581
9832
11940
2556
6153
1070
12726
5161
11135
763
3889
9189
3219
9414
251
12329
2667
10543
156
1547
10971
676
4465
12149
11390
6116
3990
7384
7267
525
3286
7040
6538
9746
13737
13025
2937
9672
1788
12454
2769
11064
6382
872
23
979
1879
13289
4141
6115
1909
11675
10213
8780
1483
11673
6651
4435
3433
40
2570
12393
9827
5562
12682
9375
2942
5739
12933
4633
4598
5809
4568
7944
7677
10199
9016
4754
9276
8939
7069
11197
13583
8459
11368
4140
11919
8116
8078
12027
11103
1177
11925
7269
6544
9437
11637
11695
1203
10139
8296
12123
12466
4757
13506
10681
4918
8381
3308
6261
973
9436
13233
71
3798
7597
9430
1237
9541
5193
11362
10123
4948
9743
8581
5287
9761
4551
8886
13550
10652
5262
8278
2116
9046
6238
8490
3885
6792
11595
3546
2635
12621
3375
10243
7888
5076
2705
698
220
3317
4748
3177
13380
8723
92
13700
5773
12235
4214
6857
1672
13098
9697
1513
5692
3840
988
13706
600
6631
13673
3188
12217
13490
1586
3160
930
6800
5352
2646
1104
1899
6937
368
11709
9729
6461
8198
688
12564
13328
7996
8435
2006
11114
4353
12556
234
1621
8907
2912
7926
10399
13739
4445
2491
9190
691
6658
6020
8050
10790
13431
1641
3347
7014
12843
11734
6131
1231
2770
7663
6318
4403
7930
1179
2063
8168
4520
13594
682
11244
9908
9291
3863
11039
12879
12350
1659
2190
936
12400
6190
3210
2616
8935
12807
11602
9841
12607
1073
8526
828
3228
10794
9701
8681
3428
11503
10535
2721
8529
10907
9131
11527
10145
8244
1918
8666
10824
10387
7801
7156
5795
6507
13769
1261
10894
4006
3151
967
12711
10679
10358
2494
1178
10882
8687
6828
9386
2871
11471
12461
10331
2162
8152
12768
4813
3549
10326
4013
1502
5708
4827
1342
7850
5589
2733
9570
9769
1891
1949
5772
13091
2072
5986
5892
11401
6885
10671
9298
689
579
736
7345
8731
7055
7169
10078
13097
11604
9085
6814
982
12012
10320
12431
8385
4572
10779
13392
11821
4121
11837
9690
12878
3247
3448
9830
6935
2177
10855
13593
6664
6924
8497
12049
731
560
5228
436
2011
1511
9819
3676
10418
9470
1086
11900
2539
7784
7732
10941
10761
12544
12974
9566
12112
5408
11850
9136
8737
5283
2534
3972
2900
10461
9890
7327
10068
2564
13827
12335
7471
3896
6204
5854
12722
12877
8449
4078
9255
4164
1559
8222
12405
6302
8027
1132
6121
10251
12585
4835
6412
6472
13423
12786
12928
8815
3487
7085
6915
6597
7441
7716
5975
9944
6836
4177
5224
3231
2683
9301
5055
12941
649
7878
4916
8608
11009
2381
10058
456
12824
1561
8033
9094
7484
9106
12197
6312
2932
1601
8277
11847
13484
1014
793
4560
6834
2983
685
5677
11387
5816
809
144
7821
13806
11612
5386
10534
13462
9776
9603
1612
12290
9994
494
1650
7372
1422
8626
9145
341
5810
10735
13650
307
4053
6252
5219
12334
1453
4442
13359
9728
10827
7179
3143
3887
11749
2637
2101
8931
8287
12842
2911
7981
281
4698
3746
5326
5874
789
8451
4939
2039
1117
6862
9128
645
9871
2092
6570
7838
8755
7920
3069
6278
5792
3322
10328
360
2518
4304
4569
9760
10959
6283
7460
9717
7242
3713
2081
3313
10184
8319
9283
4686
3904
11382
11017
11915
5062
12270
1360
7562
10929
2245
11762
2351
11199
12723
12578
4120
10146
12694
3323
11096
3360
9943
10527
4708
7102
12412
13257
6130
12019
6933
2366
10604
6027
2905
7569
12672
6071
11067
3829
10428
12958
13530
10247
777
13411
4697
1432
4742
6205
2315
2021
1161
12384
7212
4323
3625
118
8668
3048
4368
12178
8271
1771
2551
2330
3648
3066
1648
7687
1377
7297
11619
9825
4453
7092
611
3968
349
9833
2122
9067
10651
823
4578
10780
3764
10573
523
2820
4993
1927
3389
11559
13634
5755
2488
2111
10245
7370
9084
2443
12226
13446
2762
3682
13789
7619
9350
6611
2174
2497
12327
6305
7892
11111
5101
11773
10226
4795
12978
5127
5357
13841
12959
5945
5423
4678
10678
9937
4482
10296
4538
10419
13321
3297
1190
4159
8305
13325
1897
7503
7271
9439
9721
12299
198
1926
7428
6309
13095
7587
6277
6419
10653
7746
10330
2891
1310
395
3729
6040
7150
1523
5198
10730
2591
7876
5153
9142
13027
12935
10095
6681
3155
4199
12608
12201
7005
9076
13478
9203
9050
652
10258
2
13329
2334
9479
11759
1242
11990
3727
5014
11739
2751
13504
8793
8571
12435
5316
11218
12293
3647
8348
4404
9811
9985
11818
11281
7985
8158
13011
3196
128
8785
4906
3371
727
8308
8068
9549
4335
9554
7349
9137
8644
7561
11671
12077
6001
5300
603
5829
11685
10186
8440
5738
7355
4753
9905
5831
8102
9574
3082
6413
8301
9443
6738
883
13287
807
9243
4376
5881
9001
10006
9065
12665
2054
625
953
3457
8782
12433
13498
10201
12416
11971
13035
1980
11177
8478
4165
11789
11541
3543
5687
12571
9390
12538
12158
6455
13000
13591
558
13619
12144
2353
3146
12872
8614
11412
1591
12446
5200
10648
5466
8370
1737
13537
10898
7241
6972
6810
11816
12518
12625
6439
5998
8485
13428
11552
12700
7645
413
10262
13602
1182
4213
13313
9280
4921
10947
795
10797
2604
205
3198
11172
2524
9635
3425
1373
4385
10076
12659
4229
479
2972
3571
12818
12698
2355
11842
5950
7771
12697
5246
6140
10512
13202
7947
10339
1319
8889
8534
10122
8167
263
13442
853
7842
1113
6657
11294
10525
1220
9900
13344
7405
13745
11167
10408
537
1410
13137
12304
1293
8757
11141
10984
6641
11899
8837
1419
302
9585
8430
5078
1093
2665
7860
6948
3031
311
2872
9518
9029
9156
11183
6186
2607
12834
11892
12776
4226
4828
1386
4760
6652
6453
1551
13286
7140
9887
4295
7777
11924
4359
5365
12718
9655
13729
266
10568
11733
7037
3218
8164
5877
224
10415
5893
8276
3961
7552
3490
5705
2481
9703
517
6744
9185
4009
1049
6780
1026
2265
13760
11712
574
13123
10657
59
13807
2581
2090
7096
6808
10602
12817
10834
12348
1689
7422
10544
4988
11065
11566
2313
6714
8298
9207
2993
439
7332
11210
11063
13782
109
8306
6953
12381
10724
10893
10621
