13428
11523
2680
2579
9029
12429
2573
10891
9856
6620
7273
8474
11536
9498
6955
10056
10856
4742
2665
9962
1153
1906
1545
8016
271
253
10386
6833
5547
9885
11851
5600
5776
2289
8965
8904
10952
11952
3605
5541
10198
8454
7467
10145
11201
1064
8699
10425
371
4754
6890
11741
7828
10767
9754
12937
8633
10472
13192
1756
1524
4142
13833
1625
13650
10512
6792
1508
8632
13860
5803
3462
11885
6285
12828
6542
12848
3989
4799
3581
11190
5534
7504
8235
3651
7076
4193
3404
4507
5185
3402
6056
7481
6814
3216
9146
9346
10937
2528
5763
3178
6571
11661
6698
4768
1923
3849
6455
13442
5122
6338
273
2027
11628
6950
13534
13742
3021
5604
1036
10149
8656
2069
6534
8980
3826
9183
8261
269
11625
9993
9644
11821
5287
11186
6548
9445
11626
7029
560
9506
11033
9487
5056
2483
12806
11397
12968
8010
12207
720
6350
13424
6341
10160
10462
480
13057
9590
145
12614
9276
313
7749
5848
13456
11727
4070
10
4714
12125
8434
562
1902
10216
7708
4325
5395
10076
8919
6363
12326
2051
4520
8763
11307
4850
10790
3114
8535
932
3321
12640
8571
9255
7534
13429
4521
9252
11426
6290
7082
7544
4704
5435
6196
12275
3710
1899
13278
2082
385
5841
8247
12044
1204
11988
8492
9354
13366
8905
3952
7769
11945
859
7184
11549
11222
3389
1600
2290
4950
11065
9972
10571
1806
12667
3034
1860
13465
4101
8883
4739
5971
6489
7805
9149
5111
6743
9214
5090
8527
7282
706
11271
10636
4921
580
7532
3741
6871
10028
9166
5970
12468
7425
13744
9120
6863
7950
2454
8374
10783
13750
7731
13751
2571
4805
8438
9295
6900
2827
10354
1856
1991
6161
10292
4327
13812
10524
671
13043
12820
8175
6588
7387
6002
5619
12588
12682
125
3557
9839
1814
9342
784
12486
4186
2626
11302
8024
323
1799
2639
6652
5163
12211
2245
1712
8846
8601
10962
3113
8945
5197
10342
5282
3774
4936
12955
2841
11062
7520
13823
1827
11151
3075
4988
4675
4469
7614
5817
13555
5907
13350
12543
12301
12233
11636
4361
6707
11119
5307
783
1415
11881
6032
4618
7295
356
1043
5432
6779
12749
11651
2330
2903
2074
10169
6870
13307
1371
9040
5293
1555
12953
8739
9874
12831
5370
7297
4017
1675
9858
12331
399
4110
855
10498
9478
8419
10678
4802
4853
6226
6770
10418
9966
7540
11504
1291
601
3618
5888
13040
918
9647
12626
4518
3903
11718
1476
516
3537
9264
10739
6969
4661
9344
11770
12118
10803
4324
2134
410
12534
8192
6615
10415
2329
7711
4073
8273
619
6521
2252
12791
3280
9525
5809
254
10621
12527
3024
9238
1618
13755
8108
12119
11596
12943
2816
13747
9357
5559
9293
3602
2464
12731
11210
9068
8393
8750
10729
6464
3428
485
5317
1377
6377
11202
13056
9079
6446
2557
5573
10916
11358
7487
8595
13766
5951
13027
6509
713
5333
13420
5578
3295
378
982
9815
12843
1885
3513
3603
12800
6771
11687
11762
10254
8589
4811
6724
8907
9227
9438
6913
4872
4217
1285
13402
5922
9509
11909
9444
12325
7845
11215
6540
831
4719
8718
7516
8291
3308
13470
11717
1649
11570
9315
28
7229
6695
11822
3422
1835
13786
13182
4233
6460
1713
10713
5278
8422
12914
7864
7344
1784
2517
8260
6397
7317
2319
7941
13774
2696
1792
7113
3305
9618
11589
7973
12246
12651
415
1236
762
9964
4107
103
4948
7870
2229
2320
11427
2906
13777
3568
13385
8666
5921
8753
12168
12672
10633
230
6339
5071
11799
157
8596
3288
9250
577
11258
13391
3724
13851
8514
526
6818
6656
8360
9791
5479
2071
11584
11619
8219
12422
11813
6998
7655
799
9760
4244
1944
3436
633
4329
4663
13685
1565
2421
11303
535
7363
4366
11910
6417
12206
10939
6431
5989
11411
7842
3133
6133
4135
13299
13783
8464
2612
7594
9306
4305
8564
5995
6541
568
8154
1329
12165
9074
897
7887
7810
4368
174
1820
9986
12041
3488
13450
12819
9240
12773
12939
10619
7198
5344
8381
4595
4367
11587
524
13784
3785
7352
4779
10562
2818
11004
4582
9778
10088
6919
2135
6221
11420
2056
10666
6065
13846
13370
12768
2868
10450
2144
6958
7399
3170
6406
3893
1432
7758
12018
4256
7101
8756
2909
9012
4525
5184
370
11236
13268
13154
9784
4434
3087
6461
7701
8115
9275
10138
2239
6579
5880
2826
2779
2525
1833
6496
2246
419
6885
522
4061
12344
3892
5100
12101
2862
5177
4150
11629
12256
247
4382
9969
2489
6972
11707
3130
628
11064
4883
6074
5874
6157
1283
11154
5777
11532
9218
13449
1573
7466
6990
2084
7572
5396
13771
12443
11277
2956
2038
8224
4963
2391
3824
4941
12894
391
937
13010
2471
9623
7479
9063
11332
7126
12478
1279
13475
9946
12441
3769
7820
13469
7252
6408
1654
598
4300
4320
3078
6816
11205
11483
5734
10967
5595
3048
8528
9531
9963
13795
10141
4803
7051
5029
3122
9670
9628
2067
12539
13611
5250
5334
10042
12039
13254
5727
46
9064
11407
9415
7996
9742
819
2958
9977
4725
9309
2555
183
11016
12892
12062
3352
12179
1549
4075
9356
5549
9377
3991
4732
8969
2121
12175
9821
3919
8678
10019
11516
11820
7028
13207
373
9101
8985
6102
13137
12402
6212
5012
13706
1120
13249
11297
3707
9931
12814
10743
1437
412
2823
5108
8169
4882
9663
9722
245
7337
10985
7433
9283
12796
3925
11703
1252
6663
12009
11677
6940
7310
1738
2836
10947
7231
234
13384
12197
684
6015
2807
10409
10271
7141
10591
1939
7703
343
2004
837
13328
5719
4221
5860
802
84
1118
8089
9364
8210
11650
4658
4801
1985
5291
1895
13083
10349
2946
481
7605
10085
7197
2162
7328
8513
191
1323
4656
10789
6796
966
10083
7342
8093
5301
388
4646
13816
11899
11103
12776
1796
3350
1038
9495
10040
4456
6768
10824
6141
13554
12487
11213
10451
5829
690
5154
9681
8744
10884
9889
9845
7148
6831
2014
3545
10312
11798
3267
12359
12368
2829
4735
7361
9635
11431
13713
6758
3765
7364
11464
10212
11929
5451
12321
3617
12824
1248
7469
9273
6296
5331
10219
3265
2914
3131
8637
8342
3684
12439
1730
7771
2131
10760
12361
8581
8310
8649
992
8034
13481
7638
8359
1800
10078
1383
8132
9341
13859
12058
2018
11716
10285
12395
10771
6806
10094
908
11269
4234
7526
6922
6407
2011
11658
1643
3193
8103
11943
12141
6098
5466
2820
4407
5292
12552
10086
5259
11086
13454
6410
3904
8709
12131
8663
11139
10999
10163
452
552
13753
7052
9761
11121
6783
11816
12362
1710
8212
9824
6897
1569
12927
11542
5599
1345
10820
9649
9711
9643
2490
4981
5794
2880
6745
10376
2521
11654
11366
13300
11774
13733
9363
1769
13015
11734
10777
2938
11894
11447
10245
3469
1933
9627
8959
160
11177
2477
1213
1550
12492
11244
6891
13662
2631
5751
3146
10953
1408
635
363
263
4831
12958
9134
8832
4933
9717
11421
8145
10885
7916
5225
747
5618
4463
12823
3854
9349
5388
3052
6415
6860
9920
11432
7910
3379
2496
3694
13797
13615
8334
12392
12830
8515
11391
13695
3967
5724
7382
5394
13434
5899
5506
4934
2426
9496
1758
6836
6756
12198
12117
6055
4974
9773
5355
1103
13621
2765
11305
6444
6258
2778
1502
2197
1628
3248
6660
2926
10655
9847
12884
2109
12428
7411
1667
9493
9228
10601
11017
9049
11507
445
4588
6379
5597
1124
1890
9619
7110
12756
7969
418
5068
12579
10669
4126
6845
6674
13242
9621
4676
12941
11203
6156
1581
6087
10273
7151
3426
4310
4103
1312
13308
10179
3880
5387
1829
3726
2189
13694
6260
5326
12807
11204
12199
8483
10122
8025
4348
1832
6971
12073
1516
62
3033
8820
4498
132
11377
382
11653
4443
2277
11055
12354
687
4394
6764
8232
513
3473
3644
1253
11418
6855
5017
6658
4667
7056
5806
2570
8250
3111
5518
13692
9732
3757
9536
12212
617
5933
600
3245
13016
12900
10698
7045
11330
9491
5473
10605
7566
10013
2690
4205
1123
12450
8026
12264
7656
2768
8961
5342
270
7388
3575
10509
13776
3674
10798
1782
2291
13020
5299
693
7803
4459
12705
6823
61
1719
8051
8830
6476
4113
985
2311
5444
12734
11374
4724
1203
5113
11738
6349
2480
2124
8603
10526
2744
3105
5083
7426
8215
4534
13363
8019
2535
8003
1836
11972
4908
1031
6375
7114
12034
2360
43
10126
12017
6134
10461
11920
7654
10671
5266
7562
9801
3541
4841
7917
2550
5900
329
10455
1009
11668
6075
4819
6365
1515
3159
7613
12037
11684
3067
240
9222
12353
8841
4970
1901
6422
10293
2991
10037
1416
12247
1993
9938
11973
8962
8063
1237
12201
6662
7876
6546
1172
12811
16
816
9122
2375
12164
13667
9027
11024
9951
8387
11047
2177
3732
6851
2231
8836
8971
10240
1449
9278
2494
646
2299
7529
11698
9630
6413
6284
8050
8920
4043
5895
10839
12991
8810
4814
6393
12729
3403
1268
9911
2716
1965
4281
2691
8805
2152
11737
3988
2693
5242
7390
12977
13543
3974
7080
3664
9516
5700
3401
905
503
1759
2702
11853
4419
7611
12910
10007
5002
8794
8369
6217
3345
3517
4485
6416
4447
9169
3979
8211
8635
914
8479
12274
9199
7276
13641
9503
10719
7283
4042
2635
9632
6754
4540
2636
6774
7326
6635
8764
6436
6957
11370
493
911
11991
9510
6750
729
12771
17
7925
11511
13830
1161
1154
9216
2180
3544
4116
1347
2707
8631
512
2510
9818
12307
10586
7312
626
9288
261
4117
2507
4335
8997
5332
11956
345
4687
3616
10178
7936
13587
11327
6467
723
2092
1334
1721
3718
2458
785
5613
1398
4343
6166
9162
6757
1511
1532
2657
1773
8288
4085
5011
8406
12471
2988
1818
10132
13116
12663
4587
1979
5414
13301
11416
13460
9561
9683
11126
265
12928
5773
3156
4051
9476
1685
13857
6632
380
13559
9395
106
5041
11145
1795
6553
4249
12268
11378
3054
8151
6129
3926
3474
8197
1611
8032
4809
5300
2855
10600
13577
2871
7147
4204
6715
5524
3173
38
2980
4755
5826
6718
13335
9653
637
9113
6361
1704
5256
9370
3043
372
4877
7434
1096
8135
8938
3151
2033
438
9409
3279
7681
8473
4708
5305
416
3110
297
10679
326
2598
582
4208
839
6164
5657
11567
9452
9914
12330
12810
7368
13627
13426
11871
3983
9558
3638
13094
5319
3790
547
741
7709
11006
10620
12015
1018
3760
8736
7993
1369
10638
11279
4607
3787
1967
9397
12695
9805
6597
6761
2118
2345
7684
2640
1760
2093
10936
12804
10923
1202
5480
290
10854
8510
8221
8792
7178
6453
6334
7672
6336
3282
1151
5368
9191
12554
467
13231
2037
11985
12971
8436
3441
2806
4277
675
4039
7086
6364
5563
673
11867
8587
5658
9556
4264
6220
13393
1561
9020
13071
12356
10304
7633
1981
5756
6199
9132
11424
12908
12582
6459
1076
7193
8167
4128
5987
2441
3997
1232
1787
9763
8909
12004
5634
10052
6276
5533
5968
4791
10792
8208
10833
647
8048
349
9879
13373
9215
886
374
4446
2457
4764
5946
5158
5044
7989
11193
7722
6982
353
9117
2316
6225
7449
3697
6010
12171
13570
2053
7923
778
9084
4025
2219
6392
11003
12801
3253
9549
198
3453
11400
5288
12675
11693
7713
6241
5488
11925
1786
3750
12284
1523
1862
7919
954
8408
3884
12521
1925
6623
5636
7475
13507
13119
13399
334
11893
1480
13065
611
12745
7212
9094
11921
8942
11500
9151
7254
13297
10129
13174
13546
661
5092
6418
7331
10585
8365
5063
1992
1562
6648
9922
7465
4762
2126
55
9366
6023
8576
3242
2925
722
1087
1572
11788
3608
7362
2834
2210
13603
11439
7167
2326
5209
7089
3886
8538
1414
11433
13756
4644
221
11863
4442
11451
7948
10924
9129
8077
9755
13455
7438
7336
13513
4614
5210
10816
3270
9758
5091
3190
7527
4946
4311
6046
1912
360
9648
4566
13829
12570
8134
3721
7902
13218
7687
13459
13831
1116
1690
13533
3003
6382
4415
8123
6399
1067
6279
5740
2792
5267
9584
6054
10772
7183
6830
5186
9583
5343
12055
2641
6176
5665
10873
5577
327
4888
1974
5170
3551
136
2066
2607
4668
1613
6195
6215
5221
1727
1198
3701
4436
13462
10186
9147
1222
105
4776
6967
9050
3332
8650
10504
13294
7014
5248
7176
823
2854
12379
12666
8042
898
5918
3569
542
12357
6932
6805
1463
922
13657
8645
10955
13425
12836
12364
10323
5446
13505
6747
8266
3940
8835
3690
7405
8565
13088
4999
12565
9332
11485
9521
7939
1361
7717
2796
13718
4910
2978
8634
7437
10008
1781
11091
12295
1637
1956
4199
5
10635
8706
10024
6776
13531
9015
8047
3586
9303
5498
6933
7081
10838
12566
7835
6208
6317
12258
8973
9092
8109
8404
3004
6216
3888
7718
7247
5142
5397
5954
11934
459
5014
7597
1552
13123
8928
8505
4609
395
7610
8759
5034
13710
2929
7346
843
10401
1788
7281
13610
5269
6677
2990
10335
9833
1851
1846
2034
9310
3046
7070
8859
11131
3814
4435
12134
1479
10009
4172
13532
1657
6687
4384
10730
12414
4836
9553
3833
5994
3297
12317
3648
12449
1316
5125
8339
8445
8468
3166
10852
9449
5865
7608
9883
1215
9077
11430
11494
4080
7204
11293
3372
6791
7270
13702
5295
5835
11616
7907
1823
8142
3266
5005
4517
1748
9813
11781
6254
8871
1028
4549
7570
10443
5367
2076
7460
7264
11613
11582
9631
75
10779
2049
11226
11531
7556
12575
3796
3197
1095
12324
7376
6243
7262
1419
5385
5947
2586
12880
13386
13803
7676
7443
10146
8816
308
7100
13572
13372
2935
2567
5793
4523
5198
7180
5173
12625
1517
2232
12033
7508
7961
2160
8566
7652
11783
10161
1247
7039
8166
2606
13190
11812
11219
9426
11456
1274
12106
10902
6326
6827
13779
10989
11320
1614
3235
1085
5808
12946
11142
2758
6103
13059
5308
11449
3686
8020
4824
6507
8598
12690
1013
12918
5725
275
10973
12557
11306
5859
10262
5779
1074
5744
1176
4813
902
10440
281
2568
7038
12569
7033
8683
13136
10309
11239
8259
1119
5824
3878
10478
4181
12577
4659
12278
1055
1849
3887
9999
2784
7525
947
13012
6354
1879
13031
2968
3327
13329
6804
3566
6071
12812
5201
629
4131
9615
2406
4430
555
6184
810
9756
5285
1869
9485
11375
5040
10105
3011
2306
10155
8729
9580
5923
6777
8284
1505
10025
10618
331
10704
7728
12652
8460
13050
1059
3869
4157
9380
9636
8455
4063
1355
4552
3807
9701
4240
11828
8930
10119
10328
608
7005
3623
13053
13775
13837
6956
4581
12559
9830
11644
804
8951
9434
11246
10428
10932
12158
10414
5214
11132
8248
8327
11526
7543
11261
1040
7893
3624
11505
5949
13233
9232
1314
8874
5362
844
6530
6633
3378
10754
11384
3828
3657
346
7189
8511
405
3516
13044
4576
12079
12526
30
12148
6725
2461
10383
5082
1447
3933
3057
1559
5646
1647
6902
9710
3635
364
6311
2701
12772
12817
11052
13616
4551
12127
1244
8910
9333
2282
6610
2475
11674
8629
12100
2671
7104
7571
939
10441
3223
7574
13790
13026
182
5893
3451
6112
7558
11968
1012
1486
3727
8252
2647
454
6798
8943
13176
1363
6437
11576
12519
8850
5775
7841
8106
4605
2408
5705
2896
11161
12616
923
2343
5548
2445
2119
519
6049
12389
5375
6037
278
534
7945
11773
11895
2061
10135
4568
4425
910
7026
9060
7804
10711
6646
5505
6697
10540
6741
175
11912
10576
8672
7946
13604
9520
2554
11197
118
7509
7436
6113
5584
8494
13419
5309
6854
13359
12496
2385
2336
13219
1037
9230
3230
9414
6380
3240
5610
12602
3254
11708
1487
9841
5422
12785
8213
6732
1850
13757
11852
3420
662
3490
2312
12529
13034
1225
1104
725
461
5192
7640
8713
5792
4200
7431
8795
12373
8044
10553
10823
4589
9831
9016
1205
9388
2811
3883
8585
12182
2601
13510
10582
3783
10289
1802
8004
12701
8530
13271
12922
10124
9260
7471
5253
5216
2057
8697
13656
1840
4387
4996
10529
11361
10459
7852
2469
5392
1190
5109
9343
3227
10882
5753
5032
4593
3384
627
6959
6552
11777
12699
7207
11574
1771
655
1757
2699
3183
5539
1529
2953
3481
12166
11891
6063
1269
10991
10493
9497
1893
7530
12638
7315
7061
2382
11274
2556
10251
5986
8606
306
9413
3262
9087
10361
13375
2257
13287
13257
13008
909
10859
5263
9116
2255
1497
6448
1591
2374
8591
1020
188
7586
4684
5235
8498
5187
12872
2924
11060
13390
9320
9569
11489
12702
3782
9971
1125
13512
5648
7512
3479
7776
3145
12484
4906
283
12898
11957
9197
4615
4342
10347
4015
1653
3501
5920
7726
12476
12842
13181
8554
11518
10857
2660
10624
1830
13438
2514
5223
944
11163
13018
3060
3604
12191
12087
544
3213
1616
3187
7485
6852
291
12316
515
10943
10641
130
6300
3702
12531
7720
851
11448
5119
4994
1372
6730
9624
12660
13100
12377
7871
9047
3211
9838
11038
9550
4896
11696
8866
11598
9991
7979
414
13282
2211
10067
11872
6905
822
2347
8376
1148
13293
1249
1844
11976
1983
11344
1019
2865
5866
1207
1521
9375
9055
9155
6041
11643
10084
8060
6062
13528
10685
7904
1147
2059
1897
13346
7057
1137
2745
2593
6344
2085
2720
7019
11640
429
10787
3236
5956
10506
26
8881
5445
13827
108
1880
3524
10392
3521
9163
3670
5627
11904
10148
8227
8727
3582
9091
4188
10590
10091
6403
7970
12343
7666
9080
13520
9081
11390
11266
10769
9741
1163
3992
11874
6923
4339
1819
11008
7536
13743
581
5870
6618
7740
592
3328
1386
1815
4151
8870
10673
12469
8918
12917
5588
12281
2957
6642
10581
10090
6315
12463
8734
1098
1396
10458
5527
3931
4372
2438
867
5778
5579
12750
12645
9796
2331
4218
11815
6716
13148
347
13141
3599
10227
1610
7768
5254
1921
2096
4720
1030
13418
1485
12489
4563
123
6974
10909
12458
4380
4590
2287
6190
7880
5341
2672
434
8993
3330
7500
2761
3534
2132
4279
8983
11268
9688
11664
658
6763
13177
4201
7256
11888
6245
1665
3996
7277
7609
4272
7190
7816
5703
8988
2805
5929
4778
12650
1582
408
11913
12229
4403
9453
3593
5980
9586
8797
3261
2091
7109
9539
1260
12111
3958
7384
2545
4166
12279
3838
5501
10081
7834
8117
11281
8552
9552
10097
8202
11328
6555
8798
4408
10984
6053
12555
4786
6800
1696
4617
8231
8401
2728
10654
3611
9768
7706
11267
7196
6050
2610
147
12277
12397
52
3439
10963
3147
4062
12584
2403
12673
4432
3032
8078
8444
4344
12642
9891
6236
4118
6834
12371
9658
4198
11404
8394
769
9175
208
11840
3981
2297
533
3647
2262
10191
10505
5188
2621
1803
11311
5141
7737
7396
10950
2181
12022
3642
3993
9482
11713
4561
9045
7187
3188
2476
11035
2574
5104
4652
808
6109
9702
8187
11958
8746
13808
893
8239
869
4931
7224
6069
5249
3756
6514
1531
10104
11023
10268
2259
1011
2010
13326
3900
6353
13552
3932
6259
3367
7692
10810
11645
8780
8723
12346
12708
5430
2916
10439
5206
7576
3973
6167
8621
4787
12057
8895
10657
446
7669
13850
2694
2852
11631
9734
11335
2342
4114
6680
9594
5202
7423
2809
8322
4304
3259
6561
13343
1184
10061
6585
1197
11746
12338
4093
5486
10471
3366
7429
5327
181
4068
9109
7760
8762
528
4745
7220
8696
11429
5617
6481
13569
9376
3560
9301
3090
4512
9782
13134
12628
10986
6454
4818
11216
5721
4035
6209
11122
787
4064
11169
4621
4162
3460
7394
1729
3358
4465
11623
1412
5903
1841
7636
11342
13406
12107
1812
678
11982
4845
8074
10528
13078
1262
12083
8184
8711
5985
2206
7149
11454
9470
9816
13082
10080
9551
4241
7427
4769
8642
9857
11682
8456
3015
846
11662
9100
8008
4680
9659
8990
508
2107
10563
3155
10901
9935
8717
1158
10287
7592
5514
4393
7646
13013
13630
4209
987
7421
2866
214
1646
6832
1754
4923
11688
2283
3318
13514
1348
550
5035
956
3555
1058
5194
6007
4018
1926
3158
12674
3518
2590
9762
7152
5474
12860
9181
11963
3287
3225
10997
1916
7308
10351
10597
8241
6861
8183
2551
13806
3917
7632
11228
11670
2849
6594
13396
13073
10320
12451
7578
907
11594
10203
3714
12940
10593
10062
13140
12641
13660
6689
9723
11290
868
9602
809
12485
12224
8915
8862
7377
3610
8776
4381
4666
3851
1093
3182
11184
11157
2620
11752
8245
5439
6882
3484
12926
9785
4662
6762
3683
2416
6751
9317
6222
13002
1130
12956
12728
12593
8414
9268
13501
4781
7473
5623
4966
4876
6320
5204
13847
9008
8782
3363
3752
13069
1174
8346
8431
1563
11890
216
7938
3373
2853
4207
6704
6003
6892
10230
2412
9437
5425
12244
5046
13488
8914
10291
10662
1339
8046
11467
406
12056
7409
10315
9472
3303
5179
2101
8555
5873
13648
7813
7144
7730
13722
13484
3927
10365
11690
5661
3281
13334
6573
10969
10970
965
5087
10259
2322
11529
12375
5417
3142
4328
9095
606
664
5828
5750
12546
13825
9555
4483
9271
1002
3552
3845
12653
7809
1663
5852
5523
409
7659
12717
2646
8428
12151
7115
13544
403
6385
12684
3035
10385
8193
11159
3882
8839
4302
2149
3313
7476
7096
11556
401
7545
781
3818
1831
2089
1456
13655
1546
4596
7819
8840
4651
12727
13371
6522
3306
6710
4903
2167
4558
8171
6012
11214
1378
12235
4601
9943
1270
11676
6580
2676
13584
4077
6044
13147
13585
13286
9066
1554
973
10750
800
13467
1641
288
901
726
11603
9217
12683
10337
7695
2783
12283
122
6029
2984
6587
900
1509
1395
10603
1080
3435
12948
7623
5730
404
10010
7074
11600
3425
11935
3361
873
466
2064
2564
9596
3237
8448
1751
13317
13322
12306
1507
11842
10250
10958
13409
5467
12064
8389
6169
4728
10807
11402
12992
4788
2683
6111
3819
12185
4747
12525
307
7879
13060
4774
6116
2722
7799
2703
7325
3923
6309
10030
4574
11264
8616
6368
6449
7600
10813
2851
2453
4810
13761
1500
9307
9844
9189
10433
5875
8433
2503
6908
7878
499
3671
2624
7347
3498
4533
10599
368
8843
439
6151
5742
10819
7940
10906
5926
8781
11586
8901
4173
2046
9282
12172
4237
2548
5912
6538
3680
2875
8497
5406
7934
8258
9300
5911
1593
45
8088
13787
609
7079
8424
2803
5330
3820
13361
2910
1266
1409
11280
4955
2739
7798
3458
13341
2648
2339
1977
13032
13248
11534
12231
11843
7146
11525
11392
2394
2870
13313
9373
10551
4153
2547
8947
8800
958
2600
813
3049
12431
8469
11856
10321
12464
4982
11022
10946
3523
13251
6640
1360
6609
10344
1935
1892
10139
140
1605
9150
6270
13227
13691
3255
4388
2044
13562
13289
2863
1114
11019
3446
12002
3719
7686
3755
10942
6034
9481
10533
4071
424
1091
4336
10720
4000
260
732
7288
11081
2315
8039
536
8808
9137
3283
7831
8826
11225
5821
3529
7625
6968
10935
10818
5261
10806
782
13262
1052
4022
10299
13265
9219
9187
4163
4405
6872
10715
3041
359
3125
7027
262
3865
9124
4510
317
4639
6731
8719
10173
3339
5420
3589
10060
3274
4530
1596
676
6608
1350
8278
4706
54
10748
3199
3059
8869
5128
963
9279
11898
4671
1975
11118
9204
11309
1460
13496
8377
5992
6714
13160
2632
2220
7580
11515
3095
5476
3866
5830
1075
2370
7258
8168
7023
7480
7924
11136
235
2023
4795
5687
5419
10776
9919
4377
10615
3753
1747
2940
6081
3668
5405
10972
242
6604
3228
2088
6936
11498
2874
12340
1133
13243
9000
407
12719
5854
3653
3360
9829
5811
11997
9692
1254
4917
8944
13780
5171
12742
1234
5555
5089
2029
13745
11501
10893
12963
6794
12042
4291
8519
7551
1297
11992
11367
6867
442
11101
8593
5864
4489
7058
1452
4285
13433
5581
10350
11540
6246
319
2713
1411
6345
9557
11171
8229
156
6655
1564
13217
12409
12259
728
11045
10340
805
2793
1949
2216
3912
7624
10976
5565
11824
10608
6471
6252
4681
7225
9393
7550
5052
11170
10855
1469
707
6019
1362
8421
3739
591
10033
9896
11200
9456
4360
11897
5807
8779
10583
1041
8975
9243
12113
2762
6491
7132
4543
7721
5412
5061
7203
13652
2883
10411
9467
1936
3134
4638
8893
1957
11150
1468
9211
860
6301
4647
6722
2972
13122
1429
2630
9428
2536
5133
8597
8005
8081
1224
7955
7008
11364
366
8680
8771
2356
10521
2110
605
9088
7602
6614
2719
2300
12045
12755
3999
10469
13674
2148
9967
2994
3779
8849
5941
11753
7123
3956
8021
2449
1354
9709
9318
8412
2113
775
3885
5519
13004
3128
9043
9489
8522
8420
5526
2423
3347
11077
9691
6136
199
6819
12764
6043
590
4125
8516
10934
704
12594
5006
4683
8234
3629
5377
10559
2125
4664
37
11403
4494
13169
4027
3809
586
8725
2166
13153
11040
13708
5304
12954
1650
6504
9458
9798
4455
337
11855
8031
8185
10740
8685
11262
3171
1221
210
1510
13191
8676
4493
1427
1742
13360
10034
4105
12620
5462
13274
7097
6084
8627
1051
2422
7833
4901
9192
8989
5404
7661
12758
13074
1904
6423
11318
3496
320
6391
8630
2052
10695
5635
8733
13172
12261
13365
4111
8950
238
9511
7248
13403
13842
645
4959
1624
3221
9902
12067
8225
6240
7888
13358
7999
5019
7223
11747
5484
7447
10971
10089
10368
2670
6979
3487
1493
13150
13267
11841
12388
11096
4858
2519
12296
2667
9082
9690
5393
417
1999
10201
1063
1594
8624
6739
6484
9655
12138
7415
5592
3698
13379
2576
10692
5652
8521
11162
2708
7021
8828
4003
13530
1635
9256
5076
7932
861
10100
11561
13129
107
1809
1088
7291
10665
13563
195
10125
12066
7452
8986
1014
3546
3415
4812
1054
7194
13039
9952
3705
1498
7775
6343
9517
3273
13620
11889
3511
13666
2258
5118
6997
4259
12571
4359
5289
2651
4730
3709
3872
6976
10223
8977
10239
2308
4482
7519
8068
12733
8665
9157
5789
7698
3089
7158
316
10565
48
2147
5624
5215
1894
134
3482
10899
3371
9941
7839
1556
1588
2112
4505
6061
7188
11597
4398
12775
11315
4293
12386
8467
12988
5594
10114
1294
865
4856
10378
10805
11870
44
716
7898
9289
11481
10112
11087
2028
10380
8858
11387
9923
13826
83
845
11084
33
5606
5790
7430
5126
3380
9093
158
1503
11868
8143
12293
1772
9774
3174
2413
952
9173
6569
3561
4756
8477
4358
5051
2436
10510
9609
5219
9386
2656
10249
10355
4375
259
119
7266
1825
9713
7470
9851
10598
11538
12513
1100
2313
9316
6909
13250
13468
430
5576
12925
12358
2424
1735
3433
12549
455
1590
12536
1668
13244
7844
5413
9167
4572
10802
5950
10863
11554
9532
5424
5781
3637
10632
8028
12236
12867
5930
1376
8099
11042
12541
11522
8147
9640
4280
10256
10402
11848
9927
6807
2493
1143
2467
4695
11761
4424
12234
9680
3628
2008
7227
12323
311
618
11578
3437
10534
9121
4713
13644
9014
12587
9442
1715
1961
6229
8769
332
2328
10445
12000
5191
8641
5685
8856
10031
1855
9351
2681
3754
3870
2985
7001
2763
10194
2895
11073
228
8712
6728
3627
13748
2273
11981
6554
7789
9873
5967
12947
5769
10121
1848
8590
10241
7927
734
3094
5279
3770
6025
1214
10036
7694
13772
13549
11312
13518
1426
6114
12530
2184
6000
8410
1016
11758
8293
6503
10339
4731
7575
6513
3504
3585
13374
4785
1344
1986
11621
9407
11486
2678
4345
834
858
426
8091
10983
6295
13499
13128
7725
9422
3771
4694
7751
11865
8813
7341
3959
13566
10407
12553
1242
4631
8382
11883
11517
4230
4826
9876
929
8493
8811
9392
766
5469
7511
6331
2378
3320
5755
3840
3532
9475
1159
70
4975
5153
6432
3857
6529
5643
6439
2737
243
9598
10171
121
12945
12036
9052
11649
5890
10302
7555
110
8681
249
8619
13401
50
7997
12942
4957
9771
8667
3177
10238
8254
13524
1996
154
574
2334
3333
9625
3244
1126
100
4541
9054
6347
4765
3975
13828
12128
8741
3081
9046
4174
11337
4539
9610
12741
10410
3417
10548
4971
2512
3576
9819
1660
12693
8338
5736
1333
11156
3209
11224
11683
2733
13448
12082
12709
12542
13246
2244
12654
6744
10408
12687
7013
4857
7216
872
7884
3830
4987
9290
13188
989
12425
9587
3661
4265
11656
1346
9515
2949
4602
4037
13125
3359
13476
9543
6994
8345
12572
2163
4476
6690
6456
13704
6519
12882
7030
719
3058
7794
8819
4506
1295
9908
930
4553
4916
3100
6527
1459
750
3162
7518
4353
9528
5851
2825
9180
6154
7420
789
9614
988
10463
12462
7366
7683
1
8852
5010
2170
8546
8853
3207
2563
2030
7855
8199
1864
8974
10845
3039
11247
3388
11755
11098
13108
13184
13405
12990
309
6510
6500
1194
10022
9835
1157
8114
680
9974
2090
13320
8188
10300
7305
8664
1697
6149
2409
8127
3164
6859
8749
6319
8784
7226
8442
2369
56
365
12341
7653
5681
3847
12423
12115
5862
9684
9872
2777
9257
4420
1238
6386
6736
13651
10596
7729
4697
6142
4740
8321
6371
12209
11373
476
3631
11071
1417
12622
4536
7379
12473
13407
3459
2899
7837
12167
4149
12205
2952
7983
12467
11692
7119
1969
10520
3764
9236
9530
703
3082
8087
6926
9526
4273
1882
13327
7954
9693
11465
6323
9868
9787
9537
6302
6526
6256
5567
8935
10927
1318
7998
4679
6691
10484
10930
2036
6299
1842
2664
6535
8409
8353
3247
10609
4178
695
7589
1952
10486
6470
11463
2876
5073
11548
1963
6478
7824
10016
213
7912
7383
9369
2595
1150
3634
6523
9995
4815
4885
5833
120
3630
521
11410
10308
1332
3966
12003
2685
4979
12080
986
12929
2904
11304
8220
348
10167
10670
12574
267
8842
10753
5268
4969
8386
12627
4044
12225
13741
2491
3622
8952
13568
566
7581
10348
1152
1810
12410
2858
5286
215
7957
8274
8957
12974
13101
8863
5616
7153
5027
4016
1191
5427
990
3387
6583
3817
5489
4026
9361
411
8243
8182
1547
9073
6938
11849
5780
5077
8263
12732
3233
4464
7353
7582
10360
4825
4895
5487
9766
6214
13269
3140
3289
13749
2176
4524
11802
8307
11866
12895
2127
10050
4115
7744
11911
5938
8658
9907
6809
8653
193
9185
12637
9886
2891
8083
9028
7685
10390
6488
1008
9322
3856
4879
3013
11519
8325
5877
1201
5123
9347
10397
7017
13551
699
4002
3583
3792
8549
614
9725
9802
8139
5379
2045
2810
4750
12144
13104
6568
10242
12139
1090
471
9247
3241
5470
7031
2434
11787
9894
2138
77
10004
6939
295
4699
5045
4168
13162
13758
12617
12739
7043
9125
7901
12676
7921
6479
5398
3136
10244
11833
5974
2955
11835
12271
1553
2392
13288
3986
7285
97
13228
2686
1142
9827
10364
3454
7009
1607
1947
862
9903
12778
13240
9451
2417
9062
5270
12736
3550
8768
5943
12630
4753
8466
6520
1910
1585
7660
4056
10095
10334
6601
12586
2140
5236
333
4235
13580
8289
6396
2878
9118
2214
10134
9674
6752
257
3505
12874
7905
2902
4935
12853
12078
12263
13844
13091
11343
877
6438
8157
9926
9807
3137
4376
2332
4229
12024
10426
11694
7035
11672
5813
6721
3519
5716
8176
12319
2358
1765
4828
10864
5053
13473
13663
9234
13430
2016
537
12832
10558
796
8669
12984
879
3693
7615
3522
12152
13139
8690
7535
9071
9156
9078
2261
13011
11455
2022
6072
8163
11699
10099
3440
4585
7797
1918
9671
1678
13354
13081
11252
11208
6802
8449
5328
11015
8878
5647
7037
12023
13818
1165
9160
2780
13443
7868
6692
12798
12713
9148
5448
2789
13109
2886
5114
7762
10237
5645
10395
7386
1645
2000
10387
8116
7546
553
11263
3908
11089
4835
10578
2751
1919
660
1928
7736
159
1737
10466
650
9432
11847
953
9917
11622
10229
3394
6767
9990
10477
6384
6877
450
9106
12907
5037
4944
12366
8330
12459
1105
321
8889
10123
6091
287
3672
11497
2748
9620
7378
9731
5982
8643
10217
9168
10421
383
638
13679
3294
2288
6537
945
2402
3449
1656
13553
12850
11012
6036
1470
5942
5902
13206
13067
3976
936
11939
9435
892
10758
7454
13199
2885
12426
1286
10762
8864
9804
13331
8730
12251
3317
8097
7343
9996
13275
2726
13302
8987
4089
8755
527
7601
2146
1700
740
12262
7024
13416
5791
12982
2050
10391
11459
9461
13193
9897
11189
1496
8385
13759
13222
6047
310
3841
5649
2653
12481
5350
6064
11070
4844
12646
3205
1251
2171
6539
11072
10017
5944
2727
7199
2569
11786
10326
13711
7596
474
12498
8355
1887
6896
9265
8336
10795
10768
11260
3376
10352
12292
4816
6729
2894
3291
4284
12318
315
2248
13607
11723
13179
492
10131
10948
6191
11506
9836
7006
2202
11563
1082
10188
143
5953
11892
1356
8316
487
1576
8158
1655
13330
7735
2414
10532
1392
889
4743
5612
5770
7025
10811
2276
7116
9069
5220
3055
12562
4519
1182
1481
6888
13539
2594
11295
1527
4082
7584
1852
6434
4010
7407
5739
2373
10485
3234
10453
12665
2063
2613
11745
4871
3811
11579
13643
11110
4406
948
12493
5459
11896
2111
7560
7159
10152
8308
8425
830
9501
10880
8095
2623
13000
9794
1255
7788
514
6024
2887
6294
7899
12006
2602
12339
9465
4254
12204
1325
4924
9939
1368
13523
8390
167
6966
11292
1170
3407
11907
7073
6265
2996
9138
12881
8441
6231
2943
13345
2174
11294
7397
6094
2005
13770
7136
9372
11414
12779
1767
10841
11930
12959
12054
10721
71
13444
9003
6699
9424
1681
1218
6264
8506
9065
10101
2078
7121
12090
10941
1534
1917
13618
10915
2575
6672
4046
2884
4020
109
7206
8277
3419
12472
13066
1599
12360
2714
11547
11875
8305
4182
1106
1886
970
6048
12297
7398
3086
10933
3489
5589
2942
9075
4821
546
13841
2501
2266
12237
4450
2349
5656
3012
6945
9210
9588
13342
13084
2100
1535
1145
11211
7020
10691
1465
11233
13106
7372
6140
11803
11383
10183
5156
7588
3506
1789
6995
6775
3056
1022
3943
11808
6991
2179
4698
220
13541
381
8177
8815
209
5819
5760
8775
3250
133
6838
49
3153
4718
10987
10133
2070
7169
9006
2516
4501
2782
5461
10226
4429
3810
12879
6117
1458
13093
2272
13063
7680
3014
3010
9483
11550
8200
1597
7365
10681
8054
3766
11036
6251
12783
3275
11107
7778
2344
9664
5148
355
9420
13720
9945
340
86
6175
9929
7678
10812
903
2419
3831
7495
7691
3626
9396
2730
11592
10041
7358
8149
5715
7125
3953
9326
11660
1866
6277
266
8160
6463
13052
10234
9479
3212
12551
8757
4599
2317
3315
11858
8765
1718
5608
9263
8605
2812
3725
4267
10537
6839
7641
4962
5979
2372
4072
11560
4515
11278
3520
7133
5478
10697
6135
7292
3745
293
8315
6879
4682
3613
3123
12643
5757
4849
12967
1299
6944
1580
10372
7418
13175
12415
8331
7135
3728
2561
4100
7773
3362
11686
5147
9233
12253
1139
10747
10919
13007
10892
11593
8556
9982
878
7849
4736
10253
10870
11453
4308
13576
12178
11242
1953
4635
2582
13798
7903
13344
4197
115
6132
4260
644
8592
5691
9854
4709
27
8902
2901
10639
12611
4225
2495
3079
11352
10150
5910
12241
7232
7764
9061
1744
8865
4261
11466
11097
4710
1570
2655
7463
10336
1726
13382
5693
5039
9089
2898
6020
1838
11836
11924
11980
4989
7964
11286
8265
3186
3418
11026
6641
8572
6096
4033
1187
5840
4586
9846
9676
3907
4600
510
2540
6435
10267
11406
13832
3180
6372
11314
13226
6525
491
3773
9115
7747
11602
1183
1989
3681
12391
6924
379
6402
4565
9790
13042
7971
6273
2766
5384
232
3806
11590
7895
7385
5897
1196
1714
3238
11007
3708
9200
2129
6746
11514
2769
1328
2684
3342
4008
2237
1873
7811
7221
12155
8580
1943
1367
3978
11646
3929
5856
5913
5093
572
8457
2772
7393
10412
1071
8583
812
1303
3747
5802
5258
10703
632
12494
11371
2759
11524
4899
4642
7665
2098
3643
5601
8686
8758
13731
8279
3799
7060
11776
10887
8180
4619
8837
6153
5570
1598
12162
9765
5674
10545
12790
6498
2861
6130
8415
3949
5892
946
3788
9724
3848
1924
5696
47
12412
2337
9368
12448
10869
344
12547
5683
6826
5522
2850
12038
7850
1407
10637
4288
835
4078
3596
10327
4065
7166
2190
4564
11520
9072
12228
8111
10265
9947
2860
4930
11128
11978
10968
11442
3889
8000
7869
7142
8857
8751
13593
13647
9585
7072
1308
8405
5298
12488
7192
12715
2333
5139
758
7458
4794
7432
11951
1296
9500
888
3307
5896
11133
1513
10280
1881
5815
2697
10785
8045
7801
1439
11544
12040
3132
11710
1972
2695
2348
5628
12272
6108
12596
4352
4928
300
8489
5075
4657
4654
6766
3390
4538
5231
3220
153
11393
13676
4094
1998
3612
9262
10176
5131
10200
10570
3091
13316
6686
980
3036
6942
5820
1287
11564
8823
3210
10742
8294
11457
11351
2993
12442
9803
6545
12313
13143
9390
2195
10263
8994
9777
2721
12072
998
11347
12444
8617
5590
8761
3154
4378
6906
11969
1638
11334
6634
7370
7214
6376
779
12355
1732
8687
1995
530
5969
10015
3906
2377
1541
5138
13571
3477
13118
5515
7548
3938
6316
11056
2995
10374
4416
8847
3987
11850
8789
4961
2233
2178
4516
9269
155
997
10797
7974
7906
10844
141
9542
3112
5409
13264
8129
1778
2143
13058
11339
6082
2269
6178
4422
11104
7091
8618
9085
9090
1267
3579
9281
8657
9299
10994
13205
8073
3562
5096
3891
1586
10172
10614
10295
3911
9291
2634
6953
9330
539
4559
10918
2359
6177
10393
7367
7533
934
11790
10874
34
11705
2279
2698
9468
5731
3392
11555
10676
9248
4846
11502
9772
7975
4783
3355
3022
11652
9716
5543
13092
698
12099
6657
7457
2020
10177
7296
13281
9429
1629
7494
1973
11484
4880
12509
2236
12869
7092
6090
3348
5086
1483
2930
12219
9519
2677
1768
2185
9779
1455
11834
8738
2351
9612
9338
10162
3696
2577
12230
10449
10206
4124
2013
961
2226
3386
5562
11231
7523
8286
6899
2736
10755
5162
6186
811
13768
13852
9988
10423
8354
13461
5081
13036
5380
5620
3808
3497
138
8402
10751
4509
3335
6564
3954
4144
9446
8508
4892
5857
7294
12408
4005
13319
9645
12610
7162
422
1226
6515
6269
630
4462
10547
8207
9654
2795
1179
12825
2592
10075
4508
3914
9817
11257
2756
4122
7915
2619
7032
1680
2581
5925
9745
977
10860
226
3231
1404
10369
11196
692
131
13642
6605
6928
4603
10853
5513
7444
2542
2524
4453
6943
9877
7011
6961
9362
4701
5454
1504
13258
5043
9058
9421
10956
4055
12491
8691
5631
284
13586
11191
7066
4418
13802
962
5660
6328
6544
1724
7018
5697
5670
8333
10417
3314
21
11316
6400
3017
13439
3293
11754
11953
5434
1701
10574
6630
12822
9488
2706
9042
11386
6531
3343
4133
1874
5098
5485
12032
117
2278
5884
6480
12834
6487
5699
7929
2928
5502
1144
9823
11496
697
2889
2353
4580
8740
7848
3658
9239
13729
3822
5650
1785
13279
3406
1931
2234
13490
5168
12103
4189
9667
7455
3881
6180
10652
11283
7830
11493
4495
10988
7847
1445
10658
12170
10555
11539
9638
7071
11088
10957
65
6797
3260
7931
11472
10648
13684
4660
10694
9114
4283
6964
13447
1761
3526
8502
304
264
565
2791
13736
5013
10497
179
9512
13598
5788
9704
11080
738
11780
13086
22
4012
11495
3107
4369
13163
497
6219
7854
2292
9606
9863
4890
10659
13508
8803
6793
3722
1241
2857
10888
7012
5512
3778
3685
5977
8022
5603
12226
12123
1337
11050
6701
4942
1964
11345
1865
13055
2922
10435
1571
10982
3549
9534
10294
7200
12438
11346
3176
13159
13506
3935
11063
1373
6621
5042
5768
8978
2141
4121
2787
5493
8352
10192
5391
4159
3432
3029
12216
8290
3461
6517
6303
11134
2718
8432
1651
13477
7741
4109
13629
2488
2439
13295
523
4610
6314
4028
13675
8153
4127
5676
525
10746
10108
4287
11492
4190
13117
891
1728
5457
9418
13333
10011
10481
5566
8703
8873
1102
11714
11147
13155
1131
6518
2900
691
5517
4823
12436
9626
10686
9960
4557
9423
4231
1335
8262
13480
4655
8373
890
1108
6681
642
9739
5689
4827
11675
6590
11954
3276
4767
7621
13634
5213
2271
10842
180
6876
3688
10066
6283
6874
7851
4692
13006
2604
1211
8086
4334
9789
6473
12952
7173
11879
5078
4766
2941
2976
11298
8966
2365
10647
11230
8100
2380
13811
3540
8430
12784
1288
9336
12434
6887
12136
2230
10195
10343
8364
11436
8652
6158
3761
9280
3578
8013
8821
6128
7259
12658
8845
8370
13617
7105
1069
9675
9604
2492
1766
9104
8126
4262
12966
2977
4919
9984
1107
3470
3944
3835
10053
6307
10602
11731
5959
6992
7514
1686
11323
786
501
8964
9859
2227
13165
6946
6389
13558
10136
10071
5199
4095
11730
211
7000
286
11182
926
6119
2350
7047
7186
7956
4298
2182
11229
7267
8548
863
1648
11772
912
8855
6152
6004
2831
2405
8960
4250
4224
9360
4727
5846
6257
9051
6255
1494
4203
7651
13423
7814
9944
540
2079
1871
7253
13665
7498
3309
7483
10316
11859
6664
13536
13785
7606
2087
8476
12704
2764
1891
2552
6394
51
4444
9524
12130
7108
1438
4219
8407
5993
2298
2396
12846
6088
1309
885
13210
7261
6850
1397
2411
10549
13336
3990
5135
6954
9486
2734
8264
8838
9412
6181
7603
9843
12122
9447
4915
9899
6105
11389
13102
964
2509
9404
1281
2973
4238
583
9864
6627
2526
11362
1693
11946
8411
11153
8351
10494
11437
312
8297
2165
12754
11736
9323
1186
1922
13693
6174
4914
8509
10992
556
11721
4332
13839
1072
13609
12302
6445
9776
4102
5408
7821
12019
4491
11966
3776
3031
9067
298
5680
8507
3998
2460
11031
13478
6452
1740
6577
6755
5208
1868
5607
7445
7990
10964
12077
847
3730
6975
13070
4547
12081
7630
12522
4180
1117
13273
11948
475
11245
6883
4537
7138
13765
6039
6878
2462
12691
11744
6742
5667
870
4751
4696
12671
13005
9108
1603
3507
12545
6095
7314
8156
2015
4477
5886
6369
5176
6584
1149
7412
15
5336
13494
2832
12059
7986
11336
925
11443
2003
6421
5273
2102
5932
1911
5025
2241
11471
3284
13636
12560
2533
3160
6673
10419
6242
11791
3381
12013
6172
9311
1817
10144
13686
13270
4761
1775
9144
6651
3070
570
5935
4213
7245
12383
2410
12269
7286
1960
2732
6733
1353
8958
12396
8119
13557
2506
10475
10945
5737
8499
1049
13492
10898
9321
10542
11797
8625
11984
4330
10718
7980
10222
73
7319
5036
4967
7268
13612
9213
11237
13689
6281
129
8638
11127
12677
11724
8349
6381
3868
200
733
1482
10961
7360
4206
12315
7503
9665
4623
8967
11172
7995
10938
2444
11571
8030
12679
10474
5671
3443
4
3995
7604
7763
10143
12849
1883
1027
3829
7287
3263
13041
5747
13799
7739
6013
2983
735
8742
10168
10422
3650
12347
6572
917
13173
3547
7710
1385
4986
11444
8222
9133
13728
12871
9190
3126
1410
6233
5669
794
10070
11223
9212
5494
8429
5245
10500
13095
9930
8563
3514
11635
5321
12913
255
5030
12970
11276
7913
7628
8671
4674
1920
12333
7554
2235
13166
7719
602
11975
4925
10157
11922
7482
3621
4875
9861
12222
5339
9502
444
11476
6287
5625
9743
10382
13737
124
11440
2954
2845
11869
10243
4640
2532
4874
557
10221
1608
13238
13664
5797
4236
13021
217
10672
5698
12187
11137
4038
4808
9747
6291
4321
99
3098
2518
11013
8573
9492
10301
6211
4421
9806
7085
12706
12604
9940
3370
12336
13145
8561
13378
12482
12601
1435
11928
12743
10147
12694
1070
2223
9820
12685
9523
10164
746
1380
8806
7862
2515
9749
4452
12835
4952
9698
12419
1272
6387
10587
1265
104
1695
10310
549
13690
13489
2104
11438
5965
10725
1739
9499
4192
9005
8150
1528
7699
4702
824
1669
714
4829
4132
12998
3539
4544
8724
9593
11513
9439
8272
10205
6462
636
9682
6980
11932
11633
12619
502
13639
7754
11638
3304
5349
3915
5796
1542
10346
13672
2964
3867
4417
613
6760
1945
11461
3793
13213
13788
1199
4169
9737
6769
12454
4183
2224
1755
8728
6412
12751
12154
13305
7175
13221
2781
5260
712
1783
1745
6057
7991
11671
11135
8574
10974
10174
1525
12208
2688
10634
8705
12380
6367
10093
178
874
2486
11829
11434
9978
7161
19
4641
13211
11105
2215
7885
761
7022
4454
12369
3528
13730
7875
3007
5976
5022
12550
6582
4862
2446
6705
12597
5881
5337
12916
4391
1672
3097
7260
1442
11764
5306
10507
1351
1298
9140
1612
12217
7322
5149
8892
4052
78
4800
4848
2560
3641
7791
12994
13376
1674
9989
8778
5183
12524
4313
653
205
4891
10159
10745
9884
5801
4326
13239
8735
7163
9564
8136
4222
2205
788
6789
6447
13353
532
11987
656
6700
12629
969
10661
128
2198
9086
7284
1406
12896
12218
336
4922
258
7306
9408
9312
3101
12862
9953
6045
11020
9266
1450
12904
3934
10278
1615
8661
5752
302
960
5668
13381
1390
6183
11090
4331
5059
4290
1089
12474
1630
4854
8801
9411
584
12280
1578
896
6574
12777
1057
1223
12995
10297
10232
13185
10706
2936
975
2009
8012
13263
11725
10579
767
4636
8007
3901
4364
1280
10193
777
7765
4898
5694
13256
5952
1537
3063
8281
12631
6675
12240
126
464
2151
9997
13579
4228
3467
197
8214
7707
5575
2838
3311
6983
3163
8486
5281
2546
10457
13120
12818
8306
9128
7767
5560
4370
1976
5241
7490
12070
9799
2786
1393
11950
5407
9171
1929
10896
8253
13132
12805
9334
1987
5447
479
6841
4499
12591
12876
7746
11917
5325
2588
8924
8851
972
10502
1094
6351
8557
1530
1903
1962
12188
8787
2710
60
10808
13157
8542
11663
5167
993
10496
4852
1431
8270
5664
3673
7593
460
3962
9955
6593
8948
13296
12480
2193
12252
2368
1477
2428
13565
12124
13845
8545
8541
7965
10640
13789
13377
11961
12483
3008
13126
5825
32
4413
11605
10311
11348
4985
11143
7222
2187
10197
1519
13707
6118
1391
2591
2115
6930
2487
2484
8503
8949
432
1958
8698
3625
3720
1140
2310
13796
11357
8737
8716
3375
4670
4686
3736
3797
5265
11487
9350
6803
701
8287
3102
1273
2944
6682
2839
6734
1168
2065
13146
7643
2207
4613
11379
8282
13614
4560
12899
558
7389
11878
7785
6426
6261
13628
6586
9968
4817
10388
12016
3346
4258
4693
5174
6310
9840
12936
11405
694
4350
1872
5695
12350
9629
10236
6911
6616
8992
2451
7244
11765
6093
10430
9577
11818
5934
10543
9241
4449
5525
12759
4141
1005
5629
185
8268
3734
13107
5805
3222
9111
9600
10865
8829
4007
6009
6022
6666
9980
13631
9450
3655
8804
1673
10338
5376
8984
5999
7077
1246
10087
5067
9009
11338
9416
2638
1189
58
8397
4427
13029
10979
277
9358
2142
773
7755
13613
7303
2709
1774
13144
12432
4830
5262
12047
4878
12193
1258
623
11916
6965
2254
12499
1136
13605
13804
5818
8337
6847
5175
7354
11733
8720
10728
6918
13421
13582
1425
2614
10396
2395
6914
13509
12190
1889
4194
13625
2908
12061
12689
10356
1322
1661
7865
791
11030
9694
9221
1462
8544
5574
2398
5580
12177
4170
12561
3525
4297
10501
11355
7977
8251
3669
13395
8934
10664
3875
4947
5908
2700
10207
968
5940
5948
3431
2927
5431
11350
3712
10103
2888
5867
13567
4648
8867
4341
7413
10107
4276
5426
10814
9527
10707
7877
8096
13237
12889
4555
3968
9025
5315
10940
13253
12787
5129
5364
8343
4562
6929
8201
9641
12595
10954
3515
8440
4458
12223
670
7972
4373
4086
11805
4270
856
9410
4782
8196
13362
3751
36
11428
11967
13180
7402
11382
3382
10663
13054
5593
8144
1219
11165
13794
9270
6676
559
3069
9165
3772
2705
4861
12453
12399
1604
3784
6917
11711
12159
8470
8577
8791
5401
3584
7063
3941
9936
3168
163
6815
3873
599
8437
12678
10043
13348
12046
4792
4571
7671
7677
12508
6977
10063
7179
12856
13121
3961
11607
5055
8009
10375
6880
11949
10189
8860
5205
10118
1499
6076
11275
1676
649
11251
895
3249
5990
9853
6429
5400
1243
4688
8622
13340
13247
8443
7164
6188
11608
7168
6647
12950
7629
8613
12457
2892
13805
4690
5557
5195
718
13151
798
5774
10791
5738
3476
12294
5437
7920
13445
10822
7612
4503
12181
10917
10517
6696
7333
1671
5302
11149
5614
595
12838
13432
13025
13048
12
3028
7453
10154
13096
6477
9780
7313
4773
5436
151
730
5452
4286
10732
11174
3936
7808
7786
10759
10653
12403
12700
3963
7994
2452
6989
6160
10467
4232
8569
2625
825
10055
12573
13671
10531
8537
6424
9608
2911
10432
4338
111
1589
1060
770
2584
10630
276
11039
10358
4569
9158
2081
8066
11287
6893
11944
13723
389
5762
3768
622
9973
6849
12983
11296
12174
7441
4870
1358
11044
6313
10258
8246
1113
1193
667
3802
7501
9174
7595
3312
8324
10894
5038
2128
11419
3051
9226
6563
12905
12027
5169
6244
11032
9034
3357
4784
10765
3103
6512
3965
12724
8903
3775
5800
6825
5858
13161
6200
4481
1216
8312
11120
9053
10367
10261
806
7042
11043
8485
6837
7690
8636
7682
7474
12935
12957
6358
10495
2890
3798
2397
2589
1245
13234
13637
12086
5504
4837
1121
11092
4869
8396
10527
11053
4090
7952
4047
13223
7537
4164
7238
9018
443
12661
8927
10199
2270
9727
3172
9898
11325
3677
12405
538
1320
1466
1092
12390
4733
10185
96
5927
170
12327
13047
11106
13820
2932
13
1514
1711
2376
11647
4351
8098
1863
11123
3898
5455
5937
8679
12194
29
9207
9800
12965
5609
10835
11450
2304
5853
6709
7400
7241
12901
10523
8584
913
4137
11810
6941
2120
1662
696
11009
7174
7889
2872
4040
12146
10490
3559
6576
5182
803
6726
9842
8608
7734
7704
5438
10069
2097
11285
1146
12266
2153
303
12761
12129
3564
5280
176
2399
3531
10674
9668
10003
5988
5234
4712
2801
9956
11094
6536
11809
7239
3493
6165
13276
5048
6931
6506
2459
10180
5243
3762
2675
4397
12636
1035
4868
832
7075
5785
3905
6021
218
2939
6033
3214
3471
4048
13836
7590
941
2723
9650
7908
13645
6201
2274
5499
2213
1454
1574
9107
7235
2281
12649
12418
955
6125
6342
486
2835
10488
12644
3341
12999
12725
12841
2848
7491
12703
4248
13306
1777
7351
9566
8341
1708
612
5915
7004
7059
3383
4392
5503
6984
3703
6599
7634
8301
1349
6719
11199
5381
10065
9308
12470
5144
12688
5062
11882
5057
3018
7836
12986
13103
8070
2790
6671
5901
3574
5672
7279
11632
9378
11666
13801
6787
13356
8939
5415
7095
12632
11581
2420
9328
8178
12446
13487
2114
4949
3689
5099
1506
5710
9504
12093
13659
9041
5766
1444
743
4395
4024
7872
13849
196
11473
7249
995
91
5816
2959
6865
3201
2873
587
6808
8384
10384
9677
5551
13853
13848
13304
6556
2123
5152
5132
5482
10127
702
5257
13195
11673
8785
2753
4030
7617
10879
239
3121
4083
5682
894
12430
919
4365
10799
8257
2338
10951
8475
3278
5318
7637
11601
13482
5353
10247
3120
3843
11238
7782
9374
9391
4301
5520
7515
13624
10849
2999
8662
10683
13232
10837
11069
1942
8035
2055
2921
13821
7829
1302
13498
10181
11289
7857
12976
7568
1056
5702
12021
3353
6383
12859
7456
186
12311
6404
5972
9576
7263
12747
1342
12920
3246
102
11749
13854
4918
1900
10479
12192
13332
7371
9981
11970
5963
5246
11083
11363
8233
9705
9507
2637
5832
8065
836
8195
1606
13719
8378
10000
11817
4129
5531
13594
7790
3859
2652
7673
4466
2735
11059
9764
5637
10708
12506
10727
12053
12510
13807
4627
1023
8368
9473
3614
171
9699
12973
4460
6205
1490
9477
3646
3340
3924
5553
5226
4104
4752
5211
6493
1927
1292
12221
12490
10827
715
11234
6218
8626
10187
10170
6292
12803
9567
4309
8124
13838
1543
6202
1086
10113
6139
3902
5026
5272
13547
11462
2859
13638
3411
423
8880
342
8614
7648
12692
749
1319
7250
2842
11021
9752
12299
571
12877
11076
3601
8582
8104
6120
8773
8772
12065
8269
8496
8194
9464
4913
5065
272
11212
9466
5583
5023
6031
6551
6197
6683
4594
5957
849
2228
4889
13495
11825
8525
10782
9582
8478
4528
5804
6785
3816
172
9433
325
7689
5708
8861
7439
7874
8216
9
4748
7585
9975
884
10290
6494
5303
13653
8181
4632
11715
8465
4546
1484
4252
2877
11435
4212
3744
11458
1948
8006
3427
1313
9837
5095
4777
6925
8062
3258
9348
5143
3607
13149
4143
7622
9642
2388
13782
8055
9033
2785
2073
6960
7211
8249
8061
5991
967
3640
2740
4707
3660
6985
8586
12387
4715
6636
12215
8818
8539
13001
8447
3324
685
6737
6528
6227
9136
10049
8752
5998
1861
10519
5745
8812
8504
11181
13502
9011
4187
8704
2094
10763
4575
6999
10650
8536
5529
7524
12788
3468
2058
935
6560
12300
11029
9135
4278
545
5033
4700
3268
3759
13321
7345
3535
7084
7182
5222
11533
12285
10749
4902
12840
9769
11667
1101
7228
5203
162
1315
3827
10724
6866
12544
8599
9578
5160
3452
9961
1263
4202
11074
8834
4165
9834
1250
2072
7478
12110
10442
2951
10723
11857
10700
8203
2407
9164
6907
518
9634
5678
12712
4691
10607
4147
9882
6086
173
2099
13201
10613
4050
5885
10465
7900
597
11793
6420
11001
1896
10687
9038
5706
2075
11807
9379
10552
1206
9605
5626
11756
3316
10667
10202
1443
13463
8875
11354
13194
396
13446
12924
9267
12071
12270
11689
12760
1687
11559
1954
3456
4257
10554
11918
4984
7962
1968
11284
12329
12069
4579
1749
5554
350
8317
7981
4990
11408
8745
904
12014
9313
12342
1271
1567
554
1579
13810
13291
8844
322
12923
6857
13525
4496
9574
4573
12084
9775
421
9131
12762
94
631
5410
12108
5224
10233
8198
465
8242
8037
451
5596
10584
1997
10726
2611
1518
201
7823
41
2549
4907
10737
7783
13303
12767
9892
8588
6355
10843
1301
4057
3572
9700
13383
12063
7265
7324
31
2068
11862
6566
2250
2256
8112
9186
9901
13471
1717
768
543
1811
4954
1289
10717
11860
9001
2837
11480
10682
5844
3189
5546
2797
3329
10834
5692
10931
13526
4266
6144
7988
8471
10047
3127
4292
4451
3217
1128
3215
11220
8283
9633
9403
3836
11609
469
11617
12718
2975
9781
5105
8162
8894
13479
10794
10208
13138
13397
6070
3946
2007
7240
11775
11819
739
11093
4155
13266
4467
1805
1884
12287
2468
2822
11940
8130
8688
9195
12149
2815
2755
8328
8311
8570
4976
161
6268
13387
436
10279
3740
10362
6490
2158
2767
7987
7886
3591
10175
2267
9786
3877
7702
8105
12030
4216
9223
11568
7745
13298
482
1032
289
13212
11919
7541
4161
9788
689
7759
4160
2286
9748
13583
8427
496
4894
792
3084
5707
10996
7693
12864
12243
5997
2103
10020
10784
757
12031
13622
9161
144
9568
11117
9949
11573
11412
1609
11180
8174
8953
6223
4441
2814
9666
4960
9979
7334
10048
709
10220
3337
12147
4134
6378
6253
1264
8648
6653
11510
5894
2830
9905
7289
6558
13545
9367
89
8275
9382
9484
3695
9099
4591
1021
5323
12633
10405
4196
3326
12590
13595
1141
13522
8472
222
13075
4956
2040
7960
4545
3292
10530
1006
12816
1658
9284
13709
736
13030
11678
6626
3405
7448
6451
7635
5136
10675
7743
489
4034
12232
3104
7802
10677
6781
12348
6457
7688
3421
10102
1066
6357
12989
11068
12305
7044
5094
5615
6079
12897
3334
3909
3271
40
13260
7777
2341
5849
5633
1592
6625
8721
13072
10045
6077
4729
6042
7099
11983
13834
2302
440
10079
657
4806
13035
6145
3548
12137
5346
11321
2383
13754
8159
11903
9571
8560
4790
10536
3731
5190
2431
11125
5416
10539
7381
393
5020
1934
7894
854
6210
3713
5324
7752
11691
10073
5383
12523
11178
9871
4843
3716
3791
5251
2024
13809
2668
999
1834
2529
8372
1870
7050
700
5891
90
11140
11527
5786
394
9595
1741
2725
10735
3874
6516
9102
4340
7937
1692
9352
6232
1520
470
3483
4363
3801
3444
573
3510
4678
11326
4995
8913
1081
425
7349
3399
11595
7779
4411
10235
2145
9172
3676
11452
10627
12250
12025
1620
1156
12737
3009
377
11
203
3020
1311
920
9430
12537
7251
840
9123
8244
10544
6644
13521
2325
8173
12670
10468
3636
1536
12500
10018
3445
2321
994
87
1402
6978
9417
3588
5155
6505
8684
7881
10332
9736
5064
6904
8292
5072
13596
2749
9735
8534
6230
11760
3226
2679
1364
9617
7859
10702
164
5958
13156
3823
13858
12962
5369
7010
672
3175
652
11368
5127
9738
7800
11166
1858
5244
731
1857
10029
7664
6749
665
951
2427
5939
11794
976
3527
3767
11795
8900
4722
11058
3800
2500
3179
10897
1422
11757
2466
1340
11541
5121
3323
5490
12010
585
8256
8976
10564
6485
7705
3414
13717
8612
6080
8458
8524
6107
11356
3542
2804
7724
8897
3890
6266
3472
1359
13538
2200
12227
5931
8056
13189
4757
5917
13697
8659
6613
674
11037
7897
752
80
4322
10210
6720
4689
11751
9637
1752
10604
6772
13203
4011
1644
1111
6308
2218
8500
2738
3040
1750
95
4440
223
2362
9706
5878
850
1950
9792
4866
1617
7298
12068
9708
13090
13472
8375
7002
3832
12697
3937
7205
8038
7753
9998
11010
5079
8451
11709
4386
9679
387
5390
12698
5743
13290
2006
5310
7090
12659
10568
6810
2404
2934
7357
11209
318
11771
3478
7766
13325
7784
5709
1217
13556
10886
5784
12455
13318
8602
13064
2917
2774
3491
5564
8540
2086
4076
11979
12563
11936
6624
11905
6645
1235
13673
1257
10006
9933
7930
6591
12795
13668
5361
1847
4307
772
11265
8882
6182
8732
8682
12600
11272
6330
13441
3310
8802
3508
10460
1434
3699
4120
10317
11078
1384
7547
12511
6848
3913
940
1682
10026
3649
8057
299
13752
10330
1428
9575
12096
1816
1338
5069
8362
5031
1083
9715
12320
3844
12411
5521
10649
7255
3042
2687
8363
3639
1387
8230
8575
10752
5812
742
10981
1015
3675
282
5402
6543
10696
13740
8186
11254
7083
4578
3157
13540
7055
5585
2191
3897
4066
3794
1854
7966
12322
10213
11102
9048
6235
10400
12112
2161
11657
12711
1988
4920
4108
13022
7496
10371
9203
2357
4847
5386
11051
3290
7088
10427
8058
2969
11248
7218
12052
7304
11365
8899
7067
2031
10525
9224
2931
8348
169
2712
8731
10516
7419
13504
5863
12912
5765
7573
12265
3185
11499
6549
10929
12837
764
1278
12696
11138
8886
279
12203
11728
9153
11832
11697
5497
4317
13098
13028
10840
11474
7618
12839
12074
9900
8693
7567
8041
10272
10214
9757
6443
12533
12378
4608
2622
8304
2221
11759
1551
1025
4399
8917
3006
6738
8302
53
7356
567
4346
7944
12515
5764
7817
11959
4606
330
11854
771
5640
11469
12335
3861
5883
12516
12664
10224
10012
4484
2136
8452
11637
10204
6611
6068
681
2948
13486
13735
2750
11823
4886
4138
4500
12710
8059
7440
10002
588
13280
2387
13183
3565
12911
10595
2498
4060
11990
5511
12870
5178
9335
13682
8933
933
1634
9331
3144
10836
7696
2456
10847
11232
1994
1702
1424
12621
1047
7780
9783
10454
1716
10429
4532
2122
1770
8547
2238
10623
11319
569
2203
10284
3667
11965
4542
137
5717
2159
4492
6001
362
765
3972
6884
10001
11630
9513
9143
9814
5137
6501
5356
5449
10993
2240
3457
5535
4191
3659
9950
8929
4726
10260
2305
12398
748
150
13261
1275
4156
9319
10363
1307
13133
643
7727
11906
826
6027
8155
10403
4289
10975
3385
2473
5855
13519
3027
6996
1725
8446
11168
10731
3860
11557
3563
13515
7587
2565
1888
3475
12613
10757
7350
7185
3692
11528
6288
10184
8205
5116
6986
13678
11227
9607
8651
2833
10550
10949
1331
6335
11192
8092
6213
8533
1512
5495
7978
13080
5227
6643
8956
3044
12866
3922
11441
10625
11695
6713
18
679
1845
2587
12915
7807
10538
7644
5472
12635
5735
7139
7557
8908
3825
12291
2263
4900
6702
9494
11067
12782
402
3486
495
5722
10922
7793
7338
10246
1300
10035
4242
10712
10831
6282
1382
12433
7107
3533
1595
5274
9463
5509
2249
5510
7477
9651
1326
1932
3299
204
3374
8280
2367
10709
13324
9405
9548
9862
12091
5345
2285
8884
7359
7177
112
2379
7982
4583
23
8995
4649
12932
6304
7538
7733
1577
12007
7
13440
10120
11146
3331
8523
6912
12969
10883
10379
9471
7563
7213
9767
12435
5641
7748
11742
6306
4672
9457
1017
10324
8550
10773
3803
4840
1664
5084
12578
7883
12051
2346
8891
3704
11569
9314
13724
9533
12133
7157
13763
4833
4438
2502
8075
8695
3815
3985
5468
12606
1699
13115
589
5644
1522
1475
13113
11114
13458
2314
4019
4909
7069
2474
9662
3984
7299
1474
11041
5663
9591
12214
9292
8131
3743
3232
1304
11763
7318
6234
13453
11173
8383
6873
3416
12829
625
4004
13417
5542
5264
8113
13843
3026
9546
11800
4053
8754
3391
5433
4673
12005
899
12465
4081
12624
13272
4480
5360
2384
10491
11558
5711
12858
13721
13110
3196
10377
12196
9251
2966
7642
6570
12094
3916
7738
8788
6248
11572
12985
13235
7599
11301
1042
1640
12460
13400
4294
7036
12598
2415
6162
11729
11376
4404
12721
2352
11490
4980
9170
2794
1388
6237
4991
8623
5443
248
1175
5653
3594
7499
11530
11543
9661
4316
12142
4616
10744
950
8
2538
4253
7015
8299
1228
12363
398
4912
13734
3580
2186
1229
2243
13209
10333
9339
7191
9327
5189
4171
2463
9852
3850
4396
10876
6654
12104
9182
1683
7422
11685
7649
842
4468
10264
4049
12020
11324
9875
3045
7117
11974
5845
10656
5677
10218
4759
5491
9231
8018
6567
4423
4943
5905
4243
13415
9795
6482
12505
12479
6987
2974
3573
5572
1639
4021
5782
12421
1915
10775
11839
3466
4796
10483
7992
6472
12109
5945
10109
4096
1441
13511
2987
11927
5537
1305
10904
1797
7171
7181
11977
5373
4251
4884
9888
10815
3169
5159
6011
9983
7472
9004
2021
35
12655
1084
6052
9246
13815
6511
12592
12427
4904
9345
10546
12257
8932
3982
818
1436
11291
3492
8715
11615
12289
10556
8461
12540
11256
3129
5783
9825
236
116
11844
12150
2196
5358
9057
11624
6278
1097
8240
3194
13626
3064
7984
6935
4643
7553
93
135
12934
413
13497
4793
7003
943
2998
2817
10156
462
710
168
3921
4887
13168
11521
3000
1813
6340
9770
4014
8825
11108
13589
2335
2508
12501
6228
9660
10573
3442
5296
4592
5704
11479
8276
7172
2390
5070
5642
1050
11838
828
2054
7339
12933
3665
8481
428
1762
13171
7787
1822
1828
5538
10921
11964
7098
9193
11998
1173
12567
6927
6915
6740
8400
10511
9431
717
6773
6688
10404
8770
3789
5822
12135
11726
8607
5996
7374
92
2019
3609
11994
754
5058
5374
251
12267
11876
6329
13688
9750
10738
6005
1753
10111
3598
7564
1627
9611
2155
12548
6356
7130
8140
6078
5837
11025
10399
1867
5471
13170
8654
11779
3464
5798
7967
9728
13337
3272
5229
4685
10626
42
5651
12029
13590
13714
1162
10766
1343
9244
3465
9669
2960
3567
2137
2447
10231
5916
7442
9159
2989
10128
5936
2201
11826
3855
5130
2371
5507
4624
509
2757
6685
634
3948
8972
838
4400
10269
10503
942
7505
2
10373
9721
2800
2682
2222
8790
20
3139
7373
6559
5101
13152
1366
7840
8085
7806
1790
1330
11475
13680
10567
3735
12497
12200
881
72
6684
13046
12878
2268
4457
9294
57
1073
3050
3846
10110
9179
7770
7271
9249
10734
1134
4629
11545
4993
2478
8708
1310
165
2443
9154
12186
12576
4263
6562
8567
11112
4226
8367
1077
3795
3742
9406
5714
6578
11417
2864
3412
12393
9387
9810
13414
7332
10761
3455
13431
10890
13792
6981
12944
4703
1689
8238
541
11380
7796
5428
5015
12050
10470
11018
2106
7242
268
166
13527
3663
4175
12452
8512
13411
7087
8692
3620
11766
10828
7450
3682
6665
13592
6318
6612
10359
9753
8271
5351
6650
8689
12374
12608
12978
13178
12156
11409
1394
6694
1004
3148
6813
5984
2967
5399
10072
13517
9916
10151
2802
8043
1908
12873
11508
8366
7517
11259
4312
3085
6239
219
6155
7046
7414
5666
2505
12157
6606
3319
8822
9538
11322
3204
11488
9007
7943
152
441
4097
5544
6409
13229
3135
5441
5532
6173
2724
8399
3053
12406
3118
8996
2881
12634
9880
3554
6581
12793
2742
7134
4347
13464
9242
9686
3023
12744
1488
10872
8615
12126
6442
9274
5552
5662
8700
13215
3239
9562
9942
1240
6131
12384
11066
1877
4637
529
2869
2105
1764
1538
2945
6187
10448
10277
1946
3494
8490
207
11931
10274
8868
11955
815
2425
7732
6143
8191
5354
3256
12298
12088
9490
6631
7170
9985
8925
737
2355
12681
6312
8799
669
2649
7815
1839
5591
500
9808
9201
8463
11446
10257
4087
7846
5161
8941
9646
5088
10266
296
8982
1544
2813
6921
12949
8937
5347
12909
974
2442
9613
3928
4628
3786
6026
7236
3633
6327
3842
8082
1843
2609
12049
13791
11183
10851
6948
11188
8931
2017
12921
12607
4487
6881
9277
0
5372
10117
6712
5097
101
1209
12255
2530
8551
7947
3509
4303
9909
10908
8946
2773
9976
1230
4255
7559
2117
1601
4775
10039
6801
7951
11477
4098
12609
12381
13410
5975
1208
10270
5701
12972
677
13700
6952
2400
9811
9021
2754
4855
6458
8223
3184
6207
1461
13575
12120
9044
4123
9657
12520
4804
8743
1473
4349
5172
9402
5107
576
2776
2558
3124
4737
13435
369
7131
9924
12833
9184
7668
10770
5193
1010
5120
10998
7129
10215
2599
2295
13285
4798
506
9887
9002
4626
3530
971
4067
9937
12648
12417
1898
1807
5758
5217
561
4716
1112
11398
4772
9019
11971
2821
7561
9059
1859
4738
1167
5060
9304
10064
10489
2432
921
10054
13114
13413
3074
8916
2225
1365
7321
9672
2715
12886
2482
10370
1966
9209
4059
6137
3351
8926
5690
3969
6089
10116
13649
12535
827
9866
727
3600
8495
5718
924
5151
5284
7774
1853
4152
6835
8609
8303
11938
7675
10444
10038
520
3748
10858
3165
8309
9032
2879
7155
12286
1418
5276
10522
9759
8344
12669
8049
12656
7631
1127
1200
7935
5536
5684
9237
7301
7507
7137
10959
9958
5232
991
11735
10476
11310
4473
13364
12026
4354
3804
4951
12532
8040
6170
1099
3208
8071
12930
7302
3977
9597
1044
2307
10900
2531
2025
10960
5239
7274
2669
12891
1776
1259
4146
4282
12657
11460
3994
6483
3538
9419
1135
9934
9589
11706
1731
4665
