308
4
248
100
43
20
163
223
211
128
298
61
47
235
157
272
397
50
92
75
17
198
256
301
321
53
340
177
293
334
394
216
270
117
204
153
232
186
359
290
105
226
141
224
40
178
160
206
302
370
118
385
96
30
32
311
379
60
249
250
127
35
42
326
37
78
2
320
33
80
228
135
13
365
79
297
175
12
129
348
273
81
309
344
183
285
7
400
315
109
342
330
34
329
399
188
95
336
132
187
306
3
325
16
351
57
238
173
172
268
162
41
294
191
220
360
313
165
130
72
261
24
288
384
169
68
74
192
14
202
51
350
286
252
264
112
88
227
31
367
244
343
106
115
338
9
143
149
258
1
281
171
337
259
266
119
396
243
398
48
323
121
333
89
305
90
378
193
84
324
114
274
29
209
195
56
11
332
390
255
221
190
401
77
322
260
282
104
85
395
148
108
374
6
366
136
27
146
91
262
357
242
23
181
369
145
93
176
346
363
36
98
295
189
123
210
73
279
46
15
276
155
208
328
355
134
240
229
69
347
152
82
150
170
167
200
241
349
5
26
174
124
386
166
212
402
245
126
87
205
49
381
133
201
257
361
319
310
214
45
158
66
375
376
251
99
380
215
247
269
352
292
144
387
219
253
52
142
383
300
94
179
307
180
230
316
289
314
197
203
339
154
393
161
382
364
44
377
0
278
234
271
182
362
254
312
113
70
125
39
225
147
103
277
140
116
304
217
283
122
287
239
