3906
6556
5915
4579
1602
6354
525
1664
1080
5606
1351
659
4647
3105
4557
3690
6588
4424
1978
4710
3551
4118
4358
5234
4293
1507
5193
4870
304
5806
5334
6314
3960
1146
2611
1712
5464
3409
2908
1954
2098
5395
3545
2575
4961
5483
4482
4386
4289
3019
1982
2902
6298
2722
6301
4337
1890
1257
5385
2176
4801
1542
4071
4817
3264
5112
5530
2788
4534
5142
729
3561
6386
4956
325
440
77
6102
1714
4383
1362
2983
1011
6092
3504
4808
6201
6228
546
1660
3026
4727
4860
3022
6446
6736
2689
527
3143
5588
1060
350
6512
1430
2325
1229
5977
1752
5974
5603
6724
1023
5489
2320
6867
380
2012
2718
4002
1944
1063
578
1186
6476
6204
1446
1585
2605
56
3436
5306
4658
5375
3567
662
6618
4820
6379
6863
4331
2073
2868
102
4022
3579
6907
4058
4380
290
2785
4582
3493
1855
1985
4206
6218
980
5135
2884
1732
6125
2202
3305
4197
3185
1056
2288
5875
334
5714
2059
2917
3408
6042
1178
4031
4276
925
3062
1219
4481
3534
4545
6571
1
4791
4368
606
308
1383
2316
2977
3785
4698
5169
6663
1118
6105
728
3946
4204
3395
6130
4046
4659
5896
1678
6080
1694
1067
752
130
35
3470
4715
5004
653
2710
5136
5712
2236
3350
6787
4121
270
1420
4833
5374
6902
3513
92
6870
2764
1947
5902
4753
2916
139
6951
2886
3642
168
6872
6570
2028
1163
3623
2880
3840
1086
6044
3793
1843
3896
2377
1447
3744
1591
6256
5307
6321
2791
5843
5991
3052
3344
4629
738
3848
2351
6061
3479
3374
4771
2436
5683
285
3165
4050
6107
5194
6542
4476
3514
4157
992
2503
2515
90
2060
5074
1610
3289
1101
4376
3076
3803
469
2639
3967
2178
6133
3107
6622
4763
3707
3708
3873
2855
2112
4553
1460
5040
6799
1649
5787
6800
3287
6082
4488
3891
4978
2820
3032
6323
4142
6253
5921
6933
45
1509
6018
5036
1677
5410
1735
261
5609
5509
6901
6243
6549
2698
1246
5186
5467
1540
4500
6478
5108
2569
5792
5590
1774
5324
4479
3473
1140
2235
186
6027
1324
5303
5621
6231
2290
1977
2517
1900
3423
6108
1328
5990
6104
2233
4379
1021
3199
247
4427
6398
5137
5738
1356
930
121
2686
3683
4056
680
5523
5745
5809
1612
4475
2726
630
6457
4732
4614
3519
564
2631
355
3422
6086
6507
39
206
1742
989
6559
3783
6922
3943
2276
3559
1564
2130
209
1881
3303
1669
516
3224
335
2175
2117
5225
2358
4005
5576
2110
217
3950
2693
1030
13
4703
1204
4092
1859
3241
2332
1028
4502
6150
973
86
4133
622
2510
2124
3132
2317
6422
2456
1689
4525
12
1672
2716
340
3834
1016
4656
2683
6796
1132
3911
3188
4440
552
4680
6271
3023
5719
3947
612
590
3681
4570
1097
4824
1680
3406
4314
1172
302
1029
5316
4390
6474
5616
4251
5061
1796
1724
3226
1198
2425
6940
3749
3756
1697
3927
5366
582
2106
4195
1656
2416
3808
3995
5597
199
5204
3437
6604
3779
124
4904
4315
4161
3802
1141
1587
1899
5321
2368
3148
5268
5831
2194
6331
8
1347
4388
4326
3499
1968
5149
3669
3835
4395
487
1996
6846
34
1681
6079
6655
1369
5916
773
2620
3608
4563
4262
6630
2341
4483
6773
3839
1937
386
6554
717
1630
1266
1842
6437
6154
5673
5555
2491
5103
6781
6028
3639
3238
2242
6278
1688
6714
1435
1307
4308
583
4984
3349
6729
3124
2612
3524
3207
2526
6854
126
5964
2459
6182
3299
6068
2729
4053
2559
4969
6162
6532
3576
3748
1959
6904
377
870
2635
5620
4055
6456
4364
2965
2966
360
4940
5884
6035
5500
3334
1967
238
5205
4255
2850
208
2474
1093
5528
215
1393
2486
6777
837
5794
4085
2583
2388
3875
4011
160
1038
232
3983
2405
292
6109
3550
714
3974
4113
1025
6560
5214
2027
1073
351
4194
2387
4175
962
6732
3525
2284
4078
3031
95
530
347
5579
434
2420
280
1171
3054
2821
2002
794
2991
2685
6453
2437
5899
3027
2398
2838
5504
5287
2643
6589
5284
2613
6888
3283
3399
2007
4384
4199
2484
1599
2687
3475
5127
6575
2180
301
2712
1904
4148
5708
446
835
4607
1864
20
4034
4456
3637
997
5760
3293
305
2574
844
2402
4090
5943
4140
3306
2243
5023
3393
2860
6838
5854
2274
5632
1787
205
2871
577
204
1042
6472
4333
4244
1737
1158
597
6744
2531
6208
6391
3942
3240
4370
2793
6357
6605
5608
6860
1453
4700
4207
1549
604
6900
116
3837
1079
2721
4823
3737
1135
699
1782
5727
5885
3760
6906
586
1581
2262
6877
2006
3018
1488
2429
4741
5032
5566
6925
3203
3919
3007
2817
2257
4284
5440
6971
5145
2813
411
4038
4685
4060
131
2438
4469
823
1759
4000
4391
895
1133
3964
4238
5534
5568
2376
2941
5994
2152
3862
3102
5753
4874
3926
6123
755
6025
318
6425
6114
226
2408
6313
3860
5730
697
3103
4919
1319
768
4405
1553
328
1898
6045
49
1571
5961
4001
3901
271
5227
1350
2353
2536
4377
220
6329
4
1906
5688
3791
1247
3375
1646
4093
5181
4128
243
764
2166
1098
3994
6720
5689
4662
5959
6624
122
1182
642
5834
4020
106
2659
6912
2452
2753
1863
5141
6119
1551
1037
1546
598
3813
6569
1511
1671
4438
3853
4387
3665
5359
2080
5774
1243
3568
1345
3339
4676
3968
6513
4378
2397
5031
4410
1215
1663
2786
6364
5695
4353
3776
4265
1293
891
3598
4069
2100
3171
1831
1928
5445
6817
5490
1216
639
4552
2177
1832
3820
2939
6551
1980
4419
6346
54
2833
1841
6492
1087
2063
519
4712
5102
1041
6807
3345
1513
172
2864
1363
451
1534
4652
1333
5799
2986
6692
3042
3666
6545
174
6715
5531
5629
903
6393
6936
4052
4731
6299
2601
3536
3851
1330
3380
1009
1040
1260
6110
3719
5858
1092
6681
2963
2619
5569
1930
509
2210
4799
3801
4669
4707
3029
3782
2664
3619
4467
1738
2897
3846
3175
2324
2094
3507
3584
2146
294
120
5658
643
6708
4209
4067
254
3051
6727
5144
6434
3280
3405
2008
4043
873
2615
6526
5488
4544
5501
4048
5522
3130
5037
5035
1583
2171
6597
373
240
3444
3480
3892
1525
5350
4480
4422
5800
33
6552
828
1353
670
1914
1590
4409
1395
5598
4051
4389
1520
1648
4739
1743
6897
3883
5432
2728
407
857
5926
260
4484
1119
2499
4007
1639
3520
343
4628
4827
5682
690
4374
3648
6848
1995
3695
138
4780
5474
5696
6928
2703
4933
4239
965
4554
4937
742
2369
4542
6281
534
2943
3281
3425
883
5487
5984
2189
2634
2172
6939
3632
3620
1896
4660
2928
2494
5323
4301
1785
1847
5584
1744
4188
884
1382
4795
2477
6037
6016
1300
299
6048
2914
5446
4661
4318
3140
602
1465
1907
545
2645
4160
5115
3586
5903
1958
4596
6896
695
550
2597
2096
1824
317
1305
2681
2680
144
5998
5076
489
2979
224
3137
885
1291
3915
971
233
5716
2556
3002
4735
4809
1055
6169
977
3518
750
976
3660
5429
6964
2303
5088
6467
1078
6869
167
4825
4891
4403
2113
4738
4536
1440
2622
2222
4366
2648
3556
5039
3219
5390
6358
3053
1280
3167
2699
1693
6143
6596
5652
1031
918
457
4689
3595
733
4008
6816
677
1195
3746
1805
6040
2282
2427
6111
3879
1170
4895
1388
400
3090
2787
4812
5987
6232
2905
3469
1524
504
1285
1222
212
5473
3991
4839
4671
2781
341
1910
442
4306
1858
6229
5338
3581
2579
5163
6041
913
2448
5340
5864
2840
1500
6712
4350
1887
6511
4064
6289
4743
3168
6424
5105
5305
3096
2541
4916
6670
5095
5575
5539
3125
6106
1480
899
5262
618
2935
842
3332
928
910
3755
6591
2345
5450
5362
3773
2070
4290
3587
1683
3976
6411
6562
821
4931
6462
2258
4155
2015
2295
1100
4966
6966
6117
4537
5072
571
743
2439
1720
2155
2792
3038
6387
2283
681
5830
3723
3391
4970
2038
6392
6324
6038
393
6327
4842
4518
3455
6916
409
282
6927
5403
5972
4070
3295
4716
2756
396
2251
4714
678
5147
147
948
1984
1379
4088
2758
3644
6098
4117
1448
6137
1586
3615
3122
3775
6895
6607
3468
5478
6809
5444
522
6528
1403
2675
2137
4590
5888
2688
5796
4561
6868
634
966
3693
4232
3502
4072
2870
4985
3361
4634
5245
660
938
1816
5563
1559
1614
779
4100
4089
1221
816
3553
3417
6405
5744
889
4338
2883
1010
2147
5048
3218
5776
113
4294
6772
6579
1343
6220
3741
3812
425
1241
508
2049
5791
1584
150
2445
523
1778
4134
6436
797
4222
25
5047
2618
3659
2031
661
2476
4351
3020
570
2444
6240
2555
2291
1462
1359
6577
6226
4486
5456
67
3104
6399
1734
1802
1002
129
4264
1626
919
1780
3448
6488
6362
4179
4915
3751
1871
6057
6839
5298
5538
3457
28
6074
1721
6865
1808
6942
2563
4143
3174
5378
4932
331
4340
1336
1318
6469
5804
703
799
3155
6087
1758
6490
5840
2293
3555
2323
3251
1772
3530
655
4949
1682
5288
2609
3544
1920
6128
6798
356
6071
6235
736
1792
6291
5935
3034
2297
3682
64
1220
2466
5685
79
5223
2554
4458
2128
1245
5017
4962
2655
4884
2342
3592
5345
1544
1886
2455
5928
1394
1819
6489
6435
105
2513
2054
2932
2858
164
289
3557
1410
2192
2696
284
4965
3718
2451
5618
4496
2287
5715
4223
6687
1331
5927
4221
6509
1563
1494
1686
5276
4898
5327
3368
2170
892
1361
4191
3321
4041
6113
3257
3146
5051
1962
6789
4205
6537
1389
307
2934
4103
1309
4059
5551
1856
6049
1825
4666
6366
6639
4528
5649
3450
4583
5887
6306
2743
6581
4362
1169
5185
5256
4151
6905
6909
315
1643
3541
1633
3284
1798
3930
881
3301
165
157
1151
6480
1409
5567
6394
3522
4184
5231
5387
1812
5177
3673
1049
6593
1504
2790
4635
2992
5763
5589
5679
3322
5911
4164
6627
345
4274
6417
4991
2127
3985
163
3792
1020
6262
4269
2349
1765
4110
1637
999
2993
2156
943
6449
6328
3523
1237
3961
725
3402
2540
4681
5872
4953
5802
6187
5021
4097
6716
1161
1893
2876
5613
3319
3485
5219
4341
4601
3936
488
6180
2036
6484
1814
6005
5116
1422
1966
2471
3005
241
223
1053
2533
3360
6242
1057
1499
5893
5698
5166
2336
5728
2281
538
272
5750
2209
3599
1043
4120
851
6745
5594
5453
6619
2890
4282
4877
4296
845
3253
4913
3754
2591
3290
4183
6832
4101
1615
1214
6885
342
5599
53
1304
3441
2804
2066
3098
5895
6711
1981
5644
4973
197
2981
3732
4785
467
6014
5537
5389
4270
5982
888
4907
5874
359
5901
6806
4027
4721
2413
704
4466
6416
4125
4968
1323
4504
1629
5564
3369
2346
2962
6606
184
3580
1791
3677
4989
57
5731
557
5859
66
6479
6926
1527
478
2641
4266
1568
1554
4559
6355
1490
1739
5452
4923
4253
5548
2782
60
3668
1925
1180
1070
5814
5953
1548
3722
5795
2534
5178
2984
4200
3150
6524
1519
5275
5691
3647
2386
503
4397
2704
2767
1473
5272
5577
6797
6538
818
3370
808
384
3670
2033
6884
2891
404
6531
5109
2361
2509
6614
760
1988
5807
2489
5517
4899
2406
4983
1474
6060
5311
5229
5344
5940
5910
422
3912
2200
2614
473
2971
142
4589
2396
6103
2863
805
1933
1142
1150
3164
6496
4679
4572
2441
4003
1939
5180
5570
1838
2839
2373
166
5110
4649
3965
4435
2987
3489
4181
4186
5980
3914
6414
5418
753
6157
2595
5877
4951
5265
283
3882
6754
5270
5232
6361
6731
492
6757
593
6077
4252
1463
6000
4080
2095
5556
3905
3012
894
2757
5486
1537
6350
6915
3142
256
4414
4595
3997
5171
6184
5572
4442
619
3013
5049
1117
6118
5825
3337
3646
462
2125
6126
4068
863
6550
2997
5554
1421
585
2069
559
731
9
5301
6738
1429
3001
5333
5249
1438
6557
1566
1905
513
23
1006
3692
6751
5602
3428
6686
2021
1431
152
2294
3021
3418
3246
6043
3443
146
5492
118
1634
6213
6831
6599
2514
6015
3440
1105
4926
1703
2306
3471
1265
6264
608
880
3384
2906
2465
3288
1569
1089
3491
6945
688
2561
1756
3629
6054
1289
225
754
3521
4729
3059
159
5789
6447
2103
1205
1731
5356
6850
4941
2918
3276
6339
3268
4643
3116
5443
6275
3478
1885
6322
3083
1609
2692
3058
5820
555
6918
5663
6603
2679
2409
6519
2520
518
2434
5656
201
6506
3200
3565
3932
6341
6259
5090
6780
1321
4740
4044
6188
112
5096
1084
2058
2065
1256
3477
5892
6600
1557
665
6127
2995
3429
2263
6004
6616
3796
6406
6613
463
6786
623
5957
464
6672
3987
4083
5626
868
6181
4217
726
3097
6096
5950
5070
2278
4893
3318
3389
6336
2725
4784
5816
295
6191
4550
4234
2092
5460
6258
686
3080
4310
5725
6856
3656
1418
2018
5751
2949
741
2653
5956
6890
2887
3255
1268
2412
5370
4512
2315
3227
2024
6257
3861
3897
6841
4138
3887
6743
5507
2195
5955
1326
2393
1923
1269
2104
651
125
3814
44
4489
6750
3153
6645
6047
536
4599
1829
5161
4849
6413
1806
1391
5381
2851
603
3394
52
2808
6973
30
6185
1183
3601
6801
3554
2273
2532
591
5939
4346
790
4448
691
143
3992
2265
374
2911
3286
3413
4369
4198
855
1728
1572
4982
4722
2647
4687
65
96
3804
722
1750
3309
633
2894
1936
2174
2702
3643
5357
5291
5844
5866
4625
1723
1360
231
6053
3612
4832
3830
4592
2048
2227
3843
3738
4857
6173
3663
311
2359
4462
6370
3028
3928
5543
5841
897
3600
1945
3186
6310
3204
3278
1386
5793
6166
3154
387
4323
1573
383
6719
6335
2272
645
2077
5742
4099
2849
5752
4577
3205
6935
3354
3560
6250
2215
2878
1298
3088
5544
2662
5593
3949
4452
4642
2770
6412
6482
4946
5317
3170
5720
6501
2558
796
5207
3262
6020
1047
5562
2646
5645
561
4495
6146
449
4345
4639
2802
4152
6573
5162
5635
5091
2099
176
5439
666
3492
3709
2256
6840
6771
4878
1277
3047
2319
80
3435
611
3538
4162
5721
5406
2825
6145
5085
402
188
3889
777
2750
349
5671
3764
5512
6407
3221
4726
185
2333
1522
4167
2220
6649
5520
5521
1891
3297
85
4426
6140
4533
5064
3367
825
5433
1483
4644
562
439
6063
2360
5220
766
2727
2179
6198
5657
369
1358
3948
2630
988
2372
278
2501
5694
4818
5836
6617
3978
2926
1658
5365
5506
2090
3969
6026
3664
4761
1401
3881
6582
4131
1126
946
2411
4793
3035
627
2814
3809
6176
5094
1346
576
529
6452
429
5239
3089
1212
6463
4806
1213
560
6826
4720
6566
2811
774
5912
293
3844
4540
5243
3924
5009
6803
69
5371
5066
3824
2443
274
5475
4564
4992
4280
4382
6661
203
6843
6296
5173
3410
5549
1226
531
2040
2596
1127
5339
6516
6438
1232
956
6835
5942
6651
4171
3854
1211
1932
3430
4079
3771
3407
3866
765
689
2678
1426
1593
1487
4523
1264
6938
6444
1810
1894
1187
5557
3078
5962
1136
1879
2226
5747
2198
5686
5702
996
5098
6279
2254
276
3787
4789
3982
5034
2467
3381
6022
4057
1012
4213
3355
3211
6632
3274
4566
190
3037
6419
1236
3173
4320
846
6165
544
5208
6290
5587
5461
227
4285
4641
5780
4846
4342
6062
3575
5891
2506
6764
986
4137
5379
2430
5438
4449
2367
5294
2709
1191
2339
1935
5674
394
4768
1934
239
1578
5813
4844
5482
6433
1751
6752
1867
2990
1104
1121
2895
6563
3383
4237
2479
4054
29
4098
388
3231
6684
6097
1696
3918
1371
3352
4807
6347
3740
4312
277
4835
4158
5870
3902
5835
6325
6001
6637
856
2185
3890
6584
1233
6085
1860
2032
631
4631
921
4493
1399
2446
4974
2739
3206
3845
4202
3747
2068
5646
6485
2668
5889
3461
3826
4762
4594
4109
5472
1597
4980
71
59
15
1095
789
339
1827
5546
5399
6547
5242
839
3703
6351
6610
5749
5133
4694
5459
4190
6161
4925
6172
2658
4850
6468
3373
5919
5821
2454
4460
4511
5852
4373
3913
3169
3863
2717
82
2873
4286
1005
4272
757
1131
265
4573
5380
433
558
5018
459
4122
654
5202
472
4802
1144
5605
5373
5122
3962
132
5734
667
1294
3570
1251
6116
5914
436
4349
420
6508
5900
3431
4241
2462
4021
6390
155
2382
4845
4375
4210
114
2246
3762
2168
2042
312
1505
3420
397
6402
3823
3041
5960
6345
6776
4471
5997
2301
269
4465
2682
843
6811
4360
1949
4678
2266
5296
4948
5164
638
1115
75
1532
5337
6683
3359
3317
1223
3239
5995
1971
5230
4655
565
6273
1316
5848
259
2836
5283
3503
1124
950
198
5068
3563
5195
6359
5244
476
6294
2285
455
2594
76
3202
1074
6671
3885
2364
6770
6396
37
4468
6032
1249
1755
6356
676
567
5295
3825
3596
1541
5833
450
4914
3302
539
6159
4546
3784
6300
4869
3765
907
4977
2384
115
5868
1521
320
6648
78
3191
471
6886
1199
2807
1870
3675
2267
5363
1348
1468
1398
6819
1536
1943
5131
5055
3044
2108
461
1155
2299
2812
869
1286
3510
1036
438
3641
5471
5454
6303
6813
4872
5958
2292
3531
237
1625
1592
3662
2164
4506
2355
1019
1800
673
6430
5267
452
2318
3674
5499
3235
3817
3091
5878
2362
337
3940
2524
4796
2475
707
6371
2803
4416
5451
4626
3136
6210
626
879
2473
687
3907
5838
5000
6215
4193
4115
5015
1531
169
2201
5160
5946
537
4226
4042
2608
5224
3935
1715
1370
2626
2888
568
2250
3726
3761
1674
6882
3593
1627
6737
5536
2746
6144
1911
5954
7
2603
4955
2684
4147
6499
5457
3806
4325
4837
635
2231
2747
1368
3084
1565
6448
1120
5342
1913
1077
2856
3957
6585
4574
5396
2602
5778
4225
2350
2
2829
1642
2731
5425
6397
6783
2216
3496
3340
5739
3925
4367
3385
3993
867
1227
5873
1255
6680
306
4848
6849
705
1804
3585
2138
6365
4819
2651
6155
316
5803
5883
696
2502
1705
496
1259
3780
720
5558
831
4730
5571
4507
3743
787
181
6587
526
2794
279
2527
3794
1281
2081
2975
2761
6156
4402
724
4938
6864
154
173
5118
2734
4187
1815
3220
4406
4077
4257
4033
5286
682
5005
4910
4706
4696
1951
3635
3213
2958
595
5201
2442
4154
3832
4798
4398
1485
4637
5187
2472
5008
3610
6693
1999
5140
3087
6823
2009
2636
3484
5143
6883
2322
1764
5463
363
2088
4943
3294
372
2050
6132
3099
6546
6761
5314
2217
6608
3552
549
2530
1523
3434
3634
5011
1208
1924
5069
5014
42
6514
1512
5353
3651
5313
2230
505
3467
3228
2797
6202
6216
1044
2390
4447
2347
4745
1828
6426
2593
1508
2697
6495
954
2003
4283
2551
3903
2640
1940
5634
4930
214
4581
675
3988
1515
281
852
4852
751
3626
813
4434
4783
1103
31
6713
2334
942
6055
148
5586
5006
512
4304
624
1263
3790
1164
5666
3126
756
5398
6678
615
3795
6010
822
5289
1975
3616
5252
3064
3945
3040
2126
4470
5441
4437
6739
1111
4130
5815
1083
6418
2321
2577
381
709
161
385
3505
3990
1034
1562
2057
327
4256
3908
175
4522
2159
6368
824
1416
2826
4598
1622
945
6675
1476
2478
994
4112
5320
2097
6578
4734
1771
2229
5672
5662
1302
117
763
922
6654
2779
4126
2720
6167
3119
3535
5442
4321
5600
5610
2139
3237
4248
5114
100
364
6700
2903
4319
4822
3850
3404
3181
4439
2598
4040
3667
2742
6352
4503
5709
5078
5999
951
5817
3767
569
3014
6164
2375
772
1953
2587
3180
554
2432
6666
6039
1613
4185
5863
4491
6385
194
3900
3057
3512
2628
3506
4674
3377
6733
1877
5757
3196
5038
1217
566
2915
2719
5277
263
1314
3566
6170
296
3298
3447
2846
6115
253
5407
3190
3934
1830
6069
213
4004
5430
2584
4675
5937
5155
872
1579
104
4245
6282
658
2970
3414
3432
484
4841
2219
403
3152
1381
5348
2830
4192
2946
5604
2874
3412
4329
4514
4616
303
3069
3727
3106
2232
6342
5016
5455
3112
6543
5176
770
4010
2660
6292
5411
3158
5170
2496
802
6189
6767
3497
1441
4258
4464
229
1661
6878
2338
170
368
2424
3706
1337
2663
6510
6219
5449
6747
2154
5409
1653
5063
3195
5012
2548
850
3696
5308
3314
4686
4538
3933
548
210
4106
5401
4759
3201
5196
1262
182
3387
2392
3618
2921
3063
3243
3728
3528
1283
947
5477
902
2419
4815
1014
6635
5248
3617
572
1611
1069
6293
5058
4611
4520
506
5965
3831
50
1730
2600
5798
2553
4959
1701
5139
2348
4132
6268
1123
3735
5481
6241
4836
5676
1209
3160
3630
3955
3172
1760
4231
2379
5198
6461
6657
4472
2188
3975
3386
4704
1574
6389
4412
5083
2238
4929
1413
916
2395
2732
137
2982
1412
5255
4684
6948
6691
3030
2157
2759
2823
1377
221
5046
795
1623
1355
1807
3672
940
5767
5933
4344
1075
6136
5810
3324
1589
2492
5669
5697
5020
2713
2819
2083
2205
1114
4619
6875
5627
3296
2748
3717
4327
3011
3517
2879
584
3277
735
3713
6081
6124
4723
6728
2967
3464
2571
3338
944
2552
5550
2607
2853
179
2944
5533
6958
6199
4786
541
6023
2671
1193
3815
693
532
3938
915
6369
437
2529
650
1667
2116
1518
1366
5853
486
6742
3133
990
6431
3093
6536
5493
1762
4568
2768
5897
5158
3951
1820
2741
1618
2560
1770
2500
3720
2074
5783
1024
2834
5699
4298
2165
1803
2101
5963
5213
5485
5808
222
491
5097
5706
3008
4623
1547
6326
4604
1916
5849
5217
183
4515
4492
5846
2623
4076
2091
6533
2114
745
5199
5059
4233
6924
4087
5700
4995
6699
4654
4075
2300
1252
6186
1510
694
2964
6590
5325
6410
964
1617
2730
3516
6810
6196
3805
5545
365
1876
6755
3734
3348
4461
6626
329
5466
3876
1288
3189
2606
981
834
1390
3488
2652
6659
178
3788
4645
4922
3161
246
2969
4950
1088
4826
5151
2239
1427
5146
3156
5651
5093
5352
2624
1008
3139
5156
3571
435
5717
1878
1341
2017
4065
1017
1481
5007
1455
5917
2869
4146
5376
1659
466
187
967
3247
896
2945
5071
4928
2085
783
2055
5552
1153
4343
5221
36
6139
955
6665
4967
3092
5648
706
3061
4526
5754
1654
2961
6153
1835
2669
136
4971
5104
1826
2625
430
5981
3859
4433
1235
3613
520
4361
4292
5611
4947
1952
3636
5300
657
840
5434
2337
886
2143
1506
2953
2959
3711
1986
3108
244
4168
5386
5664
6561
6050
5479
6873
180
4909
4477
441
3320
5772
4788
1203
5968
6682
749
3183
589
3578
663
4994
3888
1725
1773
5111
1690
1749
4902
890
939
2328
5542
5508
6647
481
1608
1528
48
3865
4015
5053
3959
2122
4009
3486
4524
5985
2378
1811
2047
2784
5045
5659
5976
1799
4180
3529
5862
2504
1417
189
4699
5769
737
367
5025
2546
5174
1475
3270
3382
4668
1478
6255
5013
1676
2904
6934
4565
3483
5647
524
3267
6287
1445
2772
5722
3233
647
2417
5368
4701
949
6443
245
3770
5397
1145
2072
6949
2754
3111
6286
1849
3066
4892
2670
2279
191
70
5210
5871
6974
4295
1147
5043
5622
2383
324
1113
5560
4174
474
6634
957
4558
1641
2800
4014
1990
3086
1466
6812
6629
454
5123
1631
5781
6774
1357
2900
2835
291
1272
6879
636
968
338
739
5822
5054
5559
6871
961
1710
3426
2771
2762
6067
5677
1736
6565
2468
5273
6947
2469
5929
761
1726
1177
4357
2562
6548
4958
1050
5175
5779
2314
2086
3569
4385
5759
6968
3697
6029
1436
2549
2845
701
6089
5328
6179
6633
1801
3614
3588
5687
2810
6470
628
3603
5436
819
3056
5476
3731
267
4853
1601
6530
6319
3970
1901
6263
6746
4356
2207
418
6735
3542
5633
3745
5986
4905
2167
5703
5828
5701
2972
4855
3003
4163
4843
5667
2892
2237
4172
2599
6408
1082
1375
6705
4354
1691
6315
5415
3904
74
727
1397
573
4372
5336
3451
533
5723
969
1327
1657
600
6019
5764
6534
6898
5979
6212
6521
46
1271
4588
6471
6726
1102
6033
1823
5462
4746
3411
5067
5881
815
494
4428
898
1007
5988
832
4751
2344
1072
6003
5392
6295
3799
1231
2197
6790
5819
6698
5073
5904
1902
101
6129
4779
4444
62
1175
3590
6503
1813
3176
5905
5503
3067
6320
1652
6908
6093
543
2865
6668
5829
3272
326
6646
5801
3818
1290
2458
4250
1882
6251
4123
1662
6483
1173
1032
6910
781
1492
6333
4408
6833
6636
1107
3357
3631
2627
3400
3071
6269
1679
5907
1459
6427
1218
6847
838
72
2485
2199
1502
4246
5867
1165
3371
97
1516
3724
6697
2777
4352
1781
1956
5260
1889
6695
3868
1539
1963
1404
4591
4756
5030
5447
4963
3498
382
2107
6401
4875
1702
6502
6064
5650
3705
6931
6078
1157
1273
2544
4861
38
685
4677
5165
1365
1621
2592
3372
970
978
4196
2690
2120
5582
3458
2789
6334
419
4576
141
3981
4145
371
3910
3452
6855
2938
6260
4047
5250
4173
3822
4879
1874
4719
4268
1457
228
684
2061
3310
5236
6135
5152
708
4690
5121
3680
3526
3922
6487
672
875
5639
5553
1261
1188
1941
982
3138
6522
5585
4998
5087
3714
6274
1224
3810
6429
3222
4871
1533
6349
616
2421
6564
352
3254
1267
936
1638
27
1479
5042
2181
2927
2847
61
1278
1650
6685
5437
1493
6400
3114
3094
5540
2518
4127
2832
3752
2025
6696
389
4443
4332
5746
497
428
5993
1767
1604
2931
3135
2184
4530
2093
1443
2480
5107
354
3500
3758
6090
1607
5595
1588
4673
6580
6929
4149
4124
5080
5631
456
3686
4454
6344
5710
3312
2449
357
6894
2162
5733
3269
3081
5351
4129
4856
4702
6517
6515
1822
1938
5022
2950
4770
1861
6620
3123
415
2023
1062
6455
2447
4882
1108
3973
5975
3774
4551
3501
2638
5394
2394
4571
2203
510
6887
2142
4934
2937
2141
475
1883
6073
4039
2428
6540
3151
5861
4335
2305
93
6002
6802
5269
4600
3572
4519
6845
1970
6857
4605
1655
6658
6222
2565
6066
3074
4505
993
4242
4457
5003
4897
6650
423
6475
2590
6373
3654
195
192
3329
3009
3895
2043
2076
1160
3141
2109
250
4189
5419
6601
3655
1201
6486
6190
2415
6794
4006
5969
6625
3712
4821
5057
6694
4399
1707
5637
1818
366
4748
5423
1299
4705
5081
1706
2136
2848
2705
2816
4942
4013
3456
4297
3082
3343
2296
2407
4612
1179
11
1297
3509
6195
5082
900
3941
2922
4593
1983
4713
84
1866
3244
3977
3989
1670
4908
1184
810
4012
108
6197
5890
5660
5607
4755
1922
4765
5347
5970
1635
1270
5856
4156
2261
4081
4736
6674
3177
3591
1746
3316
3800
4960
6653
2001
6340
3611
257
111
6640
5
2842
6149
1051
6122
847
414
6763
5541
984
6923
1437
3494
2957
4657
330
4610
4918
2013
6465
14
5257
5382
5089
235
2401
6374
5238
4381
499
1156
6131
4102
2045
2738
3607
51
4608
6836
4529
3346
3127
1253
2763
5857
3390
4084
6415
6439
4575
3558
1495
1332
16
3416
2280
1013
4211
2374
3070
5894
3589
4887
5740
4400
6594
4797
5216
3849
5106
1423
1709
6158
1717
3453
2708
5601
41
6207
6667
6644
4497
6638
4987
4045
3931
1872
5978
3259
2523
2218
2604
826
4606
5412
599
5422
1456
6965
5251
1766
2150
4750
323
1258
3145
1384
5084
6224
2005
3075
6
4840
6075
219
960
6941
2948
6031
6284
1444
4760
390
6749
801
2211
2723
4858
3652
2543
5771
874
5029
5026
1096
6432
4230
3024
410
4800
1684
6874
2773
4868
4562
4016
6237
609
4441
5408
5941
6234
5726
2330
1955
2370
4975
2783
1432
2482
3397
1090
6730
2470
1857
6662
1033
2366
6586
6919
2034
5518
0
1644
3248
5258
5713
2022
6473
6734
1927
6707
2650
2224
1110
5293
669
4392
6690
4613
2968
4139
5839
2745
5134
3870
4114
4828
3640
3210
1310
3214
6312
924
1851
5417
2778
5684
5529
3446
6403
3952
470
4219
4630
1122
6223
4935
2656
3742
1367
2570
4018
4107
5285
2423
153
5741
5361
6851
4273
5405
196
4105
5561
6852
1517
1334
2508
4954
6500
2557
88
3633
4772
5925
4281
6701
1897
6814
5159
416
3073
1543
5615
3313
2223
286
1603
133
1415
6072
1242
408
3365
1244
1555
1464
3582
3998
3833
1112
2102
4939
5790
1228
2796
5505
5190
2691
540
4810
236
4324
6383
1207
5326
3886
177
40
2998
3379
987
431
3398
5364
4413
4463
3004
127
1148
1035
3564
877
1817
405
3131
2736
542
3698
2225
6466
2213
1106
2815
528
2955
780
952
3
5547
1991
3527
4228
5179
3341
4924
6148
3847
958
607
3700
2537
991
758
3532
4944
6525
6505
711
3827
2818
6178
2677
421
1926
1081
5879
2629
1116
3980
2744
668
620
3285
6091
3388
6070
2037
1206
4267
2148
5469
4717
1918
2973
859
1700
4912
3884
5010
553
849
6717
2046
6381
6944
712
829
4336
490
2260
1238
3376
3482
2014
2701
2498
268
1469
2000
4615
21
871
1570
911
3364
1374
2809
6598
920
288
4220
3308
2539
4724
629
2633
4829
4095
6641
4513
4830
1405
1753
6893
2568
4580
5420
5491
5200
5992
4260
3768
4229
6024
878
6527
4769
4307
4863
820
5630
934
3342
4311
6065
719
3307
1313
3999
156
2621
1868
3966
4203
1402
5400
5668
3508
6669
1491
2304
2248
3898
3166
2649
6151
4670
6382
6955
3604
4425
2163
4632
4517
358
3256
4683
3229
3627
6656
5971
207
2760
4224
2580
1852
2145
1530
4037
2071
4692
2247
4646
785
6454
5527
5983
2866
3159
1915
4166
1600
1225
5218
5341
6535
399
2657
1152
1052
923
6568
5768
4299
1315
4165
4355
5496
614
2632
2253
3729
5315
6953
6233
2837
5761
5128
4066
6574
3842
2269
5876
6768
3602
5515
5024
2572
776
3661
4733
6529
4111
1274
2275
730
3149
4650
3671
2828
1046
5661
313
1561
6094
1240
3459
6853
6261
376
2752
3194
3209
3403
1425
4429
5837
3909
5583
1875
2153
5172
906
1769
445
4035
5263
5617
6766
5189
5947
5322
3609
479
6602
6460
587
1979
3894
4212
6962
4235
6791
3858
5948
4811
6723
4417
158
5782
2354
4094
5470
3010
5367
2567
4547
275
1595
5211
1757
3678
1837
2952
803
4627
6163
1733
4851
1908
5824
3546
6099
4781
4945
3704
2044
4999
3110
3234
4271
3292
1957
1392
2974
5041
3442
2521
5625
2327
4291
1713
5349
3101
581
398
5062
3979
4880
2996
4316
4889
3113
4415
4494
2464
5732
3046
5309
5002
2240
4778
1647
592
6523
6615
882
5578
3852
775
2149
3049
6572
596
1582
2151
3540
1987
6246
2907
4455
6095
5280
2667
4490
4309
171
2740
6595
6677
4728
5944
6112
3249
3353
216
6576
3068
5346
1026
3828
748
3971
2403
5188
2019
1482
1685
2169
5100
3658
2989
448
2566
2875
4567
4708
2617
5936
1786
901
5770
5274
876
1895
4287
6788
2212
2806
2308
769
809
6822
1921
361
4664
2389
6194
3786
5832
1003
5845
547
3212
3378
2909
2877
1675
6497
1234
2268
2550
3872
4624
1354
1380
3000
378
4227
6553
1719
346
5654
6380
5628
1176
4805
2586
5302
6834
4767
6360
5847
5785
1197
5498
917
6920
314
2221
6134
5480
2135
3939
3015
2426
485
5996
5391
4543
1498
4348
4578
806
2134
5596
2298
1496
3797
1917
6265
700
3463
1640
5952
5212
1560
6021
6975
5299
4773
218
4218
5842
3730
5372
4277
995
453
2505
4794
6458
6203
601
4834
1139
5502
2940
2312
771
6247
1692
447
3653
574
1325
4178
333
1869
1308
2111
2795
5458
2183
963
6440
4509
3438
1340
1058
4263
5222
6921
5183
1342
6477
6932
483
4141
4049
2026
32
644
767
493
3857
6377
1745
3753
2399
4150
718
5427
6828
1254
4979
5513
2799
2310
4911
6881
5642
5468
5079
6395
1997
2331
817
1484
5707
6858
3336
5424
2542
579
2064
4622
5132
1125
2576
3162
3956
646
648
4896
3757
6297
3495
5737
786
4754
5402
4302
336
812
4586
6785
4459
6760
3864
500
6861
2435
5052
1884
6030
3574
617
2976
5680
5019
807
1976
909
1545
4621
3263
2942
762
2936
5125
2885
2016
47
1352
6464
4864
1809
3048
905
2457
5989
5966
2774
1202
2241
2898
6702
6337
1018
4885
4418
621
5377
460
3134
2161
2129
406
814
2385
1065
3778
6954
4757
5729
1775
3798
740
2493
1931
6236
641
5191
4758
5934
5319
5823
6520
300
5129
4029
4894
2488
4521
4920
2930
4682
1449
6963
4603
6493
5511
6205
3358
6175
5332
1993
6052
3474
4903
5494
2450
2535
1840
640
1428
6404
2079
3178
6441
2751
1973
1372
4883
698
5119
2208
5945
249
953
1451
3449
5736
4485
2196
5581
866
1196
5465
3855
2329
5755
2249
2985
3095
1137
4516
6769
6285
6740
2872
5414
2867
1846
1085
4420
6277
4638
2371
4986
