5420
3564
4152
2612
5328
4578
5697
4951
5628
3869
3068
526
2421
505
5583
3441
5048
2780
465
450
3708
2074
2569
3259
5699
3894
5356
4432
5584
4467
3008
728
2973
2048
341
3778
903
179
3410
2122
5226
4588
2596
5222
264
5977
3534
3195
1674
3086
6
4213
2393
2630
5467
533
3687
471
3065
2518
1733
303
4498
3934
1361
1969
5828
5201
4694
4077
4126
3611
1816
5412
1720
93
2084
1639
3147
2338
5527
2680
3895
2816
1
2674
1998
2860
5402
6087
2079
5523
3200
2904
2958
3133
3713
1975
1140
3408
470
778
2976
3755
2187
5216
2006
1252
3055
5730
1104
6297
2307
233
4336
3058
3511
2299
3811
1551
977
2651
2333
1794
3507
3014
1256
4865
4030
3015
3171
2138
5270
2703
5354
499
4491
1369
4614
201
1994
304
3963
6344
6476
2382
2954
1910
4886
2847
1330
455
170
108
2200
267
4391
740
1216
4105
3326
590
2956
5676
1637
768
6525
2150
4618
5795
4685
4996
4743
375
2253
4757
2666
4254
1052
3826
4203
1484
5811
1027
2944
2664
1261
3155
2346
6028
313
3232
1894
4271
576
3609
5139
5388
2918
2061
5443
727
1425
3304
3052
2920
2073
2881
2101
2232
3288
2632
1937
2857
3081
2662
5816
892
4440
826
6417
6488
897
5177
4264
6413
2153
4558
272
1681
6236
5822
1441
5838
3883
1124
2455
2469
5743
5167
5494
3183
482
2112
3401
4004
1117
278
3432
2106
823
3226
2931
2362
4669
5083
5273
2039
403
6335
4541
5487
1010
1111
2254
5156
3427
1133
398
786
877
812
4830
2795
186
1043
3022
3993
339
1875
1340
395
3526
5571
1017
3529
5491
5737
5624
1718
1324
3005
328
5427
5797
4627
4277
861
2038
3013
1282
271
1413
2599
4096
244
129
2005
4169
2458
1426
3429
1053
3839
6045
4596
1524
961
1901
3310
5555
3842
5943
3233
5505
2303
4544
4315
2023
227
4679
5993
2162
6353
4016
5706
770
4130
1258
6532
2149
3770
6530
1424
2980
1093
1826
3054
539
492
2126
2127
4362
6104
1817
4075
3438
4002
2004
1613
1024
6193
6071
288
1063
2812
3537
1250
1899
4494
2260
3545
547
6314
2212
2426
4195
5962
909
2014
4462
4826
5280
4251
1152
2230
5603
5647
4582
6561
4389
2070
2990
2577
1879
5759
6099
5242
1812
4687
5358
2728
925
261
5727
1158
4144
3663
5016
2027
2525
2290
4150
5581
1091
2123
3672
1659
2745
4700
1096
2497
2144
2751
4634
1748
2835
4850
486
2076
2178
2203
1592
809
6181
1336
5694
1015
595
5078
342
1897
1553
4206
6406
3146
1807
20
4655
5293
6509
5284
3760
70
598
1042
5332
1169
343
780
1717
5250
3070
4358
580
6497
6223
3260
1195
2482
5287
1876
3916
2844
4237
1571
636
4701
596
2668
790
63
5793
4728
716
5589
3702
4434
2767
816
3467
1087
913
730
4674
4072
722
3615
3073
354
132
4652
5034
1762
2685
2544
2268
1669
2402
6316
5185
4678
6082
2934
113
3101
4442
4406
86
1661
5414
2278
824
2418
1927
5479
1974
6482
1095
5493
3379
3289
2235
3604
5896
6457
2164
2948
4426
4359
5625
1986
1489
6438
1126
1206
5499
954
3167
3111
338
144
5876
3997
4115
4616
4424
4750
1064
1071
1099
4199
2247
1791
1955
4793
2294
2991
4215
4381
74
6135
5600
2376
825
4666
5151
729
5820
5903
1617
140
5937
5538
2863
1460
5194
4281
1101
2109
4320
4794
2600
2040
1961
4557
1318
2124
24
3143
3334
1841
4712
3517
2059
2180
4294
2764
5997
5621
2339
6303
5597
864
817
2724
4811
3369
5661
2434
3261
5260
659
1416
2295
4160
3605
4166
3731
3348
1883
2293
607
2041
1244
2371
6004
2698
6372
5130
4509
1474
4116
1576
4137
3364
1400
5799
1609
3873
2055
6319
2678
4404
1985
1273
5095
1334
2553
103
5907
3127
4711
1873
813
5548
3314
5646
1783
3562
2266
4370
1086
4295
3500
2754
1073
3558
3134
4430
3271
4366
6290
293
410
3254
4686
2090
1526
2198
6368
679
4901
2099
2723
2033
2042
3952
2892
5953
5269
1950
5219
4357
4139
2975
1429
4967
6402
5266
3775
5635
190
2560
1871
1477
1393
5516
4051
2695
5330
4988
4141
1076
2841
2768
5679
5666
1960
4068
4572
3062
2002
4731
5067
1670
4405
2526
677
2986
3057
1713
4821
1191
3388
2899
745
661
3301
5375
6421
3646
6513
282
1118
151
1254
4117
3936
5552
991
1979
2271
4670
5370
3774
315
2797
2752
1980
6317
3595
2700
520
1864
4329
1512
3725
5398
2017
4384
5419
4222
5104
2606
5173
3870
5909
4435
5409
3583
2473
2334
4014
979
3664
3622
752
3449
1830
2053
2096
3784
2547
255
5236
439
753
5777
5210
4638
2624
57
891
4127
4119
4247
2675
5376
3026
463
4849
6465
3509
4463
4755
776
5299
3007
2953
1115
5989
3074
3884
2608
2322
2030
2135
2823
5470
5196
737
5211
4162
2214
257
4948
3362
4913
4282
660
2801
504
3572
2928
4140
686
1145
1773
4240
306
2337
5044
5680
1952
5009
1948
2598
4245
2210
3805
1898
2992
5682
3568
2722
4382
4489
2947
435
5742
2137
4783
5309
4310
6172
3944
1211
294
735
5623
2594
3452
1019
5220
1062
2669
3905
2778
4796
756
2241
5517
1047
3717
95
4626
3606
1628
5973
1137
4521
838
5052
2505
1766
377
66
1716
2747
5277
1793
4306
874
380
5383
3967
3807
1219
574
3204
710
2283
5311
915
2711
3428
3586
4208
3175
1352
4197
5283
1929
2374
1757
4455
3152
4032
485
3024
3953
2882
5496
4540
6531
1066
5632
5069
2148
2188
4422
2563
1181
6111
1781
2687
2929
5547
2155
6128
1850
5935
1075
2681
5338
4691
3484
5805
2786
885
5455
4401
1186
5739
3269
5369
2226
528
3285
3053
2011
2116
1942
171
3927
5154
4663
829
6330
1993
4313
2
2952
212
2063
1045
1729
2684
4556
1848
2535
4924
2913
2796
5248
2145
674
4848
2348
3211
873
3705
4592
2642
5478
4665
3694
5665
2493
3505
3566
235
3994
5798
1566
2368
3590
1800
5530
3407
506
6106
3359
6516
3739
1845
839
2794
6544
5604
2094
2105
5401
514
907
5144
1987
5574
1819
430
5897
3227
489
1683
2580
1739
972
281
4857
1941
3477
2727
2264
1319
6336
1780
2730
5595
1209
1323
6001
888
80
3063
5567
1237
4010
4689
5899
2008
5513
4046
1510
3851
2249
511
2565
1267
3504
1708
2657
2019
6327
1144
5704
3575
1478
3986
4518
1141
2035
3004
2325
5432
4707
2573
2782
5395
3496
2759
1788
337
3474
4646
3262
2009
984
2921
2204
821
1768
2755
4270
4813
2838
5683
1558
2851
2060
1251
4402
2285
3201
5038
5787
180
5934
5415
6518
4688
5501
5035
2638
1132
3025
969
497
4835
5256
62
3352
4720
370
586
1210
333
5987
678
4246
3524
6091
1917
6299
2367
4741
3829
5792
2495
1846
5015
2461
2185
894
4373
4512
2935
121
61
488
25
1502
3976
378
908
717
1217
1895
4758
4772
6296
2276
4292
878
2044
4733
2581
221
691
5109
1630
5580
4421
589
872
4748
3682
4379
6326
1163
4019
2839
5320
2848
2045
2946
2251
5355
3347
1357
4231
135
6430
4142
4918
4458
4535
3834
2610
6539
6492
5711
6483
3920
4153
124
3094
114
708
5670
2626
3266
5949
742
3354
2635
4280
196
4764
3250
1094
4438
2879
6180
2820
1329
3838
955
5199
725
2878
3858
6485
975
38
1723
4288
155
4418
3830
4818
1189
5983
860
4287
3501
300
3722
1997
5386
4876
1135
5751
5217
6025
166
5202
2926
4713
3355
5771
6527
5941
4223
6252
3740
5752
3159
4037
5446
1220
223
2192
2993
6008
459
4595
538
5720
205
759
4780
1988
5024
1038
1450
3956
2353
4224
2789
3286
2158
3841
974
1964
4043
5371
4947
1868
6137
5745
1432
5359
1623
349
316
5579
1892
4372
2347
599
1709
1108
5460
146
2784
832
1764
4103
1451
5213
1770
5832
1515
4667
748
5871
3666
2658
4450
3423
3743
157
5936
4324
3003
614
4025
2718
1438
4487
1156
4396
2840
2287
2309
2475
3880
184
500
2028
4739
4493
3508
4549
4360
5786
6345
4029
2026
1276
6536
1142
5120
2870
6089
2021
773
2037
4309
4417
4325
5750
5644
5569
4123
2604
4999
192
2775
5492
2805
5158
1301
2884
1782
206
1339
3187
4400
958
6494
1266
490
1539
6407
4718
5588
5631
5913
4449
73
452
1362
5664
2018
4968
5282
5895
1732
4723
4433
5480
1081
751
6038
2121
6037
3001
820
5399
1292
5353
2370
2885
774
4548
4220
3546
1866
1476
1130
594
569
579
5477
1580
4297
2036
2744
1567
15
2533
3043
5387
1996
649
3141
1398
5021
2113
3056
4852
3237
760
1068
3223
5544
1147
5573
5673
1700
1638
1920
3399
6049
1259
2443
5812
5531
4613
1614
3002
1032
5524
2093
2654
883
5662
2906
4791
2883
5142
4690
4816
2220
1572
2160
519
4156
1225
4036
3738
5768
657
2430
2340
5453
5545
2534
3295
1173
5535
1113
6015
5813
1107
1578
5377
2733
4284
3533
4122
3017
3491
4302
195
3495
5954
6014
340
2202
2429
4409
1109
1518
6341
4104
1797
2486
5292
1570
3668
1157
1129
4204
6121
4745
6354
98
2602
5462
3674
2186
356
2652
4
582
6207
5971
483
2964
702
1061
2701
6110
3069
4591
4937
5459
593
2092
3248
3515
2542
543
5560
2001
1808
3397
5637
2716
5239
2804
4275
5464
5746
2731
633
1122
6131
1914
6294
4447
365
3656
4265
1119
1806
5208
1327
429
2590
4221
1828
3706
4408
4637
4675
2233
4044
3536
2720
1771
5540
4661
5000
2776
6537
208
3377
1725
2161
6167
5534
3228
368
1125
4397
1098
1694
1333
5908
5106
2484
1990
462
5149
5434
1431
654
2179
4710
2712
2237
597
1473
5018
67
5783
4705
2291
276
5785
3750
1765
1221
2114
647
3317
4478
6324
553
509
1232
5026
3806
2201
5411
4584
5189
5879
3119
6073
3350
3409
4662
876
1192
2585
3899
2324
587
3988
4340
381
437
2395
4502
4998
5939
1235
1487
6456
2222
554
2141
4882
4429
4380
6283
3189
1957
4301
2998
1394
2351
4708
4884
474
3683
5559
1198
2519
3573
2595
5774
6155
720
396
346
4836
2399
2617
6356
2830
134
3996
2734
3021
3109
331
4520
896
5171
5268
1399
666
4933
1428
2400
2476
5965
771
1760
478
219
2647
5063
320
1629
6113
2636
424
999
5392
5195
4257
99
1675
951
2633
6030
1260
879
1281
1469
3962
3297
3132
1507
2319
563
1355
1973
5880
17
1279
1916
169
2439
3848
2250
3644
1056
2098
2607
3782
326
743
1608
2358
4012
2808
1522
4812
5012
2246
2223
2194
4136
2064
2046
5927
4603
5262
1084
714
5428
4753
784
4314
5100
3150
5186
3373
2057
4537
4228
963
3703
29
2168
4605
4347
164
3823
6515
1155
4209
5796
4385
3457
6352
6300
3251
5748
4308
2081
1097
2267
575
286
417
628
2673
983
5773
5486
4801
3363
3939
1345
2732
3444
3303
3567
117
4456
4217
1559
3342
4738
5448
2694
1861
2819
1335
3291
4682
4255
2962
2282
715
222
404
1956
299
345
4517
2813
5566
5529
2770
3795
2693
3023
2936
502
981
4341
1634
3220
542
4574
4577
2922
1088
2705
4192
30
4252
834
5476
3691
510
2225
5316
4673
4759
2576
6439
6449
4639
2988
2676
2438
3855
1671
5942
4148
4062
2579
1747
2384
6377
4788
323
6276
744
1585
2414
1321
4273
6392
2938
6381
4622
2465
2487
3593
3479
3216
1208
3099
4307
1185
2746
2280
6295
3741
1471
515
3047
159
4680
2217
2880
5716
4230
796
3559
884
4922
781
4645
1054
769
5224
1581
1870
4090
4982
94
3332
2087
948
2872
1479
5976
1248
4464
1516
5232
85
5146
447
591
4392
847
1943
4258
655
5258
4027
2873
5452
4752
940
4200
4138
1610
4672
2903
2170
158
2083
91
620
2388
1673
2793
5642
1505
3817
6066
2336
4267
321
4191
4684
4719
200
4659
82
1590
2738
1218
912
4078
3751
617
2741
5629
89
5824
536
656
5541
2627
1842
2867
26
4114
6123
3554
2405
3194
133
376
1824
6360
5620
3431
4586
4573
2753
5126
6545
4110
4134
348
311
3574
5839
5570
1497
2474
4076
2575
4547
4112
1162
2172
5925
3217
2234
1606
363
3307
5340
4903
172
83
1343
2386
4653
4113
5717
673
3028
5732
2605
6358
4149
2169
1726
2312
4311
2256
5166
2504
971
5578
1786
290
4143
6136
2218
1058
1120
2824
2963
6203
361
1900
2682
646
2298
5391
5510
6450
3093
2927
4146
6520
5590
1337
3312
3577
775
22
5784
3246
5607
648
3978
2951
1353
4523
386
422
2864
2329
2176
5995
3555
757
2013
2131
4263
1348
5160
3673
2024
1280
3766
3294
5290
3140
2279
2628
2297
3715
5639
3249
2478
5663
2583
1582
3514
401
2427
2244
1827
4109
4515
4259
4182
4919
3186
6444
4624
5025
5418
312
6504
1888
6348
477
5082
1663
2029
39
5244
332
950
827
2422
5643
4683
2372
1496
4161
4202
1863
2248
5103
5135
2401
2472
704
815
1878
5959
571
3089
2634
2100
4965
5601
5348
3244
3436
3676
5373
588
3049
5598
355
1223
3630
400
525
1483
2396
1444
904
3193
4411
2010
5634
5542
4532
1338
4097
5780
4497
6152
2182
1100
2025
1992
3932
407
3313
3487
5551
5179
630
2130
131
6489
5968
5275
5904
5851
2665
2672
1270
2103
5778
841
6029
2809
2119
2869
6212
2132
962
517
5928
3077
5651
6056
4740
3551
1759
3827
1924
3799
6412
5307
2512
302
2166
2849
3497
1354
3685
5297
3634
3169
4623
3118
2108
3587
6133
4629
6211
5389
6141
612
6079
2462
6094
2950
1313
2183
4766
440
2886
3896
5132
2265
4699
1727
5532
1164
1829
893
5361
5659
808
1520
1197
724
5237
1596
3302
1390
585
3383
187
4337
487
643
980
3742
707
2868
3018
2923
3480
4102
1167
3416
4063
2622
6337
6332
926
5734
3802
3103
4681
279
6213
4730
3451
622
2521
1751
5833
249
263
6166
1721
5514
2546
4697
573
1346
3473
530
2592
3433
3082
6401
4956
309
2502
2889
3380
2196
739
4042
3859
2772
1743
3278
6189
3203
4207
2286
6547
2289
3041
1599
5979
6116
3225
4569
183
886
3154
1809
55
3966
690
2034
5116
695
1903
2243
2788
2984
1311
3535
105
284
1245
2971
467
1575
4677
5296
4296
1388
5605
5867
5658
578
688
4598
503
5705
1612
1869
4828
3797
4935
498
6146
3116
2699
6549
507
697
2315
2520
3100
5257
1356
3442
3679
2653
1690
1932
4604
5577
811
2736
2825
3356
4080
2919
2489
330
4715
524
5463
449
2914
1287
4367
2785
1865
2389
6226
457
5972
5114
2798
1105
5057
3733
662
4052
2110
2257
2689
3280
4470
1662
295
2982
5170
5702
2190
2750
2012
3971
1370
4546
2171
4767
2537
1463
4696
266
2129
5830
2739
645
5442
762
4840
1265
3847
34
2437
4356
4015
2532
1792
37
844
3565
540
6120
6095
393
982
5845
1523
1214
1616
1884
1079
2692
1166
758
283
6062
3126
1621
3158
1735
4212
329
6389
1664
1103
6328
6086
1247
1131
1134
369
3305
1383
3980
394
6248
621
2499
6265
2318
1815
2710
1018
136
750
2364
3107
3616
3726
5678
3908
3012
4709
5684
2281
726
1594
2792
4034
3424
2071
193
2423
3125
5622
1396
4093
2548
5582
4427
3274
81
3675
1344
3337
4186
902
3395
2866
5498
5175
360
162
3440
3353
2136
2836
527
2440
1667
4278
4355
3767
2296
2670
5187
1174
484
4298
3918
468
3358
351
4082
5998
5878
2536
858
6558
4190
2496
755
3957
4590
2415
2120
5122
2050
3886
5041
1600
5790
325
1822
6090
456
2524
246
1564
1658
3207
3781
3091
6350
385
1332
952
292
920
2352
986
4751
1889
4087
1802
1902
928
119
6512
2661
3832
1624
668
3215
3819
2310
1048
1633
2631
2949
96
389
6139
2574
721
3589
6202
5655
1769
3238
2468
5568
3764
1801
518
2974
2902
4210
90
433
1887
4170
5565
2721
1406
1710
866
145
2640
4323
3290
822
5507
6505
521
104
5654
548
6145
970
5518
2834
2449
5473
1102
2117
881
1351
3503
5503
1128
141
787
5957
2584
4403
1331
1116
3344
1849
1772
3425
1547
2893
2939
2999
5113
2313
5234
4031
23
6521
4504
3113
2350
5615
5550
5688
2941
3389
367
583
949
2151
2163
2529
5710
5836
1417
2193
4611
3404
453
1341
4218
4376
685
1055
2016
6101
5123
4887
2940
1419
3828
3088
2611
4609
4601
2686
5240
5668
2326
6158
3381
4987
1836
2471
2159
3229
5440
336
1548
479
1999
4073
6102
2803
5327
4412
434
2656
5561
216
4299
3032
3619
2748
6105
3709
1492
399
1349
4361
318
5098
291
239
6459
5435
5885
1565
5141
4926
5076
2288
4022
3010
4250
2308
4647
696
4111
3135
1472
6477
3704
6173
3083
4266
3165
5630
1731
4227
3720
6519
27
1540
516
408
2344
6081
5826
4910
2236
985
4602
5946
107
5271
2667
2549
5690
2587
262
577
3059
2613
1862
296
2314
2175
5920
1326
6535
265
2842
2394
3048
4201
4651
3813
3084
1083
4269
3890
3384
3376
2215
406
4378
1168
2996
887
6077
3035
3527
5617
6440
481
2078
5447
754
4492
4621
3919
2181
3941
1234
4939
5763
6463
301
3804
1525
6204
2858
550
5014
3123
2491
6078
110
3647
181
1447
2366
3792
3439
3791
1090
2932
4048
391
4530
3051
733
3343
4472
2068
3753
5112
2097
2031
2209
2756
3732
6228
2359
372
2761
4746
2539
957
4374
4326
2341
5394
2735
2578
4871
176
1146
97
2435
2981
501
2603
3044
4216
1574
901
1823
3066
2206
4984
3617
3881
601
5360
2978
2843
3110
2387
2177
4375
5756
2184
5729
4466
4906
2054
4420
2277
5431
2955
6217
1200
1074
1885
6174
5509
1205
5902
4970
3812
5770
5557
3247
3129
4819
1820
1949
2995
3231
4088
2133
4331
5810
1049
6000
3221
2779
2065
2219
835
4630
5912
3282
712
1896
2107
2327
2146
382
3835
3992
1644
2609
2591
2240
5294
1605
4061
3528
1860
2690
4322
959
2597
1481
4469
746
4183
3276
3879
2227
508
2380
2679
6048
1742
546
5252
2507
4869
3076
1853
5107
5650
156
142
1212
4107
3651
3398
274
4703
2481
2208
2660
6540
5022
3351
4761
2815
1625
4129
1854
568
6069
4792
364
4279
3635
1785
3252
472
3898
6550
6309
4300
4008
4775
638
1207
4079
3011
469
4575
2211
4481
2758
1695
3270
5966
1755
5372
3592
35
4085
1632
4239
4007
3629
1787
1821
602
2725
1722
496
5205
2968
3222
1557
2818
3309
5214
3120
2442
319
5362
875
3257
1626
3699
4351
4486
2051
905
1728
1622
680
149
3318
890
5393
6526
2787
703
347
92
139
335
4516
1263
5714
2197
2173
5197
5606
1778
3209
3482
3072
2118
5229
4423
2088
3903
3638
5450
4249
1684
5888
4345
1257
1440
2871
747
5071
3488
3700
2500
3560
6067
3139
383
2852
1573
5152
31
5200
966
1789
2930
4875
4649
2783
4534
2646
3406
2877
2983
5300
252
4692
5047
3600
6114
1607
2985
4579
738
2020
1890
2261
5192
4067
5263
3520
3906
6258
2619
3730
5289
4851
3325
2015
405
1818
4511
122
4859
3777
5602
1149
6042
1631
2323
5115
4460
3265
5162
1511
6268
731
4041
2330
5318
4181
1741
1222
5930
1877
2965
4527
3090
6043
4159
5591
3763
5772
4480
3199
1745
322
3224
989
6478
5379
1412
1893
387
3016
529
4354
1556
1561
6342
1627
5862
5985
2650
2075
2933
6529
5712
2637
6446
3071
204
3681
6205
366
269
4643
2379
5184
5892
1154
600
344
5039
1795
2589
3591
3372
2304
2404
1784
4508
2147
5366
101
667
4098
495
3450
6046
2047
5206
2335
189
1774
213
3064
2245
4289
6176
2003
5860
763
3808
1603
2814
3815
1491
1176
2342
978
1482
4414
3843
3293
3584
2528
1963
174
3020
6132
5802
1686
1531
4921
1737
560
1550
1013
6334
324
4304
4132
3197
230
5758
334
1926
3502
1488
2360
2058
2644
357
2483
4862
2943
5940
956
2907
3852
2378
3877
1579
1486
3205
3506
5400
4499
4108
4196
1604
4722
1811
531
1656
3712
5556
2979
2373
480
5374
2614
2022
5125
2717
1082
658
4350
6041
749
2154
1077
78
5960
3984
2832
1790
1513
1020
3130
5769
5775
5490
2845
5417
3128
4725
4332
226
2742
5483
4253
3771
1325
1213
2258
4964
308
3435
379
143
4436
2311
3046
1153
458
2369
220
3642
3138
4388
1611
3772
5564
5951
1740
1368
1665
5215
4977
6060
3371
3608
4539
5077
5848
2937
2629
5554
6260
5406
4193
3995
3780
4305
6534
5718
464
6510
5304
2445
2152
1204
4501
1199
899
559
3696
2697
4353
1506
6288
2156
2967
1420
2777
6429
1065
6493
3998
4425
1050
217
4319
275
3719
5715
2252
2272
3402
5543
3179
1682
4587
2743
3460
570
4118
592
4760
5596
5176
1946
6075
882
6024
6376
3378
2766
358
4303
1521
2216
5238
5558
5818
5436
4742
3626
3902
2409
5881
4726
4120
4198
5733
3853
3943
194
964
967
534
4342
6447
3999
2228
2641
5454
5537
1026
2069
4721
5055
6522
4276
317
5329
473
1480
2862
2080
871
188
2994
4496
1776
5136
4020
2067
1418
2908
5390
2454
828
2960
6472
2259
4291
1775
6016
2392
6034
2740
3458
1443
1587
154
178
2618
670
2757
1106
1427
3983
3102
1089
4256
6375
5681
3969
3268
4377
2593
64
2355
5911
3263
1414
4593
4363
2007
2134
2582
5958
207
2363
3975
270
5243
112
2165
552
2556
1882
4606
1190
3095
310
5990
1915
4610
2846
2082
2831
5917
3319
512
2554
5305
2451
4205
699
3000
1983
2157
2790
2140
3122
1767
6070
1562
2398
362
2300
5321
968
3050
5599
2706
1057
384
2527
1037
4693
1277
6182
2987
289
3728
6349
4243
491
1286
3571
2572
5465
1436
3621
898
1620
880
1799
150
1114
1224
4698
2729
522
3485
1874
461
4348
3181
2915
4559
6044
2385
1160
2332
3405
675
3498
5138
4570
922
2128
3680
445
4724
1485
3864
3036
698
535
4566
2242
4471
3736
5641
1051
2945
5380
2900
4899
3857
4244
6052
5336
327
5004
1464
5924
1838
993
5481
5430
772
2238
75
1934
6552
4234
160
2989
5863
5259
1756
3061
2104
2530
2522
1138
2000
1813
4664
1761
3414
2213
4283
2977
6496
806
1275
1814
5982
5475
5869
4211
5424
3752
3707
4179
2655
6002
5674
1965
3045
177
5887
545
5223
6486
5645
2403
4706
5438
4226
3471
3117
4954
6363
314
2827
3863
4957
6244
2896
3746
976
4789
2305
3419
2328
2479
5495
2855
152
1150
4648
3112
3614
2191
2207
782
4241
2972
713
2719
397
1123
3104
3009
191
1246
1991
2199
4106
5916
5549
4260
889
411
1615
1796
5536
863
