3080
1456
4071
1055
6151
4092
745
6469
1874
6123
555
6659
5696
38
4407
4315
4072
1289
4155
5322
1125
5724
4899
1179
4949
1694
4724
818
6402
284
4830
4355
303
5737
2121
4695
365
4137
6837
5059
453
4346
6477
6677
244
6323
4463
4467
4377
4890
1544
2217
4820
4058
5746
4755
5023
1113
5310
4034
4550
1973
4762
6788
6644
6142
4659
4237
1583
2224
6915
1658
6055
4705
5523
370
5085
1793
6880
4555
3012
6546
827
6836
390
4157
1779
5834
514
5637
5027
1045
5517
6434
4930
5464
1231
6031
577
6195
671
6310
6856
4188
5258
1988
1659
5526
4392
6275
4168
4582
5630
6628
4931
5193
4173
3086
1170
929
1032
3002
6025
6665
3085
699
5760
4995
1422
5358
1970
6772
5265
636
6355
5534
4720
2015
6718
4112
4848
944
1269
1932
817
5129
2105
5675
5964
4388
5668
1028
1153
1443
1021
5525
36
1493
5895
4424
216
3075
3021
189
6027
384
267
2016
186
4067
5590
6903
5387
4630
5254
5542
4708
4570
6280
48
4947
4443
3006
6474
656
1371
2167
6789
5063
6295
4056
4839
6888
4787
532
4085
589
6213
5237
2218
6457
5603
4798
6947
9
551
1166
5609
257
5883
546
2155
4658
893
6794
1150
1882
6682
6081
1556
5161
6356
178
4956
1109
1232
4904
4094
1550
2182
406
5327
1470
767
210
6146
2143
746
824
5614
4413
884
5514
1355
5094
1597
586
2065
1225
5988
1805
2208
5695
666
1358
6038
5732
576
72
979
291
443
5554
1143
4877
3044
421
4656
5949
5062
6956
6584
4750
1217
5028
1344
6567
1762
6707
523
6471
6741
1058
1525
1067
980
417
5925
409
5056
3046
5569
5957
4493
5197
4648
6739
6465
6899
5356
6784
15
4360
6581
5188
374
333
37
1727
1367
4215
83
4475
3072
6446
4303
2145
4592
2152
1780
641
5326
6069
860
5620
4892
5818
2200
1886
2115
241
5173
5260
1534
1978
1809
1438
1969
6736
6406
5897
525
6722
1677
190
272
4141
6853
4481
6847
5575
2021
6792
4484
1284
1046
2100
4533
4534
1549
6841
6050
6328
6487
1683
1606
2097
4499
1288
4749
5329
1885
5985
1116
5679
6472
1773
1713
5750
6454
5119
5660
6832
1030
4132
982
6279
5169
2125
1954
5186
5733
3054
6576
334
6408
4900
5709
1375
1175
866
6840
4971
742
573
4882
3036
6488
1065
5251
1352
1655
446
5615
337
6770
4508
1579
5211
2022
2018
39
5657
4398
1786
6212
6626
6961
692
1806
2175
4497
3056
4261
5520
5142
4747
5510
5764
658
6733
6260
4809
6290
1237
6713
6969
5565
4694
1784
4054
6221
5932
3032
5043
1945
858
1573
4401
3097
811
6845
6134
3096
4989
5185
2222
5352
358
4047
1985
6343
5665
6781
585
4135
5655
298
6136
3035
614
1663
536
4893
2074
6338
4538
6287
5669
4186
5513
5114
4537
1406
4457
4453
517
4772
6879
6525
1413
2111
821
4709
5359
5823
4129
4322
6804
5395
6451
364
544
5516
5312
541
4038
2214
1114
5850
1025
5550
988
5128
890
6347
6207
1666
5493
1802
1035
6738
6470
2187
5025
6033
2212
2168
808
5920
5321
2188
753
1333
3100
5122
1271
5654
1943
5333
6959
242
6486
1840
1718
5463
6109
6946
5348
1159
1126
5131
6219
6369
6341
4874
6831
1360
1870
4993
1108
914
5357
4561
6277
5585
3083
6829
6333
4358
100
6561
4175
1796
4990
6043
6566
880
5894
5893
3041
5078
1986
5202
1112
5714
5944
6317
876
4764
5305
6424
1615
1629
7
949
1141
1799
879
5953
289
4053
4045
4664
6440
1571
6640
6431
19
165
4927
596
6797
5380
1349
215
81
663
5839
1118
4668
3069
6214
5997
5758
609
6940
407
4344
5738
4727
5488
1216
5178
4106
4921
945
6049
1396
6641
539
5245
1135
5155
3067
1439
6468
4903
5439
1278
5472
6779
1131
4488
6235
4070
4962
468
339
634
4800
1441
1026
6542
5199
4769
6045
6492
670
4707
246
4055
1130
6036
5139
5148
5347
5396
4372
6015
1033
667
892
6409
975
4450
5860
6729
5759
1705
2223
5200
6366
4589
4196
460
6939
5859
5598
4284
6241
2180
4035
6656
5115
91
5853
6671
509
349
1749
42
935
2170
5611
6954
2051
1201
5628
1050
5577
792
535
308
1265
5962
4918
4046
5822
5355
1492
1782
1012
620
6816
6554
1362
463
1866
1900
930
1811
1558
4957
1596
5068
4127
4474
5636
1490
5311
217
4785
6806
4405
1665
6407
5207
6916
4576
5808
2069
590
1904
6537
5316
4641
1165
4253
6545
3050
6018
4430
6933
628
5506
6218
1364
6918
4807
1562
1775
6450
1821
752
5225
4832
2096
748
1063
6538
1433
5143
439
4528
6807
6651
615
1604
1545
1968
1073
4449
2127
1009
6056
5658
6425
2186
6780
5841
6202
297
789
6732
5238
41
4557
4660
249
269
4283
4937
4661
1014
4
366
5990
6340
1070
3025
1334
4369
6459
4504
909
6914
4650
1994
92
5648
1483
6660
4575
1363
4074
5986
6681
4121
5865
1155
4262
4076
5755
1927
1176
436
5960
883
4914
426
825
773
4190
4193
6396
5581
6582
1672
4885
4670
4872
475
74
5479
5468
5049
787
6935
5548
562
1678
6884
5144
6003
5923
362
4421
288
2098
5051
4426
2029
89
5935
6140
865
5673
5969
427
1613
1403
6370
280
4677
5959
97
5812
4655
1697
6817
5442
1052
785
336
5496
1132
1264
6346
5487
5269
549
4566
6274
1939
869
4075
831
1635
6199
6225
4940
258
6322
6138
1023
3042
6802
5926
445
174
4563
2095
1711
6911
4060
6556
5208
1535
4139
4951
1664
5466
6203
4362
456
4376
6731
1797
4425
1024
6375
4221
6520
352
5612
6418
1388
326
554
4517
6653
90
1626
2150
5057
332
4184
5690
1777
1632
6666
1290
1019
1110
1498
6288
6188
4994
6300
1526
2038
4476
507
630
1582
1752
3101
5579
385
6619
290
985
5706
6499
1017
1408
1499
2107
1209
4944
5227
5562
4991
5984
4653
4290
897
6074
4133
5048
3081
4496
5303
4105
5541
1982
4780
6198
2149
1754
2126
6400
5807
87
1411
4230
5968
360
4386
572
4815
6493
6291
6412
744
5037
757
5716
5224
2226
4704
4819
6481
393
6705
1627
566
617
6263
5982
5465
4622
6909
1712
4220
1174
4177
5157
1206
5040
4419
5586
5993
511
4936
1199
604
698
1444
2128
809
5544
5252
1491
769
1630
6945
2035
4646
4961
5475
1679
4041
4760
6627
885
296
5138
4098
4841
5363
6719
6342
5206
4241
3059
1580
1382
4406
6716
4379
4480
6672
3011
1532
3047
1577
1365
1213
457
1266
4902
389
5505
575
412
1171
1200
5863
819
2196
1412
6215
3079
1546
6216
1495
2221
5720
1557
5042
53
6491
431
3084
185
855
13
4294
4831
6887
1219
1628
834
4166
1475
1485
870
1726
5263
6815
1540
5020
5820
5153
5825
6745
1446
6445
1836
4581
5079
6047
964
938
4663
6034
5558
1381
2102
277
5739
4643
192
4638
6881
5108
6547
6559
5966
616
4091
1224
1801
1991
416
778
6437
203
5705
962
6209
2176
704
2039
570
6129
2101
5625
6032
1205
763
176
1541
6075
1569
6510
1592
449
813
6201
5595
2198
6084
3091
6423
1670
6141
4302
5158
922
4784
2215
960
4808
961
5951
6028
903
2023
1948
1022
4211
1134
3087
5024
6061
5026
6893
1958
672
1608
3078
5413
756
6014
5029
1905
592
5190
905
5343
810
798
2075
5970
5710
5407
6950
1500
5083
5875
4485
6337
351
5052
5862
88
4227
1833
4159
4167
5262
6242
6127
6904
4086
4554
28
6428
6642
5032
2114
5955
1003
695
441
6228
276
830
6103
2122
101
3023
1486
1115
1105
6923
4363
3053
1935
5412
1287
3017
1157
5300
4635
5443
6404
654
4896
933
381
1859
2041
1341
5803
386
4706
6010
6224
923
399
1941
6186
4375
4726
795
5717
4478
804
1060
545
6560
5580
6150
6455
3019
2231
1568
5168
6855
4347
4483
45
1203
6809
4273
6112
1451
18
195
561
3034
4170
5956
27
369
569
4963
743
1785
391
2109
1701
6521
49
3066
5095
4367
307
5503
287
313
6631
5715
5362
1238
6734
6740
5539
5481
4886
829
5702
970
6265
5123
1015
293
2206
4753
6067
4103
1737
4905
4089
2174
5599
4765
5888
433
3
4519
3039
887
4654
4913
1944
6498
4574
1474
1696
324
5768
6638
4395
537
1211
5230
1458
1538
823
4516
201
4530
567
396
610
1469
6120
4813
2164
1729
6062
4558
986
4954
4742
5497
5236
6367
6411
6115
5594
4040
6441
1661
1031
4451
4082
5697
6649
4790
793
4500
1843
4967
1553
5171
5842
4583
5314
4352
6139
5601
1226
317
5522
1430
1409
6149
571
2163
5150
440
1756
1377
1567
346
6630
5892
5631
6131
4236
2067
2
1690
4698
286
6972
4050
4349
6476
6551
4052
378
976
6456
5745
253
282
4073
591
533
6058
4297
794
30
4156
740
5919
5712
1794
754
4766
6262
1240
5135
4844
5162
375
33
4520
237
1419
6065
1454
1684
1267
1857
1345
967
1759
304
1807
4718
31
3062
310
4626
4521
891
299
6509
6922
2120
1795
1826
404
4929
513
5811
4569
6206
6321
902
179
1275
4729
5992
806
1158
917
1961
4487
5109
6912
6230
5501
5527
4984
6735
5441
1497
5248
4759
1942
4876
4323
1593
1772
1005
1822
415
1379
2124
6327
4559
5934
6309
4298
6190
252
4838
1374
5137
388
5389
4162
5856
2106
1218
1156
5077
1146
1764
4039
6519
24
6620
6504
1987
451
6761
4560
1972
1
343
1787
4460
435
5810
447
6410
5635
6399
4721
5397
6906
6466
5703
6712
4313
5879
5930
1241
4754
4934
2036
5943
4907
6549
5198
4788
6068
5752
1989
5264
367
309
5641
6314
322
2159
2160
5886
1864
6270
6066
558
6180
6544
4115
5070
1042
3064
6901
580
405
5676
4850
17
5127
857
4345
1824
6373
5120
5342
5954
1056
20
4366
662
432
1953
211
1808
638
2033
910
300
4824
5698
5547
5572
6128
697
5360
1576
5847
5470
5983
5090
4316
2017
6016
180
6137
856
1399
5315
987
14
4107
5437
6786
925
464
170
4985
747
5882
4416
4505
4826
4572
5877
4429
5435
1122
6350
4744
6684
1207
1503
6728
4624
6181
5674
6299
4083
6284
5728
1521
4492
4717
1733
4810
4768
1463
323
4884
4793
200
1834
1839
5819
6417
5241
1286
1992
5623
1450
4048
1719
1066
1867
764
6727
379
6835
5130
1906
1753
4387
4910
1448
1691
213
4164
251
6541
5650
4183
5163
1798
2169
4835
5561
1589
5693
4077
4649
6938
6331
5998
981
6714
1293
1803
1781
5947
5349
5991
169
2045
1889
5044
1887
2204
5753
6130
4552
6522
1560
2229
1459
5306
6073
4531
6336
954
294
5867
1214
781
5531
5223
1244
1041
1373
4923
6132
5633
973
5046
4776
4213
429
5093
340
5924
4428
952
4146
2049
6020
1844
4845
6398
1423
4486
6048
212
4909
5203
4587
161
5627
5
1069
5559
95
214
5844
4891
648
6009
6118
5751
1484
2043
1332
1215
1051
93
1533
163
4942
10
520
1210
1637
325
6678
1127
6371
583
4627
528
348
4356
411
4410
664
936
3051
606
1590
972
2181
6726
266
6891
1121
1129
4829
6898
6955
5409
6352
1893
1407
4623
5166
560
34
437
5486
5656
6353
4535
645
4812
623
1429
5840
4455
820
4988
6229
247
350
5167
4585
6083
6079
1471
6289
2185
6676
281
1814
5588
4116
1234
243
4875
5638
1361
1757
6577
5484
302
5507
969
6022
665
4711
5309
6563
508
608
4275
6776
1477
526
6648
1442
3027
5524
5629
4080
1496
4084
741
5937
780
4511
4828
1468
1394
4851
931
4351
2213
702
6808
5667
5651
564
273
3040
900
6813
4371
4943
4825
5433
4130
77
419
1398
5346
4373
524
5605
6267
3076
5261
4701
283
6720
6774
4479
4870
5082
5645
4195
6113
1173
611
6319
4651
5672
1838
5816
5323
6895
1790
305
4255
6801
4849
5189
6934
791
4970
6297
4675
188
4051
1903
5055
1804
1823
2014
5824
4853
5030
4908
1873
171
4722
6574
4490
4933
805
6771
6663
5270
4147
4801
4756
4662
5653
6622
5682
6416
2210
2179
4672
6264
6952
4833
5334
6636
1728
1575
640
5765
2024
5880
5266
4225
3009
6573
5209
5858
450
6153
6960
822
4620
4148
5175
4282
784
196
4171
4268
6234
1680
6479
6076
4811
5719
2228
1337
6082
5535
5411
8
4427
4640
5564
4238
2203
347
5096
471
4919
4243
4911
4042
3094
5685
1722
5121
4586
5418
4278
5560
4414
762
852
6890
3089
5250
6742
4728
5583
1233
568
4590
6650
5192
5743
947
5118
6709
6085
1578
1064
1294
1346
5805
6432
2199
194
5053
158
3037
5499
4637
797
5181
1455
4745
5828
6078
1467
6040
1054
6685
1369
6419
4540
5147
5587
5259
238
6354
4821
6762
5390
6587
6557
522
5361
6438
6527
1488
1520
4300
5383
627
1221
6858
1956
6842
1845
6223
1527
5317
6453
5593
5249
5747
198
1435
5047
1603
6715
181
4250
1401
6679
3022
6973
6298
1277
619
6844
2183
1040
521
335
4515
4595
4280
5770
5086
1656
6937
4354
6777
783
6517
261
6429
6497
4409
4924
4827
373
1013
1043
5545
5555
5176
1595
6664
749
696
1049
4128
1297
5319
4917
1461
5940
6507
5330
924
3065
5116
1501
314
4245
5477
5707
6796
6743
4621
1930
6625
5159
4110
1702
5134
968
4248
5621
1812
6292
295
4442
5563
4468
6116
6007
833
624
556
1765
52
5313
5646
1957
1937
1686
864
1725
2064
22
1357
204
6268
32
4783
2118
530
5848
515
5607
1669
6414
472
1018
918
6514
2030
1378
6711
4176
4767
5039
4154
1842
646
4465
1137
772
6111
1522
4871
394
4065
6502
5551
1148
1751
6624
4836
639
661
3024
5661
5226
862
5034
1674
4296
4968
6526
782
4277
1901
5851
329
1434
1404
6919
5419
6443
5379
1829
6575
6633
6051
1676
4389
6227
159
5942
4254
6578
5076
519
956
4189
2026
1020
4111
4964
4182
1817
2117
6963
1338
1825
814
5229
6810
4244
6478
5766
6811
259
2151
765
82
3088
5931
1481
1955
1502
1353
5234
368
877
4867
700
4741
5350
6422
6192
363
1946
1507
5401
4986
6496
6970
5680
5045
4095
6463
4565
4751
4212
430
1395
6548
4514
4840
1029
4385
5340
6231
160
4477
255
5179
912
4948
3092
4314
458
669
1572
4710
2173
6799
1692
6403
6024
6105
6569
550
6037
1947
1732
4665
5301
4494
2068
3029
5871
957
5087
1788
4397
4761
1204
6652
5800
1270
1543
4281
6004
4965
1145
6564
5518
6838
6673
4719
5826
4958
4240
4368
5659
6843
250
4224
6447
4357
311
6294
187
434
5403
5021
3038
6484
4932
4955
1877
4802
6232
6348
5174
5406
1223
5884
5722
6063
372
6439
278
6917
5298
4644
5852
5941
4063
4526
6795
5483
5889
1614
3057
4432
173
1531
1168
4527
6773
6021
6011
1936
4823
6826
632
5126
6135
1473
359
4222
1721
6639
800
5485
588
6886
4868
4619
5836
1347
265
6505
4178
424
1245
5060
0
4145
51
1133
6558
1359
4259
1609
1769
1871
775
4906
5354
4880
6562
395
4266
78
2230
16
1600
1723
1818
1984
3004
4276
239
2052
4469
5478
5180
5061
1875
6790
1976
4411
1617
1766
6211
1529
4422
1894
1462
1372
54
3033
5084
5196
4226
4104
5938
6147
5556
6632
1139
207
6467
694
312
4272
5410
6555
1688
1610
6222
2220
693
1975
5474
1391
5344
5677
4578
1007
6030
6460
6500
428
23
1418
1952
6683
2154
4228
4667
5771
4452
6668
2146
4803
1016
1707
1891
538
4632
6674
4804
164
438
5643
595
4265
5414
5854
25
5537
1147
1588
4288
6184
2219
4743
5253
4140
3061
4192
668
1551
5945
4666
4591
4779
103
6902
6766
2028
6501
4529
5228
5092
1704
6769
3013
5832
1427
871
927
6017
4713
5540
84
380
5971
4642
2044
4834
1668
5325
6767
768
6680
6296
3026
6710
1564
1172
6798
873
4510
6539
6099
1587
1667
4108
6344
6006
4748
331
1036
4945
4676
626
6585
1631
5512
4869
6286
356
6054
5031
6957
26
527
6948
652
469
4946
1235
6271
1464
4671
1730
6461
6783
5091
462
6833
422
5067
6657
6272
1494
6518
1154
5846
5833
1047
2031
1675
1445
1710
6669
948
1815
1530
4763
371
888
6827
1478
208
6618
5681
4799
4473
5868
4260
4374
4459
6623
4502
6793
6968
1107
4482
1832
3055
5491
5331
1934
5071
691
4553
622
4068
621
940
4251
854
1272
6943
5504
1899
655
4153
4447
6803
5967
5604
915
5671
6730
1755
5640
766
776
5686
5528
4380
1548
5184
5125
978
4348
6039
4239
4229
1951
5160
799
1447
5735
5891
5036
4773
6269
4382
256
4818
4160
4353
279
6708
245
598
4636
1351
928
6283
4992
168
4064
4301
260
5670
5417
2076
4703
4512
5729
5855
584
5683
3043
1537
6324
4628
4321
4634
904
6349
4270
1687
4431
4249
1634
1151
1837
4568
1878
534
6850
593
5647
4509
4232
5965
5870
2227
263
5215
4889
1783
5112
4258
1123
4461
886
5246
452
1410
828
1124
1693
510
6189
759
984
4518
73
5408
2171
5066
2116
5921
327
6654
4525
4699
6133
2123
4501
4417
6516
1724
400
916
4144
6273
889
4448
398
43
875
5394
1554
5936
4400
4149
1657
1376
4579
6908
5154
4631
4573
5600
582
5573
5187
6237
594
6152
4920
408
167
6725
1424
6415
602
5177
2112
4126
1220
6910
1888
5436
4696
5054
5385
5624
5210
96
4079
618
1771
2073
899
6266
4059
4901
4847
1858
5460
6907
1598
6764
191
755
6889
56
1616
3090
4185
1552
1392
3073
942
4539
6568
5694
5022
4412
156
1933
4151
861
5946
5204
5649
6060
815
6523
774
5117
1977
1389
516
4267
6435
1660
1700
99
921
6962
4161
4174
4969
5404
5492
5149
4837
651
1654
2040
983
5734
6475
6436
6100
4466
4143
6101
5110
5336
6812
5213
5191
5467
4774
6193
5194
5608
1119
950
1880
1966
6052
761
1140
442
6312
6775
4922
5948
1846
6760
1566
5398
4324
5382
563
4163
6723
5922
6285
600
6335
5299
1472
613
5939
6506
4194
703
1285
5691
1881
1161
4097
183
920
4359
4304
5075
832
939
4415
5769
1053
4814
5952
1212
6008
4712
5546
5151
601
4365
6814
6000
5806
5471
1706
1967
5033
4391
218
1673
1061
1602
2201
5141
4383
5081
4187
4887
1489
473
5393
1002
4567
6675
6667
6800
6372
6332
605
4939
1368
4639
898
5529
1979
4817
5353
423
6240
581
6634
1862
758
4057
531
6121
46
1466
4231
5072
6580
1965
4777
3058
1487
5663
4119
4180
413
4078
2144
1263
4109
1370
5740
1236
5214
6278
316
4069
4878
5088
4384
1246
1039
353
5381
5756
5140
4752
5530
315
1160
2094
6035
1856
6485
4458
5861
1536
5881
4117
587
5684
5878
1708
5731
529
5613
1034
4489
328
853
4218
5320
1565
4771
5933
4456
5073
5480
6427
5552
6185
542
4795
5699
2104
6070
2216
1928
6830
5592
6205
739
1340
6191
5578
1276
4169
4093
5596
12
6583
2066
926
6513
1774
75
4404
1895
4792
274
6117
4846
2110
403
29
4136
6196
5896
4257
1612
4941
1736
1584
2232
4532
4423
5307
1758
4361
4099
6464
603
1059
4594
6086
4897
2042
4786
4320
6057
6
1400
1524
2184
5469
6002
6281
1295
6852
377
6019
4935
1547
342
5212
5351
5384
1981
1715
1504
4894
202
6645
6974
934
5244
5338
1405
4317
1350
6368
1111
559
5041
2148
3048
6763
6420
5610
4269
4219
1585
6617
465
4197
1949
1884
1971
1861
1149
1607
1539
5509
2178
5489
1699
5400
5576
2147
4123
6473
6785
420
5652
5873
306
4350
5247
397
635
675
3003
4381
1230
6515
455
6442
790
5515
4556
6026
6778
958
1247
1227
971
4256
4122
557
6345
5500
1599
5622
512
932
1062
966
4403
5749
1142
6765
11
6012
270
5700
5415
444
6621
6122
414
4191
5568
803
4716
6108
6905
1938
321
35
578
1167
6885
633
5416
1682
1440
908
6805
5240
1835
467
157
6913
5233
4593
4444
1768
5606
548
5704
5182
3068
376
1964
4471
4507
80
6023
6316
6334
6330
6444
418
6325
5152
543
6846
5754
674
3093
5571
5511
4242
6351
6143
6182
4852
6088
85
6107
5869
6106
1791
461
1163
6226
5533
6114
1354
6239
1555
901
5918
392
6717
1841
553
6426
4044
5205
1570
6552
4165
5917
6849
5495
5521
197
5618
1872
1869
4293
94
1505
5328
6339
5837
1897
2046
1950
1480
6293
206
5019
5748
3052
6148
79
1800
102
1896
5845
1902
6629
4472
5035
2093
6920
330
5726
4378
6329
1611
2027
6586
5642
4757
5324
1417
4647
1734
76
1698
796
4536
3005
6042
859
4629
3031
1563
3028
6637
6508
5995
5538
4286
4883
4725
1128
951
5170
5337
2103
6204
1144
262
5567
4723
5553
1426
5242
454
4396
4789
5876
1274
1296
175
1831
6365
4113
4090
6782
6233
268
5132
4912
5887
4950
5827
6059
3014
6046
4746
4285
1960
6662
4879
4888
965
5473
5950
5688
878
5721
6119
826
5813
5830
6494
660
1366
4179
5386
177
5744
6064
5857
4088
1581
1152
220
1720
5730
162
4399
1980
4114
459
6882
2161
4138
6550
3020
6941
1242
6658
338
6975
6828
1993
4274
4873
907
3082
6357
1068
3008
199
6744
6953
4797
955
2050
6483
6511
911
4235
6942
963
5616
1810
896
4778
5582
1229
6482
597
5815
6395
574
5634
1356
341
1542
5432
974
4037
6261
4674
5619
771
6080
4584
319
1479
1390
941
1006
4652
5597
643
816
4816
1453
6397
1763
5074
5195
6495
6433
21
5113
4291
3010
673
1523
1436
6958
2202
4289
6183
1208
1420
4066
1228
6452
801
625
4271
402
6326
1180
4433
1709
607
6490
6768
4645
292
98
6839
1452
2197
361
1816
5725
4118
5849
4292
6448
5885
6124
4299
6848
4364
612
5829
1335
5318
2156
647
5164
5664
2092
786
5689
5799
6315
1291
1671
1449
5591
1038
5989
1883
1460
5476
6579
6276
5232
5268
6187
5802
1974
4049
6208
6413
4252
4960
657
3070
5267
4279
5438
6210
1136
750
55
4172
779
659
868
345
5644
4916
3007
6787
1343
5874
867
1162
240
5767
4758
6194
1605
6374
5405
6724
1120
6503
881
5440
2207
4394
1283
5332
4061
1476
4234
6661
4770
6854
1037
6565
410
5963
1279
5498
1770
1044
4181
653
401
318
1298
1004
4881
6005
1465
5736
166
184
4216
6001
47
5133
4513
5399
6104
1586
4775
5727
5124
882
6102
1519
1855
4233
5718
946
1431
1868
644
1239
6883
6791
977
5831
5434
6737
5639
1243
5557
812
3045
6197
1636
285
5536
1714
1865
1735
6462
5762
1574
5708
5843
1963
