220
3504
1296
1544
2042
3439
1690
1733
835
2167
1206
394
3374
1505
3140
4032
4316
2192
3069
1320
4129
2306
3437
1922
3248
4074
4377
3521
2172
3164
2525
494
2726
1238
1719
3682
1530
692
373
214
4176
1257
735
47
2447
1738
2603
2977
2059
644
1039
2382
1376
352
406
3357
3933
371
632
2540
4363
4105
887
4012
4107
638
4287
932
2251
706
200
1875
4329
2663
520
1244
770
4311
3084
2440
3427
1329
1612
1850
3068
2373
2789
1115
2137
28
1666
1001
832
3072
2473
109
3302
850
1008
961
1681
3121
2679
2004
2961
2424
431
982
4243
2477
2096
2804
1078
1199
4086
1670
67
2832
3798
1370
4174
911
3224
104
2469
1746
69
2155
2890
1485
251
229
3519
3947
2959
3910
3382
2101
1422
2981
3674
1847
2621
3888
2906
1500
2220
1788
3304
232
108
643
3500
1655
3946
1526
2796
1981
2872
1940
139
4
2629
2471
2790
3550
3309
2895
575
927
2991
2242
3225
363
3618
688
2782
3199
2304
2651
2333
3303
816
2854
3827
872
3147
2013
3395
2069
572
1401
2785
2830
1771
670
2350
13
2145
2719
3770
3779
4076
4058
2634
4300
1495
1796
3700
658
2384
1806
2381
404
91
1901
2278
2020
1292
2553
45
4360
3077
4258
2417
2939
3632
2264
1699
3116
1649
3117
35
3653
4270
704
260
1959
1321
2986
1442
2357
1654
1745
122
2662
3640
2669
3337
1943
3799
2080
4136
761
1317
1176
4227
1786
268
1284
3819
2947
3949
3241
641
2292
2182
1148
1568
1781
470
208
4382
1887
4125
1972
2658
4011
3936
3436
786
3477
3743
1513
1648
3030
2068
3929
202
2099
1091
1219
2610
348
2521
511
719
849
1522
3182
3305
2535
2950
498
3943
1426
3146
189
3714
2706
3435
1567
827
1758
3899
1516
903
2633
1860
467
3270
4006
3821
1951
3625
655
4041
1652
2985
1674
1971
781
3485
905
662
4309
387
3171
3662
322
977
3975
38
366
2637
1264
1537
2834
1374
358
1349
4109
896
2406
4182
939
2590
4210
4252
581
1162
601
1729
146
2948
844
1574
3422
396
4268
3212
2479
3045
3081
1720
1415
4365
3851
4193
2513
6
2108
3797
1908
4297
1858
1994
1308
2263
2023
4322
593
2901
1693
3839
810
3313
137
99
2437
2007
1752
707
1188
64
3022
1744
2605
1247
807
2930
1431
3441
241
2824
769
4019
2792
2573
1639
901
2613
885
1025
2526
3808
3105
3168
2391
999
3613
2016
1280
2562
677
1449
306
2551
710
1360
1076
699
3841
3576
2163
3722
3537
1748
3430
1716
2138
3822
3520
4091
2181
934
2572
2146
3428
1772
1443
3131
2091
4327
2239
2256
1234
1586
2053
2301
2554
2128
1407
2520
2642
815
2369
2595
2893
1956
1139
2781
365
2248
2393
3623
3648
4153
2964
3409
598
2764
3879
2795
3703
2362
27
843
1194
1020
2817
1336
4352
4277
3516
3065
3785
3557
3675
4059
780
3179
240
1557
1023
61
331
2536
2622
2677
1380
2499
4177
3338
4007
3255
1706
3007
3138
243
1368
756
1446
791
2033
317
444
505
1621
4029
3114
4073
2625
432
2387
3103
1583
4085
980
460
852
1283
1859
1884
2869
1134
2015
2344
2187
1385
175
3782
3015
475
997
773
4147
3217
3656
2916
2029
2412
3774
3513
3348
1131
1628
615
2606
4168
1897
465
3854
462
4116
1361
2481
3339
2894
71
2866
233
941
902
346
1548
561
4189
2246
1734
2195
2314
1466
2582
1852
3089
277
1057
4266
746
1445
4216
2273
3969
3698
3503
2808
3754
3014
2036
2594
4211
1502
1637
3214
4282
2876
2133
928
765
2285
16
1179
683
3471
2210
2682
4188
4272
490
1237
3341
892
3230
2720
3444
1843
1425
480
823
3686
159
2680
724
2646
1146
814
3690
1969
3812
1366
1017
2946
608
2462
1825
1794
2325
811
1358
2003
3778
2330
4140
2656
2607
1147
2537
1135
1334
2940
55
3901
142
2127
2150
918
2271
254
1441
3806
2759
1313
3802
3362
2745
3163
3319
3574
3193
914
1059
3461
385
4344
3732
1399
2584
3106
3593
1041
461
2347
1061
1013
3765
181
1265
2233
1159
3025
1588
1312
2880
742
3530
2466
1598
1509
3289
3094
3680
1027
1096
3972
3195
4238
2531
3650
4212
1373
3058
3528
3511
2704
2180
272
4138
3160
4209
211
4100
1698
672
2229
2676
2510
2416
1150
274
1367
2561
4077
609
312
1295
1741
3944
1687
1863
438
2125
893
3868
4111
3298
784
1689
633
3048
3860
1127
653
39
3837
3840
1712
588
3611
3491
1178
1191
1660
2578
1878
2086
308
1990
3453
349
2105
3462
1164
2825
2038
3355
126
284
2165
21
2118
2426
2114
3398
1300
3031
619
802
335
2943
4120
3452
3763
4180
945
1111
1205
2953
1365
1846
3373
3691
418
2616
2332
3479
660
187
3740
483
3233
537
3744
531
2612
3553
3240
4081
2014
1869
4005
1735
1323
1267
1011
3711
57
1580
4241
3221
3973
3549
2673
2998
3877
873
2498
1724
661
1642
1556
2442
4357
3127
3654
3404
2484
379
3125
933
2783
194
875
1566
2443
2409
4035
1827
4233
2249
1403
3414
884
1653
3535
14
1359
723
1510
4141
127
751
4031
3792
4260
4251
2777
278
3229
2865
2152
2419
1474
3959
1777
2911
3800
3281
3167
1493
4237
741
1577
1063
2459
3033
342
2089
3037
651
2826
2043
2508
2116
1973
4152
4026
3900
2085
1043
4217
3063
4126
2431
2375
2488
3677
2913
592
1015
2918
3332
2657
1490
626
2938
2
3490
1369
2718
4027
1067
3283
3598
397
3834
1324
2771
4083
4160
130
951
435
368
2336
4375
3600
1650
2912
772
3907
3717
2814
737
1046
1286
1072
4139
1529
3151
3883
2847
3087
3261
169
3055
2429
4267
30
1601
1957
1125
1605
1812
3019
2261
86
4248
2228
361
3440
102
3327
3080
3474
1075
3280
2500
952
1391
2006
4293
695
2773
949
993
414
2276
4318
1857
4181
171
3813
3314
2267
1912
2254
1658
1406
2352
1978
2351
3354
3082
2057
4206
2288
3113
369
637
1902
4247
174
2827
1663
2177
2722
287
4326
4213
979
3110
2934
3334
1476
3075
2575
176
560
3494
854
583
3645
151
4338
398
4098
4163
748
3017
779
173
477
3227
2532
3458
1617
3290
2581
4361
439
3250
1939
7
2265
2598
3034
364
4157
1953
1970
1523
801
4060
37
1022
4062
401
3914
3251
3980
1527
4112
2247
674
1404
2878
1006
3852
3132
3688
1033
2978
2219
2905
630
2921
2230
2987
2699
1195
991
2358
1417
2171
3088
3902
771
1470
2448
2618
492
1892
3328
2418
2100
523
2690
188
967
1685
1423
3
471
506
1392
3442
3301
2711
1848
1975
2599
544
515
647
1609
2212
2615
4187
2340
291
727
2475
1322
2776
210
1839
244
2009
340
3295
2190
566
2399
3220
1448
1587
2951
860
1036
3599
2460
1453
3006
1221
869
2318
1836
4037
36
1730
1643
3060
395
452
2543
2183
3715
1910
4093
503
1395
3039
3433
2705
160
2649
3205
1823
526
3122
119
920
3970
496
1717
3385
910
2010
1031
679
3663
2186
1704
2056
3234
2667
944
1765
2363
2816
1018
1467
4179
73
3400
4353
703
1138
3961
3139
3621
2207
1065
3469
2778
1705
3252
2760
1553
2218
1251
922
4225
3919
2996
837
2131
3392
3003
2476
3793
1106
1753
3231
1436
262
504
41
947
4034
2202
2259
856
434
1109
2821
1088
375
2185
198
3615
1895
1736
4236
2160
2944
2685
2472
3282
3495
574
263
3773
3759
2955
212
3989
1196
1009
1893
2433
3766
2844
123
183
1907
1363
3695
2355
1254
88
1332
3990
2126
1952
81
3401
530
1770
1290
2900
4341
2308
3512
4021
1984
2813
2556
3415
964
3044
2748
326
2396
2104
4169
538
4301
2818
3842
3761
1225
149
3203
3300
2322
790
3100
3584
2005
3751
580
4269
2645
4067
3547
3739
2638
1243
1810
3079
2517
2962
2021
3159
267
689
612
2299
705
2874
2119
986
3614
124
1808
2423
1837
2716
879
1434
3832
3809
4002
2763
3456
4262
1775
413
1700
2896
2988
3389
2161
453
2394
4068
2188
1921
74
1114
763
3642
3937
1016
3066
100
4204
2223
1305
915
3789
18
443
4132
1029
3062
1026
847
730
2408
1354
319
3256
3831
1362
4144
1545
1619
1546
311
818
186
3219
2672
2326
4328
1003
1330
4022
4220
3126
3661
1126
3927
2995
753
112
2774
2885
2597
652
732
355
3881
1081
3905
1350
309
4274
2414
3652
3835
2701
1856
2577
1214
1405
559
602
1518
2846
1171
94
282
3041
3109
2323
3012
2470
4148
2456
4015
690
1181
1725
359
275
567
557
4047
1220
2401
3040
868
1604
4008
392
1816
4039
4305
540
80
2975
3757
957
667
1982
2797
2707
1492
2550
318
795
3445
144
794
845
411
2379
356
1099
3542
3708
571
4110
1740
1834
2870
79
1966
3643
1102
3324
649
2327
4348
3459
1935
3787
4198
545
3586
2156
715
3963
4342
1684
2389
237
1479
1242
936
3386
3496
1861
77
391
4003
3911
1122
2992
1682
416
3830
128
3226
3626
3306
717
3906
2933
3756
436
1756
1584
1933
3866
1198
2919
3236
445
3928
2281
994
3844
3321
3154
4044
833
489
351
4089
2377
2692
1985
430
1241
1844
1967
3446
3568
2971
4286
2040
768
316
3532
2428
739
4246
2062
1614
4065
2199
634
3204
3922
1980
3955
3805
1204
853
4347
3728
354
862
2063
2666
909
3669
1550
603
714
3991
1995
529
2286
2164
2585
2611
3737
3747
671
1085
1866
2338
1083
393
2755
2703
2809
2883
1463
3323
4192
2302
2196
881
2070
15
2176
1721
1882
1310
2767
2348
4134
654
1913
1074
2518
648
33
640
3639
3554
4175
168
782
2189
1167
2910
4184
3876
3591
3855
23
4308
1575
3191
3791
3909
3076
82
3637
2274
1743
2579
635
1472
4324
2857
1189
3651
1541
150
4278
4127
4244
2917
3891
2289
1503
3769
3665
2620
2589
1919
426
3432
3176
2949
1727
2542
3276
1726
3507
1954
3823
300
2060
2457
2073
3731
3605
1886
3878
225
2683
2083
1007
1830
1891
1718
407
573
2094
4288
3582
1185
1044
3124
3968
1077
1318
3449
2317
2356
3559
4271
2349
3102
1055
3318
959
2079
2641
1667
2501
2120
516
289
2558
3286
1958
1427
3987
2478
3892
156
4055
2709
1599
1683
3777
2993
3587
484
1572
2879
4257
2388
1623
3953
2364
2784
981
370
2405
140
321
3885
1873
4259
1819
236
1353
3935
789
2875
548
3810
824
4066
3858
2221
1056
3647
1270
3001
2410
433
888
4325
622
264
1960
180
3009
4158
230
1217
3143
2721
4224
1632
2655
125
3356
2762
1172
3794
2236
1028
1398
2564
3592
4374
1275
3685
921
2487
2082
2115
2206
694
2001
3562
2397
310
1854
990
736
2574
3923
4088
3920
1925
729
4354
1804
3780
3336
488
2644
2367
2596
1143
1066
2465
1299
2282
3612
1084
962
1491
1005
2708
1249
1086
378
3893
2717
3540
759
2074
3552
487
1345
1849
1289
871
172
577
1696
3546
97
1656
3416
2969
3558
2815
2643
2225
1563
4281
4101
2141
120
1108
1281
3992
3861
1137
3525
3696
185
2422
3853
3166
2548
2559
1104
938
3957
3896
970
2819
1024
177
3804
380
4223
1620
1375
1465
838
1297
1914
4113
2999
2136
5
1950
1140
2305
1779
1121
4245
3215
43
2012
534
2761
3370
2324
143
1759
367
422
669
2957
1782
65
3735
4298
1791
1054
1343
1032
3581
2710
3107
3330
1483
1703
1818
2837
3510
898
4362
3136
2272
558
3297
3108
1965
1862
3771
2538
2555
3932
861
745
3580
1747
428
2093
2549
1192
3271
1211
2095
3049
1540
2296
4218
2030
3287
2065
3493
1803
3660
606
984
115
429
3393
2404
2534
851
4049
2812
2967
2026
1947
89
374
604
3275
1019
3730
2398
1924
2681
1751
2158
4130
253
1124
1773
2124
3673
2798
659
1382
1769
3391
4171
2751
3658
341
2430
829
4161
2770
3411
3178
3315
1757
1542
4276
579
3684
2694
713
3013
3590
2039
1870
3657
2110
1997
1166
281
678
2974
3699
555
988
3940
3285
2061
3958
1222
3687
1659
3235
1867
4000
2945
1948
596
265
3123
2766
826
3028
1597
2670
3228
106
2050
3807
4200
3952
2162
2731
828
4294
2235
2243
336
2602
3814
2591
2008
2072
2153
2954
966
3820
2851
2507
1974
627
539
1058
2390
992
3293
2567
2514
3847
2924
1784
2262
3601
510
2952
605
165
1311
2688
1801
1355
3818
2403
2224
474
4331
2528
3721
456
1710
1644
2922
2936
1579
2628
2002
1855
2066
1792
1828
1100
2738
2674
1187
2253
3329
1582
2524
3008
1945
665
2506
3718
2425
3399
1315
508
3381
2684
2806
2512
3859
2888
259
3683
3384
760
485
3466
2111
1268
1494
1452
3649
3073
454
3784
1610
161
245
4038
1389
3052
3156
1521
3575
2159
1388
1144
4208
1764
1303
1622
2392
155
2071
1731
1889
2678
2650
1042
2903
4385
1993
1564
2343
4185
2775
1038
3310
3152
4135
2154
542
1387
10
1149
3616
2732
2604
4289
2928
1590
2968
1829
4142
610
3467
4240
1992
1822
3380
4349
2090
95
623
362
639
1989
48
334
599
1585
2997
1640
1929
2107
3112
2019
3010
1328
1489
2067
2664
2088
1732
3417
1113
218
3608
2266
2142
3051
3000
2385
3142
2565
446
2047
859
3709
1432
1694
293
4239
3364
3788
1259
3748
3602
2237
4313
3162
3965
2884
1512
685
11
3326
3322
686
192
2435
3197
3307
825
953
1534
4191
463
995
535
338
2923
2609
58
1835
1673
1325
53
1868
4013
4170
3216
974
3753
1412
4133
466
1157
1662
711
1263
179
1477
700
4004
4154
1209
631
4186
3704
3257
2741
2468
4190
2920
303
3406
2461
3325
923
298
1793
3577
2772
2937
2024
509
328
3817
863
199
646
2035
3070
3475
3719
840
1918
1904
4017
3200
1963
1630
3563
1955
4070
4383
758
1749
1163
1050
2298
3254
3186
525
3776
111
25
3790
1235
3397
3964
269
1053
2617
890
1946
1223
3551
2258
2640
3950
2541
201
2354
716
4014
1519
1177
1381
1304
491
3555
3758
148
1645
138
2898
2368
1294
4321
1421
4320
3201
2746
785
1186
178
2342
1565
216
1999
3918
145
3755
24
2365
3845
2787
3455
415
3941
4028
1116
437
3872
3145
408
1002
1212
2209
2434
3232
3635
1175
3463
2592
3811
1068
4351
1327
1418
3198
2353
750
495
1936
4230
8
4367
4183
4304
973
1594
3849
3002
2516
4370
976
3316
3454
3135
1817
3948
1838
834
585
617
2926
2268
4284
2668
4042
2279
2446
3501
1256
550
3053
956
2371
1840
248
2049
3350
3826
2839
3141
1277
563
1132
1371
1807
1416
919
2386
1447
54
1408
2374
1307
1341
333
3489
2444
4364
2076
963
1715
3208
499
1118
2144
2728
2084
412
3487
1184
762
3655
774
1413
2533
3128
2346
1996
1675
1339
1101
4299
2970
4381
3174
2452
423
2495
3971
3434
2329
1607
3259
1274
1357
4373
2277
2509
226
3604
2635
3279
3716
4075
2904
3351
2102
4290
2713
343
1433
734
4165
2467
1515
4164
1691
1525
1646
3050
3996
4131
680
405
1634
664
1824
2519
2293
2802
2739
985
1909
524
3097
912
1678
2686
190
1881
3358
3962
841
3742
1236
4219
591
152
1877
726
3465
1014
223
3091
3242
3508
3870
2134
1998
1107
2360
209
2820
3419
749
1578
1591
1021
2334
2929
708
213
587
250
1768
4119
4250
46
1603
1833
3589
819
3262
4023
279
3539
3725
1208
812
501
2979
2494
425
246
2899
3481
3239
597
3424
1170
1707
2863
1456
3333
113
1938
2290
1213
390
4380
3207
1319
3890
1338
2675
92
2756
913
4356
4137
2743
196
4254
1269
1266
3498
3457
3375
1692
3074
1742
4199
2652
3977
2400
153
2811
614
3713
31
1393
1949
600
2725
764
4009
946
261
1570
158
1701
2046
2320
3603
2151
3035
255
473
1797
1169
1469
2175
1900
2455
2982
372
721
2378
2700
4334
3486
2458
1396
3634
224
521
1813
2310
76
1285
4226
3383
3801
3752
2200
1593
3573
116
2889
409
3273
1750
1123
621
3244
3169
1932
270
3308
49
2976
2855
942
2786
1487
2197
4234
1071
249
2801
3185
3133
1168
2925
4345
3606
3609
3016
775
2740
455
1478
666
3517
3638
114
2169
4303
1930
842
1627
3187
2041
2311
19
4291
3243
2600
299
1182
3421
1190
3149
517
1386
1805
4279
3644
2295
897
3556
2244
1230
1783
733
1722
256
3090
93
3047
3897
3346
17
295
2733
3407
1774
3447
830
1128
3086
2736
975
280
2619
2238
271
3292
569
3627
2503
1536
684
2280
4097
288
624
357
304
3367
419
2630
4379
3999
1549
96
1079
754
1215
3064
3368
4340
4001
1129
4203
1986
1410
2909
2671
2626
2614
442
889
2791
2490
4366
3352
709
4358
725
3924
3134
2193
3720
1600
2687
3750
2566
2696
1581
2632
3499
1800
3694
744
908
2749
2714
3706
353
4025
4337
347
4378
1524
3021
547
2842
2415
105
2941
239
2823
983
2966
3741
1560
2427
3246
1438
3689
1552
2231
3710
2588
3659
4050
222
257
191
2539
1306
1154
3938
3183
3083
687
3873
1611
960
3548
2157
476
3904
66
2794
645
1037
22
258
821
2178
2486
3253
2994
3633
1229
3483
656
1931
3641
1624
451
3692
594
4228
2935
3472
701
797
1384
377
906
1762
2882
3478
778
578
4232
2227
1613
3526
3148
1880
2753
4384
3054
3111
3206
290
2873
3343
1571
924
294
1087
3939
1927
4335
755
3954
3359
809
3889
131
417
3762
3165
3931
2779
4096
1898
3857
722
4016
3982
1142
305
2757
1641
1896
1316
3342
4275
1668
78
3027
1964
381
2075
221
2345
1501
3405
2956
4018
4312
1508
1459
4155
2413
3960
3856
2715
3986
2123
1080
4030
4315
4040
75
1531
1455
3379
3983
546
3312
1103
4080
1218
564
568
3850
1468
2078
3266
1364
3917
2489
4156
350
1504
2693
553
1937
1278
1888
2474
72
4350
3029
2576
3570
2858
1488
2438
1151
276
4339
1842
3438
3443
2881
1561
3518
1309
1333
2659
693
56
697
1562
3361
2724
1331
157
1905
479
3768
1920
2203
1815
4159
2887
1141
2631
296
2420
1795
2025
1160
4071
3210
2523
2593
3869
107
1903
1012
3664
806
2744
2570
2270
2546
1049
3993
2505
3934
2829
541
2835
3056
804
1547
3347
4024
4319
330
3895
1110
1048
1040
4253
1444
1473
836
1430
3783
1811
4046
2480
2250
1923
556
2000
1595
4249
2335
3951
44
1348
1440
4323
238
1346
4048
3863
2269
4285
1864
3945
4121
2511
817
3410
2453
1672
864
2316
2372
2294
1240
4166
2965
2730
399
1342
110
2927
4314
4010
1499
590
4295
4302
3464
3838
1979
1279
469
3874
720
925
1802
969
766
3988
1883
421
2527
877
1258
880
3569
449
3631
3646
3349
731
50
1133
682
4261
691
3594
1253
792
702
996
3085
193
325
4149
3011
1202
3620
3974
3898
743
3966
2608
767
2828
696
2421
2312
1165
4229
383
3265
528
2135
2867
2859
1596
3150
313
4036
3533
820
2097
63
4145
1865
1262
1872
3864
1636
3184
3527
3004
1559
1737
403
163
2132
3247
427
3161
1535
907
3181
2853
2485
2376
231
1555
497
1899
2752
2341
2051
900
570
846
3202
297
1475
1291
2822
3413
1651
3451
1664
1301
616
1419
3636
2044
87
4346
1853
718
2098
478
283
1428
904
1507
4242
2569
1592
204
3585
2208
4084
1589
930
3502
468
2972
3115
3335
2106
2897
793
3705
1618
4063
3894
1052
3104
2780
2022
3005
1633
1976
1983
2451
4343
3288
2496
9
1152
337
2491
195
4372
3484
4214
681
3979
549
1831
3926
3903
2840
1962
3697
3667
3175
3745
1120
4215
4332
1097
698
2758
3096
3670
3712
554
1538
935
2908
1728
2810
620
1092
4386
3274
1233
2077
1250
1606
3942
3460
3272
2214
493
1991
3681
2328
440
1961
2557
3572
519
3157
776
1372
3403
954
613
400
3369
1679
2143
2862
3796
2530
2058
1424
2504
518
4106
103
1010
1787
2747
1481
2624
2034
2402
3180
1677
1462
2204
1874
2984
135
2184
2848
4355
3402
3497
1252
3213
20
217
1153
170
2653
424
3245
3836
1435
958
3734
3760
1261
382
3565
2291
4020
1941
1390
3057
2201
2319
3544
1378
2545
2032
4263
1183
2411
2140
2252
4045
3470
618
1464
1528
3882
2054
0
3916
197
584
1246
4123
3092
1484
2441
