12106
12010
11126
2747
1726
22982
61021
32151
37471
54335
60160
46547
20491
42878
29005
59317
3932
59282
11626
11136
13455
36054
59869
57229
11139
37842
1221
46005
2392
24724
13424
51063
35623
2317
8810
8303
54580
38594
60212
60381
36611
37769
3004
59904
53090
37764
27301
50216
6846
50597
2158
25440
61971
35574
20484
34841
60280
41608
57782
59762
56609
3662
30347
62431
6707
17897
62545
23551
29961
33775
62783
8215
54507
1530
25462
25429
8886
35566
6849
34551
31870
32015
3889
12172
37523
60589
51113
38972
59473
63065
28076
61508
57929
1778
36606
33863
32135
36526
21603
2151
36494
25432
37762
14011
36608
2938
38925
36350
25713
40102
3049
61056
38882
8667
55668
54198
46651
59078
13503
57343
3644
53102
51549
36646
53042
57130
18351
3533
30484
2213
41792
38384
38901
23035
18331
51246
61836
23577
25421
18662
15905
1885
29547
45026
1191
60397
56406
50267
46701
41677
48127
2163
1092
52285
11943
32496
34332
41311
31280
29968
13951
41771
36498
2959
8295
50308
41000
15902
23087
14681
26631
47183
23598
47751
50591
8792
57730
46211
36545
37529
12196
11641
20695
54567
3088
3288
46878
53399
57597
54378
48326
48284
60387
46214
28194
46630
17958
32140
36321
8734
52153
45368
16636
48301
36067
16747
33716
13478
56784
8695
31273
1815
46663
15861
56785
3585
3275
20566
50637
51731
48965
27295
40971
12029
46565
14091
46463
3627
16301
1187
59138
54354
57780
3179
15428
60264
58888
58038
32460
21997
32175
25654
12188
51668
48007
54775
46280
55871
1462
53789
1412
30344
20216
1964
59461
29357
32414
6801
43687
11634
16711
36513
26227
61880
34786
1540
41710
3024
57669
13987
8823
20645
13955
3234
3236
54305
52508
12098
61123
48958
38873
54310
31992
32457
13949
46271
61855
32009
31251
22104
20674
46410
22892
57863
1333
18415
51539
18668
53401
53514
51531
22096
11648
32357
58896
41354
6728
59311
50644
17867
12087
32408
34888
44617
39771
29261
51833
2336
55492
24595
41796
57869
26274
38665
42888
56564
3891
29963
48322
50251
46383
5929
21724
19942
2652
6875
59127
58108
13577
17914
63199
45350
11950
38347
22018
61576
23743
50273
6964
12078
3939
1624
58243
44760
29036
32571
60111
36562
40924
20500
57897
3052
6984
26221
2374
40919
57901
54894
58636
33542
9198
2411
60312
6403
16595
55852
25467
61877
20550
1555
40931
31862
2843
29960
59389
40938
11171
60673
5921
53045
38907
58318
36529
40975
59894
6809
3330
1114
37499
36624
1702
47275
6723
58094
16570
2742
33527
11650
53893
40217
33370
8375
61561
50250
60151
4444
31798
22042
24810
46032
51667
35443
38598
62440
55806
48325
20555
12146
13507
54715
34761
57237
37849
12071
55673
26222
52967
32447
47298
8789
57770
34255
58293
12004
62814
3117
18365
11596
45320
56595
6465
35565
55821
17903
18254
22787
34770
36596
18421
39788
57731
63169
16744
52806
3134
16550
61534
36652
57733
36560
13439
4418
6773
49034
4432
21977
1823
8217
8393
30011
50645
33827
21609
12214
20690
41769
61531
39801
48639
34895
1930
14423
37470
21959
30544
28138
36554
50171
22056
16536
3189
51812
57932
54739
3321
42855
32476
46209
29970
9639
23606
55768
48324
53493
20214
23723
59687
6968
35393
56378
52328
45410
57816
29279
26168
3609
34675
54221
32526
22350
2996
54768
22004
53396
6011
12030
53881
8700
47281
54238
8813
48252
8686
61586
14012
50153
60630
43298
54470
60152
1628
30340
46867
14056
52470
17968
16580
41314
62400
26614
20625
44866
37768
20204
1680
22889
40185
45399
8194
46897
38392
16693
1807
33888
10518
7006
53093
43362
55671
47595
57225
21654
15893
54577
59507
1085
48005
20213
29329
38803
32388
40939
38788
16277
32523
54139
59133
60158
2311
40402
38903
48122
45013
38842
46509
1852
13534
44000
39853
31984
55065
12204
57320
49044
32410
32401
18385
55810
53497
15907
38814
3837
38606
53794
47267
54391
59386
2218
31796
40954
59496
44119
43710
16729
30755
3926
62522
31532
48170
57785
16558
31893
1884
8735
3159
3946
2686
11188
54485
59830
44581
59302
57810
54210
14699
20559
3064
49112
11577
1594
8391
32788
11218
34894
6989
54786
32182
34863
45361
6367
54150
47990
1793
1970
41623
11925
48957
52077
9641
32468
1984
38966
20697
57865
53931
38956
30841
36502
55516
2361
48253
54331
3570
13468
31884
54766
60631
23068
38039
18322
27907
41835
6860
26618
3229
26621
41330
58134
1391
55890
20449
51813
43997
38657
8282
46888
30843
57610
57928
43888
2743
33499
45206
39861
54243
17899
4417
26165
2937
48258
1975
61034
24793
37519
2950
16257
57956
30009
57110
32409
34691
36095
2113
32153
53516
1049
50306
60116
1107
51245
1353
23015
13585
43283
23572
50256
60666
50239
3182
44583
38357
25433
17980
2765
60994
52468
45010
16578
33012
2381
25682
13486
20242
5923
11649
49020
3348
33401
11915
57127
54951
29018
14045
8346
48973
1870
23732
61968
55505
58752
34861
12100
57757
14439
54501
13451
40215
8365
22006
57903
49032
38031
2667
33850
48943
48707
50608
40161
21703
1260
1392
3849
56543
54183
10520
52924
34522
61582
1495
51079
59442
38651
24815
24423
6805
51652
37832
60989
43707
43188
29313
31878
13962
1982
50183
16261
46874
62859
50605
1486
11168
1351
21704
42884
38891
59855
22992
55112
6864
17837
2157
37861
1199
20602
60170
43880
2214
1940
63322
56376
53115
3381
46540
2762
22316
53754
54169
31165
48282
41603
15912
28171
33589
57679
19917
35569
48637
6787
61510
43199
18332
42920
18245
12044
42853
52130
27935
54695
54475
41724
3827
39808
20688
25710
1163
1590
13926
54490
6428
6927
47999
53929
31734
27938
37498
15913
46013
29317
31882
1069
1718
43873
1133
32233
12009
36100
61530
57105
48971
59413
37870
1090
36062
3851
44744
27893
28183
59435
61977
39765
44139
19937
52092
38366
8299
19889
38360
37812
60303
1879
38930
11202
3357
29564
12057
59859
42833
13900
16249
2833
52272
44148
38380
57807
3239
22060
57615
22054
40406
52455
59410
28992
40915
38858
13533
43996
58121
21656
3607
28159
61554
33857
15420
38969
61112
8798
46011
63284
43671
61060
56415
42860
32558
59853
60203
36528
55897
31921
29956
5969
3270
32286
59733
41737
20251
30001
3148
1378
45419
39876
54952
1580
1795
23868
54489
21719
22045
18646
61864
51807
25428
2133
18323
47736
26272
3601
23048
33001
20686
32338
50698
44074
59696
53932
13875
53753
59276
57874
54701
51073
51166
13887
40091
61535
33832
63082
60235
62762
38056
3325
31925
2726
16251
3525
40081
23573
2704
54234
25662
11936
54213
54427
47711
20255
34306
38837
8226
32467
22882
3323
28174
20638
40099
32219
3912
12217
6885
22881
58324
50600
59702
60435
57800
30355
47502
5940
37864
20541
59514
1316
46447
4431
41665
40071
26220
38971
31908
53834
59355
60973
8820
40974
37749
51821
19946
41815
40082
41618
53750
2312
31448
3155
46570
43259
1862
32527
47665
24719
28978
23065
60207
55845
34147
59488
8767
34890
36516
40135
21593
18395
31751
13886
48092
36684
29037
41712
2947
17930
13469
38892
24830
47599
31519
1789
34334
29969
23091
6938
51081
55487
57774
3382
35634
54179
26766
31800
49095
1115
29006
11972
38980
9214
21688
59438
23047
1058
40396
34833
54247
31175
60932
32363
1958
24599
41350
25650
20512
15897
58544
51837
57899
37853
44741
30743
54325
63338
1161
12189
41397
55519
53019
52150
54178
3143
51771
53758
29343
40068
12038
59814
50606
22984
25720
8203
54442
32201
11158
29263
35715
51542
32354
18251
61107
57778
53503
47544
28063
59483
33786
58671
1623
54282
20573
11122
1205
52085
31851
11106
62404
14400
17836
59101
55099
8278
22330
54794
11918
18654
42826
62538
2012
58521
61870
23084
29284
39847
57503
19913
3873
52031
59067
54712
26228
2936
48327
29561
56744
54438
43982
59357
59448
22011
17969
1696
30488
6876
32205
59073
34666
55628
8854
59294
60162
38596
20616
2124
57838
32163
48014
54930
8225
18278
58234
52946
32276
23784
54754
54735
46828
34787
38603
8878
6934
1389
60402
8705
44126
46564
19935
2974
23769
47288
48102
12145
54272
58274
14006
51800
51062
38859
62543
58751
41640
61894
13883
52501
37539
1611
54747
47603
1788
55880
45037
1892
29346
2812
34229
61128
27695
2749
1730
18280
29312
18220
60653
8803
43318
52493
59504
44065
21987
57856
6980
58129
46891
30345
48693
43228
38405
46528
8344
29383
32561
55879
13521
56786
54938
1825
14067
37484
1678
43277
17906
46050
46759
31325
2761
62855
1491
27700
19930
1587
46392
13526
13401
12144
16539
55840
54738
29895
18347
29277
10517
1170
43857
61919
43688
2365
21629
1804
1337
3543
44585
55662
61514
48331
60118
5326
13591
53831
22988
61505
31484
34891
57970
51631
34859
59748
41304
60586
53902
20501
41784
17826
40158
59707
53086
14021
46248
32227
38944
28078
57618
40989
50254
38789
21631
2363
58894
45383
24790
3885
33819
47306
21687
56546
26233
57952
22008
59281
13502
50264
47676
2358
28986
33886
55850
48001
8351
3629
3642
16590
35439
27924
43855
58097
62430
6951
29382
54426
24594
22596
33504
55046
59754
7009
36570
54365
42829
23741
25658
5971
58906
40994
34800
38829
16237
3664
45028
43866
38918
60148
16248
2897
50594
1355
61964
62764
53482
24692
38023
45212
59084
59115
52466
29047
28985
11173
57673
41744
61009
32968
36344
2022
58644
41789
54388
1831
32203
53474
17973
39826
3925
46656
6021
36671
34527
1231
60615
41326
63314
36658
50268
13536
57960
61065
28187
18653
29550
58657
14417
60205
60257
18287
31803
21632
12075
14680
52159
15878
18645
61920
13458
41626
8390
6727
54986
27937
29292
62781
59457
38378
13450
13580
8274
56399
43211
24727
58288
33841
43230
1331
15926
38917
57712
61055
46626
52072
46824
44134
2660
30861
58303
16677
46057
61500
15865
46037
37497
32177
43196
1051
59513
38883
52931
46823
58070
52160
41388
2359
55888
24844
3358
46416
58267
1071
1600
32987
61062
48299
44757
49124
55678
13508
3019
41824
12128
53790
34847
55886
59760
23755
22014
60981
27894
3044
34154
6928
48004
36521
52284
61044
34269
50287
49054
2345
59377
45194
12019
44155
46915
16572
44782
32966
8324
2238
52487
24783
57783
25474
29898
30742
16291
39779
47168
55860
50660
31515
24807
13933
1784
6991
21639
2042
16710
20563
53501
47308
30805
16671
46581
54949
34549
59345
40103
22091
57867
31446
54465
59449
31857
39815
3818
20599
42879
30457
13891
9218
16700
32337
3856
18666
53394
1581
17979
59126
38391
2421
36084
48709
12060
21726
54484
54982
27668
55082
59292
41378
55067
19910
54970
36068
48112
24769
2907
20224
60376
63054
20604
60290
23719
1445
60990
12055
50228
13937
46602
54459
46282
46238
6976
52804
3213
45048
28215
1547
27647
28081
54706
39825
43290
60649
31271
47724
23762
41776
40095
2755
1184
48972
48275
55095
32499
6427
58115
18370
60370
1698
2203
13586
1275
2370
46471
60638
61863
42929
61906
59309
50621
57787
3663
31909
56597
59700
8749
54572
26092
35383
34671
63185
40184
38398
8338
46021
57958
39864
18358
18648
13939
18366
20202
41720
61572
53884
39772
36098
28072
21605
46266
48283
52127
37820
17909
42894
46515
20596
46566
58523
41774
55116
6797
50613
3833
45434
42840
3231
28056
18308
50672
48666
8791
46690
59339
18368
20260
60223
57525
2876
36522
45416
3545
36306
52820
29001
1857
34558
1845
32893
2997
57703
40940
60276
61565
49176
42909
23045
25719
8360
54521
42792
2117
47191
29303
3639
14054
36332
62422
44097
54492
3334
46694
18269
63186
11928
59706
9650
16708
51740
16554
37464
61973
1989
50598
37782
2902
46296
2954
59768
58316
16653
29824
18317
43233
3084
51157
26280
55863
61921
3821
54095
60422
47290
9211
44137
58662
41687
6749
32207
55061
48953
37826
3153
59266
6407
15854
60138
27692
6973
32456
44153
29321
6369
48733
52450
1671
46631
32454
22080
25490
57737
22028
60217
34697
53385
51050
43270
32005
1603
45173
1897
2655
36105
48242
1042
33384
6000
60652
32506
40116
30792
18397
3227
2384
8895
61597
41833
18285
34771
36517
18423
54935
21620
29038
60256
61954
16784
54971
46256
47185
28979
41746
34783
31538
63298
20183
41733
8317
50619
38871
57698
26758
5327
58229
63052
31877
5962
3210
2196
41628
59382
31443
31517
61806
60935
3536
30878
50556
56394
27298
42821
54281
50604
40142
6429
60331
20610
53498
14070
36071
3216
48237
33011
1665
24789
43301
27650
11148
25649
49121
5930
32173
21669
6437
6955
50578
23007
39862
26768
5988
3245
43662
42838
34560
44611
30798
43851
43702
22907
54756
55872
57714
14063
60156
3572
60325
42842
46277
59411
62535
3876
37467
56396
61119
52030
11111
2653
29987
35440
6745
1224
43870
11578
33524
45330
58236
43988
18235
20587
59698
32384
17948
57855
55486
47402
8214
39818
6387
50630
28122
54677
45019
35570
5922
34793
53928
31853
31748
1137
51087
1152
49107
3635
1848
1235
1725
57898
35442
42841
15417
33593
2909
8376
34848
18273
32052
58653
57236
32024
8668
1721
59875
61521
59749
30473
58117
13477
3816
57942
9201
8306
16778
16759
8754
50683
25439
57890
17927
58522
60320
32226
46044
54367
36299
26767
45304
53077
57125
59462
28209
20526
61559
2150
48235
56773
6445
26264
46568
2953
25498
32167
61028
54428
46889
48010
51545
60624
32008
44620
32016
51213
3566
22998
32095
22351
5958
50676
1248
29361
3883
22789
3009
13410
32888
6452
11960
55793
2701
34678
38825
20225
63177
32185
41348
2823
48256
20647
48685
36308
57739
22081
8378
22036
6824
22030
29828
33005
31730
54257
30490
55672
16264
60209
25423
37504
3565
23075
2329
44767
43223
16605
48107
3625
9656
54702
2360
57920
60675
38624
47772
56431
53791
52456
54119
33817
6897
59341
20436
13409
5918
3582
35434
20578
20564
32533
13599
3228
30472
57900
51647
27644
25469
31739
36103
57131
54380
16638
48662
25460
12205
27906
50182
31266
2792
6914
25645
50686
53094
16762
1758
32411
33882
46918
32168
18310
1104
8243
24738
34257
18641
60246
40952
47271
48319
30495
26611
28153
22034
57933
32475
1204
54226
57849
17961
27925
60968
59876
6357
22313
60127
58891
32097
29995
26822
34788
54218
51803
52944
47175
51829
54239
1420
58238
52953
54516
16659
61115
56607
13493
45438
11644
45435
60629
25480
28055
2432
61912
45328
36311
49114
49021
50577
53894
12111
3933
36571
55866
52141
3026
12114
24575
1273
8223
16220
41636
63073
24849
13492
2723
54713
47362
1817
57789
55825
58065
15874
41823
58667
53829
49159
37809
31543
2864
43184
22015
2164
11912
55640
53792
29902
24826
61071
24461
18676
46633
36580
1856
44110
5915
16753
1225
1931
13911
1135
26635
3290
61936
57701
1509
56419
8770
20231
57887
32179
38630
14036
33376
6378
14002
48969
61030
21641
40936
55847
43689
63302
15880
13515
8873
46657
53601
39837
37783
12076
51551
22790
51078
1752
45027
58299
61496
49064
1898
59879
60428
40178
36532
17890
23726
49127
29906
20600
49157
57696
32139
23039
58516
28103
37560
52960
57767
28156
4415
51158
3048
53390
20184
12112
34880
54097
34795
16575
38633
1599
11147
15898
37753
58069
60144
49094
18674
47728
32424
47762
8379
30871
58141
55485
11609
16244
41627
32990
34809
54806
20454
46063
38403
52277
28204
45371
33532
57747
59440
61824
28151
32574
30369
37513
22094
41402
13506
50314
57606
43256
32976
46438
57750
52472
57968
38802
23846
3517
11971
1573
62813
24773
1219
3050
20632
31483
34261
47673
41684
21663
1453
3061
58637
26610
60108
59143
41394
59353
16242
12093
2315
58933
20428
52322
50609
44072
27302
28129
3902
48025
2377
29962
20617
60332
36483
6952
32373
57728
20569
30807
47407
54249
47171
11169
39800
6870
55048
1840
34882
41398
14438
57340
22884
3894
9648
22049
58285
31883
24776
56398
9206
1183
33387
41695
50204
1320
8332
57871
16267
60133
54394
60384
54288
62442
6916
55526
38611
43679
46268
13880
18301
56545
32048
57877
21730
8765
21645
29069
54925
12153
10509
12020
2212
19923
5954
54090
25672
13553
15910
51811
11911
2130
56392
44788
24565
14427
26095
57946
18858
8201
15906
3265
6422
40193
9230
32247
36355
61558
53078
59125
23040
45394
57790
11640
1818
32507
40179
29546
32950
3614
6883
3014
56737
22051
28092
35405
62416
48708
54416
27909
40214
38968
22043
18333
51241
3042
63189
46678
38348
35377
53080
3661
20581
32977
36561
1060
41308
43697
1710
46900
22757
56400
22993
46917
32360
11231
19939
61922
32161
18348
56424
53388
16538
58317
16612
62777
3006
49056
54566
14705
31252
41351
31733
61927
43183
40192
2393
46552
32988
46385
56741
27903
25652
32108
56580
43218
23874
37843
1768
54344
6987
2679
58039
17854
60591
28233
35381
27684
7010
37520
47723
16783
46518
42820
41008
49133
1937
55838
53906
2850
3877
59297
42800
21720
46460
42926
59358
49073
23545
29029
42925
63188
59782
58048
41781
59827
29016
30796
43874
1079
40070
36106
43352
63168
2745
42871
58892
38961
58355
31988
22085
50679
63313
32442
62560
48304
43709
8210
14696
36557
24730
47504
23730
50293
3352
58532
57504
63156
30874
23541
37530
32289
41782
33544
29041
52819
41785
13587
11164
46855
27884
23566
57495
35602
61803
36337
60323
2021
54245
34810
3039
54909
32256
21611
38810
24781
2874
30456
61939
61914
3251
19903
57896
25485
3608
29051
57817
35621
43850
45042
56366
3665
1691
8314
41322
57522
60427
17919
60115
51644
61831
46049
17846
17848
57721
50317
38619
1446
24767
30499
52017
31444
2017
31740
54684
25489
60969
53387
58913
40947
40110
3584
58058
14071
53109
53617
60130
40996
59769
6009
43193
2851
63175
28127
38857
1755
59715
51230
4433
44783
46827
3866
5927
40128
43878
48717
8899
57847
51243
28218
29957
46213
57938
29360
61585
6438
21735
52158
16746
13945
45306
39835
36637
2387
32983
52282
6842
32110
24430
54219
40926
3054
43869
34263
46703
8673
60215
60112
8787
47406
30862
31849
34768
26734
13990
9634
33377
52810
14078
13589
31933
45412
35620
21702
29834
2313
38855
16587
51053
62780
40958
38024
54503
2316
54108
3549
1474
59086
46896
37805
32418
38934
8778
16774
1847
41334
54242
46002
29320
16777
16597
41644
62845
25669
44613
34857
58066
20219
60945
6397
25496
46393
18876
12045
21682
31996
48013
3340
6460
1613
50666
3636
18346
13539
45363
24462
23580
37800
38613
16591
18637
16669
6719
50282
26257
56766
1826
33497
25706
28172
56789
1822
15852
3346
38639
35585
13903
61114
61523
60182
59784
38983
16225
42908
3142
3140
37546
34851
46582
50646
55502
55629
57754
8869
61555
54410
54080
6812
20472
10512
23751
37839
33498
32213
8397
34531
28150
36509
1929
23552
18289
44773
36491
36493
48947
54246
16243
54091
22035
44066
32195
1047
54121
60107
1309
62567
53566
47302
20490
54553
33774
31911
46232
31982
2331
36573
19943
33849
16731
59900
61008
2395
63085
48683
52792
8197
57805
1908
59075
51541
18378
55846
23779
61903
21636
13402
57315
2383
46608
32067
40096
30460
1336
31897
3372
42880
47304
2962
62865
2041
3623
17981
57213
59070
8366
53082
36547
22304
42797
59156
55827
60119
13597
37550
40160
26750
59098
6865
54534
27923
54932
55655
59847
36089
8740
17840
53023
41634
33014
59741
1494
53097
3001
59268
39810
46560
42954
60176
2153
42859
57755
40063
5986
23072
50583
16274
2236
37818
14005
33000
4440
60668
32200
11583
46474
59437
1811
51643
58053
49030
54339
38404
59693
37469
14412
1780
61838
3874
24456
54094
47190
46030
53502
1348
12043
20466
3871
45034
17970
44618
26754
37542
47399
55085
13569
57830
50307
27881
23549
19951
42863
6730
2868
51067
58736
54783
59104
58122
41742
32239
28049
45373
16662
12066
37540
35446
62527
8313
59114
15952
50615
31993
24441
30757
1918
18259
3669
47759
30360
41716
55014
59820
1576
8891
41382
59485
60319
36515
61117
13573
48227
54528
53374
16585
16674
6717
56596
41805
38042
8844
45317
32583
59291
59307
26739
5911
35586
57902
2321
58910
16665
28068
22039
1543
27883
36645
43351
35378
24784
9628
57776
45414
27657
57864
21974
61925
43320
3194
13538
57205
57784
41691
25427
41381
33889
2766
39763
41658
53131
46880
59160
43667
46413
50316
46375
59295
37750
44142
46585
42892
48626
61876
6815
41752
22025
59517
32375
21590
62458
3363
12184
54286
63290
8795
13464
33851
14040
38816
1468
8903
29369
20432
17939
60412
35400
54555
20477
8759
45338
55666
12065
30845
8817
45345
2677
29897
38908
1217
54478
54779
1120
56783
35591
35380
22301
1595
56428
47538
18633
1346
22761
51261
36489
20530
43877
8196
41335
1938
44076
52943
23006
43295
54966
60164
1734
2941
57836
17965
57619
39871
53379
2034
12037
8209
2123
33493
12058
31793
55856
44860
24427
53570
43317
2708
46766
13479
21965
43225
44589
57104
61869
41629
11163
20534
54406
18314
46055
24817
56374
58078
16757
11186
36297
58072
1653
37821
51548
8702
12069
55868
3673
38881
6734
33592
62448
3356
26834
57724
3327
46241
21734
25695
60349
53910
16540
28974
59884
54494
57609
14706
16697
23760
40414
13558
52971
31253
57945
18416
22996
54976
32132
31899
34260
34879
34802
38622
13957
60131
60654
3373
49051
19924
24804
49154
39821
47994
13964
59361
3537
29563
54488
38979
15418
31928
54461
54753
4434
13445
31479
50230
30849
40916
33778
34150
35713
35628
16263
6462
31901
41301
16704
32212
59090
36618
22017
31523
43684
51639
40403
23589
63325
1552
32280
31247
55508
53833
43989
22987
59817
53486
60326
20575
13415
16620
31284
20232
63333
36541
29971
12025
3571
41653
18256
57216
37785
53863
27696
24448
41399
43349
2757
1589
28101
1253
54758
56757
26828
14399
6919
13971
6918
24706
18223
3825
31257
6994
54912
3296
18361
29551
50292
52829
60218
62401
36349
40964
59092
24829
14434
2921
46894
3832
50205
57806
58286
25464
53092
8793
44625
61895
54535
59390
41009
18345
43314
1806
18318
51658
41001
63067
6791
13475
50284
15914
32385
2026
36314
53124
2716
8747
60680
38876
6851
45177
1722
8341
13936
38865
2858
36085
6915
16574
53746
1559
47591
32062
6359
12094
3341
34878
54260
11941
3961
2160
47179
36320
6363
42955
57729
60109
15915
21684
31809
22997
55804
59492
31168
50603
2428
6999
6763
2323
32223
46216
21695
46770
22101
61053
1974
48735
2386
22991
35577
36643
39829
54332
59805
20623
1496
35612
54222
17984
29972
36363
43363
1704
61035
46272
8858
14708
34805
1828
24803
24420
5926
26830
1325
12015
34690
15868
2376
21973
12160
61828
15891
23026
61862
63184
43232
1083
43848
54983
33867
22073
54250
50272
41773
59867
8246
59145
49023
53507
2106
48684
60258
50566
11982
42795
58649
11135
24714
52952
15934
39852
61580
32576
43981
55638
44090
24848
31948
8796
43324
43243
51641
61509
49055
59906
2784
59515
32076
51559
44103
22041
56590
14419
2663
47748
22349
3872
18398
34775
2869
22760
4442
33002
8205
46665
32559
54431
58133
3645
29554
49000
61603
11108
13973
40933
43676
62877
3095
58056
57725
59408
16695
58046
28980
3087
18644
40210
54430
59854
62542
51077
58543
2651
45406
1054
14017
60962
59338
29302
22878
60939
44118
1895
22076
48681
54704
3852
1490
23733
1577
59420
47346
61827
8221
46545
8736
43854
44159
35390
58531
44146
9199
57102
2406
63331
26625
19948
49057
35435
1676
54810
51815
44603
54906
40918
6937
14094
11193
47411
11116
58240
60636
46672
53840
48002
22087
2772
27659
55110
37459
21638
1053
45187
6888
43341
51172
30493
60333
59883
47384
36689
37760
54550
63310
8296
36686
40109
46677
8207
1096
46437
9203
60346
29341
46415
33632
60234
49143
53118
26831
38028
59848
2955
54759
20663
1977
20580
63077
15884
8212
13420
30836
20425
31930
3059
55824
62875
59407
38368
25451
13429
22880
12079
8279
1408
46020
54573
48115
51665
50302
3003
11161
29345
1960
23555
22904
23744
56770
2758
2693
61503
61940
12192
41352
19907
3090
40157
26751
46048
11575
40963
24713
38785
16604
59112
60385
3082
62408
32416
54181
57208
15422
59144
22083
21709
38926
31728
32198
42828
3224
37846
2883
55503
24737
2807
22058
34885
17831
51532
57223
43359
36594
59837
54114
42794
2168
46019
58631
59877
52814
46047
33389
2344
60228
32251
6002
3398
20190
46467
57715
1542
16666
21671
54386
60179
58306
54254
11636
52794
8358
2739
47348
36092
30886
2682
20520
22089
6768
23567
9197
60626
26230
39804
34855
38910
43859
49172
53132
19888
45032
24771
36670
60944
32040
1716
6472
2989
55630
54538
20598
35601
2945
35708
41674
8832
40425
60143
57507
8863
22095
52449
56387
61865
57705
6754
59469
2032
29558
19936
3548
1682
36328
32019
40199
20646
24588
55873
38373
59324
2241
36664
31856
24444
21633
1637
46628
16634
1179
62864
57894
50311
55097
56552
37496
13867
41645
55625
58057
53597
1923
17945
21716
29336
16692
23595
26753
23542
42791
46522
46863
3195
20556
1141
48285
41761
8819
43332
56615
1773
28082
14428
21961
53081
32344
59280
60161
16583
30892
50170
27929
28135
61888
30500
30349
23032
61490
47184
29044
9228
46033
16633
59310
46600
20221
9645
1891
38345
28224
61482
60936
57941
16635
20494
1473
29288
40399
59135
41360
43304
49102
51033
48113
29351
17832
6416
54558
46514
31892
60247
8208
16232
6467
45178
18369
1082
16564
24833
61515
60321
45198
32405
27901
27694
20538
34546
16601
8367
44061
3193
54965
51255
1834
54917
42848
63292
42941
54124
59793
32144
18873
54944
2112
1307
1877
11994
39843
60637
55532
31929
44071
24698
29296
3102
62432
55062
57726
39848
53761
57820
63178
59832
33494
2394
18862
47189
18337
14075
3538
13480
24578
2846
48117
58294
46653
53749
49100
3138
21980
36648
53919
20652
18224
56739
3079
50685
1662
24772
22888
30005
2371
33505
48121
23841
18341
8806
35386
6826
27896
32791
36680
8202
41662
54376
59739
22306
26234
50692
37847
1426
42931
1190
29293
8797
46038
28999
45309
6882
29340
6451
15879
14073
31867
42917
58508
63318
43222
47663
27643
32129
23560
54290
59421
32564
63061
3560
61540
2698
20208
52462
13547
50154
28230
52469
50176
31742
9234
43978
5328
23778
28136
6866
56619
43355
20628
11613
6796
6779
28191
11964
1098
52114
23571
38653
59313
37461
27897
54698
8708
16559
55073
1489
43297
16618
62447
18658
8401
5938
61520
32396
54554
30018
54369
20444
12131
55623
18255
6454
59083
36604
2111
16515
36551
27645
40415
2728
2861
54071
50695
39777
48631
54729
8737
2403
14051
57221
48091
55115
11189
32534
6808
9219
20622
25655
45381
59423
11223
21642
25486
1344
54683
28147
16569
22079
30021
59508
47598
16769
57915
59397
1614
51259
23002
31903
40073
33361
40397
61090
11622
23765
20227
49173
48328
60991
20483
18233
47401
53876
27918
36305
56367
56432
59779
34227
62410
12125
38970
44055
20433
41602
50164
33362
58061
57531
20240
60318
54327
22315
11572
49129
12173
1151
63155
50188
1123
47345
59431
50309
61528
22016
3941
2132
35579
32430
54187
3103
1574
25438
3628
18264
13593
54363
36333
37544
16770
3369
48003
12190
18299
59730
63170
21989
60242
60310
37462
29353
8388
32391
29046
50614
1556
16675
50243
15867
53490
56780
1582
31985
46064
23005
38982
33507
11149
20671
59110
13993
12200
1182
48018
13868
19944
9652
1421
42849
50211
60670
45377
33723
12031
61818
44077
34873
57590
57309
11109
48294
59682
59301
23558
60340
14029
57969
24690
1995
47383
51629
54125
45196
54078
23565
13499
50708
54681
63159
32018
43871
3098
59136
16279
24443
54418
11645
38390
24812
53612
40917
14413
62436
42815
54291
39838
32942
11205
59076
8696
24465
54211
24778
48727
61969
15860
48671
57878
57832
44865
20178
52020
57596
21683
6982
55765
24571
55488
56604
45181
51042
60588
47664
29072
46439
57916
37486
40943
15956
20589
23780
59822
46279
30746
15946
46376
56572
46025
3914
46890
28223
31874
53392
48023
36294
11956
62563
59868
57966
45180
58077
59484
53038
16549
32784
30889
8237
59155
53843
16514
58934
57592
24596
38400
60368
54979
48288
2182
25701
44096
6030
46538
60996
51104
32281
31924
3937
58074
1868
48674
32944
59709
34883
38037
60400
60598
13925
50187
18219
37506
9237
3012
3541
2239
16781
6904
24794
48734
11178
46822
6405
39775
32419
50553
62874
29374
52080
29974
59293
19484
20441
3901
13438
46390
6848
47749
3070
63192
24725
2357
59383
26270
26745
39845
54527
62850
3326
52965
52151
2389
41649
32412
1944
3297
40183
17860
48979
48255
55059
31952
16663
60244
36501
3062
13552
44623
8824
54120
41721
60283
58524
59501
63317
48627
27891
54420
21680
18869
36078
11657
13582
16224
2944
41323
33517
20191
46619
59690
38055
17937
53487
39857
43862
16513
36058
29269
12107
13457
29903
2156
27934
59356
61813
50675
49174
48680
37786
3306
54552
35588
2427
63198
6907
39840
42845
5989
54193
37858
50656
46674
21675
53076
46289
51040
53044
54067
59836
53838
41635
47713
52447
27699
52972
42843
13879
50659
51729
45183
2804
34674
20207
61883
6356
23094
50649
21990
36504
4419
30540
29009
13924
13919
60237
61493
50699
51225
32224
3258
24795
36065
32498
54788
62533
59436
39811
54755
46902
53496
53383
50549
31745
9637
9209
1101
6795
59444
61078
60296
1226
42817
60105
58264
2119
6966
2138
60353
43713
23053
32011
1896
36544
60661
35618
60388
61099
1237
14390
2931
46516
50624
2319
2857
14041
60674
54408
54811
29910
8802
13885
38379
51222
57243
60963
27689
44105
62540
38394
29330
54160
32477
58241
49113
31947
41306
52791
2665
21616
5974
34137
3394
8888
2952
27886
2330
2746
3678
60351
40182
47660
51221
3162
56370
8694
42956
6961
40122
43698
13430
1310
33539
43666
6361
48011
20634
13950
54233
26212
1497
15873
29560
14023
52448
43674
5912
45045
58534
29959
6909
43262
8189
38960
53877
3859
54162
55050
53571
38897
1787
37537
6395
18643
51254
6917
1330
13474
31250
57317
38909
57761
2957
40391
3558
51085
57808
8235
8836
1947
47506
3308
3206
62382
48243
38884
59464
57707
41403
40920
23717
36343
63311
37862
1245
39760
57829
2870
38949
12123
49115
58087
53867
62554
47764
51107
45318
46860
48976
61018
49025
23746
48998
46433
6466
33010
30800
34248
63079
3080
28143
49067
42907
13449
13561
21993
62419
11654
36339
14032
17838
37556
43882
54463
63337
59903
56372
46546
1803
36612
21727
60693
16661
58051
54525
41675
34250
3648
3910
1385
36520
11909
38915
2126
43985
52785
14030
41312
51730
8676
61589
52442
47409
54746
53914
50550
34537
45029
16754
22781
2355
13532
60999
13465
40090
50662
44747
60190
56559
55829
43852
32232
40388
29315
51228
62785
46536
47178
58886
2786
3267
52392
61962
3068
36057
23010
44763
1707
51560
52279
2832
48997
59772
50612
20203
54253
2692
52082
48676
44120
2676
2943
24710
14052
33854
20201
17884
16271
45340
51770
58308
47279
60621
40395
2105
23056
21627
2815
39870
36616
6910
41652
12117
55072
63306
54232
62459
61059
32267
60623
58639
23585
55889
59337
2367
40972
42837
46627
58246
36539
16297
2702
13542
35632
33856
11209
23028
59495
25671
52933
59270
11646
43263
17833
1636
18300
15899
50652
40168
41379
28140
48638
17978
11184
20595
57101
3855
2417
56782
43990
20631
53391
13988
59864
23051
1998
23839
62520
53073
38854
20612
60200
29324
59441
32264
32028
25494
23540
3260
15948
1667
57719
28192
41638
50301
24709
56542
6362
38973
45023
42858
29262
55681
40927
50717
23000
49119
58082
32972
59128
41790
39792
54789
19956
11961
61052
59783
1910
8834
50552
10510
43212
24728
46623
54942
40097
54165
61480
42825
3305
31480
46569
22305
46469
1424
14097
43187
37756
32500
30840
58068
13966
38860
34881
1997
58622
52323
31868
23774
39814
10514
12193
52444
55894
18282
2800
2967
38644
11117
3858
38648
8298
1521
60361
11979
50206
13922
44761
48232
31441
8350
2220
14007
30019
3096
46446
13494
3596
3324
26261
36540
41834
42883
31904
8847
45417
35600
21718
17911
54796
47301
16686
38026
5944
2796
21592
19916
52502
1634
8316
40206
32031
31990
26256
36331
5933
24845
8860
45353
21701
46464
22348
51089
46763
26084
16308
57099
17882
25725
20650
15942
12007
28061
28976
5967
20666
45214
15930
61042
8372
32471
32249
12171
22047
51103
11212
18405
24813
6873
24757
40153
60269
50222
59815
45378
20590
36104
51550
2783
54173
58915
23058
62412
12158
8255
52823
56735
23586
52817
24835
45327
55819
47991
14003
38629
22296
59455
58635
20499
36576
40133
2687
45418
28137
25686
38799
55493
3848
47765
49006
23009
32939
1398
1772
36300
15958
2932
61837
50668
14000
17855
60580
56422
50193
8363
53842
60262
16281
54705
57599
52830
32353
46587
29257
21707
29024
36622
45421
20701
3166
2397
8718
3575
6023
1703
6444
42807
20532
61884
21679
9649
48991
57910
58136
52021
1312
41763
2356
46468
3385
1136
29308
43336
39865
3051
8320
41654
1041
24762
29290
32512
61990
3277
60316
29286
51049
33858
33372
50589
6884
32998
35369
36052
16262
1616
1942
36661
43235
14093
14418
26247
12091
8704
3273
61953
62791
12081
1827
55527
53905
6360
8839
59452
8904
20241
9633
45401
1578
13550
20557
38393
46758
3144
14426
27930
38787
58091
1967
59107
4446
22901
48171
18863
13953
22064
61846
57837
58505
31173
32399
54568
59498
46507
62517
26246
61491
29819
62772
25709
54351
29344
13462
16627
50688
31805
2346
22093
3122
31529
1188
57913
40066
59506
17912
50618
20479
47410
36348
11611
30487
59148
44063
2015
34823
13537
55893
33506
35630
37477
15922
40151
24568
49003
53096
18286
54726
57779
54103
3391
1409
60614
33520
33391
29256
8359
52156
2794
50536
49031
36304
30838
23843
2207
6475
21957
61550
33368
6923
16726
60306
60627
1431
42813
25461
17928
50168
50242
43326
12027
57753
46382
46590
24435
48975
20257
59795
3392
33828
37822
8741
45444
54546
45440
55634
36556
40107
54486
11200
22012
30852
52398
6778
57842
16664
60174
61591
3256
57797
61822
47757
8294
52457
60227
36317
54743
57788
3118
55658
20677
45413
13977
62456
59416
36107
50713
59381
56762
61931
57880
59489
57943
6963
54201
20506
56588
38809
45333
3302
29980
35608
46559
37795
3298
61569
26237
61036
13456
44128
13895
57521
1605
2121
50544
4428
18226
54962
14039
58067
21988
21618
27642
23061
24799
22027
28995
48240
44753
28115
57833
9655
28059
17920
48098
40962
30008
60363
43241
41766
40079
11112
60328
57691
44596
40162
54140
11610
23718
62385
2691
54141
60656
1812
37751
54682
24721
43282
1339
23023
48019
1088
8777
41757
42938
27674
3112
54392
13473
2935
47265
45313
59131
46405
32421
7005
9651
59895
58656
26216
60139
48233
44073
37777
38805
32059
39780
9236
57922
31259
57812
41759
41637
20504
47745
2199
60214
18417
55100
3605
53022
60313
38397
25824
31885
32426
42790
29914
29063
20672
12092
13596
2732
25472
23550
12113
21597
23767
41780
3010
53743
13571
54784
38667
43207
6726
6706
59799
36087
51051
51234
58746
46465
1764
35572
44123
57330
1440
50574
56584
63315
60358
14074
44755
3222
40967
30754
54093
61975
1515
63050
32894
1207
8198
43858
61976
54730
30492
1269
42924
8285
54511
8750
2010
38938
62443
31859
22773
23556
24205
6878
16637
35594
50571
25665
16227
6949
12052
43690
47753
28160
4445
8275
62844
55510
29379
59472
21706
60613
5949
2699
54413
3626
45431
48316
12086
44749
44592
13905
19486
58060
22026
16303
6959
5331
34228
47998
61960
32141
38370
57884
29544
48650
47300
13408
59428
3125
43312
3345
46595
59116
47349
40171
55489
8864
21968
35401
59683
2982
38599
17845
2999
1296
33013
2901
52966
46036
41688
24686
56423
8898
3065
1649
54905
55512
33496
8697
22074
3672
40398
60424
38402
2734
34887
11652
50674
13884
44140
58040
24450
63165
43197
16681
13500
29364
50270
43692
20648
56585
41794
33382
59103
22905
16709
53074
50555
54334
54444
8311
28145
61013
60394
57775
17967
53492
51068
1390
54896
39877
61889
15856
57512
32166
15932
3632
57935
28100
3180
38616
52268
41656
54329
48628
19896
2314
59117
43302
37505
31863
5960
43849
61909
54531
56790
61918
55763
59289
25829
2917
32892
11143
41400
17849
1372
1109
14688
60229
59453
13422
61481
28165
54451
6393
57121
18357
57866
36647
22037
41371
32425
54992
31807
40139
55053
19920
48724
48296
24591
32423
3399
57852
11987
53130
60956
40194
31531
32071
46599
51772
11921
12105
1669
55798
48649
54921
55799
61845
60617
12001
57702
6899
34831
52825
25497
33844
22105
55117
60103
46670
47167
46826
2925
30794
58289
61506
6802
1091
8241
30459
57519
43340
57498
34141
58231
6780
57798
30802
13601
3289
54128
26238
61566
51090
45409
61003
29282
3053
20562
44575
54293
29985
57944
44147
23052
52084
16561
36086
16589
6931
8744
42867
31275
41310
29322
41686
47734
41372
1914
2879
38952
15920
37761
49012
60660
38645
59478
40218
60163
46231
16750
46762
1417
58263
3146
16270
26832
60317
43979
13562
1924
51101
61934
1174
56404
57713
58313
3317
18257
17975
31161
46864
3896
37850
32056
1876
14019
54328
52388
23033
8206
3528
60609
62816
3554
58276
33003
32220
3903
17865
40190
46521
32514
3867
1525
20699
41607
34777
50202
46205
27702
57231
13483
62393
2888
6471
46210
37794
42832
50291
12163
8364
36688
57246
48279
27687
1985
34240
32365
8726
36518
16289
6024
60298
32359
17894
45404
20662
36657
54312
54945
1959
38383
58527
25984
13447
31927
62425
8872
2002
42831
18313
57671
23748
45385
47403
57791
57600
21963
59354
57736
42942
54107
46610
53748
60271
53107
60995
54469
61073
3167
51561
38948
38399
52087
44750
44084
59432
63071
53495
1647
45202
20656
2176
52145
42890
29992
6364
50650
21954
53505
2977
22985
3249
61937
56583
29273
52071
13581
59863
54471
21601
3637
52821
41709
52956
59724
12034
38889
20577
6830
38911
19945
62405
49175
50297
58107
41735
23875
12155
54504
14035
25661
11145
58284
3870
61066
33836
60184
14001
54174
2918
61587
60933
34877
19478
54943
24581
8343
2006
54517
50240
46399
54373
54314
60407
3523
55098
1232
59699
21621
21646
6713
54397
54138
56593
39791
1709
3359
50218
39859
13928
34870
16651
12133
1255
23564
29067
16283
46045
11224
8239
22759
38877
45022
31525
3202
37869
20597
14086
1262
62381
23088
22898
46883
6447
48651
55530
54514
51636
53603
3230
2173
57803
1087
6803
27888
53089
46669
16767
5952
46053
6027
35578
54801
58528
46204
24454
8821
54455
37866
40976
17938
53504
33871
60386
48654
57336
46857
59745
1861
6840
60188
50201
19922
56627
41632
32962
56574
54697
35371
6380
41651
11121
61093
34239
38032
32012
63300
55070
49117
48097
62784
28170
38626
1765
36076
55653
1851
11564
13921
54403
13448
29335
20624
37798
1483
20517
13471
59279
50290
1429
13400
18402
45998
22900
6941
20435
46668
51164
51167
5925
2131
63308
32993
54284
25476
42839
34262
50203
8805
14415
51547
60378
46884
33818
13460
22059
57909
55490
34806
60150
60311
54268
32181
40930
42914
1126
56412
59731
50658
11934
33369
11227
59079
37487
30475
56606
38872
40212
8272
12136
59418
33515
60599
46881
36507
1572
43315
27912
23844
54757
40409
54975
13516
5323
1116
56620
54767
24574
24743
1520
1416
13871
8240
1961
23071
30835
1858
61896
51080
59899
46442
45335
20211
54172
24827
8335
11991
28124
42809
2787
34807
51843
46854
61916
58918
60582
30342
45384
32049
51036
54920
60159
34817
2940
54384
50661
2914
29035
34827
5330
26249
23073
40062
51106
50315
43712
52075
37567
32156
17842
6892
54736
28132
51838
3058
30371
35615
41706
1361
20244
47773
14411
60147
34689
35599
13898
1824
3386
41745
52793
1324
63194
49014
59085
54533
60608
62871
43694
58307
60123
54423
59881
36359
53622
14014
58321
46201
28161
42802
36102
45433
23600
34813
28120
15419
33873
58661
55068
43847
11568
41333
3225
31907
43361
20630
48995
56420
49083
34521
56626
12047
11995
57247
20574
26627
29557
11153
55808
38631
29008
3165
40111
1783
54493
55758
32006
4421
50709
44132
61488
46258
59364
14398
11229
17904
54987
60640
8756
54716
20668
54340
61037
49130
58305
2875
23012
53599
5953
17895
55862
12077
61866
18321
23050
27887
33884
12198
1413
16613
19477
26162
43240
18252
24583
41836
3280
30756
18408
48964
37787
41812
16535
46440
16241
57516
11977
20180
61497
58079
27698
49069
2767
3243
62557
37752
1642
57794
54967
57796
40407
57133
32029
57839
16763
1342
47743
35595
33783
20210
34826
54449
8293
47747
52786
3135
2009
22295
45390
8334
28089
1395
60342
59809
2798
13992
34686
57502
3854
63084
48278
46916
3160
3835
60949
6425
28062
8794
1670
41007
3563
1620
30468
22763
36335
48660
37463
38977
32444
6016
23570
51055
33789
16240
42811
28977
19955
46548
62546
18298
59503
51260
61957
22099
34684
52070
20524
54544
29023
49002
2777
6983
53913
58242
29907
62444
49099
16541
20478
29287
26769
19929
57876
14072
36552
59102
3923
17960
50305
13980
11119
55679
54274
56541
28057
24791
51814
41708
29555
2915
14022
50231
12014
1597
33720
41401
22053
57818
24694
51105
3067
58359
1450
63287
33590
52945
31801
1560
38621
51804
54248
1177
23724
46603
29355
40389
38904
20430
12024
45427
50181
46400
24590
60272
3950
30476
24739
20561
59835
23553
37828
14691
25475
59108
54385
19957
5913
8352
59816
20626
51671
2838
52832
57937
47602
2968
6469
34554
8219
32026
1550
55109
38346
38869
48648
47662
3069
35593
46576
54135
36505
59807
34782
46704
40115
17885
2678
55663
3018
12150
8368
36077
31818
24442
34766
27306
45172
8905
59845
32374
34767
23867
58502
58287
16556
13893
54318
52281
36351
54133
38957
59511
14402
43307
14057
36550
5909
32470
22308
28154
24593
40076
15917
55756
41666
31524
35436
14704
11624
6822
1477
1406
54166
60149
3919
5324
59870
23591
16228
48665
61120
34556
17916
61959
1094
11214
23768
41389
8245
17924
1414
1675
59818
58104
33518
51650
61076
33785
1488
39836
54338
32020
59425
2811
28083
11946
1863
1705
51558
53098
61129
43333
21653
2030
55066
14429
58623
6459
2140
48261
54752
1761
52479
47269
34524
52446
9653
17886
44089
46067
14047
1397
44133
60304
3819
48663
61562
1404
58247
26634
3943
26167
8706
52439
38628
46579
29052
40150
56767
61050
29334
58517
2429
18392
8874
59774
54074
40968
31854
52019
8666
59497
2183
58513
35589
37840
6843
58314
39816
36079
46592
61840
31991
46411
61095
51244
24751
46912
26086
45315
46250
1048
20215
37789
22897
11984
61899
54088
16521
41612
46812
49123
8357
12169
18353
8724
21612
48711
48657
20618
61929
30350
19915
22906
22768
61538
26755
21721
1062
57098
61499
58083
30489
59069
47307
2418
14692
61004
20698
3032
3253
12089
11134
45403
11198
61098
61474
28149
51648
43247
57242
61874
36364
57528
55855
54968
1437
55506
2115
33824
32501
28216
40101
28173
34237
3893
51253
43221
53908
60275
8287
52029
57868
3126
40113
22020
48688
22784
28219
18349
33847
45188
6409
59447
31277
54529
50677
6800
6988
1038
56377
26208
54070
54110
32209
13426
1435
1503
43300
61857
8881
48246
12018
13404
23092
49167
31279
33883
49016
60122
37476
44117
53037
60292
59512
1070
48226
41356
61595
53751
54542
21713
34138
62763
20177
24734
54170
2782
24688
38955
61802
51263
25473
31942
55800
59723
18352
60681
25676
50252
57206
35705
45300
3045
45443
32957
18229
34828
1467
1694
60355
45311
46567
46407
25666
50245
21728
16537
54809
5946
32449
58261
40928
61567
11612
11607
59300
49049
54167
47590
42927
60671
51076
56788
53605
31737
54199
32133
22775
58233
20461
63187
47719
37565
25715
18316
20192
1883
3839
45035
38835
2908
38793
41616
23046
17896
57738
6019
8679
48714
37854
50642
58900
36061
53116
25843
45044
57717
35430
54202
36341
31486
48981
26268
58300
47771
14058
38811
54696
18874
54191
12110
25435
5992
41817
58917
63297
1103
24824
37774
34136
62396
1533
1814
2712
28152
58301
52015
54924
1146
32522
8729
1790
3940
20535
38668
58042
6946
62534
30876
13498
45217
44765
13416
1749
2752
3553
15881
13944
11981
5320
55802
53608
28128
34829
1607
55676
32257
60645
29350
1479
15921
53079
3031
46378
59482
29074
60315
46554
24431
9642
16619
51224
51162
63167
41315
36530
16302
32078
1872
58280
61064
46597
50214
60343
31272
61584
59111
15911
7003
39778
1950
8678
59502
23059
54182
18652
47742
53567
11598
53882
16727
16555
12040
17955
43348
23554
24798
1889
27895
2714
40999
29984
3928
31858
48686
3622
43239
60395
6715
57947
41604
60126
11630
46012
34231
60129
34152
23064
56746
11192
54164
8304
2700
29825
1258
45332
40986
38361
50562
1909
16657
58043
6986
3619
34552
54297
46061
52801
37791
54900
46699
20442
18307
1319
60955
32345
35604
13894
35391
13890
58253
52478
14689
60579
54495
28116
14065
8731
25653
46459
38385
12126
33373
62529
24740
56549
58498
1176
63161
18343
41770
53517
12108
34866
13463
60618
38841
32248
24822
62395
12039
26640
23583
5934
8743
59871
1111
33021
44165
34688
13935
52395
27678
46445
23036
22065
3831
50563
16546
60175
8897
16648
57924
59905
26235
15853
1962
37831
14092
31537
54342
28141
45301
8828
37852
17878
33395
21692
60431
52445
44590
11930
3845
30791
22765
6862
55517
37483
33881
2669
41707
26619
3247
46551
8782
30894
54576
31731
28991
23840
1119
31278
30842
54265
60937
37479
40993
33519
16304
6737
55857
28050
59680
23763
48994
54086
46275
59412
25449
55757
55764
57760
26608
57526
43664
58102
51061
49074
24566
18639
43294
1407
57310
50634
11141
41678
6867
8195
36536
29034
33514
34812
50681
50623
11947
63336
23756
54400
60930
2198
57226
59308
54355
2863
26636
54084
3905
53020
6372
6430
6855
63190
3114
48291
46617
57207
3360
20588
43663
16645
45379
6874
62428
13916
58658
24722
23873
42812
1122
39849
50184
22003
36361
46381
11916
55524
57322
40181
58230
43342
11625
11127
18294
36082
1180
17963
3583
57311
59278
54940
34819
51082
30339
18380
11215
33876
49078
52811
1155
54300
11155
46871
52155
34849
51827
8892
54708
12095
45009
18657
53377
43242
58093
44752
55865
11663
54931
2987
36334
1965
16599
38974
6423
32193
15890
23772
23740
1345
20583
1927
58530
60643
3865
32389
60219
56610
57688
34135
3949
18362
28202
32377
29954
3318
54235
1545
21617
23037
1529
1794
55089
2154
48962
1075
50186
26271
40100
2856
63162
35402
61598
12080
48672
2004
32027
33831
46517
44739
29549
24696
54147
11908
40204
34230
18360
61024
3294
40942
62856
1243
2916
3057
2768
8771
1700
51219
2722
48276
2795
3174
60199
20633
6845
33501
1448
60601
11970
2862
36600
38355
11999
60430
3283
1860
6852
24814
46244
34258
50155
46563
13574
31873
52939
33823
52489
20502
12101
26269
32216
13454
32127
3171
10521
22986
61972
3123
48280
1677
31726
60141
55674
51229
55114
32474
48300
9226
32063
60180
29310
61911
38784
30748
40987
47737
6007
54216
44792
41344
60279
61812
54948
2195
26741
49026
8283
6018
30745
41778
38959
16286
8840
2720
3861
48961
11959
31514
51656
43268
22084
3089
32525
58266
14425
40945
9215
36640
16706
42947
38848
32462
18279
54691
22877
38636
24453
12182
52486
43350
50226
6958
2109
54255
38900
34134
13913
1341
48129
3884
61492
23766
17956
48009
36655
34811
52079
60610
36537
2725
46401
21628
3918
54194
3863
25836
46882
53909
50588
37525
18275
12149
26232
46229
3615
63339
58278
54785
45302
52929
46544
52267
43999
13910
32152
1380
52113
6900
45031
20249
54571
27936
29372
47536
35428
19902
56550
44070
50559
25684
3279
2951
13436
56365
59429
28222
1723
29976
1838
2348
55639
6376
53395
13982
1277
43202
3211
18665
12017
6381
13598
3594
1441
42803
2023
12085
60647
43329
31871
3293
32058
58304
1820
23863
28226
36523
53911
36578
54799
3842
55648
39817
34530
1145
16626
26744
55511
48692
50266
3857
6965
1434
26763
57601
8880
33537
52822
53900
32033
16716
9231
1144
47277
47726
1996
8248
55849
33861
18284
31442
8814
48966
59375
24455
29276
61853
6415
32885
21991
37466
8669
11998
8807
55521
6741
61512
54404
57883
33825
2235
3920
41639
20434
61905
20655
20525
45021
26258
37509
26163
16685
53512
6421
62383
48292
46466
58292
8373
16721
3259
18236
34145
34543
3953
63335
25651
16680
29061
56598
57115
40392
61479
6772
30354
57494
54993
32436
60947
43288
30744
53072
24600
17922
54069
16586
46243
34155
62876
3181
20448
60341
40951
1949
1557
3226
49118
37759
54731
59862
3643
54106
26620
52474
57834
26253
41368
32504
37491
27666
50585
23872
32169
55056
6396
54142
47404
16725
37458
2028
54073
61924
46396
1493
54374
46856
52788
32352
46858
16679
29367
35438
54541
43995
25700
8370
15887
48244
57744
38662
58514
54432
17905
49132
2322
35582
47303
60305
45347
51215
23085
15935
43675
20654
46414
40080
20245
32980
1211
3351
48992
52831
32648
57497
59834
1799
54581
12023
2718
45203
56562
1452
58257
52805
6913
31845
31171
51677
13876
29386
32287
58258
11555
52926
8327
41003
52471
53809
2730
47408
60655
54311
55084
40130
17923
43213
12096
60987
7004
23548
51635
59849
33383
58920
17861
35611
8830
44093
16565
55063
27649
3844
1371
16707
33781
52511
29064
12006
18296
55651
29831
2789
30839
62424
53897
6835
31245
1454
28054
54926
1622
61473
11587
16294
40156
54322
57116
26632
11137
1837
34696
43319
60992
53018
38927
41327
39805
42896
6476
33017
34839
31750
54350
20548
42949
61010
31819
48251
57693
41767
3268
48677
41605
47273
46506
59711
48951
2695
61049
20553
31246
56391
37494
41825
24460
30873
46659
37779
39802
51822
32046
48274
46622
14424
8297
57763
51227
43308
51810
3853
40980
43867
32003
46531
54277
54379
26160
53376
19485
38874
54129
52483
38609
63320
12132
43231
40413
20593
33862
18297
58542
54261
12099
31547
58254
31847
34247
54476
59082
4422
54357
34822
1621
28189
57949
41700
24447
11601
3145
52146
49161
41406
57244
2849
33018
26267
6358
60136
32002
52828
47661
51820
57690
31797
14034
26818
38661
25839
23775
3311
52088
49162
36059
13399
3520
58130
15877
8268
32042
33855
22782
32531
28169
21958
14392
38783
42824
41748
57819
1037
15426
28105
18319
39807
1158
33721
1055
13528
39839
38641
2219
2649
35417
30480
22895
55797
2031
29056
21971
42911
61872
46236
8760
2744
17843
63191
36519
61070
41799
2240
3354
50584
43856
16219
32378
16728
23030
16268
16523
42804
3261
58326
45204
54472
29986
61871
54709
51237
56761
14046
61020
26735
1875
14422
60633
50547
59379
1890
50286
41625
54499
20576
41303
55088
51256
46441
51161
2375
13942
25648
55887
18384
19919
1770
20584
29327
11617
18305
44067
2434
59897
54929
62861
57123
20522
53382
3367
14430
48624
41758
47564
33826
38808
36099
15885
1166
59122
31542
11558
34764
43245
8866
16658
52807
13941
52955
56390
38815
1893
52973
52331
1168
31932
1246
60695
46616
35404
22322
54315
57341
11115
1067
16737
30866
39796
3906
52270
53083
11659
53499
27885
53899
24752
29359
2919
25446
63171
3597
20222
58645
25693
38981
1150
46432
23599
33541
16628
54447
3938
44115
50673
23592
6398
61130
6433
32102
2910
49116
38782
60293
46276
61923
2729
23568
17944
58889
40075
11638
20509
52940
60251
26629
1252
6468
43715
29270
48656
2116
51659
2175
3907
1919
63361
43186
33529
8713
2673
28208
41365
5997
30860
43292
8698
1841
53797
60285
41803
18866
48281
27664
49010
32101
54275
52496
12218
35710
40131
2924
29070
48245
60222
63201
50546
43708
54089
48716
43248
33379
20608
41791
6854
33019
1672
59119
32515
16527
45348
33009
54151
1644
33872
56427
38828
26213
38933
28108
11945
40195
54583
59846
57204
36628
52480
31852
1946
15944
3106
46892
36080
1859
46907
43364
41659
41617
45359
36097
44078
13934
45041
3203
8815
17830
51102
45174
36598
51805
47195
34664
8877
57114
2984
51737
32878
37796
58112
53122
24763
58749
41631
23575
63345
3826
53375
58090
55794
3111
1901
31478
1438
60194
27667
43289
42928
18303
24446
59305
58541
32155
51258
41599
32236
47587
43220
39799
57873
63083
1979
2719
3295
16300
6436
28232
9638
8902
40061
56760
16766
1236
20246
13531
26088
50580
38353
28088
1315
38852
52923
30014
3254
41696
34791
28111
28069
14055
46861
32567
20228
61048
1829
34256
63288
23721
32967
57727
1839
58235
2187
11210
42850
54349
46207
59352
36327
49109
50198
14432
48712
29911
30024
32428
44574
9647
32434
42899
42870
1641
54771
25483
52081
32566
32240
16545
42875
3257
16534
53841
31526
48719
8746
33522
58897
38354
1917
8790
40219
28166
48978
32974
24580
36639
24800
56742
45329
53580
18387
50590
2325
46910
48659
40426
29291
59516
26173
40198
32495
12097
50665
22875
1196
18860
5965
62518
1871
29030
40093
57506
3586
59518
21615
61127
50592
59342
49018
52437
59851
46771
17847
57734
47992
1428
20542
13920
32521
29258
41822
3329
60117
32013
55091
37859
40123
57825
13892
44777
61072
31539
61513
13452
37754
54223
40914
37810
39822
34850
2738
38597
37465
3119
8301
8781
58252
24760
3169
60260
54481
21665
57711
58506
41681
17957
9220
61551
32953
16562
32386
50190
41601
43875
31997
55883
21995
10506
54919
3281
31254
23876
57781
28998
57346
27304
29316
53891
32778
36674
53624
19954
34131
60997
2715
46016
28196
54405
3078
61850
61933
18422
59490
46027
20188
55835
26837
18225
8389
11661
38850
54446
45175
31810
43346
43706
58632
51252
16646
22770
48704
26223
24716
24437
21992
54694
32779
8249
1403
20440
50236
1507
3936
2415
23003
51083
54436
45425
56554
23777
39798
6753
16644
11948
24572
45312
19898
41813
58101
60585
1999
20199
38387
22899
24592
18262
3822
2127
9222
40404
34335
59829
35410
60201
1720
59755
23086
53795
48323
50705
18379
49001
60665
12059
9221
12021
37860
30003
59315
57593
52152
28112
40960
52947
59874
14004
31896
1598
2422
6399
46403
40912
31864
34539
1551
62550
9210
24576
6008
59722
11579
38395
3124
29896
54690
32000
3092
61987
2237
33722
18248
41619
30017
61581
55058
32023
11194
27904
11232
57508
3040
46028
56565
50304
2927
50253
60961
54721
53040
55071
51170
1684
56621
50579
33719
60232
48124
52274
43695
13527
34765
25675
1631
54237
46761
54441
25716
2806
48679
51043
35444
16306
41729
32792
61014
57212
2717
36563
29328
30361
6453
43863
12013
16760
27927
1528
61910
38807
46580
3824
21591
48635
48667
2353
59740
46240
57124
3521
59856
42940
58904
54680
18359
6412
32951
40929
2656
25419
63195
38945
20497
32221
48104
28175
31743
15857
54692
36318
30864
26835
6817
8701
54939
1427
2852
48623
2694
53806
2172
3913
54229
2343
1736
59327
3028
1627
56603
12212
50667
54382
32949
16705
6026
52958
8191
53798
54348
2333
12072
6724
59732
55102
53123
2923
20609
2328
34693
48270
46000
63069
2735
3219
54466
36559
32342
55104
32650
11162
16254
54562
27701
11914
41672
53745
26229
3886
29306
41329
53106
51836
42885
22098
63340
6920
24792
4436
33535
46228
12201
13467
57912
38847
20521
20586
11571
3282
55859
53573
60596
1953
25687
55636
1165
42936
23027
54922
30793
61815
54227
21662
2136
14059
45342
49022
40098
3086
34893
24766
46202
16701
41693
2327
46624
32004
58106
32061
15892
36632
36678
20682
59800
20217
1142
1717
58660
59316
27693
62389
59813
38831
37460
61084
54345
38932
3524
48000
44111
36064
54264
57859
43334
1238
54911
45192
1194
20423
52936
46530
59873
34534
1200
58092
23722
50678
3875
8884
60238
48006
36295
40106
2340
49164
40205
15904
58501
41349
2225
11615
2961
22077
3299
31989
38045
5920
51735
3544
38341
1846
53371
52126
58927
59753
21685
24726
40977
33864
53510
55812
1455
46264
46513
57771
38041
41722
2436
46409
20250
49063
34266
9635
6814
46284
35583
46252
44151
3371
16603
9632
16581
36487
21666
2680
3587
33528
29349
1612
57241
21649
27889
50288
28164
31326
57854
22885
40060
54353
30368
42869
23734
34235
58672
8250
51108
1632
62851
41705
24203
18425
54287
61848
1061
5932
48231
3233
41610
40087
53494
6936
3133
47667
50276
1712
51211
16764
1475
29827
20653
12103
27669
59273
56386
41647
14080
3581
23547
44579
57950
53479
60682
34778
32435
42905
48106
9233
53489
38656
3539
19941
46886
50275
32652
32529
59519
57743
1322
31844
46269
10515
55496
20518
56612
16573
47541
37856
41671
45355
43682
16751
6714
52505
31512
34153
2992
2181
57893
3388
3395
60239
42918
52942
37481
1500
54189
22769
37468
12046
28074
53572
16525
48224
3149
38343
62786
54105
22983
55047
49125
61061
1570
63289
47505
29830
6740
55015
49141
6953
9657
8263
1981
41338
2986
1086
58648
36589
21693
3599
8310
2675
44588
58095
30363
3649
32530
35433
29057
11222
34151
53021
14083
46458
30863
46254
18250
44083
44150
1057
58666
38612
50655
2412
56617
6962
30365
1821
48250
32780
52930
8833
8715
45299
51654
43700
41598
32380
48698
1865
44770
26747
59400
20196
12164
53120
56548
12061
42799
2791
61527
35575
3542
36056
41747
24779
38840
1411
54964
11157
29259
58295
18859
23066
49135
3349
30478
62847
2826
54158
63332
38978
11940
33375
12068
37508
6022
55657
3072
24718
53611
62386
18238
59491
16703
50694
57870
44116
1078
31860
37865
55885
46029
51651
54270
57594
20523
59451
36610
8693
37871
5957
24463
58673
20543
44780
19932
2801
59810
54208
33008
3083
55881
19908
57235
32255
11957
28177
2705
41331
54686
49106
29040
30370
60420
36510
45324
16712
46008
52950
14405
50714
2688
33402
3942
11618
20438
21678
47297
46001
18221
25443
25466
55113
54396
16594
60612
35562
53075
60206
56614
3546
53087
48272
47768
17873
16563
49147
48020
13588
32395
14026
32057
55055
14079
55861
58319
27677
47769
18659
41826
26093
2754
1093
61600
50258
44740
1415
1697
45388
19906
44060
60277
48643
1978
41798
1240
43705
21700
54343
17959
39827
61892
33833
59819
11631
51806
3060
31508
2920
57889
57209
40117
41788
55495
55086
8764
1425
60252
43249
47750
50312
8861
46226
35366
46903
6746
40188
1880
46245
45400
28093
58124
54800
6474
62779
32995
49169
33508
8680
31506
32790
9630
54387
8862
46295
38635
20678
56601
37816
33776
51825
57096
47295
45205
59726
36336
50277
12083
32278
62558
35418
18411
43190
38879
8199
28981
50289
20457
3954
60362
23089
1052
31323
26241
22326
50638
18663
6410
59265
39846
51037
2911
11110
40965
24702
1271
2227
47596
46604
8315
30747
32427
2409
31749
1586
56602
38601
27690
24828
56381
23055
54145
46811
62415
3899
17907
2900
61978
50627
29975
53614
58539
51210
1798
36687
31898
19947
32466
32992
2000
11937
51657
54068
54991
44758
41827
61091
54990
23750
37819
17893
48096
30660
43194
16719
11228
61058
57801
16616
54266
28130
53755
34794
1646
54302
55513
30875
25450
27675
34695
28142
20179
57314
13522
29387
26742
53752
6997
2349
59091
8738
19899
54769
26628
61087
57765
3269
51066
48977
60249
24464
37830
54065
41685
28217
56567
25455
22070
40978
57586
55816
31264
12180
1072
57129
20693
58315
45186
54082
11113
62846
32279
1511
37541
50274
31510
34264
44145
16656
59434
31986
40946
29309
54526
20493
32036
42872
57948
55620
17863
55642
1459
44772
25492
32051
1128
57240
62399
1171
46557
54389
37824
61106
3393
60404
57925
38929
52790
58076
8288
33713
26254
31850
48095
59728
31881
56375
59332
22311
46052
44062
32347
3550
13529
16785
24445
12054
48293
2965
38834
38794
40077
60295
33840
63166
15425
59777
2324
38646
6793
2170
3612
15923
50194
39784
59450
32994
40935
20544
33540
62766
33877
29278
59798
45405
32886
60399
32376
30795
28048
48983
40949
2707
54452
29017
6784
57821
61524
31943
47187
57697
57751
27933
27928
57804
33885
53017
54336
18324
20212
44152
62387
36574
1735
6404
18404
29368
56368
43846
1536
38632
45039
25436
21710
35365
14700
48645
26206
42881
1679
53598
3130
6456
1935
60679
56409
25705
1593
21998
52813
3038
58357
45018
22347
32237
42946
3007
32978
37551
25477
14421
59510
47721
58327
34519
53837
42959
48949
51059
36666
2822
17853
41347
5966
58332
32035
48008
31169
8896
36656
50157
41611
13398
36070
11924
13882
32369
40196
48247
44109
38352
38888
45375
43296
61001
34853
3588
50278
15940
48289
1583
12049
5993
34663
1210
6755
3847
11561
40134
44624
38344
52948
60634
60667
59521
36525
42921
54296
29817
46813
1458
50225
13931
32415
21996
11973
2152
58062
1396
16255
12005
31255
36614
41831
11562
1561
38388
54443
11197
43311
38851
61897
58625
2697
50664
5987
11628
52350
46220
35581
29268
2231
32064
48946
30848
2162
3343
4416
24436
34144
26643
34838
40995
24426
2797
1759
37841
24424
45343
20516
44864
40145
59460
56616
55809
6871
60372
18864
61952
34677
40998
52798
63327
44080
25983
28085
59124
24689
22031
2169
48989
2039
36568
12016
6806
32448
22312
53609
36527
54464
22886
28144
36635
3242
51556
28052
43356
55497
55637
51632
2903
53836
61089
45389
32879
32786
3389
46017
56623
27685
8236
11627
63328
2809
53071
46601
25708
46693
34789
37825
28146
41810
54984
56756
50693
1983
16282
48100
3328
53112
45357
55646
24811
34523
8757
1648
30013
60282
51257
21635
31276
61834
46225
2027
43203
11206
31794
6743
21651
54269
16231
55762
61113
22307
6781
3828
41655
48694
44143
13578
34557
57097
39789
16694
58882
43305
3043
16516
59789
59697
48287
29022
54171
51214
14043
26756
62790
33718
35584
2350
1457
54903
40170
61085
9227
19960
11220
26172
2232
24782
30496
36063
11554
54506
3378
2736
2926
13557
62767
43678
1686
11968
3150
61489
57239
35409
18344
32225
63296
2727
27296
38356
3184
41821
13541
60965
44079
8755
54220
45185
3141
37838
44163
20642
58298
58110
50632
25457
11146
2166
38634
28211
52826
57611
6418
11175
3303
26260
61475
52129
30855
36512
11586
17889
55079
16723
48313
58084
23569
2391
38618
51555
58109
48695
59781
38351
6365
6896
60592
12135
11124
1335
52941
54153
54077
12050
8671
37534
8871
45367
48257
49077
63055
58290
14087
26759
26633
60101
1615
46288
41801
29348
18871
2200
2122
40390
37804
59710
48105
38664
18355
62760
28095
1250
1630
59839
54131
32366
40174
14397
34139
2711
58279
54381
40078
61111
8377
54985
1663
54710
53744
46614
53874
59806
29915
46904
3353
20450
30352
47177
38931
47188
40176
35403
47597
46757
2339
8369
16779
18281
1276
1626
46859
2388
41830
37564
54508
59686
62407
43998
62849
58931
37516
62532
1127
59509
30482
1045
53381
9636
32981
12142
16522
1601
44766
54941
2981
24847
43261
40923
30857
48974
61592
33399
46448
1991
50633
61108
53133
56774
49111
61856
57709
11154
3105
32943
1832
15953
54804
32164
61873
11563
13434
40083
41765
46219
31746
40211
47744
52326
20539
61901
36583
61067
46406
57132
56575
42887
3522
36592
1461
59744
21648
20547
60953
53574
3197
20424
16743
38615
12138
33380
24449
26205
19938
53803
46706
60688
3263
6975
1706
55101
54283
43238
8838
26639
39851
55659
45020
22062
58259
11952
22072
60183
50704
41307
28234
30870
57678
1077
59454
48320
3300
31282
61826
1510
20247
23082
52928
23757
60382
40412
50718
59331
1753
61967
6825
17947
32211
58753
32235
41392
6935
44789
3624
48015
51218
8325
32516
16596
29058
38382
13570
34550
20611
44127
60600
58630
33022
51206
6006
5924
22071
17866
48248
53901
30539
26171
23544
3188
46377
8846
20570
62450
55814
6406
25678
44597
13981
47561
55052
63323
51669
62863
1140
35395
47730
59446
54258
43668
29565
53604
32461
33634
8857
14096
13991
13497
1110
44122
51817
52090
49146
37502
17901
62441
26166
47181
25668
44154
1695
63307
49090
1484
2885
16280
6449
58510
36595
34233
14693
36590
2763
24846
1306
59796
59865
1382
1719
53799
16552
36642
59465
43886
54947
46203
38607
16296
3671
2709
51240
2827
31511
11181
34536
41754
26622
38602
47400
63326
54536
63286
30002
16621
62547
17900
55078
32069
42910
58504
2830
29989
28989
44087
2873
33533
3640
1131
20455
46868
54359
59147
41386
48290
44778
61088
45364
54957
37863
21594
60940
59399
12211
33715
41727
30877
41353
52510
28997
31176
20238
62556
53870
29356
21999
44125
13947
32055
54122
13423
47272
1367
25714
23864
60308
31987
50200
52490
50259
59415
6408
3235
29012
57845
21596
57109
52399
40213
53128
56778
47274
51841
8319
30542
36565
18367
60255
62548
3611
57939
29988
3657
26774
61511
38832
22779
1373
63329
8231
51084
47539
18232
44144
42958
54545
60365
59705
33845
18673
31727
6930
20233
3556
19897
61950
63081
46003
1125
40990
13870
51649
49110
39868
51060
26748
17966
57128
15928
34858
3532
57809
20443
36066
49160
23770
18276
63196
23083
53886
31267
41404
60336
31876
33838
3518
2946
55520
36638
38866
6947
12003
46261
50310
33381
12119
3170
2988
61577
46914
20187
41838
57934
3255
48318
57862
6957
5968
53513
52796
38342
14682
23042
51823
11935
1911
50697
2233
46675
8356
8307
61887
14406
48310
53476
53896
1265
54136
48653
36310
27882
46574
6747
51662
30481
3380
30801
58098
58265
43992
54761
34244
57612
15950
54707
11954
51808
32518
22298
6858
22324
49151
34143
29011
50622
35421
11996
6794
26836
46606
54805
61122
12109
34889
3846
60929
37834
31890
34871
46698
57499
32022
49098
8786
29365
48094
38642
44098
54155
17864
16260
60605
61051
43210
53801
36682
53839
52497
11643
58119
36593
1654
62423
18868
48116
60334
42895
54326
56385
44081
59704
44742
39786
2435
47589
47283
3157
22317
9241
9646
60934
11655
20254
55667
39803
59860
41832
20482
12154
31861
59137
30358
41376
33378
34525
30016
29916
53114
21607
28104
3655
46899
48307
11931
49066
53618
22023
38893
15900
48222
59287
13996
2793
20469
47166
46607
41384
57768
61529
3555
6764
61946
1658
8188
51557
60307
17858
13437
51645
12174
59471
44791
58929
3002
47344
59072
3526
44124
53129
1878
51163
51642
59802
60659
3843
54513
38819
49137
53606
51038
41667
32210
2681
25660
38821
20236
57967
52073
6383
8882
1913
55822
31812
23093
16533
2939
16745
1534
14061
48024
8387
60359
6905
36060
33394
20243
1173
15954
3892
32145
49058
16233
55665
41361
58045
3204
3613
55087
46270
42877
28184
3945
8230
54101
23761
2228
51248
16568
46869
38940
17850
50295
39834
52018
32955
28178
53565
2326
17950
46573
54764
50172
53915
45426
43347
30541
14033
6448
21637
12148
1651
27681
49015
8816
59765
19918
2125
8831
26626
50703
45310
11951
8774
35420
33525
18390
50586
58893
59785
60337
59288
40180
38812
56430
8284
54980
59893
47766
16292
48634
36641
33006
59713
50180
34834
46572
33367
48169
6388
1478
24732
23539
61948
8349
26823
14064
3658
54902
32432
53386
49017
1186
27697
52922
28221
6838
40966
8711
37526
50192
48636
32158
34676
13995
59372
3129
54574
58885
55858
53084
30346
6821
2366
46887
60942
48641
45011
48732
34545
25445
51110
32445
55533
59880
29307
61902
60408
38963
3362
57527
46692
60155
61944
35625
17982
54678
26281
8234
45207
8825
1456
18292
37512
23771
43205
38359
46772
63359
30007
51212
19909
2814
18243
3924
47381
43189
29026
43868
46470
19914
35607
38650
1499
28114
25711
62433
34665
6478
20229
50569
18288
43206
26243
38838
41719
16602
62860
51249
62420
54123
46398
18672
58742
5973
61935
43192
50212
6933
15945
50298
37844
16668
58669
54740
36362
32355
46505
48109
18650
35617
37775
59678
46527
56743
16610
52812
26169
6464
23596
27920
1192
53127
41760
1980
50177
56765
61961
24587
12181
15933
34683
35711
20234
16530
21725
61054
63285
55627
32367
41380
49122
26757
41309
11962
2404
5977
60414
56591
47672
32285
11144
34532
52962
1584
54559
20558
58538
12134
50595
2037
55504
6844
23869
22107
51250
26262
56563
59071
5936
32043
40973
52147
59752
58926
28158
29388
40132
18636
2871
58650
54969
4441
15866
54774
50567
46691
59068
52964
8339
54795
40164
47604
46404
3616
61867
52325
35392
46539
32970
18393
29832
2713
31248
59685
2905
20637
15947
1604
54522
1108
47767
3829
61573
46386
8769
43685
25679
41800
53402
3030
54161
48723
49042
57741
54209
20471
16553
39768
1297
6767
28086
46901
47583
35629
1527
29362
43665
42844
3547
20601
42864
46262
35626
2884
62406
31950
6890
16284
6839
15929
56738
17877
13958
47287
52963
32965
58302
16551
8722
54693
30887
22086
25689
1387
28084
3335
32508
3178
1369
20641
62564
34860
61516
11195
44056
29833
46222
33007
57930
34780
32362
37776
43703
61839
6886
61519
42935
58668
20451
59886
30751
17898
53088
1485
13540
40197
5991
36514
47396
60419
2817
54421
11213
46589
53805
61068
52074
39783
46612
37797
12197
1422
1328
42818
40138
39806
42810
50223
4429
18339
6954
60165
59394
57505
37482
61495
34872
48239
13476
37480
6868
62390
30336
32397
61886
58297
1617
3000
59314
18230
46004
1539
35616
2399
55813
52498
45369
6385
57749
25479
3630
47600
32277
57119
36090
43889
32404
60417
1074
20585
14698
59298
47720
43677
20537
38643
62451
48219
59347
36352
3139
8384
63075
58127
8684
30856
8374
54356
38846
54989
2211
37547
43313
44615
44101
28227
25426
60938
3185
1268
2224
5970
9205
47717
36506
62530
34843
36533
1618
1501
2929
1476
38921
41725
34259
5996
29964
57716
59791
30491
41621
1228
29955
23737
16724
48697
53397
59121
58499
30850
3580
48669
3164
49092
33822
55830
2896
12130
38386
38640
25452
38659
32136
32068
43246
36053
62380
12116
52116
54717
11588
57732
30853
11151
46909
3013
3161
44764
53101
26642
26740
31155
14414
51168
46285
41318
1554
4430
45396
45016
50207
1531
40984
35396
13967
28180
43275
3201
44759
46676
56425
59479
55119
12056
44751
48955
55060
44604
55832
32565
43226
26097
6943
3959
37524
53619
61941
3617
2741
47282
60208
30884
57500
2703
41819
12102
2001
20571
50197
6443
21598
53481
32413
29913
27654
29714
40921
3221
41704
2433
54368
46765
46462
47495
34308
1356
24705
45303
14049
53898
3670
62552
23021
36293
30458
59277
20248
52488
50601
18270
2964
60216
33502
31872
31983
44577
18401
8761
8395
17935
55523
8739
48305
23871
27297
52025
8220
58643
14081
31487
22001
2135
60972
2689
42868
6432
31919
45344
57886
41698
29323
42915
26209
21613
54532
22995
56413
24850
46387
8273
41606
28106
56418
25441
11142
46596
12088
2995
54364
43274
52795
30803
60364
32473
61599
13960
33773
14410
12122
60284
63203
52144
57786
35431
3516
21686
15889
3337
58741
2661
42945
45316
48701
3911
49082
47285
11662
29973
37771
56569
32053
2184
62788
36607
59385
14435
3651
57614
1350
28207
41355
28099
63076
1766
57598
23742
50313
46662
27926
3654
38652
18228
49038
43987
40937
3177
32150
11204
8290
54417
59392
17881
35379
55633
51664
3579
41650
25659
1771
51035
48277
37780
44068
37808
1105
2877
46444
12143
51672
60253
54791
63172
3888
55096
27913
21589
60998
62516
55622
57840
43214
46227
2035
44622
3056
58120
3535
36499
13974
1303
56555
32138
49071
3574
60979
62765
59694
22005
16273
54435
43272
42897
20437
1132
41319
51809
13927
30012
21644
6001
32096
57792
57245
34234
29917
1347
51674
46510
29820
28125
44605
2978
41750
58515
33385
43861
36621
55876
28046
32528
16245
28096
62384
31843
44593
32997
1383
36553
6005
34779
49140
2420
62519
1564
12073
58627
50711
34804
3350
2975
38976
1267
40191
29331
24452
47659
44609
22063
1106
56747
37488
5945
57672
3036
54981
29363
18660
32446
38792
56755
54132
16524
14687
2948
59727
60335
46648
3916
16577
1050
1640
58310
23579
59374
6977
3198
58089
63087
49046
58111
41787
11166
41373
30854
60265
2799
58063
1886
31327
1591
2756
58748
58250
32532
15872
52458
46512
58500
30020
61096
2972
2904
49039
62789
12129
46384
54112
57718
53613
27932
6716
26638
24720
2155
62549
47169
48996
16738
59346
37557
24602
3175
2230
58740
21660
11129
51666
1664
49171
13912
32017
45341
12203
27910
60413
6859
2803
53866
2773
57917
50248
11614
38924
50537
56417
41768
21708
62566
5318
59419
38935
36615
46578
36601
13583
1639
1040
12074
53756
62426
20235
24777
55823
57106
29275
1076
37784
31400
49040
19958
58747
1193
54102
35441
8801
48984
32159
6891
18306
13998
24746
12067
31951
13487
2685
3158
48700
41809
47715
1565
26259
34548
3232
56618
54782
39863
45024
24834
32884
2165
41600
50682
53895
49005
21640
8875
25495
13418
61900
22075
53400
3890
1212
61932
45346
59761
54434
53016
61858
6829
63357
31154
36492
55518
35399
2191
37554
13976
55869
36660
3172
31440
1866
25712
54152
43250
58272
33495
59764
32044
3208
52816
48259
32291
13878
52278
54744
50647
16222
8859
61101
1504
60288
47545
2202
6439
6786
27305
37823
26827
46294
1782
6942
59734
57844
44769
61994
63183
18634
38780
41689
24700
26819
56395
2423
49097
29048
1366
24786
42904
1487
52800
46293
44614
14684
52506
13914
21981
22050
26612
24744
12215
21731
46562
50654
39824
57895
29015
8672
17892
12202
59790
51653
24805
38604
61047
15862
22092
9659
54285
22102
40175
57617
38625
63341
3127
20230
52484
60134
30797
30879
1585
3085
48642
3339
54512
21715
1419
43227
57826
2128
50196
14408
54240
1888
21962
1254
5917
31902
29380
3948
55529
46212
57530
13433
54898
36662
60418
29281
11974
23605
43253
63343
41811
53111
20657
24695
11656
20189
28188
46263
23847
47760
8192
25691
1326
1492
62525
8312
41405
32979
53577
35389
54304
11923
57524
54565
26752
9232
50631
59330
52803
20218
54411
41377
1439
33516
1329
18364
59142
2362
1327
47270
23731
12051
61579
29014
24796
36672
55105
21652
22989
48297
54772
44584
6392
22022
2769
48241
63334
59850
1524
60245
16630
60153
46395
37533
29899
6752
37536
61082
54130
57723
51065
41714
1298
13489
63173
34529
42836
43208
1068
45050
2942
36083
27905
55837
29054
57860
46223
34673
39880
6370
32196
18327
51207
52389
11933
2659
26736
57872
16782
60644
11234
59499
60350
8323
32340
36347
60954
1430
6377
52460
11955
54988
1381
40187
59833
38839
22774
13952
53515
3322
61097
54675
43303
16732
46526
32379
61958
55805
22756
56628
27299
32032
60684
51765
37501
3071
62391
38813
5999
29904
11180
48017
37555
11105
38916
48221
21711
54295
38638
3934
47738
63202
52089
60278
3838
40427
51058
31177
26210
63072
54500
24715
55836
59775
29978
48234
38038
32262
45190
19911
53845
58311
52161
13459
59882
40957
20640
11573
37493
16293
58320
60986
2969
47714
18638
63064
5941
30851
37801
61560
40141
57857
38964
38389
53478
38043
6972
1943
57704
20568
1148
31944
51802
21623
2775
48022
14084
15424
54228
54776
52935
21626
11602
13461
3121
1711
29548
1760
60373
39785
52078
17952
3116
29285
3223
37548
31869
50548
23029
39858
42846
37767
24745
59299
37527
55077
21714
13954
13929
57603
33860
61000
2933
2872
1321
42912
1661
1130
18872
34309
2005
2194
2189
16688
53885
6901
54927
30750
2696
13985
2038
36324
6837
54346
14025
61105
18403
40209
11196
36497
28064
51630
24749
47739
1516
60683
30348
20452
29304
2890
8229
1900
61926
24839
30753
61549
2788
53519
28110
26263
46629
34547
60662
52329
40092
48126
31889
59838
54937
60301
56544
42952
8779
37514
46561
57692
57318
1234
61945
27641
50635
38666
57613
31926
2880
1301
52142
12151
30837
49165
32103
3660
1568
1724
62394
54750
60330
37531
55675
60113
36330
32793
57493
51839
59695
45436
58628
56556
32519
35706
1334
8842
57835
61031
21986
58887
1732
32060
54918
20540
13965
54118
61518
35406
8719
36605
38958
55103
51034
57814
46584
37472
41366
26617
13548
57118
49060
36313
28070
58081
17926
24754
32991
11589
63056
57927
2960
1762
24819
58100
59089
16698
59378
57219
29045
54570
58518
13517
57766
13524
38608
28975
54563
58105
13564
40970
11608
25830
1810
22013
46040
54773
55491
14020
1143
59360
61854
24428
62782
8354
61552
58911
21614
1971
43680
41820
56599
40108
1349
54551
3147
57667
37872
23587
59771
35397
1043
1729
52503
38027
24808
12120
53095
32398
43260
40177
59366
36319
58922
9224
13554
6760
3081
16670
1100
38895
32985
27911
29300
2831
20198
38374
44619
8269
50540
25702
56769
32184
42862
30464
61885
6774
6950
15903
1656
1905
52438
24429
25484
6992
2733
54186
40207
15955
51535
61981
37748
8347
33787
55680
24451
34670
47593
2018
61006
40216
36072
52283
36485
57214
61804
14010
39795
27300
44591
27939
55076
31811
32045
29376
2378
53485
11623
2887
54306
6751
47565
3035
54808
8748
37827
1610
3107
49085
3377
50560
47722
34862
1816
61988
16660
60983
3674
2335
24601
41814
25680
56600
20429
45049
43258
55875
2785
16252
57885
50640
60236
2177
9217
36360
48687
1715
31888
31156
23563
55498
5329
58269
35385
41622
16567
55870
53511
33821
31866
3879
11560
57689
29375
54412
6375
17940
31482
38040
16650
20565
23044
34845
34142
4438
53518
32252
33360
54915
1384
1266
53925
40934
55760
1482
43285
15863
54127
46039
1368
3310
16543
20635
38627
48264
6831
31548
18253
16519
48236
37837
49091
30455
57211
57706
58358
1164
4426
58080
32433
55645
11565
43244
31281
46224
38984
59159
60971
2889
55853
6458
59787
11208
59271
50195
29958
48718
20619
2043
13983
3196
39860
8386
31162
59326
58651
11927
17902
17844
16761
50570
18241
32214
59901
1460
16755
36634
18671
43316
1256
31886
55656
44157
36323
31530
2672
33843
48295
25690
54897
50599
32162
25704
6771
13907
38029
29552
61823
33633
1809
46667
2706
34784
3595
6813
27640
25683
37532
45182
41673
7008
6744
1808
54175
22299
29826
60646
8775
56426
48123
2776
49170
59459
49037
32503
26637
23850
14044
55624
38880
32165
61868
25697
1763
1063
25646
9235
32406
60663
50710
55632
58245
16773
62409
54278
13511
11211
17872
25825
43984
42953
14404
47496
16718
52509
28148
25500
46814
54324
42793
32581
60226
44138
1781
31817
24687
57940
59470
55844
35596
46060
59393
35622
61504
3952
34763
27680
54543
18667
36531
47193
43994
54214
60389
42919
61604
25422
8893
47361
2979
3868
8758
57923
46286
2178
51032
6710
8233
4425
11633
54134
13512
57700
18406
62388
11580
17971
12032
1727
26738
36094
51223
38967
19950
37492
44795
19483
60941
38942
60302
47752
61564
26278
2860
3301
41749
8772
1567
44135
53832
30888
50280
6434
11597
3304
57514
42816
50671
39794
3151
1728
62853
13918
24759
59720
41779
54901
60192
34680
59872
32964
1635
42944
63160
54718
47674
24584
17953
47192
57708
59380
44748
23601
29264
2372
1522
20614
18302
49011
32230
44594
3862
23842
33784
6939
62521
60587
54215
59736
61104
48263
32356
28186
29289
51819
23602
30467
12028
48682
57668
18675
54303
10507
9225
11152
57529
47292
40997
49105
30752
20567
46550
35415
47585
11606
3900
54377
41614
59396
53835
46255
2894
45336
35414
29326
46534
41615
60274
22891
1779
20689
2405
38044
34776
50715
9251
6473
41807
38905
32284
29835
41683
29996
40208
58908
58902
3187
32191
50165
16520
52286
11167
8721
45386
50543
27916
52499
5959
18391
16542
1785
29966
25673
32459
26613
8232
21994
3964
55661
57955
1370
49068
50281
26099
6869
23062
55761
46397
20486
56405
2867
3312
53500
33530
54083
32889
1332
54176
51553
24820
52951
46009
2658
16775
42823
60104
58525
51728
32001
8845
3192
20193
13932
42960
18377
1360
43986
25827
8690
33868
50189
59365
36315
6996
1517
56751
13403
8710
33015
8252
57921
49033
58128
3101
27902
34844
58073
3904
37867
61955
35407
43887
19901
43278
44861
59878
46820
48315
16560
31263
40119
26275
13872
63074
50255
36667
43234
63059
60641
1443
1882
40910
61588
57959
19893
54244
19900
55643
26265
60594
23543
1139
5937
55807
54395
20533
1813
1638
32455
52024
51533
44092
22764
47360
53398
29967
33543
1209
34864
3374
6782
28198
58626
46593
3055
57795
60187
3927
45423
60597
28210
37807
28065
27670
25826
3047
32368
55044
44149
61851
59149
52275
62398
1065
38941
26775
47280
31447
26226
1274
2648
40941
2210
59721
6798
38875
59422
1685
22029
1247
30847
29013
13417
29352
48309
54188
11917
61596
16787
11130
60581
46249
57677
47543
6922
39854
43215
24765
20669
54518
20560
54180
56764
36588
25644
2893
46906
2753
32575
13584
30485
18338
8773
57227
38867
32945
14015
53100
6788
14048
53569
32222
50158
54676
50539
34243
13963
55834
11922
1693
60132
36558
8392
46278
36353
52440
29965
8329
36679
50689
16276
1073
59151
29983
46436
30461
44091
13873
24425
1167
51217
5951
15895
48101
29909
57509
43339
54575
7002
32431
32109
62770
54116
59427
12166
32361
8340
51238
24579
34232
35590
2137
34876
55080
53918
36651
32960
33717
59403
21717
1451
8717
54241
41804
49048
11944
60374
2646
8331
11569
6015
32339
63078
3621
1963
11165
16655
54075
36630
60434
16614
15875
1608
25694
31994
63048
59349
32517
21979
57793
29065
57881
8213
58331
32947
45392
13414
54960
63293
51766
3292
31172
32973
1802
1162
57107
39762
60642
6903
1701
22325
36669
14702
1410
1855
32194
49052
51734
46893
3633
60416
13555
52507
32204
42922
52436
6979
45191
8318
13989
1318
3390
59113
28231
58638
1629
49138
37518
37803
25430
49076
20572
47173
48954
34540
36481
38928
20536
50684
8328
1377
47727
26087
18258
21595
17936
23018
43691
1157
40186
55090
14066
44793
31814
53759
47379
5931
57843
39776
54724
46519
54111
6872
23077
6985
35563
41641
62421
45411
59074
50173
51169
16288
40086
1374
1904
46652
37561
1081
12118
38824
20176
1304
38890
32358
1526
56763
36316
34555
29982
13485
11216
59778
59319
51075
63176
36627
3647
29266
3815
8257
38806
17951
62402
47746
62418
57919
31736
21643
23728
29997
6836
14042
61571
12209
31322
20459
45030
38833
32880
31905
57853
3880
11938
38647
2019
44100
3368
36542
3666
55509
39781
61917
1313
31520
10513
61984
21722
3540
59141
24585
51048
51046
54370
31920
53907
26770
39831
46655
62775
2354
51052
46542
52452
13513
14697
32789
3527
53091
59797
58744
25717
38868
18267
50238
41363
31516
2668
52128
62437
34668
43251
8753
32402
1792
8799
54453
1095
34541
14393
58912
1976
51235
6816
2912
17915
11919
46247
42805
38906
35387
57911
45432
33846
3029
57510
60210
8822
45319
35394
47347
45199
6790
55896
44756
60658
32234
39823
1400
46034
38790
58125
50174
61533
61486
36575
11621
9239
57799
13472
54366
59751
35413
59823
23758
1264
29979
16221
51826
47761
2206
33835
3677
61590
32202
62457
6382
41302
63181
2396
23783
11160
54177
1299
25685
14396
9644
22302
41324
25718
25724
21664
24567
37457
18649
22767
27917
8396
36653
61043
54685
36301
28993
61557
63301
37763
61075
3652
34520
33591
6856
54457
60270
49036
41383
3336
39866
11963
51640
16689
43669
53126
26743
12002
32107
30483
55083
25721
1198
47675
61131
60390
3252
62555
54734
28087
52491
34267
50232
2781
11593
43266
6925
49024
61038
59439
43264
1775
55507
18237
53868
58052
61045
43885
32440
17917
29993
22327
40991
16641
24825
18277
58113
30364
8742
35561
46022
13501
62811
22100
36538
54742
24756
1797
52148
56781
56745
3618
39812
6413
48675
1241
60946
3347
59480
46821
41316
54778
48625
49158
58659
6379
12140
63051
20661
37490
16643
57892
37815
51064
12157
32562
8305
48262
41630
34825
57772
56416
2147
34824
36500
35573
24562
13484
8808
46417
23080
54422
49149
53800
56403
56553
48736
3248
2848
39856
43269
48173
24701
1340
31527
38367
44738
8900
53793
23759
24821
6902
60230
51834
1546
15894
17827
53046
53864
44129
46695
36303
1801
57748
33890
45370
59350
61539
40985
51262
44099
2221
48699
3606
58329
18240
11992
36302
41755
60273
46598
61843
43252
25703
17871
38363
6457
51056
28205
59703
36490
8848
42957
8222
46865
46006
62528
32954
59334
47291
14416
59486
8204
28080
40088
57313
45337
2922
6411
48103
56752
32371
43321
2724
40147
29068
17868
32157
34801
61893
55833
45441
59801
26762
28091
1955
54961
1465
45422
3552
56401
36681
39809
61039
16624
63182
60622
52465
17913
6390
63058
48729
48238
36613
23559
44085
62445
46696
31260
54781
8276
28157
54081
2928
54072
60344
48725
60974
46035
2379
48999
44082
60263
46533
2425
3944
29043
1951
16714
61861
34679
16234
54762
54530
6440
26273
39878
46239
49008
2179
46525
59843
32039
16592
39828
57904
16253
34533
53927
51769
8733
3073
41802
8336
12213
50561
3205
47286
22069
2740
19482
59896
41837
33879
6823
26170
8267
54267
18330
60106
60243
59831
8688
14031
2895
60982
50217
20667
23848
59738
48948
61116
3589
38878
41396
51100
1928
26829
14407
44610
59267
53865
8247
22320
14053
36587
1948
36365
38804
54539
32569
61487
47359
54271
52143
15941
57602
59684
23020
29295
2016
1233
58520
22000
57328
29271
29032
38885
33397
1751
23081
9213
35613
26245
11658
54144
36298
18424
16678
20445
31163
31741
29002
2003
12048
56772
1201
24774
6394
60345
23773
56371
41690
44616
53879
11986
43701
25674
42796
54156
28996
32192
44602
16676
3154
23017
1399
22788
29339
58509
50208
32579
29953
11185
46697
1444
41717
41633
33523
1655
36484
61526
41829
52162
58738
46877
1206
18386
47276
29000
50161
29031
5963
20579
61859
61860
16548
13994
45424
3099
62774
2342
57324
52970
57591
32231
2674
59788
12070
63062
13405
52827
11969
46292
60225
31164
49152
1498
48110
54409
60314
59476
34846
45366
57588
3564
58914
23607
60377
2898
1957
49136
42932
30806
1379
1673
9204
54579
45036
14707
60959
1660
6709
21667
16654
2025
20488
49061
57117
48265
38797
61005
58044
48986
51171
53488
36074
24432
45043
1244
43198
52269
56566
18326
53903
29567
17954
45382
16608
34796
54748
57841
40167
34672
37833
22303
57675
57891
59146
62539
36486
58085
16691
41734
41741
27686
6012
59312
24735
59321
51633
32651
54393
50210
1936
56734
41711
45349
14391
31931
18363
3603
38943
31505
24564
59351
22055
48332
57931
49153
48705
28090
13602
32895
52397
59757
45195
46402
44776
43879
32261
11581
59367
2416
49072
23078
12115
1505
9216
33503
60294
22887
34785
33492
16639
28119
6463
6371
22300
52799
59087
30868
29373
38795
17828
52476
30353
58901
53041
21634
21650
44114
32393
1365
28053
13568
57811
48952
24750
52327
3361
29050
48268
33790
16739
3173
41320
47497
45208
2778
63294
51242
61844
53922
6810
60202
46389
1973
54895
38836
3093
6748
56411
55016
54448
30359
11942
28225
22048
52091
29325
41702
6010
1402
33772
2829
25424
60980
13877
2024
30469
3152
39879
40159
25663
52808
1466
36586
54798
56776
41642
1502
30373
1203
24457
36354
29990
54687
25425
40982
53384
54963
6735
55891
58629
41679
59735
8894
48630
34803
24775
51801
53620
12141
56732
54916
8751
2400
16690
17929
46913
1563
44053
11913
33866
38817
40169
54482
41395
2821
30881
6819
43704
17887
57918
44607
28193
59746
61807
50593
26277
56731
45040
45323
2956
34856
52494
57963
6974
40118
55759
48702
43309
33521
2208
1035
52789
25656
54415
3320
52390
30846
38637
40126
13419
20582
42801
38046
58041
43693
3168
1748
54719
32451
63164
2790
1588
48271
57908
2036
56613
30844
32511
49053
20220
20607
19905
53872
32975
47756
12147
2710
3929
54807
37792
34808
60339
6712
54292
32147
1674
54361
17876
41694
36636
37528
59858
56402
29381
38030
41793
61986
54509
60356
1519
54497
52802
19480
59080
58273
16544
42798
57936
42856
17841
18410
40144
56373
16295
40127
60672
46042
49086
8383
8766
6455
17921
2865
29071
52463
59770
53796
11590
54790
48220
29027
5916
60976
63344
3957
13446
61063
12033
57222
1643
59096
8254
11993
13592
35422
49050
12062
29010
62873
59456
30462
13979
1215
40125
3917
33512
46041
43853
16768
60978
24699
13961
57238
28988
2171
40165
45012
54087
47562
20681
8353
18354
16629
6967
60211
9202
31729
11183
35388
1508
6944
38896
3577
54569
41305
46281
60366
3965
3342
57752
31485
14701
8687
17856
1668
57587
45393
27662
43279
46556
32787
16615
34886
52441
40146
58507
18304
57589
38663
54333
13421
22994
47586
48330
17946
6720
61898
60426
26090
1359
22908
62411
61025
14403
59406
43327
41736
57879
47501
57220
32349
54733
46391
54674
6366
8670
34146
62397
35605
10504
1343
36581
52495
54424
23866
3240
29822
29354
59426
60137
59269
19892
1229
30470
6765
54316
34682
32146
20670
50706
32568
43881
11664
52028
61809
44156
20644
20546
6921
54505
12191
8714
34681
1902
33712
44131
5975
54479
9658
63309
15876
18664
2407
27673
5985
40969
54262
55631
41385
50241
42861
36584
36073
23001
62565
54722
54115
36633
37522
48942
46875
42934
40104
37500
56573
61026
58059
32453
40983
55057
59852
46613
3021
32946
22061
54751
22883
37562
24818
39869
13482
11123
57325
54725
50303
13909
3576
2337
3218
42873
28066
8258
14088
61810
1223
60195
50636
55801
8309
32346
8216
56568
61938
22078
35424
58333
38377
45408
46051
2913
29319
57926
5919
46023
6940
36511
53742
61601
58536
46866
59812
54548
32077
18426
12042
56758
51069
34265
45171
58745
1059
38939
61849
55635
56771
50215
28168
34792
38920
11966
39769
6733
32464
5935
23582
40400
57676
3675
54474
22981
38953
13896
3841
38800
49028
35587
41731
35580
13432
32348
2108
1906
29260
48664
53125
57962
50669
32783
50185
61011
35384
6818
63228
61483
11642
46524
33887
16772
30465
48311
57831
31744
54113
63197
28990
32472
24831
60181
3383
3600
51842
20465
25453
42900
50299
61947
61517
17949
12036
62537
56414
19940
52086
50160
6441
38843
26207
32263
2215
62526
50626
1257
46274
28220
44075
21610
20468
34815
32037
38861
57338
2120
14016
56749
1916
46541
50687
63360
43281
18249
1311
47176
54462
57905
11910
1854
8851
54974
14420
41828
59890
34252
13530
1314
3817
51540
43330
31732
11131
58232
54195
8728
46535
35571
13504
23574
3887
46380
48970
53747
60421
43276
2148
54468
20252
56539
45325
13576
2013
32014
24704
22771
58049
23024
6031
14013
21672
8800
8224
53757
56779
26623
1987
43344
2139
44580
3590
37473
3947
6853
17883
59857
20606
60300
57848
32007
44094
32572
38371
50163
60114
1202
18389
61568
40114
41343
32439
16287
18875
31167
51534
32154
36602
38823
1843
2205
2180
44162
63319
41321
54936
41325
57202
35412
20605
38617
31795
8827
22297
50542
6435
44582
49019
55848
56369
45200
32948
48673
57846
35712
54793
33865
47293
20545
20684
7001
53596
47380
51646
58743
54236
26098
24809
54519
57532
43337
19928
25667
61015
18290
63163
24422
28176
27656
55501
48329
1925
57694
1251
12178
58096
61012
21681
47170
13902
3246
57759
59370
19953
60620
33834
3209
45307
32206
11616
31541
54298
37475
60367
20475
16290
2671
57323
53117
46283
49075
49168
13514
41357
17985
13466
34253
1625
41341
50162
3569
3244
25838
25692
34694
32465
35408
31166
60635
9643
61814
45215
61086
61980
41806
58309
16786
37817
41661
18374
20552
11651
26252
57120
45420
37835
22088
27679
41808
57224
46260
8727
44745
56382
59887
44161
16780
41364
14431
15919
60375
18260
62435
38947
30869
21606
23076
36572
8261
46767
63321
2985
1147
11559
41751
46529
36340
54263
60267
33820
53393
55820
55843
60616
1842
2662
25444
12053
56582
3190
60259
63047
38781
59109
2414
50628
18669
3278
1317
13899
18325
2347
3598
21673
57670
2118
51562
1112
1138
60405
56589
51233
60169
46508
17829
63057
31449
61507
31160
13889
38396
41362
60593
21661
3935
18342
59322
47289
28200
13906
29283
26641
54192
59417
57344
15886
61069
32190
63157
3266
41004
54732
23749
59329
16285
54549
1541
19949
26244
60383
38033
18356
1084
3656
19894
37772
60664
54197
13413
38362
51086
50707
31324
26224
59328
19891
31152
12124
20665
46290
3046
59405
50641
53924
1777
53904
59477
54414
25707
48968
44136
8849
8776
16218
25670
31269
1463
60299
18399
26820
3921
18312
43237
40911
13488
13546
18632
38035
56577
3066
23745
32258
48302
6841
16229
60958
43325
2033
23593
21697
24439
11203
54564
1714
6470
1518
50620
44095
14028
55864
15924
16771
28139
56581
2930
6766
31891
43670
35368
11128
54079
58237
53491
35614
19931
3136
8720
42857
43287
13544
20439
36579
9629
58932
38962
46905
1988
58537
17875
22785
50262
45430
6402
8326
54066
3931
33842
1558
3869
58925
54978
29060
62414
1523
61110
13968
60943
53477
32463
2841
59077
59384
43883
46443
32520
57122
20181
37559
40148
29075
54402
8399
52083
41713
61979
59132
55878
42930
45999
6718
31528
13567
54802
1222
55669
28162
3593
14018
18867
32458
51536
32382
16532
44164
33400
32148
2408
54910
62434
29821
32288
43273
59747
24788
22319
3951
20673
42902
3820
1278
59123
3023
41701
21668
60657
9660
61074
23034
26096
49059
53760
35610
30337
48959
36620
1796
16238
61891
58895
6386
1835
51670
53888
39774
48266
26737
60606
29311
47174
18655
8709
2666
42874
60189
31815
32238
56410
1992
20226
53920
50582
2008
24837
54104
19927
63049
34842
60960
58296
11619
2835
54699
24768
2186
52016
27922
12187
48646
54252
28197
3823
11552
61842
16217
58268
15870
26630
49009
15909
61563
59100
32557
29998
34242
51109
12194
28994
21966
48016
13946
53880
15931
16566
56748
5325
60425
32383
29042
32099
36075
53121
33398
52435
29542
61915
1185
47507
10505
45017
42913
41743
18242
63066
59335
48720
32218
32882
27653
1363
57735
22876
53615
11199
60172
13901
11604
48993
8763
20603
22314
3365
34246
21608
8850
6877
33875
10522
46065
32047
11660
51675
61949
15855
52330
62872
6374
42961
2143
39767
1208
57210
39766
60401
42854
55817
8342
16529
18420
1230
14098
20511
30000
21647
38595
26616
38965
54398
5994
8371
50219
36312
5910
54313
54319
48260
17925
25835
18291
38913
42852
3897
54672
60676
46412
34821
58271
59343
2816
6785
16684
59898
54498
29033
12185
12104
50535
28214
61821
35427
60985
57957
59701
58735
1805
13943
29305
18350
49070
58540
44104
53105
8685
1401
24801
16557
55867
23576
35382
58905
28155
17983
28126
1305
1156
36591
3379
6756
27914
3250
21972
33531
