6471
6032
3795
11339
3099
5692
10227
696
7232
3413
3319
9862
680
2205
7178
2623
5443
9719
4362
6721
9856
3054
9671
5296
7164
4573
7199
8481
5288
1080
9970
5499
2309
10797
9172
7618
4534
11024
9809
5700
8782
7537
1132
7783
10341
6733
9483
1046
1190
6274
10272
2593
11325
2075
3883
9294
5434
9605
4491
8286
4566
3892
9219
5991
18
11261
4847
4468
2444
1322
2440
292
267
8432
9273
6618
10216
1983
4565
2436
1722
4324
3382
9198
6020
6911
10681
7779
1535
7643
3380
2197
2694
5413
2360
3654
9607
12229
9475
5494
7540
2371
720
11292
2396
10664
733
8159
6629
218
1714
7127
11011
12199
7107
5712
3347
7733
187
394
3677
7339
10294
735
1644
6188
1157
479
8206
10423
7737
5643
6816
5359
8751
11324
6098
452
10727
9224
305
2801
11710
11658
6942
4595
11889
1037
9343
1761
2082
10997
2803
11820
7325
5268
11781
4623
8294
5710
7326
1539
6725
10824
6008
3817
1589
12
6766
8270
9917
668
10212
664
5036
3811
2400
2221
7715
3437
9909
12212
12226
9336
7170
6041
3655
3701
8197
2358
3780
7306
1273
2351
6953
1069
1599
4677
5405
985
7260
6061
1521
6281
10161
4343
7510
40
3874
8419
12239
772
11735
6150
3328
988
6758
11755
507
7574
6773
7605
7252
8434
10733
4282
5433
8693
1855
2030
2285
1736
11838
6110
263
364
10403
12155
660
1423
10201
4680
3848
2116
4151
1671
6844
10714
738
11207
7616
9922
1639
7867
4885
6827
5753
499
3078
6321
2095
6111
408
1774
2244
6821
4369
1136
3853
10218
7500
7355
3914
19
787
5958
2049
346
2261
138
235
3415
6605
8684
5300
6130
3690
2022
231
8179
319
6632
7691
4315
3075
10959
9596
12245
11693
5653
6908
4415
3478
10252
372
6777
5286
8418
10669
5323
3928
9682
6335
9645
8686
6347
1146
1706
9377
3416
5763
2498
9794
4387
5348
12210
11413
9838
671
1259
8180
4520
10688
9201
1421
9182
10393
247
5382
5642
5513
11487
151
11210
2056
5981
6263
2268
2788
7275
11894
5238
11825
9290
2502
4224
9413
11259
5672
11353
4309
4557
8185
5951
7319
3430
4447
11921
512
10256
10647
11418
7664
179
644
2793
6667
9253
11664
11687
719
2608
4700
9924
1595
1129
2463
7240
6252
4617
11272
3098
11713
5489
3692
513
4161
6095
3929
4875
5030
4293
1123
2589
6838
7669
11739
1481
7697
6881
1741
9245
10397
6354
2139
11724
6949
8795
2295
9792
2144
9791
3350
2661
961
4366
2437
3407
8643
6918
415
6074
2168
1167
1575
8212
1600
2
1846
10206
10283
9718
5693
6617
9720
4238
9636
5402
1520
7855
5953
2657
9721
10787
641
8897
10340
8727
213
7129
1579
3717
5041
6485
11019
11650
2821
4398
6044
11010
5442
4446
6283
10742
7293
10734
4241
3376
10798
8681
7297
9946
9686
7370
11025
6299
6925
1398
12197
10801
3913
3401
1088
11888
5686
6658
8737
7846
11779
353
1239
1183
7566
7280
8221
5055
4232
7381
8480
4304
158
5199
1541
1015
10634
11701
1705
2473
4493
11783
4168
11787
2001
4886
5630
7623
1720
10425
5656
1404
628
6296
5241
6753
5973
177
3108
1024
6122
3061
7665
223
11495
5383
771
770
11301
11736
7824
4422
7365
2395
180
464
10278
8756
2043
4858
5685
4420
4352
4407
6104
4231
145
1637
1067
141
9323
1765
5291
9452
12242
6307
10239
5761
4323
4286
6927
11494
3727
5278
1540
11926
7799
412
1073
3926
488
3356
327
11372
9935
10257
793
251
7572
2048
4660
1339
2021
753
12215
10321
8486
6839
9459
2382
6411
21
438
9341
52
9921
6893
9953
480
6426
11518
10380
11813
32
6343
4341
7830
7784
10942
874
1612
10376
4254
6247
11677
2567
2841
1594
8275
9480
4537
3081
3864
785
665
9379
1464
8776
139
9648
6056
8632
6724
11333
6969
6054
4640
6947
5389
11000
4511
4419
9296
440
2274
12223
5303
1450
10627
1111
1771
2069
724
11403
10336
3721
2277
2425
1712
2293
2233
10958
6180
2215
3443
400
10306
10254
5423
6287
6025
3836
10646
10739
6444
8421
11038
4428
8597
692
625
8600
1619
9973
420
10951
5512
2653
1347
1566
10375
8483
6740
6279
9457
6129
4630
876
2412
12238
1302
7971
8422
2377
7341
11344
8724
5726
6754
5493
11047
6179
2865
6909
3846
2369
6336
8794
11455
7720
1674
699
5495
11482
2312
6073
3729
7334
1414
9599
3804
9431
11232
8172
11807
2813
11208
11770
3876
1059
10225
1285
8474
11363
10299
2335
10413
6310
5246
7707
10275
1295
4865
11884
7186
9308
7805
5732
6771
8414
7833
9166
1476
10817
5262
4560
5742
8202
2613
6659
10741
8725
5215
8465
3799
5355
9903
8658
3355
1428
4844
8690
7322
11761
7191
2777
3315
5212
11804
9843
11716
10332
5720
4845
9675
8590
6952
11873
4503
2790
9786
5292
4553
7148
2018
7764
6383
2323
6165
10317
7160
3757
973
2563
2621
6077
7816
2154
640
5731
5328
658
10701
435
9204
1415
1050
1605
3802
9603
3096
164
9447
1503
10322
11826
272
8440
10166
2516
9919
2327
6886
6134
4659
8287
5703
10744
9723
2334
7360
8629
3434
2118
12181
4480
7818
11209
8768
1200
9389
5079
6375
7734
53
8633
6031
3085
11857
1738
2406
6461
1207
494
3504
10945
1634
9348
2242
7324
11908
10982
3053
11706
1403
2812
5965
10720
1690
336
10334
4371
5990
6116
8586
6071
33
8668
9402
5057
1399
7159
2361
11351
4603
8464
5385
6324
9436
3302
10279
5410
1499
5374
10658
10184
4372
11237
495
5728
9387
11711
10679
2023
227
11928
11441
5031
2225
1653
1627
9234
6751
9312
2771
8454
152
7596
10977
506
363
10998
2051
6899
4256
5987
6608
5216
7106
6161
1047
8764
7826
4302
1664
9316
6965
5634
1269
10630
11472
5081
6059
2765
7548
6115
2442
6950
11001
8747
9499
5313
2784
451
2822
856
252
8479
6922
6596
2029
332
3323
6035
6256
6468
3698
4439
2439
9195
2234
9808
4380
2619
5322
2163
9462
10219
401
1995
6189
9259
5519
427
9930
3483
303
6057
6652
4333
2254
6149
1011
5324
7317
4559
6470
4504
4832
3812
2776
7632
5280
6433
1446
5682
11287
7120
9269
6764
1721
9938
689
1169
9974
5749
6030
3712
704
11668
4456
1756
4829
2467
6023
2800
1471
798
2290
10338
4465
4597
3653
11289
2413
5311
308
714
1449
11315
3723
10960
8429
3482
9825
5333
4513
4442
6092
4512
1452
1035
2306
2861
10282
9401
1466
1719
7126
5445
8176
8746
6625
9923
11516
8412
4632
7156
10949
11438
8183
8659
3403
7259
1851
5664
8647
2011
11483
7875
11378
10730
6148
255
2012
5988
3686
6635
1085
8177
8623
786
6402
10249
3457
11400
6126
11886
4602
3449
44
3810
6819
281
3395
8685
23
4327
2433
4394
801
1668
41
9887
11707
6665
7255
38
4654
1365
5738
3094
12178
8588
8599
7517
3733
8146
11306
9196
6249
395
12253
9598
2180
5477
11648
8630
9163
4542
11401
8211
328
184
9708
7225
9703
1701
2223
1580
4336
4172
1478
9815
9939
1596
2402
12261
7690
5409
11898
12222
7557
10297
9327
1177
9256
4883
1997
2035
373
1437
9322
2046
4384
9886
6173
274
48
6877
10718
6620
5358
3755
7711
7676
1867
11228
2209
9410
10984
9199
6328
9960
6871
4662
11769
1862
10325
1308
5379
2289
7105
4318
4871
2127
7328
6049
11493
5213
9304
4621
8761
6830
959
5964
5620
9510
11810
8407
5
11800
7234
10268
4223
2336
1393
9503
6014
3112
1588
11279
6394
4600
1270
7785
743
4440
6836
4641
2040
4452
8771
2640
10209
10968
9507
9857
1133
3762
639
10226
2447
7241
9976
11870
4510
355
11394
2783
1363
8196
11323
7374
11439
2507
236
9726
7527
9883
1459
8793
3406
2639
11733
2365
2409
4391
500
11758
10408
10296
407
2123
4667
993
8155
6910
2769
8591
3813
5507
7861
1524
11050
10191
7807
4434
8417
406
2802
9171
1684
6668
11408
6372
4175
11276
1608
6883
10990
11673
4220
9464
11381
5439
12204
4399
6067
2169
7509
7584
414
7766
9693
3728
428
1010
1225
7732
3491
2031
7141
176
10175
5330
6405
11671
3689
3699
8295
9439
3329
493
5741
7768
5676
7516
4454
1775
11037
2302
11931
6497
5376
11699
4870
3808
11852
1160
186
9241
2609
7693
3467
8733
9185
11399
8648
8611
10415
4290
2325
4672
7343
5475
1202
8595
759
7742
9813
8622
4828
6815
8222
6416
6024
3092
9851
5301
4650
1221
9367
4244
1659
6647
8463
11848
9359
2132
2166
2329
3739
2844
3894
450
1391
5222
5406
1602
6837
9150
11428
6440
2710
6868
11823
8594
6072
11043
4276
8297
3330
154
148
268
6168
5452
51
10770
11715
10788
6716
3850
5501
8640
9180
4679
8589
1448
4443
2708
11876
7304
9931
6680
9461
5027
1203
6781
3344
6251
1542
11346
5063
4392
446
2501
6040
1271
10763
201
7712
393
7224
5357
4144
12203
6604
7751
9840
8288
487
3694
10381
3747
10962
11332
8758
7228
8707
6117
1695
2272
3312
9249
8792
1591
3777
7607
3458
5407
287
7335
9302
8152
2579
411
6590
7368
2514
6107
3082
9920
9240
9237
7220
9670
12233
6884
4678
5377
6443
7108
2243
6155
1194
10653
1119
8785
871
5932
6757
9877
1121
3409
12160
7238
5255
11233
5772
9928
9181
1305
7235
10394
2573
8219
1181
5387
11507
11816
6634
10988
11330
3816
6147
4285
254
4570
1759
5249
5468
9396
8749
3745
7626
5708
11504
2429
12264
9697
7604
331
12158
282
10351
10724
4397
5339
9481
11915
9320
7133
1333
2103
3785
6154
10722
1858
4833
7118
1611
482
1702
9283
11359
11341
5451
649
1516
9271
9947
12200
789
1461
11861
1062
3492
7743
4228
5436
2450
7582
2827
1205
9485
11218
11860
6267
4497
7719
1429
10731
4312
7347
10241
4690
2158
4263
11515
1213
870
9281
2155
9347
4507
11887
6692
2834
1300
5506
4444
1334
39
2615
8468
5757
6167
7535
2093
5054
11885
9416
11917
11387
269
2339
7200
9170
11380
344
4525
3446
3484
4866
4400
301
7729
11031
300
6018
5729
4546
3730
54
2513
7600
11291
2145
8272
2562
1380
10233
5721
2405
3445
5256
10822
10768
10625
12183
10182
6404
11829
7525
5633
5500
2376
8664
7686
2280
10632
8642
2826
10813
1206
4867
3807
1222
4484
626
2704
7806
4686
5938
384
10967
6711
1549
11027
5396
9437
2316
7837
3821
11702
11405
339
6845
10626
6412
9235
11796
5362
6588
7617
386
1982
3505
7193
3702
1616
5949
2198
2703
5767
11649
9472
6415
4405
1505
9901
3343
9622
11771
4585
6592
2063
6482
3770
3489
11686
1250
5504
2508
442
7300
8755
7364
2648
350
3871
637
5269
2359
2081
6255
4538
299
1360
5508
3803
10780
6820
9635
7635
9871
10149
7792
6070
5705
9232
392
8451
2465
10267
7376
196
2297
8616
12262
352
6140
6948
7233
3691
7591
2183
861
4543
977
9653
10414
9666
10833
11265
7870
4536
7103
11373
4358
5520
4475
11934
2120
3832
2086
11212
1249
6120
10235
5364
1031
5302
5335
7327
5648
3838
7138
5510
8636
313
2265
6840
8150
11029
2135
6887
3433
10715
2229
4342
1651
5446
5053
5498
1531
7662
12184
2020
6105
2137
6151
257
2213
421
1527
9866
4218
5289
3910
6112
1381
6663
11022
10838
4211
2119
3326
717
9779
6257
1130
2666
8702
3880
9301
5394
5743
10767
7499
11369
1209
1488
6487
634
4837
990
378
7210
10995
5261
3666
11669
5946
2587
9716
7528
11349
1373
8426
4683
9796
4606
10819
183
2003
4501
7851
1439
3420
6359
8692
1386
5029
11508
10827
5058
9423
8705
3052
1669
8492
6900
10274
10234
1171
9957
10412
2605
1528
1359
1673
7756
4492
1072
8680
11942
1117
8470
9349
3460
6153
8204
6172
8715
4176
8621
10362
9642
2157
2606
9955
8655
6960
7760
8425
3408
7797
2270
960
4550
6939
9881
9386
6015
7787
3113
5646
9156
3887
6946
8482
3796
10950
232
10667
672
2831
7627
3398
11905
2511
6756
2656
3048
2643
3759
5944
6427
5637
8427
9484
508
6013
1284
9165
11941
1313
4359
9704
4671
1417
8652
6682
1847
6752
2121
1567
9858
5487
1470
9899
1515
2258
12252
7321
6774
9492
7231
2136
7309
4872
11477
6739
5706
8894
2107
1582
11879
6926
6834
10374
1195
6389
333
1084
8433
6424
11839
5937
6384
5226
6693
5441
10152
6410
5948
9694
4421
7641
3057
7840
10377
10643
7117
288
10709
5668
2701
11205
9812
6457
3921
10337
225
11847
2355
1513
4349
6809
2582
3731
1697
10263
11719
4463
7114
172
9221
3856
9879
6273
11815
3072
5266
10387
6174
1537
3410
11773
7201
3089
9821
11910
10309
6010
1413
3849
191
3875
9705
6940
9912
9429
10176
7250
12195
9915
683
12224
8291
1106
1101
4661
7980
1244
7375
4608
1228
9608
6923
9891
1748
6726
4652
10214
11723
2452
6164
5424
1007
237
4314
7765
10650
1161
5707
10271
2584
5429
7342
10347
1243
11350
11454
9356
388
2363
7273
4591
2454
8896
10775
6722
465
6139
10686
2481
6360
4146
6401
226
6445
4698
1291
1655
860
1304
7162
6713
3782
28
7819
11240
11295
189
366
4495
5334
4665
1460
9601
6131
7288
7857
1401
10151
11866
881
4467
1198
799
1044
1976
8487
645
9872
2068
6963
8269
8662
5378
9631
11679
10363
3503
6919
3867
1266
6451
6765
8672
6736
337
2191
6848
6929
9430
5959
260
6492
5258
10631
1236
11423
9848
10682
160
2000
1678
11255
2658
11467
7301
11918
6317
4261
11219
10712
2715
3859
45
5947
2610
9611
5463
2236
9724
2276
11252
9784
6467
3074
11943
7361
4593
11940
5617
7165
6075
9778
6916
3705
8489
399
9360
9424
7758
9438
6089
11375
8279
3422
5644
11274
1264
10245
6314
3857
6594
5747
11035
2569
11911
6749
11404
4831
7192
4518
7211
2824
7773
1361
11045
12162
9223
11215
9205
2510
4685
1048
170
10792
8230
7112
3070
6822
5724
10181
1227
7709
1412
9711
10973
11937
655
8671
651
3055
3673
11293
5488
6009
1857
5481
711
3794
6022
11041
4699
2390
4564
12243
1493
11732
1497
1647
11470
317
5346
9188
9785
9789
7666
8620
11708
9685
7642
10284
7704
4556
7244
7763
1570
377
3744
11466
7551
2461
10976
5399
2039
3441
4155
5935
11312
11246
11247
10
10360
11846
1725
11465
6026
8158
4246
3487
9620
2696
3734
10749
3444
6889
12191
7111
3798
2496
2140
6162
3334
6842
11036
2067
966
3466
9378
3898
6905
7832
1409
9474
4297
5426
2707
2190
9873
9798
9908
9469
6657
2248
3307
10757
8777
1735
229
6867
1556
504
9453
2004
7841
11437
278
1755
6935
2466
12171
146
11890
3352
3756
4322
1083
467
4165
11666
1237
2495
5045
7843
7590
10940
9399
3442
3316
6475
11282
2256
2839
1094
4269
6823
726
7698
1406
7667
7249
5272
7279
5962
3499
6103
7283
9250
2500
3384
2423
4307
7575
4356
1317
10378
5231
0
1173
11786
5307
9311
8744
6438
2105
11234
3436
2662
5647
7245
10253
5623
6121
1504
5619
7278
6917
4586
2203
748
1107
1990
4174
11782
996
10661
3392
693
11766
11278
9782
7831
5243
6493
9251
1561
2638
11741
6004
10280
1526
8292
6775
7562
459
6660
1841
3743
11678
11744
8687
11767
4653
1114
6800
9867
11446
5393
163
2182
1337
2570
10308
9933
4840
11791
10981
3447
5282
2026
6664
1576
5480
413
9184
3679
2301
6600
2317
4849
758
2449
10367
2781
7248
6466
12159
11362
627
7378
5681
3927
7177
9287
3371
11922
11682
9668
10204
10391
8139
7673
2250
2084
8215
2352
2230
11044
10670
1258
6123
7506
11331
4326
701
243
4552
8488
2652
12190
2863
1698
4255
6019
2506
1153
6185
11726
11935
12255
9669
4563
4533
7307
8663
7822
6377
6308
11316
6483
238
3310
9884
1979
5200
5716
4145
10746
8719
12186
3337
4300
2709
7536
1981
6301
4245
9300
11267
341
11656
11385
37
11422
11705
7331
5730
208
3465
2078
8424
3301
9662
7581
9680
11042
1142
4388
8280
2006
6313
8650
1180
2859
1547
3372
2278
4469
2162
2509
10644
1703
10765
11946
1389
209
8408
6428
7214
6863
721
1267
3750
9270
622
2159
1411
8608
11445
1865
5295
4474
8218
4488
880
6315
6770
24
5329
1204
6479
7842
1838
11945
3725
416
11376
8189
4345
381
7529
182
2491
6920
449
9695
1465
1108
1734
9869
7153
624
2108
7556
5954
7216
2114
11478
9637
1349
4395
1993
6642
140
5315
259
3890
5317
3740
10972
9214
1430
9374
8396
9489
1262
7155
5230
7873
2076
3902
7637
3800
6137
4876
3424
5638
10773
11241
7655
981
214
3459
6476
2407
6128
6177
1850
2353
437
2066
11336
9263
2468
11340
11502
7289
7526
2792
11691
11415
5240
7546
2804
9415
4674
6704
5211
8393
6250
3306
1248
1641
5977
4528
7696
1385
9968
9700
1525
12216
6432
9417
1293
4558
3805
10825
9478
1642
1141
9369
11751
3428
9236
10395
1999
5248
8699
732
7762
11799
1572
2343
273
702
6280
8153
9649
10243
422
10259
4651
9493
4476
3905
5768
9664
6152
11342
1773
2398
5223
5408
3738
8165
4393
5380
965
10966
6673
304
7601
3365
11902
2435
1335
9173
5449
275
2446
10365
5349
2055
1677
5047
1193
1652
1396
3304
12214
4313
2184
7571
1451
4696
8173
2034
9412
5725
8200
6728
2592
1607
2232
9512
7646
10837
9860
2199
5386
42
1432
168
10312
1358
6755
2207
8285
9370
6491
1453
1514
11731
11256
9658
3829
5205
11304
9846
2791
4841
228
7154
1071
1197
9647
1649
667
20
4639
2408
11862
6640
5662
6418
10648
2627
6477
7586
9498
4334
3663
6872
1282
29
11878
11009
2189
4424
6878
5425
3412
3368
5756
1034
11802
2331
8226
8891
7753
3390
11474
4296
7778
9787
11273
2106
3715
2787
10324
7311
10195
8712
1844
3906
10738
9194
3683
8441
6931
5274
10316
2774
2647
4529
5361
1283
11835
2218
6294
2171
682
6954
2455
6096
5993
4230
11845
2645
4620
8160
989
3322
697
5695
1723
4348
9673
8274
6453
6613
9164
7798
6298
11334
12213
12182
3710
10641
5942
3311
2700
9612
2860
4568
354
10836
9264
3897
1124
7115
12156
7863
11936
7219
3900
6787
1224
8627
12175
10814
6458
1670
11206
3468
3774
10671
10159
8700
3345
5986
782
11268
10150
11329
10416
2820
6312
8140
8778
727
6469
11016
12258
10809
1769
1242
10318
6262
7619
1440
979
8164
11048
4879
1618
1030
2100
8745
2060
10230
6738
431
716
2426
2404
4453
1763
4502
11034
8618
11258
6058
1713
1390
5760
6795
4409
7775
1554
4517
10685
5438
2235
1115
8293
7543
1447
4635
5207
970
7513
3932
9176
1646
4481
1379
2780
10389
9853
11322
5688
50
2421
8403
5074
7545
11896
1754
1693
6499
9717
1179
8892
10398
7849
1606
11814
7098
4532
1494
1640
441
2237
9504
9918
3498
5765
9321
2809
4328
9366
8169
1353
8649
8721
11314
10290
1208
4464
12234
2459
2366
10382
2415
4694
11753
6968
7694
6595
5675
4435
6254
2053
11410
7171
6894
1214
11883
3771
11714
2176
3657
4473
1696
3426
5388
1512
10675
6311
2178
6277
9279
8278
9284
1113
5076
9189
6429
3818
12185
9610
1757
7146
11386
8638
4414
2239
3091
511
4270
1257
6892
1598
11452
7101
7735
6882
2830
6852
2850
9606
1314
1578
246
3863
7518
6351
5997
6435
4622
1604
12221
11225
6782
211
1151
7198
6943
6478
1174
9425
2713
12211
11211
10373
3879
10163
7977
190
3741
5235
3464
6295
5722
11485
9977
11752
4689
3753
9677
8602
1098
3904
6441
369
10402
1416
11700
9925
2401
2073
1500
8399
1348
1977
2292
775
2113
7633
6449
7362
4692
2281
3706
2201
10640
7299
358
4208
10805
6666
10683
6814
169
1301
6358
11229
5354
8491
307
11865
1586
8131
729
4305
6651
12232
253
9690
7158
6045
6407
962
6611
6933
1182
5650
6268
1558
9227
1584
6712
4697
8666
7776
2340
9276
11717
5696
6300
2195
2071
7585
9502
10777
2453
10238
11249
2410
2759
3888
6017
5232
9477
745
7521
6264
4604
5239
5611
5734
10707
9818
1382
3676
9621
9400
7125
3079
4505
7871
5627
11696
8732
12172
6001
6681
8592
2649
765
1861
7858
10285
12220
1054
391
4252
8436
2152
3490
1676
8478
10821
2300
3772
6674
249
5631
498
473
7780
510
10406
5412
9937
11469
4648
1458
2417
2245
1994
6794
3896
8773
5437
3486
6078
9487
5233
2487
6135
7860
2456
10328
6430
3373
10782
9978
6636
9861
10354
207
9835
2457
796
6701
3429
2642
6158
9257
426
11220
11853
690
2310
1704
3660
1310
8714
4471
1435
3394
3480
5624
5735
2603
11913
10629
5050
6436
9849
9806
7498
9225
193
200
4368
9845
7285
6609
447
629
3495
9486
2628
6597
7622
7853
12228
11721
8607
11882
11364
986
2414
6393
298
6348
1424
10952
9678
9175
7703
5661
5028
5285
2517
1420
1474
8423
11409
6069
2565
9337
4682
2586
2332
769
7174
6679
5281
286
6109
2143
7123
6858
5279
7681
11004
10203
7978
8281
4147
3661
6857
375
6719
11431
969
5037
7613
1110
11281
12205
10169
2112
751
5491
4423
2763
7580
1143
9455
4152
5038
11361
10364
10390
7610
1717
423
9959
3789
11795
6786
6698
8703
2626
6593
10386
6136
2110
4583
1191
10171
4631
6865
8603
9898
382
2660
4163
202
3837
3056
2576
11867
2381
2150
12167
8147
436
8161
10953
3820
10697
10974
2698
3473
4666
4217
5479
6392
9238
3790
1626
2712
10231
8740
27
5689
2041
994
10815
9495
7723
652
457
5960
7276
1731
1533
3060
2867
11444
9951
6000
3830
1985
1043
1679
11742
11497
376
6678
7747
7677
10286
7196
174
5427
5369
10293
706
1661
11488
11689
6585
2492
10277
1492
9894
7650
7104
4402
9167
7258
1370
11704
9428
1216
1715
9868
9314
2025
6727
1987
4472
9692
5625
6169
6316
2836
8203
3375
2438
10281
12168
11309
5939
10287
725
7298
2098
1455
7767
1325
9932
11026
7829
5613
8191
6454
6166
12177
9511
6671
8731
6465
8743
10726
1038
11443
6248
5659
7583
8752
9456
9216
6318
6064
2664
11389
2842
3109
2349
4153
11321
11335
2472
11260
3341
340
2499
4143
4267
2490
6286
7757
11685
5456
7524
3448
4490
2346
6113
3901
1040
9288
9193
3784
7752
2484
7143
1016
4257
3781
10705
1760
4835
6645
1087
10826
2692
1402
11285
10762
1277
9155
4636
8610
6791
5416
6746
7531
7207
12201
3792
4250
4647
11264
4864
11356
1495
1000
2115
1287
7823
2092
8225
9335
2015
11337
8410
2799
371
5069
1288
1569
3828
4149
12166
6380
7227
397
9183
11257
2651
10236
5229
1251
10154
6138
11391
6033
9927
6289
12154
7874
11266
306
7119
9354
12251
1211
1159
7134
6388
8709
4846
963
7614
2387
6414
2227
2796
6285
9852
3050
11695
1118
3682
5365
8445
198
11236
9842
662
11486
11227
6480
3047
3797
9467
795
8625
6042
12206
11809
7573
2354
11030
1984
9712
9381
8665
2422
10385
6699
3824
2564
8199
12235
5059
7602
1346
4247
4429
11271
9217
10800
11904
1215
1265
5067
1388
9864
4294
9841
349
2497
2805
3861
5321
7770
7701
6861
6718
330
3086
4325
4561
11737
11242
188
4212
10965
3502
8477
5264
5415
4406
670
4549
8277
5927
9783
11468
5621
5612
7503
9268
9885
9706
7559
3327
6686
2094
1730
2483
1536
1331
7678
8227
1311
4479
10352
1018
10370
9904
6065
991
7149
7204
12240
9715
9443
11343
6345
2785
11818
9949
10657
9243
10224
11317
1168
9426
1568
222
3754
7270
4478
7229
10157
11903
3891
4316
1077
6291
6785
2868
6346
1750
5320
8661
9420
5486
6270
9350
6106
3758
2705
3389
7804
4441
2117
9811
9839
7684
4843
10810
4278
8142
5970
3882
5764
2142
10956
10369
9831
7121
4868
5505
1144
5940
2091
10165
4242
1135
12179
5667
4535
11909
365
9893
7514
2575
2485
8605
12192
8171
5332
2833
9882
2477
4277
4577
9382
2130
9516
6817
7113
1638
4874
2133
11298
3456
1063
5759
3331
11720
11320
6085
9626
3791
10240
5418
7544
11216
10639
9804
1364
338
8472
11895
10776
12207
5460
7630
4295
10729
454
2761
11007
779
4251
6368
5227
7579
10211
5482
11006
10970
10743
7286
3695
8213
6378
10371
4169
6332
6850
7267
1621
7333
2322
6495
681
10153
348
7313
15
6034
434
9972
8697
8775
10674
9836
3110
4887
1635
5035
1475
5219
1667
10693
11811
5632
10963
5391
9293
2016
3778
5754
7190
1728
7695
1245
7717
6626
4364
708
4413
456
1758
9646
5956
2138
9324
4374
8232
10410
8404
6099
2829
11014
8754
11310
9211
6258
10666
7659
8438
10170
9834
728
11461
2416
6500
6715
1134
4681
694
12193
143
316
8178
2590
5994
5375
4410
5390
2059
1694
3842
7654
11222
11213
7354
3919
7749
5945
1662
7563
6486
5975
7350
9660
1658
6813
11284
967
3670
5052
6639
4159
1408
10654
4588
12189
9859
4288
2595
5080
10323
3737
9231
10160
10327
6423
2631
1991
6421
10677
1289
11392
7520
10668
6912
9513
5461
2017
1025
1013
875
5344
9641
6606
2869
6489
6037
3854
5984
8132
11230
6141
7147
6810
7209
8405
9890
5635
6828
1975
9628
11759
11480
11688
11371
1312
4861
10207
11294
10779
7132
3360
483
12230
7110
11901
2663
5312
9442
5471
1320
4167
7308
3324
10764
8475
11661
7511
2088
5077
9911
761
1076
8748
8175
3825
1026
9418
7239
7597
6374
11297
9179
7522
7109
695
8458
1444
2065
10986
8765
284
1219
1298
7746
6846
11794
1849
10992
5651
2630
9652
3440
4233
6088
2378
9656
3500
10948
8674
4855
1551
3735
9454
6036
7827
11450
3475
11776
6689
6094
2819
10261
4389
7592
4271
6327
1550
11819
2194
9803
6062
8284
623
7869
5299
11778
6382
7645
10975
5319
11655
10642
6302
3878
11647
9661
11919
6352
6717
8767
9209
11302
7738
11697
11775
5073
11938
7788
11463
11777
675
1682
7140
1189
1707
8723
8289
9880
4579
10753
4458
6046
2659
6762
5496
3431
1372
2634
1009
404
9614
11510
9876
2013
11805
10943
5341
5373
8229
1185
7706
10162
2597
7549
7789
7791
5674
4487
195
1056
147
2187
11923
1442
7137
343
7310
5978
10721
1065
11690
10186
3397
3090
2379
8411
9332
1988
3435
8167
9239
10955
11747
7179
1852
181
9226
3353
3858
6182
9368
2806
6888
7303
6896
10300
854
11506
5033
9665
8628
4281
9907
10248
5467
9640
8762
6696
6462
7668
9854
7844
7689
10628
6650
3814
10723
6102
7856
10304
11245
7598
7611
4613
7808
3681
5310
329
11243
12188
2085
6403
3469
10651
1226
5367
7741
9916
9233
1093
6803
3501
11822
10388
10305
36
6913
1443
7644
9409
4489
509
1868
7728
11872
5957
4222
8750
472
8635
9971
5516
10971
10728
2304
12244
2307
7803
1839
1128
293
6904
8606
374
8435
11456
10220
9623
4881
4445
1491
1223
7534
5265
2476
11
4206
153
11238
310
7222
4827
6060
5941
496
1534
6399
10333
5698
663
7847
6930
9393
4514
661
9913
731
3100
5202
11645
448
7552
2632
9822
6048
1837
11253
6748
1260
4605
3377
1392
7261
4477
5976
2070
3107
302
2577
10400
998
11402
9619
792
11806
7366
6448
3370
7786
6901
7504
2622
3452
11772
3912
4624
9295
9725
11869
1971
11046
7862
7570
11831
3776
4361
11836
11812
1164
5353
3749
4850
3822
6610
2607
8214
10307
8634
4580
2493
6897
1039
11907
10409
7237
1149
11722
159
6961
11424
5420
5314
6670
8455
9479
10164
11303
6006
11785
3909
4436
4386
9151
8166
10680
7150
3427
4289
150
318
10273
497
10740
10999
3826
7512
4209
385
10276
6646
1573
4496
3855
4357
7702
1691
1042
5397
2087
409
5719
10260
1648
7612
2489
2808
3358
11269
1726
3097
362
461
11900
1045
9847
703
4516
3833
7809
8895
9258
1279
6038
1732
3455
6921
4370
776
7589
185
3104
6938
6361
8298
756
9967
4860
1022
6907
398
8779
10196
4851
797
5257
7502
8400
2585
3379
11774
4589
335
1139
3494
8210
4627
7173
345
11670
8601
485
10192
490
1268
8679
3095
10359
10223
9702
11448
6473
1744
1522
8207
9609
4382
7974
7976
1075
10725
11017
11248
6705
5411
2488
1158
3736
5485
10368
5515
6812
7206
7167
11939
1387
790
4482
8141
296
10665
6835
8631
12227
4882
2393
10978
244
10173
872
6292
1866
2388
455
10704
5065
2427
4311
12187
5748
1120
5062
192
5669
3336
8619
9187
9169
4567
11313
8402
3840
6337
995
1529
5629
8452
4375
2019
9373
4310
1187
9888
1057
5758
10755
1498
7700
309
6778
6768
4170
715
999
7269
10148
9828
10405
5998
2633
1973
10344
5234
2814
12250
4509
2583
7679
1688
10411
11854
7189
6091
11756
325
2364
9197
10761
8268
359
646
9466
742
9651
10830
8137
5366
3732
5072
6741
3869
6584
10237
283
11780
5773
1184
6951
734
11417
12174
10174
6627
4283
9210
1023
7157
8136
290
484
271
10706
4676
2385
5263
9618
10420
419
5639
8201
7761
8735
3693
11912
49
7305
11479
3396
3664
4448
9897
5925
11789
3835
7658
8174
5444
6080
3688
3786
1196
6143
6087
9816
6703
6357
7793
2047
9267
6447
1247
5961
10329
2403
11370
9361
7102
239
5934
326
4272
9230
6417
10348
462
5428
7731
7246
9874
9325
2864
4626
5327
2050
2629
8469
978
1724
997
1033
11433
7595
10676
6695
203
10969
10698
7247
8143
1992
11239
7217
460
6743
4320
781
2128
1049
2089
4576
5403
5046
5640
9832
3827
4638
7975
1772
3877
647
1319
2161
6007
11828
1672
2620
155
2211
7282
12237
7620
7593
6050
425
4539
6944
2767
2264
5679
6259
9929
992
10750
1583
4354
853
8220
3472
3076
5704
6484
4268
2122
501
9174
5926
5478
6970
1052
11366
2828
1165
9625
3462
5384
1303
8394
2260
4462
11749
9192
1328
11764
6446
8144
5943
722
11427
11728
6419
5345
11458
2077
3387
4884
3674
9952
3760
11832
869
3662
10183
3788
5465
7652
443
9944
1625
7852
8736
3488
10210
9421
2601
5687
744
6016
9895
9339
4164
463
1212
4581
5040
9191
679
4287
9679
280
1394
2458
4248
9691
7554
7315
9797
1384
7621
2846
6769
4547
11021
1571
11863
746
6709
2083
10357
11368
10769
11250
6826
10215
6275
676
766
3763
9266
5236
12198
2512
1419
5210
10711
2058
9355
162
4416
2313
6297
6959
11453
3339
205
4353
8401
2257
6039
1699
5309
8645
1630
9471
6043
9482
11880
5622
2007
1395
2125
8395
1350
6729
12219
468
3059
6708
5974
10751
2832
9966
6437
294
1005
3707
6684
5464
9450
3374
6801
5273
11927
9819
8135
6371
7197
11251
863
5750
7872
6178
2210
6706
11893
3687
9303
396
2838
10418
7982
11434
2714
2240
7625
10185
8133
6637
8780
11930
10736
3720
12209
5983
6691
7294
295
7558
9411
7802
5995
6386
5770
2037
12263
9333
8187
9427
4668
7340
8626
5677
7218
5225
2854
7100
5718
12231
6824
9969
3885
4265
6452
4839
7839
5340
11288
4338
2097
6079
3404
3
9334
6160
6690
10372
2375
6744
8157
35
1603
5737
8442
642
10384
5989
8598
6082
1355
4303
5771
8787
9274
1138
4673
11039
9460
6464
1199
2817
6760
5492
10636
1166
491
368
5208
2202
1150
7152
10311
2099
4408
4644
2219
4259
877
2247
12180
11683
1972
11748
3405
5690
9365
767
6363
5615
1506
1001
648
1351
5979
3931
1968
10246
279
2044
2451
1747
1480
11500
6851
2338
2654
8398
9446
10980
971
4574
4571
791
6866
4291
3708
2282
2612
5351
3474
9313
1441
5702
3886
7264
3417
5967
2848
8720
1587
4548
6603
8791
9710
11503
5401
5400
10793
12254
241
9444
3809
5936
1523
444
1377
7290
2315
6807
7262
1752
5217
1188
6245
9331
9177
4519
6624
6772
7845
5466
7565
3866
4688
6683
5284
10424
9229
10310
6735
2370
8784
9328
262
10379
9634
9291
9604
1434
6379
10989
9397
6184
9297
10366
3366
10713
5518
3308
3766
11379
3105
1548
3696
3769
1770
1764
8613
11684
8653
502
7142
7713
4601
7848
171
5980
9707
9364
4499
11357
3065
1172
3493
6084
156
5034
4877
5316
7542
6265
6928
8656
3748
9810
8717
5483
5214
7320
3685
12196
674
6187
11856
4207
7685
1323
5673
974
8728
516
6472
10156
1445
5521
3083
8788
194
2279
2845
9473
4522
5454
7656
7555
1559
9629
9615
445
740
2204
390
6284
7166
6355
11652
2172
6614
11914
8678
9353
7648
9371
11224
6125
7821
1628
3399
7151
486
4229
3889
8181
11841
6260
22
6730
9701
157
2188
4540
1407
5204
403
5657
3461
6266
6132
7631
14
6063
1518
11354
3761
10339
6323
10194
705
12236
1454
2267
11442
8467
5221
8430
4854
5270
4335
6385
6086
361
1974
10684
678
9152
5253
2101
2380
5969
778
1681
9674
1376
653
6305
2294
2815
1739
4450
4426
11396
6862
1683
10342
762
5694
11830
1624
709
7373
4862
11833
3831
6127
7213
11280
1296
3087
9160
2028
2837
1768
6941
9699
7176
11003
11745
7794
478
4836
2789
380
2646
8473
8742
2383
3470
6966
11270
289
4609
6759
9633
6723
9833
5509
10247
7203
10717
632
2298
2273
2303
1563
4227
276
2249
9161
4221
9278
9159
1058
242
11407
6971
685
5628
9200
285
6365
6055
7358
4156
1201
2478
982
11471
2581
3485
687
1842
2319
8753
11654
9344
9892
8713
4572
11790
5968
8406
2853
5395
4551
9305
7569
1126
1426
2505
7312
6439
5660
6124
43
11432
1137
266
8296
5490
10752
9329
1593
4610
7145
4284
5331
1489
5658
3338
3868
11328
2572
1104
6002
8726
12256
2420
7748
6598
5670
9713
9
4869
6272
6306
788
2847
6967
9154
9650
2794
9500
784
7184
9827
1131
7356
3361
314
4210
3918
2443
8708
3819
387
11345
1081
3321
3369
10781
11844
4459
4596
673
3346
9282
11449
5417
11734
10695
7336
1710
7725
4460
9914
1148
3084
9292
1490
7371
6720
8644
2637
8695
10979
7801
7636
3101
11384
505
1125
26
12259
8741
864
4347
2036
6847
149
4373
5042
7744
11397
707
6649
9248
11319
1154
3481
8151
10222
3806
1422
4171
5616
356
5414
1341
7661
1532
9406
11674
7836
8734
11754
2778
3476
3453
11843
206
16
9375
2394
684
1978
4403
6047
4226
6677
6643
10831
7242
4363
3667
8738
8149
5654
6832
212
3317
6051
1027
4378
9824
5736
11881
6732
862
8450
8774
1687
11275
3381
10343
7825
7277
8490
2464
9817
6496
5472
10258
2494
1610
6586
1362
7349
8228
9936
4857
4856
1545
11033
9265
1675
4544
7188
11411
2045
6780
10188
1530
6146
10404
723
11457
9730
10662
7
1156
8217
1147
4390
7721
11646
7205
10786
1068
9934
11476
9298
10737
1345
1218
11420
7634
10335
6362
2441
2255
2825
7530
4331
7332
8273
7169
8660
8205
8641
2330
8696
2308
1776
7810
1544
9515
6367
1645
7864
2284
8271
5432
9956
3668
9340
7182
4578
1592
8682
6501
1238
2624
5655
8683
7755
10179
9943
713
2641
4292
3764
9790
4298
11659
6093
2374
6309
7561
9506
5247
4273
8670
11414
321
1170
774
3393
7835
8704
11850
7790
7221
9644
4527
2588
976
8462
2810
6083
4308
5652
9632
6880
2275
6425
6587
11712
11460
9714
10823
3423
1096
2419
8701
8485
1980
5242
2090
1643
5228
1338
5462
5626
4234
6602
4451
1557
4330
1436
6387
4695
1275
749
3438
4658
8194
10808
6144
8447
9318
10655
6282
10784
7271
2857
6397
11514
6353
10320
3895
1356
3716
6344
9277
2014
1860
10760
11348
2156
1357
6081
7772
6796
1017
7671
11421
1306
1749
5680
6628
1996
6710
7606
8739
5723
654
10417
4379
4367
2305
11763
4160
5218
9242
10637
6798
9432
4616
7130
10660
5352
8596
8689
8416
9667
9602
3063
10421
10349
5751
11727
4401
7172
9207
2397
10941
11023
11849
4555
630
3066
11475
2214
2611
6320
9728
7838
1127
11509
1061
11821
3916
1665
6181
4329
6330
10719
3924
6589
764
3925
768
3726
4383
6655
8769
8459
4646
2357
7263
11002
9352
9317
11644
3313
6672
6879
11512
964
4236
6903
2032
4614
5392
5039
5972
1064
2170
2033
5458
7828
2866
3893
2693
2471
11419
5060
7194
2241
1614
7253
6779
7508
3775
2823
11891
9422
3351
4494
3678
8397
55
1766
12257
9441
9449
9941
1438
4848
11307
11374
9814
2578
4237
8770
7649
5297
866
1102
10265
11283
11365
3709
9709
10774
2862
9807
1294
2064
6005
11680
1103
3314
1041
224
1656
9491
5276
9186
1613
3841
4562
2321
3402
9404
6621
7357
7501
7834
4590
9162
6028
10178
1843
5283
9948
878
1095
4350
10177
4385
9878
1716
8145
9346
6145
7660
5924
6687
7257
10649
10180
9275
7195
503
9212
11263
5614
11286
1718
1654
9870
11296
11948
2153
9696
6011
7538
9802
2196
4670
7588
3418
9338
2052
11709
8224
10288
10401
2580
370
2602
9306
1256
4279
5448
7139
9600
5755
6700
10954
11740
1369
7539
4834
6350
167
9514
4430
3064
6763
5746
9508
1112
3320
9788
12249
1486
4365
633
7346
9805
2283
7230
6964
4702
7351
517
216
691
4545
11008
2341
6856
1427
11653
868
2852
7624
2469
46
474
11924
11499
30
173
10301
7547
10168
6474
10964
755
8763
757
10700
4339
12225
11435
2600
5645
2287
1510
5356
9380
3845
6958
3471
2347
3414
4205
9319
11049
3062
8673
7505
3400
8706
6108
1479
10804
11944
8729
25
6676
10396
11859
1220
12248
4530
8698
6396
291
754
865
8415
7663
5709
8615
6118
6333
1366
698
4523
10939
2448
6675
320
7564
4645
1856
1989
3432
2134
2811
6303
4524
4584
2010
5931
2271
2770
5697
5078
433
1727
1332
4340
1286
7599
5503
1623
5298
9433
6246
983
10298
3903
739
5474
4842
9190
5343
10947
7578
1632
3479
10961
6261
7774
9228
2291
5450
9975
2228
10703
9405
248
2109
5404
8639
6003
8170
10213
6831
1581
6142
8413
1709
7647
10399
10264
6027
857
2226
324
4643
5048
9262
5618
10358
3700
3713
4634
11746
1762
6339
1290
347
3911
1
9627
410
10748
10694
11855
5251
710
4598
2566
2299
1066
6945
405
3851
475
7541
1014
4173
9863
7226
6244
4873
1418
6962
9435
2795
2858
7859
10199
7380
10806
6714
4249
3102
3439
7674
7868
10745
5999
2057
2193
6750
10303
6849
11762
6175
9823
245
3340
11694
4431
10419
489
9260
466
1509
9910
3477
7814
11798
11651
9476
10270
2027
3860
469
10829
4691
8182
7640
4625
8476
2288
2635
2345
5201
9326
230
6789
7739
1053
1210
7683
11018
10190
10353
10315
6612
11864
2146
8
11643
1742
987
4657
9945
11012
1281
12217
1467
10732
6898
5671
4656
7316
5985
7608
7813
9392
6790
11842
1254
7979
5250
11383
11214
9315
1508
13
4412
3080
1020
7638
4317
8688
7576
8893
9617
5665
7302
3852
6742
5032
867
11015
2574
4280
5056
8667
6669
9961
8138
9488
4437
2798
5701
432
4642
11672
5252
2181
11290
5497
6697
3839
5337
11013
650
10313
1255
6906
9309
5683
6450
178
2269
2618
11858
2177
2665
4569
6874
2314
2252
6623
12260
6157
5363
2111
1230
10266
2008
8757
730
7281
11718
11360
10789
6398
2141
3669
1473
10802
6656
1028
9826
9496
3303
1502
11851
5342
4
5699
9926
4264
10735
1008
2479
1252
7615
477
2486
3711
1482
4253
1315
10356
2373
6114
9688
11451
6183
2835
2337
9655
10687
6420
5338
1753
11662
166
5049
7699
8461
417
8192
10811
7553
12246
5473
10759
10987
7515
11765
4508
8722
3907
11932
1496
12161
2024
2460
11698
9280
1383
11877
11327
2816
9222
6364
4618
9342
3843
3680
4344
10766
1051
2333
1012
4619
7215
31
631
6459
8587
11412
2843
2348
2061
5206
6841
5744
9385
4878
8624
6029
1175
3665
4615
783
9663
6885
11725
6442
10820
9330
5933
11367
6745
389
3111
6406
7377
4455
10633
10799
9254
7688
686
11657
10383
10330
10783
2079
9391
6456
1517
2515
5044
7777
6053
1274
7670
6685
9659
1597
6278
4418
7212
4582
873
7532
3672
1163
9213
10244
6304
3847
7345
6460
8772
265
5453
1560
10295
7876
10217
8783
6370
9820
1685
1263
11920
6653
11277
9795
1708
2263
8796
10678
1309
10673
1235
1863
2384
773
1746
5502
5649
5287
4531
6737
240
9639
1090
7168
234
10835
3746
11429
5457
4521
2238
2762
4321
7144
4449
6784
2208
5955
6434
1152
3103
10319
6662
4404
9962
34
780
1374
514
7628
7519
5711
3305
6021
7318
7372
11703
8216
5484
10346
7973
217
10221
8453
7708
7972
7877
8675
9940
2625
161
5715
11305
3870
10302
1469
11481
5419
3357
4166
5447
7291
3718
7651
9383
11949
4432
9285
8657
8691
7314
1109
9793
11393
1663
11244
4838
221
5306
2855
2148
10758
7236
11513
11660
6599
9252
357
4526
1519
10326
9358
10692
3071
9419
7369
4554
4853
6761
6601
879
7353
9434
1633
9465
11768
8604
2482
9403
220
11318
3783
1079
3363
6806
1692
1352
10189
10202
2102
4500
7274
5691
6329
7692
6615
11352
8484
10696
6395
7208
10803
1650
11347
980
7256
7759
6936
4611
4262
11040
10983
11388
6498
8184
8446
6176
1425
9597
4607
8730
2504
2259
9687
3751
9613
6641
6914
8718
7323
1733
9246
2818
5762
10946
7163
7682
10361
1969
10314
4880
10422
4457
9829
2779
9780
12173
5431
5066
9470
8471
6956
5271
2617
6776
1853
9942
10198
12170
11929
6341
5928
1006
1751
1261
760
10242
5360
8651
6490
11473
7687
5224
1375
3385
9722
204
8790
7367
972
1970
4592
7567
7097
6811
2074
6253
4225
1666
9683
2386
1472
3354
7348
6
8156
6767
1074
11436
12157
4360
2096
9490
6325
4346
7161
3873
6269
6376
210
2062
3773
199
5470
6413
2411
11501
9244
7795
1538
3793
6097
10350
9218
7352
11490
2644
741
2222
9384
763
6334
736
7672
3722
11808
9398
858
3922
11875
458
11358
6633
2231
4381
3917
7726
1280
379
7657
10652
4274
12202
7295
476
6747
9889
10638
10832
6171
9781
6400
10200
2392
9372
471
9616
1631
5740
9964
9178
1552
9958
7629
10785
11827
7507
1229
3865
11028
4637
11517
1577
2766
2002
2042
258
8154
11897
1601
11382
6694
3801
10996
4239
8276
750
7724
10289
5318
2200
3362
7254
10957
4240
11797
8448
6463
4859
4215
3671
9965
2206
6802
4486
1615
8449
6818
688
47
7136
2760
9153
10656
9676
429
3383
1232
2856
2104
7568
9157
8443
1629
5381
7223
1864
10197
6012
11801
7523
6076
9286
9654
5929
2192
5739
11792
2212
4214
5305
219
3899
11871
1371
9517
3348
3318
1565
2286
1178
2711
1700
4863
7337
700
8223
1234
3069
11430
439
6622
7330
142
3768
3675
7981
1019
10392
367
9954
4684
2126
1327
5992
11511
453
9657
7268
4888
1546
5641
7850
7603
5371
2072
1487
3049
5275
8163
261
4213
3378
10250
4319
6066
4157
9509
9345
800
3106
2599
1368
1553
1004
3051
11834
968
10407
747
1609
1155
10754
1555
9390
7970
1297
4219
7722
1711
1840
3333
6859
11676
677
360
6481
5209
1340
11395
7740
6702
1082
6890
8760
2328
6630
5511
1543
4433
6090
8190
6494
3454
7329
1240
9501
8716
