849
832
861
666
351
188
426
541
647
484
927
1006
1023
709
194
168
21
549
692
472
313
735
158
869
504
195
864
383
701
764
50
854
732
947
359
267
1028
217
342
985
586
36
78
454
613
567
839
253
920
685
275
629
747
999
700
157
934
675
726
851
1011
319
143
712
23
867
1026
335
252
68
102
584
409
120
711
106
857
591
681
177
933
800
147
827
517
821
44
863
185
626
89
387
407
803
796
76
798
307
13
114
388
45
501
750
761
542
724
627
772
633
980
596
944
530
35
558
30
164
292
42
794
1003
406
718
990
622
190
763
425
498
7
309
39
70
1016
831
995
844
663
235
378
968
533
476
628
903
437
93
873
434
888
687
684
18
748
959
447
619
248
561
779
453
331
992
304
912
405
847
318
364
950
639
232
173
315
412
625
707
279
215
577
814
556
456
760
170
730
317
1012
391
110
938
900
201
481
268
202
203
641
514
754
242
123
254
59
373
550
144
445
326
86
27
621
12
676
113
527
886
37
894
751
725
1017
948
416
713
402
386
413
605
816
494
197
439
101
264
971
340
914
73
967
809
976
34
963
5
130
65
408
11
757
771
986
688
1025
81
470
288
271
189
706
744
955
85
208
853
282
237
418
429
111
569
573
738
883
536
349
10
618
790
715
638
785
225
419
180
140
234
312
411
924
496
421
974
152
497
691
987
936
590
679
99
884
270
368
784
788
227
901
100
671
108
759
632
652
723
112
363
560
555
367
634
311
850
381
993
876
778
369
906
837
474
806
904
83
321
211
297
63
522
92
361
404
592
88
206
138
958
131
631
397
401
136
316
607
446
733
343
72
183
289
1018
287
929
975
229
98
38
263
902
540
222
415
983
280
973
358
255
962
588
939
25
710
547
984
122
887
503
640
563
107
257
755
502
334
977
303
736
95
885
240
61
813
579
1031
830
277
951
731
880
171
200
878
799
302
871
843
94
385
354
389
105
835
956
414
218
529
931
493
808
181
961
182
283
462
848
595
917
246
953
1
672
862
14
460
954
668
646
515
823
905
915
521
51
49
420
16
161
777
1027
559
464
160
126
207
133
46
8
491
722
829
665
840
678
630
1010
116
256
892
746
554
898
758
382
548
644
1030
266
353
551
77
745
489
214
721
859
795
365
451
826
609
645
960
856
80
162
40
290
855
518
241
907
896
151
32
356
87
941
661
662
360
734
594
219
695
97
169
789
578
782
978
635
780
436
310
435
62
322
19
148
163
525
654
395
486
543
273
295
228
926
261
84
285
370
2
740
104
773
741
801
1021
308
146
457
673
274
485
128
325
545
617
583
660
704
1022
58
606
615
889
642
417
836
693
580
793
223
651
427
720
1008
324
597
345
328
957
20
327
899
512
909
243
969
265
28
399
166
910
881
802
991
842
495
346
444
564
1013
656
674
946
943
0
510
516
159
115
890
752
509
366
57
970
637
251
667
1020
708
403
4
942
686
355
260
703
828
825
137
600
422
810
175
1029
350
43
680
791
442
127
362
702
69
184
965
792
31
568
739
682
179
874
337
132
1032
562
1014
602
449
129
64
538
599
249
689
979
488
440
125
526
677
47
291
347
653
769
897
756
230
940
705
463
566
124
908
142
224
994
306
52
918
846
966
964
841
54
135
932
154
683
167
71
410
482
213
834
922
919
187
458
657
26
611
775
981
575
372
155
375
838
348
719
443
448
935
336
872
523
822
528
982
452
238
423
553
699
537
1009
1019
487
293
22
433
192
431
508
134
998
473
714
475
281
877
765
118
507
299
117
438
664
648
1033
314
286
153
239
598
557
428
221
186
737
614
479
811
459
352
430
1024
323
109
56
53
812
774
546
461
852
949
659
174
937
820
374
276
524
690
768
623
141
178
500
749
226
845
298
532
432
483
250
