1280
1281
1282
1339
1340
1341
1342
1343
1344
1345
1346
1433
1434
1435
1436
1437
1438
1439
1478
1479
1480
1481
1482
1483
1484
1485
1486
1487
1488
1515
1516
1517
1518
1519
1520
1521
1522
1523
1524
1525
1526
1536
1537
1538
1539
1540
1541
1542
1568
1569
1570
1571
1572
1573
1574
1575
1576
1577
1578
1579
1580
1581
1582
1583
1584
1585
1586
1587
1588
1589
1590
1591
1592
1618
1619
1620
1621
1622
1623
1624
1625
1626
1627
1628
1629
1630
1631
1632
1633
1634
1635
1636
1637
1738
1739
1740
1741
1742
1743
1744
1745
1746
1747
1748
1813
1814
1815
1816
1817
1818
1819
1820
1821
1855
1856
1857
1858
1859
1860
1861
1862
1863
1864
1865
1866
1867
1927
1928
1929
1930
1931
1932
1933
1934
1935
1936
1937
1938
1939
1940
1957
1958
1959
1960
1961
1962
1963
1964
1965
1966
1967
1968
1969
1970
1986
1987
1988
1989
1990
1991
1992
1993
1994
2077
2078
2105
2106
2107
2108
2109
2110
2111
2112
2113
2162
2163
2164
2165
2166
2167
2168
2169
2170
2171
2213
2214
2215
2216
2217
2218
2233
2234
2235
2236
2237
2238
2239
2240
2241
2242
2243
2244
2245
2246
2252
2253
2254
2255
2256
2257
2258
2259
2260
2261
2262
2263
2264
2265
2266
2267
2268
2269
2270
2271
2272
2273
2274
2275
2276
2277
2278
2279
2280
2281
2282
2283
2284
2285
2286
2287
2288
2289
2290
2291
2292
2293
2294
2295
2296
2297
2298
2299
2300
2301
2302
2303
2304
2305
2306
2307
2308
2309
2310
2311
2312
2313
2314
2315
2316
2317
2318
2319
2320
2321
2322
2323
2324
2325
2326
2327
2328
2339
2340
2341
2342
2343
2344
2345
2346
2347
2348
2349
2350
2351
2352
2353
2354
2355
2356
2357
2358
2359
2360
2361
2362
2363
2364
2365
2366
2367
2368
2369
2370
2371
2372
2373
2374
2375
2376
2377
2378
2379
2391
2392
2393
2394
2395
2396
2397
2398
2399
2400
2401
2402
2403
2404
2405
2406
2407
2408
2409
2410
2411
2412
2413
2414
2415
2416
2431
2432
2433
2434
2435
2436
2437
2438
2439
2440
2448
2449
2450
2451
2452
2453
2454
2455
2456
2457
2458
2459
2460
2461
2462
2463
2464
2465
2495
2496
2497
2498
2499
2500
2501
2502
2503
2504
2505
2506
2507
2508
2509
2510
2511
2512
2513
2514
2515
2516
2517
2518
2519
2520
2521
2522
2543
2544
2545
2546
2547
2548
2549
2550
2551
2552
2553
2554
2555
2556
2557
2558
2559
2560
2561
2562
2563
2564
2565
2566
2567
2568
2569
2570
2571
2572
2573
2574
2575
2576
2577
2578
2579
2580
2581
2582
2583
2584
2585
2586
2587
2588
2589
2590
2591
2592
2593
2594
2595
2596
2597
2598
2599
2600
2601
2602
2603
2604
2605
2606
2607
2608
2609
2610
2611
2612
2613
2614
2615
2616
2617
2618
2619
2620
2621
2622
2623
2624
2625
2626
2627
2628
2629
2630
2631
2632
2633
2634
2635
2636
2637
2638
2639
2640
2641
2642
2643
2644
2645
2646
2647
2648
2649
2650
2651
2652
2653
2654
2655
2667
2668
2669
2670
2671
2672
2673
2674
2675
2676
2677
2678
2679
2680
2681
2682
2683
2684
2685
2686
2687
2688
2689
2690
2691
2692
2693
2694
2695
2696
2697
2698
2699
2700
2701
2702
2703
2704
2705
2706
2707
2708
2709
2710
2711
2712
2713
2714
2715
2716
2717
2718
2719
2720
2721
2722
2723
2724
2725
2726
2727
2728
2729
2730
2731
2732
2733
2734
2735
2736
2737
2738
2739
2740
2741
2742
2743
2744
2753
2754
2755
2756
2757
2758
2759
2760
2761
2762
2763
2764
2765
2766
2767
2768
2769
2770
2771
2772
2773
2774
2775
2776
2777
2778
2779
2780
2781
2782
2783
2784
2785
2797
2798
2799
2800
2801
2802
2803
2804
2805
2806
2807
2808
2809
2810
2811
2812
2813
2814
2815
2816
2817
2818
2819
2820
2821
2822
2823
2824
2825
2826
2827
2828
2829
2830
2831
2832
2833
2834
2835
2836
2837
2838
2839
2840
2841
2842
2843
2844
2845
2846
2847
2848
2849
2850
2851
2852
2853
2866
2867
2868
2869
2870
2871
2872
2873
2874
2875
2876
2877
2878
2879
2880
2895
2896
2897
2898
2899
2900
2901
2902
2903
2904
2905
2906
2907
2918
2919
2920
2921
2922
2923
2924
2925
2926
2927
2928
2929
2930
2931
2932
2933
2934
2935
2936
2937
2938
2939
2940
2941
2942
2943
2944
2945
2946
2947
2948
2949
2950
2951
2952
2953
2954
2955
2956
2957
2958
2959
2960
2961
2962
2963
2964
2965
2966
2967
2968
2969
2970
2971
2972
2973
2974
2975
2976
2977
2978
2979
2980
2981
2982
2983
2984
2985
2986
2987
2988
2989
2990
2991
2992
2993
2994
2995
2996
2997
2998
2999
3000
3001
3024
3025
3026
3027
3028
3029
3030
3031
3032
3073
3074
3075
3076
3077
3078
3079
3080
3081
3082
3083
3118
3119
3120
3121
3122
3123
3124
3145
3146
3147
3148
3149
3150
3151
3152
3153
3154
3177
3236
3237
3238
3239
3240
3241
3242
3243
3244
3245
3287
3288
3289
3290
3291
3292
3293
3294
3295
3296
3297
3298
3299
3300
3341
3342
3343
3344
3345
3346
3347
3348
3349
3350
3351
3352
3353
3354
3355
3356
3357
3358
3359
3376
3377
3378
3379
3380
3381
3382
3383
3415
3416
3417
3418
3419
3420
3421
3422
3423
3424
3425
3426
3427
3428
3429
3430
3431
3432
3433
3434
3435
3436
3437
3438
3439
3440
3441
3473
3474
3475
3476
3477
3478
3479
3480
3481
3482
3483
3484
3485
3486
3487
3488
3489
3490
3491
3492
3493
3494
3495
3496
3497
3498
3619
3620
3621
3622
3623
3624
3625
3626
3627
3628
3629
3630
3631
3632
3633
3728
3729
3730
3731
3732
3733
3734
3735
3736
3737
3738
3739
3740
3741
3783
3784
3785
3786
3787
3788
3789
3790
3791
3792
3793
3794
3873
3874
3875
3876
3877
3878
3879
3880
3881
3882
3883
3884
3885
3886
3887
3888
3889
3906
3907
3908
3909
3910
3911
3912
3913
3914
3915
3916
3917
3918
3919
3920
3921
3936
3937
3938
3939
3940
3941
3942
3943
3944
3945
3946
3947
4034
4035
4036
4037
4038
4039
4040
4041
4042
4043
4044
4045
4046
4066
4071
4072
4073
4074
4075
4076
4077
4078
4079
4080
4081
4082
4083
4084
4115
4116
4117
4118
4119
4120
4121
4122
4123
4124
4125
4164
4165
4166
4167
4168
4169
4170
4171
4205
4206
4207
4208
4209
4210
4211
4212
4213
4214
4215
4216
4225
4226
4227
4228
4229
4230
4231
4232
4255
4256
4257
4258
4259
4260
4261
4262
4263
4264
4265
4266
4267
4268
4269
4270
4271
4272
4273
4274
4275
4276
4277
4278
4279
4280
4305
4306
4307
4308
4309
4310
4311
4312
4313
4314
4315
4316
4317
4318
4319
4320
4321
4322
4323
4324
4434
4435
4436
4437
4438
4439
4440
4441
4508
4509
4510
4511
4512
4513
4514
4515
4516
4517
4518
4550
4551
4552
4553
4554
4555
4556
4557
4619
4620
4621
4622
4623
4624
4625
4626
4627
4628
4629
4630
4645
4646
4647
4648
4649
4650
4651
4652
4653
4654
4655
4656
4657
4667
4668
4669
4670
4671
4672
4673
4674
4675
4676
4677
4769
4770
4771
4772
4773
4774
4775
4776
4777
4818
4819
4820
4821
4822
4823
4824
4825
4826
4827
4828
4864
4865
4866
4867
4868
4869
4870
4871
4872
4873
4883
4884
4885
4886
4887
4888
4889
4890
4891
4920
4921
4922
4923
4924
4925
4926
4927
4928
4929
4930
4931
4932
4933
4934
4935
4936
4937
4938
4939
4940
4941
4972
4973
4974
4975
4976
4977
4978
4979
4980
4981
4982
4983
4984
4985
4986
4987
4988
4989
4990
4991
4992
4993
4994
4995
5098
5099
5100
5101
5102
5103
5104
5105
5106
5107
5179
5180
5181
5182
5183
5184
5185
5186
5187
5188
5222
5223
5224
5225
5226
5227
5228
5298
5299
5300
5301
5302
5303
5304
5305
5306
5307
5308
5309
5310
5326
5327
5328
5329
5330
5331
5332
5333
5334
5335
5336
5337
5338
5339
5354
5355
5356
5357
5358
5359
5360
5361
5362
5363
5444
5445
5446
5447
5460
5461
5462
5463
5464
5480
5481
5482
5483
5484
5485
5495
5496
5497
5498
5499
5500
5501
5502
5503
5515
5516
5517
5518
5519
5520
5521
5535
5536
5537
5538
5539
5540
5541
5542
5557
5558
5559
5560
5561
5562
5580
5581
5582
5583
5584
5585
5586
5587
5588
5589
5590
5591
5592
5593
5594
5595
5596
5597
5598
5599
5600
5601
5602
5623
5624
5625
5626
5644
5645
5646
5647
5648
5649
5650
5651
5652
5653
5670
5671
5672
5673
5674
5675
5676
5699
5700
5701
5702
5703
5704
5705
5706
5707
5708
5709
5710
5711
5712
5713
5714
5715
5716
5717
5718
5719
5720
5721
5735
5736
5737
5738
5739
5751
5752
5753
5754
5755
5756
5773
5774
5792
5793
5794
5795
5796
5797
5798
5804
5805
5806
5807
5808
5809
5810
5811
5812
5813
5814
5815
5816
5831
5832
5833
5834
5835
5836
5837
5838
5839
5840
5841
5842
5869
5882
5883
5884
5885
5886
5887
5888
5889
5890
5891
5892
5893
5894
5895
5896
5897
5898
5899
5900
5901
5902
5903
5904
5905
5906
5907
5908
5909
5910
5911
5912
5913
5914
5915
5916
5917
5918
5919
5920
5921
5922
5923
5924
5925
5926
5927
5928
5929
5930
5931
5932
5933
5934
5935
5936
5937
5938
5939
5940
5941
5942
5943
5944
5945
5946
5947
5948
5949
5950
5951
5952
5953
5954
5955
5956
5957
5958
5959
5960
5961
5962
5963
5964
5965
5966
5967
5968
5969
5970
5971
5982
5983
5984
5985
5986
5987
5988
5989
5990
5991
5992
5993
5994
5995
5996
5997
5998
5999
6000
6001
6002
6003
6004
6005
6006
6007
6008
6009
6010
6011
6012
6013
6014
6015
6016
6017
6018
6019
6020
6021
6022
6023
6024
6025
6026
6027
6028
6029
6030
6031
6032
6033
6034
6035
6036
6037
6038
6039
6040
6041
6042
6043
6044
6045
6046
6047
6048
6049
6050
6051
6052
6053
6054
6055
6056
6064
6065
6066
6067
6068
6069
6070
6071
6072
6073
6074
6075
6076
6077
6078
6079
6080
6081
6082
6083
6084
6085
6086
6087
6088
6089
6090
6091
6092
6093
6094
6095
6096
6097
6098
6109
6110
6111
6112
6113
6114
6115
6116
6117
6118
6119
6120
6121
6122
6123
6124
6125
6126
6127
6128
6129
6130
6131
6132
6133
6134
6135
6136
6137
6138
6139
6140
6141
6142
6143
6144
6145
6146
6147
6148
6149
6150
6151
6152
6153
6154
6155
6156
6157
6158
6159
6160
6161
6162
6163
6164
6165
6166
6167
6168
6169
6170
6171
6172
6173
6174
6175
6176
6177
6178
6179
6191
6192
6193
6194
6195
6196
6197
6198
6199
6200
6201
6202
6218
6219
6220
6221
6222
6223
6224
6225
6226
6227
6228
6229
6230
6231
6232
6243
6244
6245
6246
6247
6248
6249
6250
6251
6252
6253
6254
6255
6256
6257
6258
6259
6260
6261
6262
6263
6264
6265
6266
6267
6268
6269
6270
6271
6272
6273
6274
6275
6276
6277
6278
6279
6280
6281
6282
6283
6284
6285
6286
6287
6288
6289
6290
6291
6292
6293
6294
6295
6296
6297
6298
6299
6300
6301
6302
6303
6304
6305
6306
6307
6308
6309
6310
6311
6312
6313
6314
6315
6316
6317
6318
6319
6320
6358
6359
6360
6361
6362
6363
6364
6365
6366
6367
6368
6369
6370
6371
6372
6373
6374
6375
6387
6388
6401
6495
6496
6497
6498
6499
6500
6501
6502
6503
6504
6505
6537
6538
6539
6540
6541
6542
6543
6544
6545
6546
6617
6618
6619
6620
6621
6622
6623
6624
6625
6626
6627
6628
6629
6630
6631
6632
6648
6649
6650
6651
6652
6653
6654
6655
6656
6657
6658
6659
6660
6661
6662
6678
6679
6680
6681
6682
6683
6684
6685
6801
6802
6803
6825
6826
6827
6828
6829
6830
6831
6879
6880
6881
6882
6883
6896
6897
6898
6899
6900
6901
6902
6903
6904
6905
6906
6916
6917
6918
6919
6920
6921
6922
6923
