2721
1948
2510
2210
1108
2667
2513
1661
1021
3424
2234
394
1805
3976
3679
3956
1812
1620
2466
1424
4027
4100
1058
1162
3866
887
1111
1497
4094
737
1885
672
3408
556
371
4181
700
205
3031
143
1968
2769
2969
3582
1123
1454
3368
590
3670
2420
4147
3803
1590
1797
198
2646
3784
572
1680
2789
3648
4225
3676
1306
161
1471
1209
373
1092
3985
1308
3446
2386
3601
3837
1682
3327
618
3412
1375
2212
4277
958
2562
1872
2158
1438
3891
221
2597
941
806
2022
1818
1566
3494
2957
1146
4064
207
1163
2469
1467
2504
560
3129
2529
3125
1053
2785
1991
1773
2279
3482
1088
4025
4199
1267
2099
1245
1028
2100
1817
310
2823
2576
862
4375
1519
2009
1470
3226
1225
2715
1795
1959
1494
841
543
2961
2863
3255
2550
2941
1625
3565
3363
4060
1821
468
802
991
3511
950
2176
2872
2783
2429
2237
957
4048
281
227
236
1671
1213
2582
3429
1386
2747
1062
1273
3486
3848
1720
1957
3056
2572
4015
1964
1750
1369
287
1243
4097
2951
2564
3642
4142
349
314
1563
4031
1061
177
4175
3590
1630
1546
3652
675
1324
698
3807
3625
2874
4135
2750
345
344
3945
3532
182
2344
1843
1735
810
2027
2706
185
1220
1574
93
3727
2152
1954
1792
4235
851
3562
636
3263
338
1536
2215
3661
1581
2744
990
3534
3033
1011
2118
1662
2164
1271
1989
1543
2214
1499
2558
1823
1829
253
127
1041
2379
248
1093
1664
3151
1893
2405
3906
1902
4195
508
4338
1390
4110
2290
3298
1227
2971
3766
1816
2141
39
3224
1644
1589
4337
2369
904
1585
3602
1291
1218
4136
1603
1993
3635
2559
2710
1105
2245
1552
2483
3595
637
3111
2828
3086
1262
1597
2123
3804
280
1279
1109
3465
1528
1801
1900
1352
2574
1703
3122
4026
4350
847
454
1495
929
712
63
937
2409
4204
284
3248
1136
2596
2313
3148
3557
2938
239
3608
2372
3613
2117
420
2624
2452
2286
2677
1091
638
4158
1400
2011
1997
3206
1018
2006
1468
1982
2692
2869
993
1873
1409
3314
4281
1977
1350
218
3071
652
4339
490
787
555
3081
2
1300
3749
106
2045
1432
2615
1847
3752
1844
4102
3237
2038
924
1147
3395
1649
3621
2473
1235
684
2151
1269
3381
2853
835
3440
3921
581
3019
1241
1122
3687
3734
4257
1809
1327
2861
2795
2622
1015
4065
3757
2753
2999
3561
1949
2398
2918
223
5
1433
3310
1935
3136
2240
4033
442
3738
1174
3675
366
1321
2712
2149
1931
2688
594
3794
4096
1434
1477
3788
1137
1238
302
97
1444
2129
2628
2441
4342
3438
3401
659
2097
4189
2189
298
480
1849
2685
3267
2920
4296
2285
1840
1420
3388
254
2702
379
3471
2375
804
4177
1498
2900
3220
1252
1753
3707
136
3769
469
2660
906
2905
3124
4008
2241
1573
1538
4306
3571
2050
1485
1020
1788
824
25
4217
1785
1716
619
1526
879
1102
3005
4374
1850
2523
1055
1394
909
4028
767
587
2401
1019
1266
8
290
1802
1758
315
3322
1650
2811
3024
2908
2288
2610
527
3276
3406
181
2284
830
2767
351
2773
2599
1736
528
3723
2762
4132
150
2977
791
1293
1326
3656
4111
3245
2650
2139
3491
3434
1761
2618
2527
251
2670
3688
939
111
1648
1766
387
3288
593
3324
566
4317
1407
3813
303
3275
2220
4072
462
4354
2516
1505
2848
1161
3233
399
3961
2902
2932
4367
756
2870
913
3585
4351
1370
2561
2579
2720
187
3096
4159
820
348
702
2946
4282
1903
4103
3627
2093
2552
1057
1724
1289
1826
1292
903
613
3599
2166
1700
353
2127
736
2514
2168
4062
2183
1745
537
1222
2895
4118
3736
2498
3340
2684
1502
105
256
916
3994
3088
1316
2782
259
3560
3711
1130
3352
6
4298
3556
1516
2893
1452
4055
1553
615
2303
2915
1488
392
217
3432
2801
1944
2978
102
1863
162
2157
418
657
4192
3470
564
2043
2775
4211
2462
4137
267
858
1099
1514
3499
2421
1094
166
1855
4023
359
1084
1338
3731
1756
3169
3152
134
4184
1827
155
3478
2184
930
2882
565
449
3888
1009
745
4098
1541
1374
3746
3004
625
1483
3955
1299
3411
2041
3878
1367
3892
769
1667
2315
1576
2322
864
1738
595
294
3305
3914
3439
2555
2718
2003
2312
1604
1836
4138
2590
504
4066
1940
4304
3632
3949
1618
2625
329
1145
3577
2867
1353
2535
3291
396
2544
3935
1557
2272
1450
2676
4249
1265
3626
4358
4069
3106
2922
2266
4005
921
3628
4034
3407
1975
249
1568
1709
139
2163
1580
3257
241
554
827
1319
4080
4082
3972
3860
117
697
3376
1757
4018
1864
3193
3717
2120
4247
2095
989
1098
1189
3266
1358
4180
405
651
1937
2088
316
1069
2984
3313
2082
874
2057
2804
1389
1274
2087
3404
2060
1487
4182
3578
1063
3369
3832
2859
3513
2136
3799
3041
398
1343
4022
666
3280
3481
2249
1244
2359
717
3669
1879
2617
55
2056
752
1861
1359
3674
1793
4109
1413
4001
3349
1054
2852
2275
3835
3235
300
2107
797
4252
2928
2623
1726
3231
647
1778
3084
570
4362
3663
609
1501
377
3823
1635
2378
1401
2461
2042
4120
2751
799
1236
45
3594
451
2304
2343
305
184
1810
2381
2384
3926
1128
911
123
719
3300
2738
2990
3827
885
1491
2307
711
776
4006
1317
1148
1036
4145
1331
2949
393
3198
358
2975
3800
363
542
2508
1237
1721
98
514
1614
1141
3062
1772
3516
4208
1892
374
3658
2228
1066
2830
499
350
4372
122
2711
1876
1392
852
1182
4167
2341
882
3605
3718
2396
2914
867
3579
935
2883
307
319
1224
1927
3833
2805
777
604
1870
2477
2392
1022
208
2926
739
2727
1593
1381
3791
2035
224
2868
3153
216
859
844
3118
3417
1641
3277
923
749
4058
2128
3708
1961
686
1838
3110
1599
3550
1223
2813
3591
3389
4107
3814
215
3662
1365
437
3983
670
567
478
3673
1207
3379
3939
2703
1777
1181
2334
2415
2101
4099
1430
1636
2410
842
3616
4363
2605
3696
4092
1640
2242
1731
2626
431
291
1627
3212
3403
992
129
4019
1298
2640
1690
3431
297
938
2079
2387
1981
940
42
3359
1891
258
3640
4076
1230
3120
707
1354
381
926
3504
3469
2366
956
2689
2956
2472
2080
1691
3659
2179
1837
2500
744
584
631
3337
107
1658
1045
1607
4234
4347
3887
4002
1910
1779
963
369
439
1686
691
1029
3968
3253
4127
876
1828
2368
2114
1853
1696
1294
1305
3022
2989
4343
327
2502
295
838
1168
2553
247
1679
1972
1808
757
2524
3450
972
669
1632
899
1824
1315
3567
1880
3497
3592
3393
1441
965
1197
1476
748
3375
4042
2756
1651
2170
1846
1342
785
2165
1048
3512
3264
3809
2887
849
1524
2130
646
3386
846
3572
3779
3330
1862
1534
2876
1159
4125
2195
4213
3487
3500
1179
622
750
475
3969
1894
2829
1655
2198
2879
782
3139
413
1242
3780
3558
4248
361
3194
1397
731
676
823
2763
428
1796
1790
199
800
370
4320
3905
808
1723
2213
3603
2658
214
2875
1376
2207
629
664
2233
1556
1890
1504
895
3797
2790
2973
1140
996
2102
2673
46
693
2162
3391
231
3006
3126
2871
3705
821
3309
3473
3862
3988
156
3917
1133
2175
1251
2467
641
2856
3889
1803
1263
3896
2122
2792
4009
233
3996
1399
571
1373
2788
4089
2281
1591
333
713
1035
383
681
3372
292
3756
1623
1570
4216
788
4352
4172
4050
2482
1272
325
2169
1115
1064
1617
306
151
1184
1523
4289
2678
2132
196
3489
3882
4030
1366
3615
1384
4063
69
559
2988
706
232
3402
569
2391
2709
2955
1478
3018
1228
471
982
455
574
936
2476
174
2465
884
1215
4017
3250
237
1414
197
2204
3529
816
3636
878
225
1666
2173
3739
682
2672
2636
1936
2818
2820
3182
3007
3894
701
144
1530
3162
450
4312
1120
1612
1898
4371
2051
2890
461
3010
1555
2208
4340
2320
1578
3958
3871
4052
1076
4083
2036
94
2827
648
521
1410
3009
163
1918
511
1475
2880
969
1867
1047
912
1132
1460
169
1175
2108
4162
2807
3530
3524
2188
2573
1196
1946
1257
1933
2611
2683
856
3548
1619
1889
2666
4139
1958
1978
2142
2966
3573
2891
240
1539
2757
4143
860
3576
3540
4179
3258
3475
453
793
1877
1787
1768
714
1717
1999
1303
1825
1044
2682
722
4122
3413
425
3683
1815
2106
2013
4231
3399
14
380
2690
2681
623
2145
3442
1250
1672
502
2570
1915
1422
1103
709
586
3728
1732
3501
354
999
356
447
839
910
3544
2994
3666
3176
3354
1415
4299
1713
600
3060
2115
1508
2370
2937
4228
1285
4114
2981
1276
718
599
2244
2983
1330
1129
3657
2098
2591
2903
2735
2471
3587
1748
1357
4134
2538
1822
533
2200
1038
2585
3350
2247
650
2917
4157
2308
3364
2843
2351
2592
2537
2694
3223
920
792
4108
2888
1912
1925
723
3984
2148
446
1741
3058
2770
678
1688
1786
2178
1255
1814
2222
2246
4144
2764
2140
813
1911
2539
4308
2940
2959
4012
3710
1309
3039
2532
1198
2024
3278
1008
2293
3741
4141
1520
4265
2802
3789
4341
2077
2474
4236
2404
4377
568
1180
3817
795
1869
2885
4123
3633
4152
1643
1698
3609
2912
2347
372
829
2732
780
2571
1490
2317
3725
3306
3374
1835
4057
1567
2438
3227
817
1042
1727
2742
1832
1562
2434
1071
407
3709
2339
3824
685
2225
3358
2495
4150
19
1611
2960
2072
2305
1995
2076
2953
2261
3678
2695
4240
932
3522
3957
408
4032
3343
414
2916
2499
3539
2487
994
1372
3339
725
13
561
2680
724
2557
4156
1131
3437
754
3030
3765
2216
2000
557
201
1857
658
3706
1673
4153
3982
1930
1183
1760
660
925
3537
987
3584
3070
3303
2501
1416
781
4131
1547
747
3895
360
3474
355
1348
2600
3427
1865
2565
432
2219
4128
2054
3597
4067
4041
3933
4307
3995
3146
4270
2717
2447
296
2352
2413
2907
1833
978
4140
4315
3966
1939
1287
3825
743
322
3032
2144
640
970
3168
943
872
2430
3373
628
644
1595
1065
1333
1451
71
1628
2772
3792
4164
1924
1820
75
3541
3979
3745
985
705
3048
1013
3681
1601
696
53
3377
1707
3075
1254
2037
1114
1423
1456
877
3479
2884
2263
1509
4085
3509
4278
3630
220
2577
2291
1439
1165
2014
801
460
3611
1913
4044
2190
1963
818
2892
3331
4061
99
274
2252
942
3930
2412
1185
2740
3934
3433
3977
2586
1474
2696
2679
740
165
2996
2324
1149
411
2373
255
814
339
1763
2226
2525
3971
2314
890
589
209
2049
1584
1960
4112
2048
4000
2647
188
4056
2894
2935
3460
755
1800
611
607
3435
3865
3667
3721
639
1074
783
3528
583
812
3444
434
1506
3812
492
1086
3962
1258
763
3542
3638
3400
286
1297
1139
703
2397
3067
1739
2630
1587
3346
1270
1952
760
1711
4093
3783
4310
2631
1906
61
2633
4290
2125
861
596
1807
1907
243
4218
28
3472
263
3680
1171
1453
673
3733
3215
1006
1125
173
1356
857
192
551
1455
1016
3514
342
1232
2180
92
3864
1771
1663
3997
242
189
3694
4242
24
1852
734
2029
4185
1208
947
775
1395
1842
633
4068
3893
1549
3269
3927
3027
1600
4284
1049
440
2864
4276
2816
3861
3459
3531
1789
4201
1642
2933
85
2904
2194
2185
1200
4219
500
2528
415
3748
898
2160
3764
758
949
3050
101
3747
4166
973
4003
246
2958
870
2708
733
2146
2177
798
881
805
2531
2737
3554
466
854
4121
1024
532
3831
235
2287
960
2839
4272
2506
3370
2736
95
645
2202
4086
826
2858
2796
3284
4283
2055
1683
2089
3786
503
4200
2065
2063
2998
4077
3740
964
1624
153
2930
1281
2084
2925
2033
2929
1799
3087
2264
3209
3978
4090
896
1854
3607
967
2714
276
4264
2090
1096
1629
1017
1973
2776
715
3714
158
4054
3785
448
1834
3712
4106
3682
336
3931
3410
3430
699
1515
1172
419
1685
2137
265
1097
3447
308
764
2073
888
2542
2568
837
2459
2023
1496
778
288
422
773
4013
4268
3822
3840
3651
2111
2954
3692
721
683
2635
2265
3744
474
1621
3952
1154
3195
1804
1396
3845
2944
213
2053
3517
120
519
2235
1791
1050
2629
22
1072
1060
3684
1744
934
2269
2403
642
404
4029
1986
2899
3196
4345
2455
2417
1654
2588
2113
3344
2298
1138
3551
3610
1382
2105
1445
1645
2253
4040
3527
981
1507
1458
3620
441
3631
1762
1657
779
2725
1572
3619
3821
2408
3463
2448
2116
2255
1152
1598
2394
1313
18
1402
2749
1079
4087
4091
2566
2898
3458
742
3839
337
2321
1606
443
2488
3702
2358
3347
4010
1012
2382
1694
1737
1517
4331
4011
4286
654
2436
2300
3012
2203
2781
1345
1157
1984
335
3268
2329
2897
1780
4133
3716
178
2519
186
2704
1714
540
1708
2719
1594
4300
1311
2817
3566
1901
1173
1284
1588
4210
1953
266
1443
2109
1234
3371
3525
4074
3650
2648
2282
2251
3454
1493
3637
510
3216
591
1404
2155
180
3729
2515
2330
3843
3959
2621
4043
2138
546
3776
3523
2733
1747
3754
3604
2364
3735
4113
1391
3426
2457
995
2333
3929
3307
416
1206
2746
3645
1425
3127
917
2017
2380
3059
815
716
1776
617
1908
4021
2541
3948
3011
3117
3225
278
2205
3641
2910
3964
3881
1947
1089
3200
1351
3974
2503
2025
2663
3244
2124
680
1325
1328
2787
3753
1883
2016
2575
1941
65
2425
4059
1656
1166
1160
2278
3697
3297
2768
2186
385
473
2280
4171
1871
2780
3480
2589
2699
4070
834
3252
1142
282
2800
3993
1751
2153
4148
3466
2814
1874
2643
1233
465
1971
4154
1083
4275
1950
2460
2641
2480
3722
3149
2603
4316
1798
1158
436
3342
3133
1362
4244
352
2661
2799
1459
3443
4359
4261
157
3830
2540
4381
2821
1841
4016
3677
435
3568
2755
23
2209
2613
1565
3095
2318
1531
4207
3025
794
2991
4020
3967
3981
3586
3508
445
961
4084
4196
2766
1210
674
2619
2748
4297
1124
865
580
1830
391
1001
1942
275
819
4155
1010
3569
2972
1349
1966
1046
73
3113
2878
3815
365
3409
183
2156
695
634
2475
2594
786
2982
2927
1151
1290
3294
602
1201
328
2086
4253
1705
1378
2826
3144
1969
3221
2791
1068
3468
2259
2217
2581
2724
1845
2886
2844
729
12
283
1457
3947
1866
2752
2274
2567
482
1191
1466
2019
1334
1489
2722
1090
1077
4117
1379
3355
3026
766
3546
3001
2745
1554
3428
3380
3685
962
2110
4280
1486
2970
2583
2759
2458
931
558
38
2985
1004
974
3950
1
78
530
488
2414
1380
1626
1994
630
3089
770
1613
3422
2431
3614
1095
1886
367
1170
3464
203
2546
2289
2601
152
616
1615
2342
3421
1943
2866
1775
3498
953
3295
3345
4105
2295
626
825
4328
3851
3367
2950
477
271
2350
2675
3029
3202
1192
2662
980
1859
3600
1005
3123
2229
2632
1403
2428
2865
2723
1219
3910
3751
2652
1922
1884
3418
603
2924
3589
1249
1364
4373
2068
2974
362
3693
115
2283
4014
4321
3853
2726
3315
850
3092
694
3360
1484
15
807
928
37
1212
206
3174
601
3699
883
1990
1156
955
1143
3759
1119
3644
164
2654
4267
1312
3543
3323
2728
984
3177
1067
2071
1860
2967
1967
1878
1996
927
3623
311
828
202
3538
334
1239
4223
2860
975
3505
2236
3973
1916
3593
2390
809
84
2521
2697
3547
175
3639
4285
1034
562
417
2433
3980
3173
1518
671
3102
3698
578
1923
726
2034
3503
1689
2484
3774
1955
2250
212
2309
3100
3014
384
2182
918
3211
2119
2453
2439
1605
1633
4169
3093
2018
2952
3715
868
2784
2705
2834
170
3946
3668
1537
762
3580
2040
1882
789
1740
2522
2700
1647
3016
2402
168
81
4101
3761
866
1653
388
1729
3898
230
3160
1532
3142
1895
2563
2021
2968
2608
2642
1323
1550
1078
2964
1951
2656
891
4383
3695
1169
1070
2044
1965
3061
2032
539
2505
226
3490
889
3286
1542
458
1781
1363
4053
1310
1652
2671
1608
3999
2340
968
2992
1897
2808
4124
1811
2547
1743
272
635
3545
1511
479
1248
1167
3940
4071
2963
1355
649
727
2174
620
4266
2979
341
2651
3251
4160
1769
2627
324
2147
1260
2028
403
1435
397
1905
1492
2126
1085
1329
2507
2273
3394
1784
3965
548
228
1214
2803
1178
277
1479
2569
2765
3760
1765
2154
2530
3647
4246
1669
3366
4288
1609
4237
509
983
2612
3114
3270
4254
661
1875
2393
3703
2296
1934
3526
592
160
2923
4260
2181
3204
261
3654
3143
1282
4241
3606
2620
2161
933
1002
2840
3135
4004
3336
3559
1564
4188
2377
3671
2406
4329
2855
3053
796
4364
3672
1919
2490
3581
3020
3308
3737
3555
2193
3826
2614
1533
535
3013
1868
662
2945
3008
3021
3293
3553
2239
346
3239
2232
1938
848
2046
3015
2965
2664
3341
211
2580
1500
1482
1819
2223
768
3495
2687
855
3232
1339
2020
3274
1307
2172
4205
1521
4104
2947
1264
1033
3874
1976
2509
3467
1660
2276
429
229
3732
2103
3521
2131
1631
2254
1676
2533
708
1448
3299
3701
2133
340
1774
4183
3884
720
2004
269
4116
873
3653
1529
2270
382
1346
531
4230
41
4187
2595
575
2554
2686
331
2419
4194
299
2934
3420
2545
2257
632
44
1371
2837
347
1419
2551
1387
483
3175
4332
1783
761
1525
1014
3704
2665
3713
751
2921
1767
1030
3249
3332
4007
735
621
1134
771
3564
3520
4173
2743
547
1704
2730
426
270
2443
2059
1318
2316
4130
4305
1304
1268
3034
3762
886
1296
3256
853
2248
2092
1121
2560
3023
3208
1344
1322
2367
3383
2001
1436
627
1283
4220
3942
840
2437
3575
2993
159
3493
3515
3755
832
772
1945
91
2809
1695
2497
759
3588
273
1904
1417
4081
2191
3904
1302
1469
1205
3918
803
2962
484
549
843
2365
1418
1082
264
4238
2243
954
1246
2771
2085
409
710
3180
3724
2058
893
2081
2901
293
2271
919
3990
1199
1472
1377
523
1027
3519
4348
313
1100
3915
427
493
3622
2493
4151
1106
730
2997
2911
289
2319
3207
4293
2192
2383
667
1337
3858
3686
1558
1646
320
1368
2112
390
2010
1226
4174
3234
1985
2942
1295
606
2987
17
513
1513
2659
2039
579
2311
3302
219
1610
486
2604
2094
4075
2196
2104
3283
2323
2774
3132
3875
3415
1759
4024
3165
679
1856
1275
2422
605
1754
2906
774
2653
3453
3290
326
986
1512
3462
1806
1909
304
3441
2052
1928
3867
1831
665
2896
389
238
467
2268
1764
3085
1794
1247
624
1888
1286
2758
3292
1896
2494
3963
2881
2395
472
875
3646
3624
4292
1577
1730
2986
