10426
12495
3942
5678
7781
4992
7391
5114
2770
8083
12938
8058
10327
6716
6536
5990
6226
2935
10947
8745
13063
5877
1806
9332
6054
12446
10047
10160
3037
10071
9490
5842
3944
10696
2883
9704
1095
13176
11054
5188
3934
13660
10569
3920
866
12640
3082
12004
4424
3489
3307
7090
4067
11088
3371
1174
13000
2203
8901
13737
11316
10438
12487
9979
8007
11001
9304
4065
856
4583
1006
2764
3544
13387
4282
6513
1984
13782
12503
8779
2161
956
6037
1422
3061
7675
6556
13094
8183
6135
6390
13148
3430
11742
13563
1761
10309
10633
1848
11858
2705
7670
7570
3139
11631
4427
13124
11404
13134
6520
1264
11430
5173
1362
8564
13065
1674
3296
13190
6373
5544
13155
8073
12659
8408
1771
11765
4463
1416
13005
3349
12980
11162
8410
1200
9289
2313
2858
10720
10188
8046
9667
10227
928
8227
1550
4513
8978
7649
12179
10602
10515
13218
8867
2947
12638
4838
6762
6051
1559
10141
5720
2550
982
12974
1643
8840
7389
7425
13465
2505
6731
13041
1811
13255
8947
11006
6306
3350
13011
9820
6932
3987
9688
11601
5882
5997
7274
2500
11934
4790
7746
2072
11144
7248
10107
13655
13059
721
7997
10685
9590
13687
4723
10789
11902
7086
1437
9276
3453
2365
5352
10012
7144
11097
846
12122
911
10703
2070
2227
13157
10542
6468
7362
4627
11003
2619
8440
12867
11901
12010
5614
10717
12624
6846
10219
12509
7327
9841
9815
4744
5234
10059
5178
2768
13457
7163
3573
691
1315
10053
10218
2130
9121
8332
6015
12726
6973
173
6728
3111
12144
6862
7500
3826
2566
7169
12234
11134
3260
10635
9233
316
12403
1189
434
3660
6509
4697
11364
2099
13736
842
7547
2802
2740
10857
13597
12908
6463
1756
12472
6055
3578
3053
5106
7651
12787
996
8301
11000
553
4138
462
7526
10529
2470
9648
9028
4307
12933
7975
13735
4018
4303
5988
2055
10778
12838
710
11377
6177
8914
2926
13404
3283
886
1104
3912
10252
3132
13153
2818
3719
661
11361
13551
872
1625
6524
4949
13345
11151
11979
1657
12151
6222
182
534
13031
5439
13650
4725
1145
4587
12504
6162
301
12401
13434
7801
7150
4854
6879
3148
2850
12093
13264
10244
8915
1233
1736
6327
8110
8302
8669
13827
4171
5199
6697
13850
9217
1799
4602
1072
3109
1845
9485
3292
1149
1507
2659
1000
10221
7981
4211
1081
9546
2127
3055
2410
7913
12919
1481
4170
3564
5283
12505
882
13446
12883
9685
568
11692
5620
4257
2283
3938
13130
7288
4402
9178
4780
3968
1435
10374
6526
6286
1826
10507
9420
4489
678
5398
9534
1920
13550
8907
13188
4394
12725
12960
6949
10530
2480
3910
1060
7683
10637
6256
12159
552
2558
10528
4781
550
6420
7970
7377
2587
7743
6629
10291
9292
7162
1441
8871
9473
12496
1018
12095
11835
723
4993
12538
1869
9078
4566
6887
10765
9273
7490
12390
2554
2329
460
2405
3609
745
1522
4978
12039
2639
6202
4828
7022
11993
1773
984
13052
6718
11729
296
10433
4206
1438
5543
144
10766
4523
9669
5450
12034
1431
2288
12578
9611
3402
11762
990
11229
11135
11218
13536
13343
973
7593
3691
6538
8081
1580
13166
12816
1651
1967
7135
11712
2541
3694
3488
8492
5353
7479
1819
1575
9201
1196
11533
10444
12648
7446
591
9440
278
3091
10032
1363
4948
5572
11614
4104
987
11782
9456
318
269
9809
1558
11091
5392
5464
4375
8984
12780
8671
3900
10084
953
9016
13641
289
11891
5162
10749
12227
5849
7517
3819
491
6057
5605
12488
6528
9742
647
10967
13400
9174
4310
698
5479
10659
11235
3437
11939
4093
7506
2057
8231
1568
9415
7208
11870
4288
10753
13076
5632
5902
5699
6665
7695
5242
5815
1491
11867
8522
13704
10994
2233
2651
12746
4550
4877
2160
3958
13034
13289
13298
11258
5662
1758
5669
1656
2667
12423
13821
2628
5405
9013
1366
629
8833
9492
11980
7363
13014
9039
5139
24
3230
4750
9030
4950
5452
11978
10121
8904
11636
9894
5247
11311
5928
13376
8478
4416
3425
6681
9634
4729
10675
1911
11803
7137
8689
56
2142
10056
623
6720
12613
1599
1955
7071
9613
3444
1336
7359
6772
10806
6984
8182
8861
4383
2111
4943
2325
1436
9649
9710
8041
10877
5798
5219
8057
1407
11018
12712
2674
7783
1257
440
11499
8333
8283
11629
12054
9662
7928
2868
6866
1152
7046
13225
13042
6985
9218
2094
12321
9695
10547
2017
11457
6337
6394
2957
10698
1231
12542
13606
1170
13615
5494
7576
11273
4003
12621
2629
6903
8876
12003
5775
10203
6265
1165
3498
13137
12035
2043
2586
13412
11728
12709
10985
6635
5901
10144
12458
4815
10241
9419
7718
13552
3381
8732
1797
650
9035
1864
11081
7119
7053
11883
2005
12316
4301
5759
10915
11248
7630
13319
483
3411
13765
11957
5938
10404
993
7671
10936
449
897
8112
8239
10086
8663
1399
5250
10884
7673
2555
2513
7529
5063
8241
10906
13816
4711
810
6961
11996
6153
8173
13564
3710
8556
8419
1402
2775
4916
8131
4332
9299
2239
375
3623
7754
10730
2316
730
4848
9487
1596
10987
3029
4960
10682
7697
4528
7063
5201
11538
9836
3496
2468
5594
12662
4921
5205
7519
8918
12231
3089
2544
7289
10174
3802
5483
9238
11717
8713
2232
583
10161
2252
10683
885
4098
11568
7055
3355
2339
381
11750
9208
839
11983
10546
4927
450
4009
2338
3649
8349
11320
9114
10539
2354
4182
5257
9403
1440
10727
12059
8337
4117
9782
13252
1484
9892
6584
3790
11223
4428
7357
12399
3821
11680
1611
9024
10298
4951
8443
3778
1994
6823
13401
4266
13859
12427
1987
11391
119
11524
2668
10000
12338
341
455
7713
3076
9584
3963
9090
3107
3848
1186
1867
9981
2378
4453
12769
297
2996
1616
3510
6067
5436
3622
10002
9965
8565
778
3044
2075
8889
7266
1403
8022
6461
5216
9908
12314
10955
2226
9522
5028
3320
5703
6154
1673
6369
4977
8095
104
1982
75
5142
6782
5292
7020
5020
3740
13032
9984
7040
10625
7286
7717
6969
12186
10769
11877
12422
451
12984
2332
9073
3523
2462
10081
2917
12426
8860
4173
6105
5765
1009
10559
2484
8636
4801
13520
4516
4133
4511
2736
3328
566
4246
82
863
2023
271
4618
754
2415
5553
10065
13012
11690
5212
8034
3774
2756
2608
7361
2972
13285
13612
8265
12692
10187
11548
6798
12180
8563
1390
6179
7224
303
8278
6497
12647
1012
7043
4934
2268
2735
8323
1734
11816
8793
128
6643
12394
3768
4899
2683
5574
7108
5467
8823
8020
7097
9110
7705
1119
1052
11774
4742
2280
3616
11440
12875
13019
670
7955
7829
11004
10520
8971
1852
1692
13237
2590
7206
3194
11008
2387
421
8605
6547
8769
10941
2660
10202
13783
13205
8157
3074
1160
7638
5555
9430
6921
423
1751
12916
13021
7984
3301
9244
1175
13629
4188
1660
7049
4115
12824
13256
10687
7656
7180
10443
7629
11466
838
11785
13566
10365
1876
857
4096
13143
8516
9552
5329
7893
5886
98
4803
12889
336
6596
4520
13287
3939
7539
5166
1784
3164
6996
10390
12859
11876
2834
9765
11441
12922
12455
2578
9711
10232
10450
12785
5500
9260
10571
5077
8883
5282
189
10243
5413
6699
13499
2492
10950
593
12784
12857
915
5972
3704
4205
3516
7964
5001
11009
458
5524
5563
8074
9494
10350
2643
6826
13791
6491
6756
13778
8143
363
395
4832
1299
13426
13439
10627
8257
13584
3776
482
10356
6360
9297
5245
11920
13728
12750
13793
12332
4793
12902
8146
6639
5856
8368
13370
10139
6833
3543
4765
12823
508
1720
6884
8524
13169
940
429
13592
946
97
11701
8291
806
10624
7310
2547
3758
11744
6010
364
12910
782
1459
7624
4329
13096
7140
9450
6211
12075
4255
5003
3079
6789
4251
7875
4057
7616
7042
819
4999
1131
10194
13795
12105
5734
5414
6279
7915
2563
6692
3119
3872
3186
5750
4069
8634
4578
9153
4601
3284
2241
2193
1329
3080
11149
9588
3429
8616
10545
2985
12362
5356
7879
11955
2857
13250
13729
1159
1749
2537
12202
12019
11617
3663
12698
3873
9802
7382
6842
2631
6901
5197
12129
4159
3739
5265
13546
7925
3241
11931
11628
10269
12657
13571
5960
7755
12067
4094
3209
2368
6367
8723
837
3424
13454
1153
6377
7563
3262
10896
2162
3769
2175
11693
12543
7417
6510
1294
1274
4135
13359
12367
11953
5590
4177
6060
10824
13799
12766
4046
4358
4855
1217
13522
931
1581
13448
8764
13600
12027
9766
9967
8367
6465
5828
8613
7572
11131
6442
10846
4603
7435
6120
10782
4946
12961
8931
7623
1193
9138
3565
1268
7128
7794
3837
4988
11115
7352
10375
11715
2482
1228
13838
11607
659
7466
2677
3461
9447
4317
11066
12457
16
4244
1860
3323
1642
11849
8675
924
13665
12240
234
5100
5715
8855
11293
10391
7595
7766
6893
5416
2678
8489
8050
774
3913
2068
5741
4413
7106
4501
4534
11704
13177
1488
9700
8284
9931
2781
1244
12171
5374
7830
9182
10599
5246
9808
535
3054
2913
5321
5559
9037
6469
9739
11028
7889
11068
2478
8620
10131
5175
840
10536
5180
9951
2884
2745
3072
5
4295
13435
8942
12617
13231
10100
3282
13617
5948
5269
6573
9071
9374
11775
4052
2391
10770
524
6567
5482
1222
10360
10215
12485
13605
13640
10516
469
4533
11999
4176
11119
3918
3163
10679
11780
2024
3932
4707
3628
5214
7644
4336
10710
12286
10432
13525
3876
5708
9525
9735
4549
4646
383
5468
6539
2708
8490
5992
4969
5986
2536
9838
6128
9504
2989
6059
2847
6378
13311
13002
1473
3222
4290
13556
4344
6119
2907
12584
2189
1476
880
6824
3153
10668
8210
11572
13804
517
13403
5512
5373
11581
4972
231
11459
977
71
6231
2082
9241
12585
939
13497
13449
3770
13717
9286
217
7837
1135
3812
5898
10305
8016
9671
3639
11789
978
6421
5700
11525
5333
5589
3249
8274
8864
3414
4147
10348
13479
6577
12481
6155
2041
8786
5440
1695
10320
11096
474
1450
8141
5157
3457
1770
9862
1499
8264
12687
10527
12596
1028
5965
9936
4360
8292
11120
8252
1078
6447
9829
6244
5743
4774
3162
13705
2157
3590
2047
2367
8767
1443
3984
2902
159
9856
12506
1935
11388
6637
122
949
8438
1868
7634
5644
8893
5119
690
3356
13846
13636
1804
4821
134
11050
7710
9285
4241
1352
5229
13229
2015
11842
12755
1314
7945
2215
9250
163
7114
12631
13725
13097
6158
2063
7923
7344
2983
2424
9417
8453
13488
12217
9102
5360
4875
10472
180
13414
11743
6215
11796
694
13339
3644
9116
7918
8953
8139
11637
12047
5215
12146
3885
12782
32
2204
4861
272
9004
3428
3466
330
9602
3767
7198
2782
4191
8943
7725
66
5050
9637
11869
9132
1137
5365
10555
9691
5794
4805
8085
3006
5363
10268
9269
5515
8003
13131
2310
3358
9077
11029
4023
10346
2466
12556
3272
13312
327
5966
4759
1924
6916
4898
6450
7663
4526
10159
7037
4607
12655
6456
13839
6694
9126
10262
3069
8790
5850
295
12718
2877
7734
6714
10618
2262
6661
9085
5993
4313
9871
8103
1942
6795
4734
2826
3517
11510
861
2691
7660
1990
11809
5434
6602
13413
4955
1271
5338
10611
7495
5638
13760
5860
10746
13069
5239
13792
7112
8452
4058
13553
12421
13508
9185
7079
12577
2789
8747
11648
2026
4846
789
7821
10456
8436
11962
3750
6628
11203
1341
12148
9569
6586
13489
851
11562
9716
1122
10212
5885
2686
8018
8123
6424
13664
11856
12030
9609
8493
4532
7263
13613
6371
12273
3735
9412
12734
2020
11478
10961
10738
10235
7503
7375
8802
87
3986
7173
11554
9627
7551
7626
8455
3560
7598
10155
12323
7
5818
406
10285
5795
10259
1754
4500
5385
10792
7786
3762
9661
1460
156
4136
9814
3452
9582
8132
8339
10501
807
2315
3352
8019
5961
13538
2870
11262
12788
6724
11428
4798
3315
147
8449
8597
6514
12400
6712
8783
11625
3741
1529
1433
13050
4285
9798
12196
3290
3969
1624
4468
4306
53
12137
2620
5051
13371
9709
8992
438
7824
12204
11333
4124
6850
9458
658
10274
10756
1750
6384
10170
668
8751
12808
6348
5334
13467
6531
2088
5807
13673
1014
2347
6566
4293
10882
6317
8485
6218
4296
11943
604
10453
9840
5749
10755
12335
2733
6305
7902
6882
8923
3170
9992
7596
5956
6066
13222
7165
2765
2497
9459
556
5629
12143
12183
6533
1156
7146
9957
2475
4085
8043
2278
9647
6527
5284
3708
342
2011
4330
8044
10446
13544
9256
7897
7123
12915
974
12223
10832
13755
10517
5511
3372
1766
3524
10300
13785
7031
7347
10373
722
424
13040
9303
6542
11531
9854
2875
4555
8950
11995
3894
11777
1506
10907
11450
7058
8189
13794
7815
4926
8892
1905
2897
12424
6651
1570
9386
9432
13509
1143
9913
12989
3695
11209
1858
7408
8894
10118
3545
5190
10198
8881
4917
1468
4213
10340
695
1658
3847
3035
8280
7015
5505
7885
6858
3666
11045
4184
8728
6275
12319
921
1523
5057
6549
2815
11485
12576
4348
10419
8451
7210
11184
49
10341
4835
10881
2208
12188
9516
13787
4126
6204
1832
1393
5565
6212
883
13810
13317
2803
827
4161
6240
7554
419
2452
11513
114
1823
1073
3989
4392
11371
10469
3727
1451
10105
589
6312
2188
10715
3312
4901
8375
6825
6856
6083
4475
10418
7262
13611
13223
3166
4518
13832
6091
13828
5070
5049
4965
4011
10842
8272
5342
9287
4962
11048
10697
4818
5685
13304
12055
9576
2198
13379
12828
2427
9187
7759
1775
7000
13766
8297
8290
5528
4222
5675
6452
3596
4340
3286
4076
4904
6160
5796
10737
10039
10462
12795
9313
1110
2230
11246
5564
7758
6598
13637
11359
11259
6197
9606
9263
4164
9043
9939
3747
4937
10165
1182
10488
5371
8735
4816
2322
6588
10431
13140
5623
11626
10856
3614
17
843
7574
13342
5141
2974
6227
6427
13702
8142
3787
10604
12333
7390
5677
9722
3103
10190
3744
5653
2192
7430
6829
13535
2030
8592
5753
684
1840
11414
7101
11403
7268
5073
13235
5012
5203
9109
10415
9786
4738
10357
5880
11819
9128
2217
8273
6974
1791
5489
1333
7059
9421
5546
8632
9867
2116
8696
7002
9166
1167
4305
313
7339
8396
1595
10480
10442
2773
4215
5435
12026
4990
13833
9835
12126
6677
1061
10880
4484
6876
2876
6086
10603
7211
5978
3800
11007
4782
1091
5873
7765
1111
3494
1483
13811
1351
10541
12045
10976
9163
5919
13290
7054
951
2571
3500
6033
2436
6220
12546
2970
5626
6991
3909
7929
4195
12796
3373
521
6148
12607
12121
669
13770
1203
9060
12327
536
6328
6032
5432
5520
7413
10810
13272
8030
3259
6439
1075
4653
11874
1128
13733
1901
10153
8446
3547
9963
7664
13724
268
854
6243
8295
1255
12668
2412
6817
188
13812
12492
7963
7899
9571
3705
10223
10465
2058
9693
6045
5094
12722
759
8512
6941
9441
10831
13514
4189
10721
3185
12833
8202
13504
1142
4931
1475
4944
3959
4114
2995
1891
6957
12448
3860
7703
8099
10135
8716
3674
10270
7471
10236
13125
10591
12628
205
1565
1892
12852
8938
1395
13038
6354
11332
9387
2148
1571
10917
4157
1490
5116
3229
10783
762
10868
847
8972
6878
9538
13670
12928
10125
12232
3976
1594
9191
4620
1168
2463
4998
11030
251
7842
5034
1016
5824
11666
11318
12203
12328
6873
357
8868
8483
927
10498
3631
11276
11665
10667
5349
4412
13471
7131
12239
3841
10960
2730
10537
2413
1724
1415
3853
7273
7974
10712
2757
4887
4834
4405
564
4397
9428
8365
1733
12451
3507
7931
13688
3592
11338
4355
8742
9057
2096
10037
6804
1726
8255
11641
5096
4690
8042
766
9336
2190
2527
13405
7330
11195
5193
3786
2846
1389
1980
10731
12413
3476
1226
9204
12050
2269
5656
7659
8639
9391
4699
5006
2867
1417
8354
6764
970
3760
12932
10130
7378
6161
2761
10653
10034
11337
3015
187
3888
12697
9744
2542
2785
8250
9873
10008
1743
12311
10972
5499
148
7726
1829
9508
6983
548
5084
3495
2804
9383
1232
7189
6742
8336
2464
201
1637
9664
13089
9266
4309
10801
1155
11817
13847
8237
1794
3431
10323
11126
10741
5298
4242
13246
7770
11671
2852
7432
2304
5140
1926
11224
7261
5046
6956
6779
3919
13774
10726
6462
6003
9541
11994
2491
1084
4622
4483
7510
4439
3937
13147
2219
7856
2218
6196
5013
4606
2327
325
9866
10954
10063
5182
5504
9720
5814
5004
7831
12076
11557
5596
7751
3247
7491
4302
11763
502
11385
12174
1516
13282
4456
11396
13100
3983
5658
5272
11973
7036
2927
3662
9328
12534
9377
5471
2758
878
1074
9378
13213
6895
2294
2515
7277
12761
6014
12688
11005
12300
12571
9893
6213
12841
1419
280
9849
6046
1242
12683
10277
11374
10231
10988
3905
6799
4673
2617
3657
12813
6459
3211
11137
2414
13423
11283
4686
11186
10815
6207
3441
1504
9402
4339
10330
12590
11591
8549
2760
1391
9330
971
9547
7588
2901
11452
3324
4935
11895
7961
2997
4212
8276
4905
3133
13009
2763
5575
2835
11386
12418
2618
4908
2282
5800
13574
8775
4112
6767
9593
1875
1779
13482
13459
1220
7779
3822
2234
7643
10192
12397
12809
9897
2171
10708
7007
1879
2838
11256
6490
4849
2397
8379
13178
6788
9134
12660
7258
4876
1925
10839
8310
1664
565
10705
4274
9120
10813
9050
5115
4667
1118
3680
4911
2250
10912
11675
964
3490
7926
6316
13491
9193
2869
4025
8897
11616
10925
2010
9868
9743
5925
1521
10342
3472
6783
11889
6191
3542
6350
378
9433
8812
5943
13856
13472
7976
12667
10143
2457
881
6422
13602
5661
8940
4125
10750
3123
3228
5024
8376
7397
12074
12115
4338
5038
9205
6193
2718
2796
506
10354
2003
13807
11173
8205
2297
9372
9255
2603
6816
8560
470
1055
8917
9215
595
6241
11015
3326
9544
11687
4443
11518
10553
8858
13726
13407
13540
4078
1702
2951
13521
961
8900
9767
10740
5103
7462
10538
3412
8108
825
12012
3250
12948
8960
1102
2799
9853
12236
4425
12520
2249
5684
6807
1588
9912
6270
6735
6673
13385
5869
5311
4576
338
7311
6868
1890
9343
5235
5145
8480
9092
2707
6610
1408
7009
5802
6775
7886
6460
7741
5606
7496
5047
11502
1833
7646
1927
3608
4717
13047
10005
8619
12679
12382
6143
8362
1374
4197
573
12464
12119
7388
10669
9207
10094
13242
154
4482
1277
7209
9616
237
7076
5237
3279
11561
10302
11439
4642
9211
91
9727
5665
13220
1857
5592
6366
184
166
2025
6234
4772
7805
12731
9061
816
11900
11148
1384
4794
6933
5506
9086
12843
4048
1003
5014
11790
9188
9657
2430
563
8001
1796
8191
4984
10193
8279
12359
12842
13234
3309
11658
9365
4535
3221
8429
1680
12672
13858
11132
3668
1404
11850
9223
7324
748
8080
13172
12907
9781
3214
10095
10314
11127
904
2848
7871
3093
13494
1127
2898
7597
2222
1493
6906
13092
10367
720
4324
5635
6402
6659
2569
193
662
4218
12480
1632
2444
13616
3281
5423
3953
5060
10532
3863
6972
8633
645
5537
1452
8166
10349
4083
2654
6656
13275
2819
9529
13406
4932
8781
10564
3748
10324
3218
1089
13456
10645
622
2112
6902
1579
7640
1474
1387
2613
1245
9577
8494
1543
12845
960
9729
3168
12442
6104
5079
7005
425
2085
6622
1297
13635
12711
8417
12850
1026
4837
2710
10672
10110
8629
3816
5710
11125
10075
7041
1805
1471
8386
6805
3897
8653
1421
11484
1865
13422
13341
1448
10849
1455
2114
6704
12706
4386
6315
11205
7072
5456
4299
6709
10064
11897
5691
6774
10895
1045
3410
6855
11833
8206
6890
3223
518
377
10652
11467
9483
6522
12876
5660
8578
12370
13721
8313
2506
9497
8561
11610
183
9898
5904
7979
3438
11270
5549
13101
3325
2438
7033
8691
6506
6069
11043
12664
12685
8533
12331
11925
7516
5254
4698
7411
12033
3343
5922
196
11295
13513
6245
13568
5551
2540
19
1108
5791
7524
11871
10157
4847
7451
9701
13598
9969
9065
11854
1456
5159
1682
10691
2004
1962
577
3805
6170
8177
7244
12374
13238
5420
7942
12929
7614
6683
13643
4387
5151
10888
11688
8870
12393
11734
13279
10657
5674
7320
6259
6696
4692
5177
2261
10900
2533
813
8422
11177
12230
6425
12626
2207
7701
8599
343
3116
5458
6982
10892
2382
12704
10666
1663
1938
3519
763
2455
3141
10030
3828
199
2197
10612
545
11944
12322
10678
2726
9674
13809
2559
5783
13328
2641
10578
12666
12173
10345
9530
9553
10407
967
3755
2257
7573
2552
656
8233
1479
4682
747
5449
10650
7567
7179
4703
13524
1355
3756
4469
560
12065
12135
96
7823
8706
8785
10804
405
8568
2287
7999
6236
10631
4820
742
12610
500
2699
7808
13753
7704
2991
9795
6382
2612
115
2459
2396
4730
555
9363
7297
9149
2108
1745
8993
4844
3804
13714
5027
11534
2352
8615
8115
6385
716
2467
13562
6942
9399
3369
5389
0
13409
8865
3549
8293
11965
9032
3427
8513
11615
12715
1237
5742
10986
400
2499
10381
4460
5929
8028
13020
13251
13591
8096
12014
4836
60
9977
6333
9938
10663
7045
12979
12732
2658
10707
349
7935
5782
12258
10177
1013
7186
11505
9139
246
11055
2632
1697
2694
13107
11074
13691
2105
13058
7534
6178
8542
11912
5601
11253
6130
8467
6011
9258
7379
6638
13291
9831
5091
3836
5797
7719
9469
5043
2394
9788
9535
12063
1889
6454
5426
3475
6790
5033
9881
786
8014
6281
10035
10004
8344
13698
5447
4592
2825
12251
11919
7448
5117
4864
2772
5756
8500
3048
12083
8730
10344
13593
8006
11480
6081
2037
6748
8770
734
12191
9482
8928
247
1207
5586
5230
11565
948
4883
12060
7884
2912
922
6274
5375
1981
12285
118
11708
11255
13788
795
944
5936
894
7253
8924
3342
3813
7610
13581
6684
12061
2156
9288
37
11472
5889
2894
9998
267
4649
11672
4656
11974
291
1195
6525
11707
12879
13587
1574
2308
11423
7940
9778
2290
2124
4778
11866
446
4384
5799
5493
9946
12820
2692
8537
2062
1359
11002
1882
8153
3954
6440
13754
6285
6314
10673
13565
8300
11326
2766
5293
12996
2386
9142
10716
7738
7305
6812
11536
6008
5213
3095
11886
1463
9615
3701
12972
12936
12893
646
12082
6071
4185
6726
4457
3206
5958
4116
9687
5825
7840
3115
4575
7612
5941
7549
13498
9003
11236
8720
2296
13338
4074
12606
9621
8495
2893
6575
3327
7795
6871
7439
8945
13798
4630
2348
7221
12140
6644
174
6646
6295
6486
5829
9805
5009
2447
11585
6269
9523
7606
5154
5854
4367
607
1590
1613
3025
10748
6672
5042
12646
800
10544
1219
4437
1810
7280
5839
5320
46
13823
3308
6604
6387
6152
4637
8188
6587
5102
2422
3462
350
10781
3156
2507
1125
3345
9384
4813
5315
8013
11721
1176
4959
8226
6480
4030
3125
12705
2931
12141
360
9842
1985
1636
10701
8269
4122
4563
2517
7560
4685
12255
12302
8125
344
7745
9737
1814
6111
7241
2800
9095
7410
6722
2264
5985
6563
5676
9392
1482
10371
7461
7047
3435
10543
4120
4967
4258
12499
575
4996
1210
6049
3047
9011
3656
5267
11292
13772
9944
1671
6832
7477
3652
12235
5019
3742
8760
11444
7483
8077
5864
1356
5718
5940
11443
6383
9237
1952
6254
6299
5021
5438
2780
5022
8994
3184
1068
5068
12395
11314
320
6746
5233
6142
5331
4918
5016
11651
13860
10147
12909
12654
9398
8939
7334
7008
9783
2353
7412
1082
11821
7104
11655
9104
8705
908
2934
10272
9072
312
10735
10440
13618
4858
11306
3818
8637
9556
305
3568
7117
12970
6564
9889
7154
5069
9020
9890
853
2543
5694
2646
10196
12181
735
2751
9355
2987
9140
13136
8683
13398
7530
12293
13016
8810
7095
6641
6324
1995
11271
10651
3302
8122
11214
2966
11360
6937
7427
2704
55
7650
9141
2829
8261
4994
9359
2090
8334
6338
6749
13711
925
10767
10576
6134
5964
9801
225
8234
692
6061
5535
11947
398
3362
12840
9097
6545
1235
6219
9790
10251
11958
12114
2167
2968
5892
3161
2919
12888
13029
3784
8215
12601
4409
355
11033
12569
9414
13539
7091
5788
3150
11206
11933
4084
11419
5319
4276
4198
1413
11825
1944
3923
3275
11935
8824
1554
447
4843
10459
10077
12253
145
5110
9108
3581
7205
12190
6518
1109
9335
9986
6206
2441
3948
11899
4462
12701
5621
10263
1705
7809
6457
10649
12123
4493
3782
2281
2496
11987
13253
4039
6471
8091
8618
5409
7125
12737
10725
4590
11815
8475
11051
1918
11123
10983
208
12494
8194
3034
5165
2242
4733
8179
507
1916
6532
13344
11041
12354
6911
8462
918
10113
10386
9298
865
3172
4327
11183
808
10548
11079
9978
6116
3749
13361
9379
9583
2399
6877
33
3134
1991
10837
12205
9477
12885
5222
10980
5785
7118
6686
13609
10428
1954
1307
7636
223
10505
2251
12740
2359
3108
8248
6264
3945
8814
2377
9319
8678
11963
11035
1646
4264
36
741
9157
5495
13720
1940
11052
5602
373
7384
1106
1612
7139
1071
8731
12959
2032
11098
10114
9883
85
13099
4863
7155
6108
488
3415
10876
8658
7632
9186
10372
6652
13749
11067
13207
12013
9678
963
11667
11906
1626
2021
11393
1070
4631
9346
12912
7714
728
3471
729
4236
11432
11553
4572
334
8688
11494
7791
10964
8092
10067
13007
12440
12759
7627
6484
3065
277
9209
992
3965
6766
7272
3584
10700
11495
8766
2305
3128
11147
4063
1063
11802
6355
29
13834
511
5422
3866
7742
8891
8762
2584
5443
7653
3501
4022
6853
12
12038
9311
1190
7485
13056
11159
12971
9310
9619
486
4529
11807
657
10626
4140
5949
77
9347
920
1411
11506
206
13668
6374
4407
7369
9960
11861
9991
11110
12176
8466
6042
8540
5266
2034
5556
61
6043
5619
9136
12192
1661
13470
9206
2115
11546
3825
8529
9471
6977
11755
11
13776
10111
7290
7283
3950
13657
1687
13283
1360
3583
13768
9173
1722
4260
1017
2000
933
10167
12758
1101
4973
13727
12404
11845
11954
12001
9074
10326
7876
3917
4633
2243
2574
2953
7702
2145
10817
1716
9565
8845
8991
5496
2992
12675
10150
13204
12274
5654
8144
4796
390
13595
2821
9708
1287
9150
13517
70
12046
6291
3952
2993
6926
7498
8501
1292
10042
9027
8105
1221
5350
10101
7260
204
5758
2807
6187
1690
1776
473
1752
945
10841
7167
12471
4248
5478
6341
10250
2110
5996
13802
3198
9610
2670
10382
7006
5883
2265
12836
7864
4322
9184
1024
2714
9172
8097
11367
3102
3576
9909
4804
909
7383
1525
12897
6343
7416
1937
6802
11027
8049
9251
1320
13353
371
2317
9506
5152
6624
5540
2454
3556
8976
9333
11662
13477
5945
9907
3179
2929
10237
10355
11498
1854
11297
9179
4150
4414
640
5837
13368
6273
8504
6252
493
12710
12098
3378
13621
6262
11032
3100
10311
4925
12817
1184
4623
12388
7085
8808
3219
11599
101
5340
11155
3207
6645
2445
12753
699
8468
5763
6959
9375
11421
10619
4163
4099
6891
5994
5682
10833
12730
3177
10802
12998
6087
10910
5692
7147
2860
1392
7218
5687
10166
12976
2421
11272
1285
6347
9064
3877
6242
4776
9296
3862
512
7951
6075
6666
8035
11399
9875
7030
1549
2551
1732
8895
932
7440
4277
888
7540
12091
2381
5862
12373
13734
10238
12514
10078
1380
7535
12103
8798
8505
1494
1132
11929
7691
3606
6648
8961
28
13374
6668
8499
737
38
1628
4152
7166
6288
9640
3032
8330
2049
12384
11025
2560
12547
11855
396
9357
7082
6706
3785
9445
12525
7960
10949
10128
776
7947
5879
10278
6183
2748
5704
9143
8757
4459
9439
3291
10799
4681
1112
4376
7182
9895
10908
7728
3605
7603
4396
1480
5146
4086
2364
6630
2311
1458
4866
7993
6736
4611
7541
5955
12618
4187
13429
8390
10610
9055
2962
11741
5345
13296
5970
3676
9872
5184
11605
4768
8159
2407
9127
8572
10066
11349
1801
6310
2035
487
12695
4193
4166
39
1406
2045
11654
3925
13326
3600
7633
9151
8825
5841
3253
11168
6744
4042
4095
12827
7939
638
12952
4936
12588
11836
8496
10524
649
4591
8150
3505
10441
4756
10916
7684
585
9254
6650
23
5218
11977
11031
5624
2469
5167
9049
9760
13324
9056
7204
1002
5838
8548
5545
10953
8358
10339
530
2343
4280
8552
12402
6670
1020
6867
7583
10486
8602
12053
4421
10052
9718
1140
9997
3274
2671
11517
10140
1881
2471
13215
2274
4466
5921
3809
2366
6920
11740
9755
6132
8071
13200
3548
8687
9158
499
7797
4538
12981
7161
3880
3205
1498
13806
9813
2389
2779
5779
13814
8384
1765
403
13684
3449
4286
12099
11752
7552
12834
8412
5382
5871
11093
11737
11827
8518
5341
5289
120
12086
6794
5618
4923
2841
6979
2320
1401
5181
12353
6064
10416
13315
7077
12937
12420
8192
11434
8461
7187
2687
1240
8232
13162
4316
3446
3386
9088
11231
10485
3180
6494
10957
25
13416
11696
5627
6362
4331
9823
12343
6021
10699
1586
1022
8270
10261
13351
10290
2604
2066
1566
11686
12500
7645
5616
8152
3973
4867
9940
10399
13473
602
7075
5227
2016
9063
2545
7967
6618
9408
3422
9350
4792
727
8515
9792
1058
4073
10051
5208
7070
13632
1342
3799
2398
905
9170
13531
11342
10554
10123
13601
13852
6915
10495
8198
1486
9694
3534
3832
4507
9009
8753
13375
6428
10452
3975
13074
3169
7304
1138
10929
5897
11556
4719
6619
13138
1319
5395
8921
5086
11296
12290
12997
11500
10284
5256
11697
7857
139
2453
3146
12028
859
7319
11339
2155
1251
5123
9360
9025
9589
11828
12931
5822
10605
8238
5762
13184
5402
1946
1087
2614
8988
12793
5367
760
6761
9272
1313
3650
7564
5195
3311
8686
3459
4315
11447
7107
7222
111
1988
6600
9228
1631
8809
4281
11705
10965
2882
116
13419
11496
12363
8877
9189
6781
7865
1067
11970
902
12268
8370
1777
2485
1839
8941
13699
11927
12310
6118
2223
1470
6572
541
551
8506
11065
11664
13193
3715
10582
5362
3765
4522
1713
5228
1114
165
13278
7652
12583
7538
2341
8138
7111
6570
11106
7484
10883
3063
3071
11170
4220
7604
714
5347
8580
1710
8591
5378
2915
5951
9488
5971
8910
3157
1508
1370
5303
8327
1665
13084
3759
8207
8409
8061
4635
3792
2535
9154
10943
2911
8614
11208
13739
7250
2746
10455
10818
1310
11473
11294
8707
8315
855
410
11508
7609
11703
12233
9280
2522
8247
3850
10464
11848
7110
13745
848
5793
983
11986
11745
1526
4569
11398
7302
13420
4616
7373
2681
8024
5766
13545
5314
10481
13519
11647
3974
5054
8346
3831
5223
1897
9985
108
9632
5679
9376
6409
7465
8162
3861
441
9970
8738
6444
6711
10279
10258
3158
6029
871
13119
5501
10974
3996
828
3266
5946
5835
5833
9342
13771
11368
2298
8086
9087
4889
7034
11544
10132
5484
2122
12304
9301
11056
12635
7105
7685
13486
1537
11300
11442
11175
6478
820
9067
12077
13389
6769
8235
12435
4194
11716
6280
8068
11409
9081
8064
12309
10289
7434
10609
6642
12145
9762
4473
11166
9968
12214
11176
6792
769
11400
770
2013
13127
5376
12939
453
7281
1487
3589
2483
2837
9926
5433
1353
569
12680
815
13639
13712
8312
2069
13073
3886
10145
13067
9395
7858
8746
12292
4824
6579
10022
3896
1619
110
1250
3303
9467
1120
4010
1900
12371
887
11519
10692
10993
9443
12247
8338
5089
13078
5858
8155
5963
5210
5121
13752
6578
4102
6139
12320
6330
1510
5910
1650
5840
2271
2123
2642
1322
11767
13822
9047
5740
4034
2833
13431
13500
9026
11838
3276
10206
13214
8853
11959
13818
8596
13123
10287
6707
4017
3513
5697
6658
6847
8448
3419
12381
13442
11222
10380
7316
8374
2580
7992
9075
8926
13781
8682
8211
12153
11956
13384
831
7585
4909
6332
10112
11632
4650
220
12999
10739
2314
4509
11437
1327
13767
12594
8862
1146
10647
7232
8528
11053
11202
3781
1518
7220
8059
9789
6296
9950
8474
8106
4594
4214
4201
9904
4731
9219
12896
9252
12739
4275
358
10255
9331
5542
574
1090
4548
8621
2842
8949
5055
12358
6530
7838
12593
11328
7010
4661
3982
11981
3797
12741
2429
12447
287
2598
11922
11834
11602
2302
8643
12352
5748
10117
3643
1183
7987
11340
13444
10574
10694
5908
12462
6768
12112
12042
12360
10873
2476
2054
10351
8373
6020
6080
875
9780
3086
6249
11427
13558
9018
10531
13154
5810
11563
11239
4389
3720
12149
8511
9886
4239
4868
352
1899
461
365
6710
12623
15
8507
5548
1932
13321
8167
2562
2963
8704
13061
5585
10260
9953
4862
4318
5144
2502
9910
3420
10821
13743
2224
10854
7025
12445
10840
7098
5445
4423
5932
3700
3493
5326
11618
3406
3530
5507
610
12502
13573
59
2698
11570
5608
12531
2326
5733
3927
10568
10899
4706
529
6106
9463
5061
5612
4180
4237
11622
11950
8308
1083
11394
10681
7601
11904
12849
7194
5975
6633
4464
2235
7548
8008
11501
10322
1742
2525
1708
7919
3730
13186
13382
7100
7591
9527
5514
11299
2437
8664
12169
8165
12199
9903
5717
11559
5865
1729
11268
10276
11069
13746
4202
2146
113
12853
6096
1837
6700
5111
7731
1853
10843
2104
2509
10557
9677
9915
5690
9876
8550
2599
13495
3130
11710
8641
3248
3174
11795
9198
2890
5953
13245
9076
1496
5150
1597
2918
12884
4913
12068
9948
8656
3242
7121
6885
10864
7883
6701
7003
4226
10483
985
4886
6733
13320
416
7828
9512
2028
3681
7395
10803
6786
3529
12349
11216
6389
8967
3834
8387
13161
310
6487
4225
12881
13297
2784
4172
7315
11327
11165
13322
9882
11497
10296
11764
10820
12008
10963
6938
12385
5253
10183
10387
5982
298
5380
2490
1666
7557
765
8065
1519
13779
415
10898
13181
3620
12804
10226
5721
4713
12925
6098
9409
10303
6904
10437
9659
3300
6968
11695
13853
11111
7312
9702
12968
4800
9941
9952
6678
3486
9475
8392
1036
222
11405
7584
2065
2165
9281
7827
4485
4640
2176
4556
12023
4323
1446
12927
10921
12411
12851
10533
11903
8021
10273
9232
9294
8807
3518
539
2880
2637
265
4769
1842
6063
6035
9925
1357
5595
6738
8885
9200
10891
13507
5344
11154
2737
2259
11343
10411
5067
11157
6483
8722
11596
8174
6872
2965
3187
1236
11578
9568
8271
5490
7820
12507
10836
4374
5681
1215
5571
12405
6131
13855
11039
2336
11806
13150
10057
5696
1541
12474
4773
8039
8360
9697
8701
3451
13104
1700
6560
6031
4045
452
7904
8744
1216
10920
592
3497
11811
1206
13037
5950
3434
9666
764
12102
261
10934
9994
3407
6625
4582
11916
12336
10383
3981
3595
9752
6311
3577
2594
167
7613
8930
6030
5428
8266
6888
382
6100
7029
10931
10570
12041
8212
1346
5911
587
12946
7579
633
8350
2539
7052
1312
7414
5492
1311
2521
9511
10308
1501
9248
12643
12602
11094
6552
13210
10473
1723
12742
13475
10502
3743
11975
8851
7200
6340
7991
321
13610
9562
6300
3745
9098
13352
955
1740
8225
2488
2299
3971
8063
7533
12229
5410
3811
3321
9624
6899
13221
13268
8676
6488
7607
7418
10664
12429
10329
8213
2428
11401
4346
8127
2828
6082
5968
5728
4599
2892
11373
9993
3728
13418
9521
9323
6365
8149
6121
11102
422
348
12886
6857
5573
5127
4839
3672
3671
2263
238
4452
1139
9373
12282
7566
5261
5071
4589
6266
2896
6470
11905
7185
6773
6472
4068
4061
1445
6496
7203
12728
2980
10319
10281
2636
5255
3197
10069
6910
9914
13663
12317
6558
11210
7988
2440
3129
11851
5427
11454
10711
7930
12161
4210
12794
7360
13396
2794
3316
11303
5959
4869
6247
359
466
9707
9628
11699
6109
100
3297
308
7737
5081
1377
13004
8163
8209
262
3019
4651
3385
2967
11128
5122
4320
9564
13653
13694
12658
8776
2318
3947
9973
1503
10822
4292
11788
8307
9821
12905
2856
3226
13700
9684
12661
12548
3613
391
5588
2549
9698
11156
10036
3189
6044
2747
1290
12155
7851
4192
9901
10690
10779
1753
9837
7844
194
5160
3368
739
4958
4882
9283
6322
13857
3903
4262
7587
2361
12616
4179
6124
1948
5286
7012
976
7256
3597
10158
7848
10436
3839
12917
13300
7553
8996
8694
12016
1893
8348
13367
775
1966
12269
522
10732
13487
13364
13033
13263
1896
8352
4724
13614
3683
13121
3858
12348
5280
12805
8697
12245
3933
3580
8913
3085
13421
1818
12591
11381
2284
12523
13713
5630
11638
10595
4508
4350
3558
3333
3539
12774
13295
13505
5155
2443
1874
8737
8604
6844
5870
8587
7442
254
11117
4851
8175
12432
12043
3773
5939
3729
2754
3049
12243
9418
634
10264
11250
501
1821
784
10499
11862
7617
9703
459
7545
235
9644
2645
3645
9100
10878
9339
10013
12210
2684
1999
2493
1025
7051
9503
10072
92
9850
8946
3561
1275
10658
9243
12822
9305
3468
8773
7423
4850
13678
3395
8849
11462
213
3423
4190
12846
12797
12433
997
8427
3255
13690
7158
11445
3389
11503
12735
7577
6863
1917
12476
8075
5148
10616
4515
8203
6189
2303
12170
9740
7642
9800
5845
13064
3554
1915
5224
5641
5547
478
12284
10848
8685
11541
12250
6671
8372
756
142
8815
4178
9540
13555
456
7265
6997
1730
6734
5557
7946
3216
665
3904
707
3566
9334
12612
13579
5406
12789
7424
2553
9358
4385
6607
11882
12798
12116
13284
11047
3870
463
6820
12565
2843
6144
10017
2709
5806
11523
332
9270
5525
4144
11951
7372
8843
8822
5738
7908
4357
12164
1622
4465
2291
2169
3724
7426
7542
11801
3017
558
6870
13386
4056
65
1093
8117
5461
4585
9212
7571
13679
10164
12863
2012
3779
11582
5634
10168
6931
6431
13719
11917
9758
1654
388
11910
3718
9048
2940
1286
4490
1049
10487
6729
1957
8219
7367
3285
1337
2409
7401
8863
333
6282
11799
11584
2255
8912
7757
11483
12049
288
4891
6150
13831
3619
3557
1046
2173
8403
2638
12189
6375
9741
9222
41
3231
6925
6331
444
1461
7521
2118
3851
2384
5191
9125
6474
10927
5920
1239
1429
6845
2001
4401
8626
9937
6346
9361
9690
8959
1249
11016
11116
1379
7722
3709
106
3646
4082
8739
3689
6653
10397
2647
13706
10178
1757
4895
6655
12993
7407
1243
4577
4586
6085
2293
3337
8031
10504
9777
13438
1605
4060
4859
13784
7622
9307
9062
5466
5000
5308
5294
2630
2904
13578
5568
7493
5059
7971
7927
4091
8414
11107
1617
505
2518
6939
1053
6975
12762
9537
2187
10914
6540
10471
5325
8919
12700
13179
4406
811
4745
12377
4842
282
4054
13274
3237
12270
6852
4675
6323
1502
11351
5719
10368
5790
1188
5907
4795
13113
12266
12987
1793
8437
11837
7788
6151
4341
8719
3376
7668
13647
1906
7655
3213
1030
5133
9528
13681
1555
8603
7760
4624
13307
9099
6449
13383
9566
8204
3487
3798
192
3463
685
11101
3408
3807
5610
2345
13080
13654
13195
8750
10018
5809
787
6451
3188
6261
542
6417
3270
3922
11639
11928
10476
9567
5577
2936
994
8703
10886
10180
4829
6495
7744
7021
10048
7353
1004
6400
7546
4767
632
13013
13126
11746
3582
10422
7287
8128
10823
3924
9123
3679
9725
4564
7124
7065
4272
10172
7396
5241
12097
1923
5517
12765
10500
5827
3165
7445
9111
6260
12209
11640
5550
5935
6448
9558
4399
10318
11681
597
8017
2022
8263
8464
8458
7696
3607
1652
7870
10561
9896
907
6174
10519
467
12084
7355
8164
2601
527
11890
4005
5354
6801
1304
9934
7096
13786
8296
4110
2074
9828
8098
10764
5143
3906
10879
13813
2530
12614
132
4328
11356
4271
11083
5302
6175
3379
11643
2446
6583
5729
9425
9096
4525
8649
12786
7285
11569
8130
12211
9692
11228
1841
259
7028
8710
4455
11678
3591
1173
12821
11564
10853
244
7747
13380
6319
711
8601
13372
952
708
11013
6345
9393
6246
7901
4655
3949
12009
2836
12011
6065
11881
2721
3693
6943
3754
11460
13045
9689
3261
12540
10620
1560
8908
2685
1057
10951
9922
7513
10585
1544
5649
2795
7924
1835
6502
779
9341
570
8911
4250
5774
4186
7141
2960
13460
13167
1603
7972
8240
751
7213
2358
6122
648
10306
1281
7846
11243
9683
9318
8987
6529
4766
7693
9274
392
10828
11627
2873
3808
12729
10601
10654
1246
5236
9682
13226
5262
2375
3175
1069
13168
6004
12608
7723
3835
5888
11521
4546
2570
10233
7321
9636
609
10897
642
12949
10890
5957
10800
6627
9278
11766
3868
3360
3383
10894
4373
1977
11656
3154
5947
10267
11390
794
4865
3955
10998
11992
4476
3147
6248
7387
346
10885
2411
10808
11727
3555
8816
702
6038
3504
11490
7698
221
9115
4694
4540
5716
8320
9548
4672
1267
7458
2152
3418
7474
744
7276
10333
8129
13240
6006
7914
6019
4621
13397
6725
331
9604
12364
7409
12874
13027
13309
4890
1672
6796
2362
4678
13158
3135
11312
4263
10608
3336
11265
9877
7631
8899
5120
7468
4062
8126
2140
3068
12625
10208
3202
9653
8053
7514
750
11319
3450
5667
7727
801
12767
442
11163
13087
12154
8282
5198
5855
1913
6321
432
11804
13336
3587
3736
11226
5510
5830
1332
2791
9911
7099
11787
5462
11689
5300
11425
5487
11266
6195
1076
5252
958
1171
2053
2186
10204
143
11422
2900
1
13769
1644
13334
4770
5867
1604
6095
7453
1691
6223
6267
8677
2922
12305
8079
3137
9052
725
1469
2666
3791
9592
13575
8820
2914
10973
11738
5498
5737
7621
2083
5531
7784
13293
11290
13347
11718
13515
3042
7196
9259
2978
3999
4979
4471
12561
8954
4565
1457
4364
9239
6194
2153
6591
9229
11702
11426
879
5169
8846
13306
2954
9197
5206
6753
1592
9448
1425
6535
5118
6013
9161
12567
13329
7074
8383
10743
8608
10975
13110
12089
2979
3854
8875
10224
12044
10430
8711
4870
7618
4029
10990
5903
4537
12882
6980
1699
8657
384
10405
1958
10773
4208
4976
11234
12456
6883
11058
13369
1115
6743
10338
10136
9772
1394
3815
3669
6009
7558
6978
9113
12686
5383
10852
1683
11884
7293
8256
2944
10509
9723
8517
8124
4669
2206
11369
6751
13510
11251
7834
10514
7756
6689
10003
4570
10316
8570
4036
9484
1600
8402
12070
4952
1933
5010
8078
8140
7877
164
8230
809
7236
2008
6988
1886
2432
9152
10312
9180
3392
8532
2916
475
9491
2715
12819
7937
6418
3492
3569
12271
236
11317
12855
12337
8062
5045
4494
7615
9465
8806
11169
8801
2179
9195
9460
12599
4238
12575
8229
10025
7197
9370
6913
3287
13577
13541
9852
2774
10120
3377
2767
10467
4714
6831
6430
8120
11719
5399
8005
12800
13708
13211
13393
4567
4294
9520
7227
6828
8575
7854
10115
2778
7011
10859
13244
3005
11722
7537
6172
7996
2067
4510
1032
12412
10780
9860
9210
6780
171
1883
2749
617
2661
5846
5324
22
273
2051
3479
641
1989
11571
4665
5622
3030
3045
420
2216
4739
12745
9536
13335
9042
306
2473
345
9344
8369
7184
9236
8054
4174
11042
151
4256
6912
6381
12467
2579
4502
2132
2596
9869
7750
4431
4028
2213
5730
4612
5714
376
6455
1038
12799
12669
13030
6326
13267
10474
4609
12246
10913
1965
2595
2650
12642
4964
5570
13008
6922
9135
5041
6929
8935
9880
10905
12757
7470
9247
9010
3028
7243
4158
4684
4593
2073
5917
3801
6818
2921
12101
2945
5527
4088
7291
3018
11657
12587
11579
10772
5087
7909
1838
6432
12754
10798
11446
10083
11527
4841
197
9371
3023
8223
9680
3057
2151
10191
13292
7212
3338
588
10138
6551
7240
13797
6356
926
5185
2107
12832
13116
10997
13043
12117
13108
9859
11412
1276
7472
1121
8714
8463
11914
9989
3503
5593
6909
7371
11952
5805
9
12158
12482
8983
7850
2976
5558
10775
3403
6504
12604
11479
2830
10201
5008
7004
10962
2702
13445
6553
780
12703
9745
10776
8761
864
6747
4660
5401
4228
8456
4155
152
11105
6808
937
10073
12212
8975
3467
2456
4038
270
10809
3599
5093
12260
5552
2102
4553
6126
7708
10655
1976
12858
6595
13476
5044
79
5784
11436
5336
4160
12727
123
12108
1291
5481
10847
13516
5536
12182
11940
10331
12463
9436
9070
6251
5358
7115
10958
896
9345
9663
10493
667
11213
3795
6537
5859
13079
370
7113
4006
7849
11122
12029
11477
12670
4486
4495
8397
10175
9670
7438
5408
6580
13391
3236
2777
8457
3899
4757
1066
4353
7120
6138
9410
9325
7364
9517
5706
1316
5279
3113
12361
4641
10952
10613
11150
4545
9466
7735
7340
2732
8622
10729
9533
6745
4449
11060
5062
1238
5583
11481
1803
8168
6040
13201
3225
6953
10522
7374
11612
3871
4442
868
4474
9578
8329
9686
12267
6945
4066
129
9093
9599
13054
2321
12069
4027
3632
5147
531
13669
7825
1772
2703
6301
8187
2903
1324
2942
8093
9675
387
1755
11180
3375
6209
9468
11322
9406
13395
10598
9501
12935
3483
4000
6548
2682
4304
9681
3653
4162
9435
2744
6981
13554
3136
11212
13075
1126
1609
9084
10497
4657
11046
12312
818
11589
7860
4370
7911
13455
5723
11072
2248
9974
6995
718
3703
216
7217
2340
12510
4746
11843
4092
4928
6114
7736
7956
9748
7983
6896
8395
4040
13303
2136
5053
3638
10688
6410
901
2824
12674
8399
9918
4311
9642
10680
4995
13088
8476
8160
9196
8321
959
5124
13682
13642
5851
5526
3980
11663
13685
8929
4390
5787
12650
9044
13258
1467
4478
3884
8700
8743
8340
10421
7247
5357
11431
10412
1181
4957
7368
2573
3867
6550
12528
936
7986
6094
3964
8479
1647
10512
7153
8299
1951
13493
4051
11989
67
11023
4031
9462
12582
13815
10754
10774
7331
401
7278
2344
3935
6880
4440
13528
10797
3978
1023
672
11010
8964
11942
5419
10294
12002
211
2309
11823
9413
5803
10376
9124
13060
13277
7969
1885
5923
9531
8546
3299
5906
10689
7168
9958
1229
5170
9990
9775
6210
11019
10490
8932
4356
4118
4016
6626
9082
7896
8841
10029
6966
9905
5343
8577
12252
5470
3011
9012
8355
498
3931
5379
10686
3210
4845
8381
12953
3793
6388
2583
8794
5457
3540
8741
2154
5488
10055
9730
13236
1434
12945
13095
5778
12104
12125
11673
7803
2129
8890
5217
6841
10385
8393
4108
13015
10293
12355
10425
3318
11872
4648
12444
2330
12109
11976
5381
6308
2285
3929
7356
9176
7422
11894
8835
1033
10816
10758
7370
125
6960
1542
6133
7156
5207
8217
7611
822
1662
6309
7228
12865
6500
11418
2383
9799
1347
12639
3601
3702
10851
9394
3574
2607
13219
7730
3696
781
1272
2717
6889
11370
9033
9923
427
12479
2679
5826
8652
5655
9014
2420
10477
4709
11451
4810
2528
177
2356
12900
52
10593
6023
12299
10154
4047
1862
4419
1768
7872
8185
11831
6156
814
3007
3988
5232
12431
9019
11407
6022
6854
11685
8380
9382
10245
11488
13035
3470
12539
195
6928
13586
8025
8503
6784
2675
5473
4989
8733
11145
3875
11852
11645
8214
4128
11606
11237
3238
3052
74
12844
10239
2943
4579
13461
8148
3777
7245
11197
1717
11820
4235
4123
2823
7777
6827
3026
12369
4089
8547
13327
7300
8948
319
323
4372
8612
10940
2137
6787
6225
4351
5905
6217
5348
6667
492
8341
12092
13128
6276
11138
5567
9362
228
11923
10521
11768
8067
1134
3502
4907
1027
1878
11545
13227
12887
8726
11880
4379
13848
3273
13173
224
2039
7920
12529
8011
3310
914
12005
6000
8952
5186
73
1397
4947
1427
3073
8623
8721
7686
7953
5002
6951
2589
2862
12535
8925
10088
9164
5781
2511
7126
4366
3757
5026
1453
9570
9750
5101
5987
10759
1783
619
5313
13569
7665
9500
7917
10999
2210
5317
2750
5040
5861
3155
8642
2959
12138
11487
2787
1426
10313
11507
11853
3846
9479
919
5713
11182
13209
3149
3127
6576
10939
1418
6077
3699
10364
5189
13432
11329
10795
2092
3624
4670
326
2307
2853
1005
5900
2723
9353
8401
8121
8107
2064
12870
1489
9424
10016
4856
10784
6123
571
12975
6026
8012
11731
8439
5760
5113
8662
4662
12036
7431
2952
9496
3895
362
12600
1774
4521
10435
11669
9005
4273
12087
3527
9724
4638
13627
13757
1372
7306
523
1623
5637
2178
6467
3243
6615
13314
10575
10096
5727
5680
9231
3637
13091
5451
12156
3677
1515
7733
10581
2061
307
4504
9284
11225
10109
10230
11595
8628
3827
3796
5894
9751
4885
1949
5918
11201
13266
13740
4894
884
5744
1047
63
9499
10427
9832
8400
898
3698
4101
8589
11700
5819
1589
12434
10989
4881
1414
528
11185
1974
13145
10970
1035
2624
4763
9434
6127
13310
3384
12880
13062
3240
6380
10275
7682
6294
58
5469
6224
5275
5587
6034
12699
1744
7867
5770
2451
13506
13589
9630
5149
11465
1349
11650
8009
3926
13325
515
1648
8442
11350
832
5881
3723
4680
5914
2078
4243
35
6834
12297
11839
7325
6208
8571
7279
13224
9943
7724
2009
1213
13530
1147
12597
9216
8830
1659
4914
286
2891
8756
11334
7172
12256
9650
1265
6185
181
7056
10518
2089
6018
6441
1961
10496
8364
4393
7565
8288
9863
1809
5058
8032
12913
13433
13677
3546
477
9446
6998
3399
5030
8420
10050
8980
367
2266
2534
975
11034
7215
11847
2228
938
10041
2859
5075
5137
8829
4203
10562
4219
12238
7894
3448
4151
8937
13129
3941
4997
5530
7084
12901
5640
9094
13512
9785
9155
9705
3070
6657
13217
9324
3604
3541
3010
12195
8508
6886
11778
426
9505
5519
10956
9225
10468
6068
7499
3940
7949
7536
5015
2906
4064
11365
10362
12334
3780
6405
9549
8574
8752
11021
4524
6007
10902
7183
1843
202
12278
13114
1157
4695
8251
7398
10757
4596
4981
12749
6669
4827
10644
1253
3182
170
9736
11924
1649
8228
9246
1517
8708
4247
11017
12598
5848
5366
5174
2056
9175
1396
9489
5249
3559
8477
9369
9975
13006
4335
12072
11379
2086
8101
7543
8909
8702
7711
1192
11926
2695
10736
8285
9545
5693
13452
8351
13645
1788
5176
2938
12449
12237
9560
4232
13775
4361
5732
13424
7035
8502
7544
4687
11713
12007
5372
717
2346
6493
1365
9817
8536
4432
13572
10866
13133
4053
8450
11387
7672
7254
3314
3244
5477
9641
11260
256
11257
7561
4874
10352
4647
7482
7497
3512
5359
10104
11918
3280
7057
10572
3537
12649
2634
4404
13208
2556
1262
13301
354
4517
3907
5017
13363
12298
13187
12574
7866
10001
12425
10463
7880
6112
5442
6053
4333
6590
7804
4710
1887
4325
88
8759
941
10216
9192
12120
7226
394
8544
9160
11087
10475
3658
1598
3838
7142
12641
10447
11187
8968
4079
12330
2474
12633
9857
10594
12811
3528
7459
5025
2728
10807
3550
9380
876
7903
10494
9561
3401
12702
1514
2449
2097
248
12244
9726
10304
803
10534
7348
10862
219
10510
8482
12262
6705
1873
5764
1677
1815
6436
11178
2164
12532
797
4922
13709
1855
3761
10257
13695
250
8765
2093
9769
12152
9753
13180
9825
12513
3829
9147
12944
5431
1323
3382
3610
9117
10938
9146
2109
5018
9203
9819
9870
4786
13744
3670
1509
11840
57
2753
4753
2812
5200
7835
9230
11573
6188
12814
1846
8878
6688
4771
860
1266
10751
12866
9031
11220
6599
5031
10887
10489
1208
6492
9622
6058
2486
11759
10935
3588
5161
9226
11037
2969
6268
7771
3788
11748
3864
5995
7887
9437
8052
1822
2524
12934
1912
13580
6695
8135
7083
12094
11158
13286
12329
7916
3485
9007
6647
4415
8748
3737
2977
4458
7341
11971
11011
2606
1241
1859
7044
42
12051
2532
5597
3977
7694
12837
9645
11241
2046
8066
7898
8999
7219
10
3359
8624
11469
2374
7419
2771
3956
9368
910
7350
7620
93
10526
11814
2889
8444
1466
124
9453
8258
2253
4021
8434
13557
4897
13340
414
5711
11092
8951
4129
7428
9015
12743
13262
12553
3176
2827
2727
13633
1615
689
13478
13840
3171
4033
6481
13483
11429
4289
4354
9607
10771
12862
664
495
13228
6159
2209
9884
1607
3579
6830
4878
8828
7061
243
2673
4668
7116
2439
12580
8318
9603
13106
439
4240
8180
12489
9949
7569
12684
13202
5369
10328
12459
7239
6466
6435
7270
1298
3204
6359
4629
972
11438
3914
1367
6216
836
5984
2095
6971
374
11040
10855
7230
10922
9171
5924
8303
7087
11109
8848
10424
9551
1970
8249
9001
5642
4799
1248
7599
1928
12736
4683
2323
3192
2526
5663
12622
4777
1706
3478
2971
8259
2769
8581
12619
1564
7151
1531
10046
7590
7494
5686
788
5707
1746
2448
8804
1884
13628
2048
4807
3667
6232
11233
7231
7679
4833
2565
8778
11275
10926
86
5607
1007
1059
11464
10286
1831
11199
8667
8253
3654
11104
5446
3058
380
3269
1851
12378
8076
11014
11486
2
8859
2885
2472
9635
7532
1345
5095
654
13318
504
5475
2027
433
3370
13738
6555
10321
13191
676
175
11279
4939
4479
12414
10457
10978
9706
5164
3992
1113
11475
4830
4227
8583
8472
1328
7019
6056
6715
8460
2006
10335
513
6399
6147
13723
366
13093
3040
322
12829
10560
8201
11982
8002
2350
8627
5628
1645
11336
11674
3145
2504
10179
9079
7982
10567
3960
5172
13624
9878
7190
6950
11885
1218
10043
3936
4873
9844
4617
7798
9242
4229
9514
10761
10225
8521
5671
13666
13780
6137
9721
7307
402
1546
7501
616
7812
8216
5134
13105
631
2557
4679
3264
1540
2279
13044
8788
1197
2949
12407
7392
9279
13742
2722
9068
10400
1760
9315
13365
10923
12175
8957
596
9168
12493
9267
5969
9021
7980
8275
1820
12165
7873
3636
1048
13608
4785
6848
6512
4477
2581
3499
5273
2120
6157
4378
284
10845
6702
10409
7073
7959
7892
10583
6392
1782
1098
4435
6001
1866
2531
8888
8554
3060
7721
10944
1096
11946
12184
10011
10060
10676
9476
11913
6070
2688
11736
1576
5288
12178
11118
12291
11261
2256
9261
6809
12132
8837
7402
4024
5388
12665
9066
4737
7264
899
3648
7328
8718
3921
4817
5689
5792
1888
3436
6814
7385
2855
968
9224
2144
69
8218
6229
9199
3629
3563
11756
3690
823
7464
13582
11864
1968
11240
12346
11190
4145
9407
10229
10210
11363
4365
8958
5351
6079
6730
5581
8610
8145
2220
8311
443
76
4234
5812
5876
12085
12419
5278
8965
6395
1432
6396
5225
5035
9457
858
10745
11932
4154
12228
4506
5757
3678
8755
13135
3313
6169
43
10108
7637
7160
6397
11282
8404
12791
1638
12847
11354
11724
10171
1975
8088
11580
608
1378
12627
7134
4388
4840
431
8090
6544
13537
4740
9220
191
8625
5231
12303
11344
4639
5424
11512
11532
9874
428
7811
8193
10010
11526
5299
13288
7308
8986
4968
8416
6611
4531
6303
1629
253
12714
2084
1303
12941
6612
3212
7792
6434
10830
11281
11972
12096
7024
9034
11433
862
13548
12957
533
12222
337
10829
2690
13458
1209
6088
10592
7132
635
5281
9532
12477
5226
9389
3039
8774
11511
7729
11022
13378
9388
1180
13358
351
6771
6414
4930
2609
1339
12347
1382
3022
4544
9314
2523
3426
4749
10511
468
890
1767
7405
8345
436
9045
7847
9316
3340
4109
10706
8956
13588
9605
5852
7342
2816
13192
679
11249
8497
6403
3421
9843
7789
12498
11683
10369
7768
2697
544
5307
5463
5163
2494
9390
369
1762
11624
12508
10173
4041
4470
618
6353
4411
13394
3097
7995
9051
12056
2040
13120
8674
7965
9929
12031
913
2955
4044
2508
5295
2135
4568
8880
6423
12272
6620
9101
12368
12172
2044
11086
7014
2031
7512
5915
2622
1051
12563
705
2196
105
7832
5747
11153
5518
8033
10396
13450
5927
4727
3331
9404
3409
8277
12491
7600
3339
6759
8740
5578
5196
11133
5187
9917
290
13825
2147
6860
12147
136
1641
4498
7399
2059
11287
7688
8647
13360
4438
3856
11753
6364
4343
1214
215
4942
9803
1721
942
8665
3994
8441
10015
4561
603
2419
3317
2328
580
6039
5847
9312
2333
8985
3361
834
8699
10182
6936
1343
10909
10454
3239
4677
1778
13102
12954
5153
2529
7581
4823
10126
7294
1681
7957
7193
6989
8763
2741
2593
408
12630
2260
5497
4676
10870
3200
4806
10353
11192
7556
3732
4688
11634
10040
3824
10297
8156
5112
13072
4032
10359
10366
7436
5454
1107
791
11528
1136
11474
12792
2635
9162
1950
8729
2033
6078
5916
1895
13622
8424
1524
761
6582
4181
7762
2289
10875
9396
6693
12410
3151
13281
1714
12130
9734
10966
8886
1983
4872
435
1693
13103
5412
4615
252
4956
10402
4584
4802
6990
11142
2840
8791
9427
5598
11298
6574
1166
2301
3553
9834
12220
5844
7492
1141
3506
12572
72
6521
140
10156
7749
3474
12375
379
12781
12551
9846
6253
9733
5276
9658
6719
12708
9594
4625
7687
8684
6238
8611
12073
1350
2423
4107
12438
11073
1587
5532
1825
8982
1764
5529
2813
8590
12415
485
11879
9902
1223
6821
10636
353
11345
10266
7275
11907
10551
5310
5878
12131
12747
9573
411
6785
7326
9768
2577
9717
4265
4543
1050
6723
9888
9474
13646
2512
12193
4137
4751
600
9600
11366
12177
8879
13503
7317
5613
1634
13800
7478
11355
4249
2548
9265
11968
12756
630
9438
8962
5076
1908
12015
8133
5355
5745
3066
9202
947
1725
13151
479
4090
4708
10207
484
12873
9046
11417
6507
12259
11139
5820
12277
2582
10785
11372
3879
1211
935
749
9804
3021
12133
13469
417
8113
10563
3393
5736
3951
1728
10068
1123
10024
1094
8838
2331
11620
3615
11230
11749
5652
3353
1718
5866
8831
540
10414
10911
13801
1201
3224
4718
6416
9480
1202
6335
8514
8306
9776
9646
9796
7868
4408
12365
2138
48
1099
841
1150
8724
11353
10791
8979
2600
13764
4541
10146
8471
4831
7732
1158
12898
13392
2170
4634
731
12187
6047
2719
2128
7681
9449
9122
1870
8963
9401
13203
7764
11252
6640
3278
2335
2937
12340
11449
12988
10762
12537
2408
6691
1738
12751
3304
8659
2713
6334
1224
11594
6813
12242
10634
3319
2879
9864
7332
12877
5125
7476
12555
7159
7752
8543
5065
6090
3143
11896
1449
2018
3002
10152
5539
12652
7282
5625
5168
13567
5832
6184
2238
2981
849
7201
12990
934
2125
11076
8347
10176
8796
13447
4940
4113
1520
6952
9851
1849
8832
10347
12930
13117
11476
1945
9818
4014
4852
9181
4721
11574
3098
1371
6698
1621
2231
7463
3000
5752
5647
227
12417
5777
2984
11603
13652
11362
11112
6352
12139
90
3626
11179
11945
6329
2788
368
99
12450
13198
9933
324
1293
8768
4168
917
613
258
5834
3881
5912
9264
5136
5712
5934
7234
7257
562
472
6569
12468
13496
6534
1786
4380
9130
13036
10992
10343
6339
680
611
8116
11792
1270
12854
6203
5651
5459
5767
1627
7881
7843
3059
900
7157
5322
2417
6680
5503
790
3874
9429
10982
6554
2538
12386
4643
2652
8582
6963
9575
121
7441
11586
12443
6636
12559
11592
2185
12021
8260
3515
8425
233
12831
2237
598
1386
5377
13518
11114
4700
1787
1230
5332
4784
4598
3193
5633
9996
27
2640
10116
3752
13077
986
4514
4636
9597
3855
7667
1163
1497
10337
11608
6221
6541
207
13083
7641
6865
6012
5591
9754
4557
13273
12924
3526
10151
7977
275
10713
1512
1439
12552
867
2845
1556
13265
4004
7235
10026
688
12017
11141
9519
9855
8010
13271
9665
12663
11191
6379
339
9002
817
13436
7647
4608
5318
9327
6228
1914
11822
4542
6632
4381
10623
6239
12779
8817
9887
186
3099
835
2225
4268
4279
12380
4430
11938
13559
1998
11515
516
10478
3083
11539
4233
8593
681
1037
9022
10596
3531
2585
11758
13247
13674
2844
3753
4130
2406
2716
3603
12763
5772
5048
7323
3077
6811
10565
10200
9654
5393
715
10246
3092
1318
8366
9190
13249
5670
3036
11130
9919
9581
3454
2229
4131
7523
6815
6473
11908
663
1567
9947
8102
4450
10506
2295
9770
9746
1385
6235
3842
11267
10996
12651
7366
3440
9498
7178
1062
9714
10924
13661
103
418
4915
1369
4741
10945
7093
10867
1079
13485
8389
209
6192
12218
299
4900
5083
11215
3734
8038
10889
12197
1034
4012
11857
3966
9617
11264
5220
9631
13474
4961
12673
1655
1129
12280
109
1701
3514
176
10942
1261
13492
1464
8388
11860
1331
785
11492
31
10280
11714
12579
13763
2946
2270
2113
13066
9423
12356
12257
6717
1686
9930
9177
10470
6358
8631
11984
8082
1877
3041
158
12037
7026
5335
1423
3664
1929
13232
5411
4369
4659
3254
11770
546
7739
2117
12225
13425
2363
6180
8324
6523
9824
12637
12956
3893
8509
4377
12562
3746
10027
5309
9861
12071
8246
13658
6287
172
12265
314
1763
4693
161
168
3380
11709
8638
6568
11200
10811
4980
12526
7934
8782
8208
10638
11471
5430
3738
5804
3298
8195
2481
2403
8680
10819
12864
10590
6117
11278
6765
9885
8510
1010
12296
5264
4571
6585
10169
7335
954
7716
11808
3908
4933
5942
13261
4217
1971
1021
9559
3050
2616
9623
10788
13623
4929
4472
7966
2797
1795
4880
242
2324
13333
8607
10439
11416
249
3532
3887
1827
285
12107
3682
1259
8242
8551
1880
11812
612
9112
9006
12022
1785
1941
5952
4808
9486
11668
10660
11723
11791
4779
6173
7443
2434
8857
5891
2425
912
7129
5130
9442
10089
9601
4871
11383
1872
155
8922
3865
12609
10448
11078
12219
11075
3630
5926
1398
1039
4398
3012
13676
7237
1930
3697
13730
6289
11375
9059
1640
3001
5538
8531
7515
1283
2091
7013
7933
2956
7802
5944
2349
10299
6594
2489
11694
2149
8004
3621
10099
6277
10503
11198
11302
2351
10479
10458
131
6200
3833
5005
1551
2861
13112
13464
1863
10858
9554
1633
1669
13820
4481
6052
8905
3647
6571
6349
8866
1338
6476
6987
5251
11382
3347
12430
2811
599
2743
2700
9956
5562
5599
10861
11813
1065
6485
10893
9655
13808
8342
6181
9510
3062
11171
3341
1305
12942
8084
3131
464
9221
8051
12815
9924
4146
13651
12160
6361
10087
1358
1041
12964
8660
2393
13183
2199
8826
2029
9972
3289
12387
1904
6002
11070
8289
6293
11633
1495
3330
6062
13299
11380
5801
13276
6257
557
4105
10461
13526
5853
12586
12533
1909
12955
2924
7525
12501
8405
1606
2776
8555
8104
9719
12206
3258
13055
10137
2400
14
12891
637
8679
7839
572
10394
281
5643
3014
743
13576
3891
6944
8484
2908
4169
4278
1405
9625
13751
9400
7562
2731
7592
9148
7833
8026
1194
8094
11140
13672
8178
9366
10033
1477
584
12416
12914
2205
8170
988
12490
9793
4269
9906
3961
5158
9262
9728
957
7246
3365
8758
2334
8151
7780
11410
1306
11649
7586
8356
4987
4491
777
10777
1921
9660
12760
7016
10540
7511
13003
1462
824
2487
6708
385
1653
4512
12372
8695
2798
11530
12541
1614
3946
10491
11698
736
4696
4049
8535
7454
1300
11537
9454
6166
3525
2392
906
12483
11161
8693
7985
13316
2177
13648
697
3725
5683
1563
45
4149
1381
7313
4893
1834
4663
7174
4716
9214
6368
78
4809
8114
1871
7437
4720
4167
4902
12307
10254
107
4156
10971
4527
4077
12992
10253
1295
6376
2184
12573
9756
4505
3627
13527
13294
9816
8023
3473
7351
10076
11455
4141
8997
6190
10466
457
1011
137
6344
12289
13715
6757
6750
12903
13529
687
3251
4319
2809
9054
796
5485
1442
8872
1420
10628
6546
2759
5895
12142
12224
2246
8692
12249
127
7138
5868
9080
2592
12921
8119
8617
5780
11456
4121
12020
12379
8981
12691
203
13501
7255
10671
10752
6875
11921
7658
7127
12052
9731
1684
9810
12958
2568
10097
3140
1301
1252
2576
3397
11558
5486
10844
1696
733
2910
12080
892
3271
13549
6171
6508
1284
7790
9983
12676
1676
241
4400
12134
4499
496
11547
6679
5899
1296
2905
5673
4920
12254
8927
11754
4127
830
6458
7709
11824
9105
2172
10790
9629
7032
412
4043
3067
1547
10228
1511
260
5821
7527
1212
3152
4382
7619
13835
10614
11064
1792
7700
10959
7900
6840
11621
12620
10398
9240
9656
12064
50
7661
9159
3611
3714
6822
13362
5156
9322
7460
1816
12167
9586
4261
10209
21
13680
8559
3810
793
7456
11516
4035
13718
11576
1817
4910
11863
4119
12279
10199
12516
11730
1043
1675
10621
12350
8650
2605
9543
6099
10449
13302
8736
3008
8382
3706
10718
5453
8200
5105
8525
4216
9257
12716
2930
5328
3390
605
4761
11661
12611
5773
6999
9987
4103
13356
6498
4536
11285
768
10643
10723
6250
2810
4291
13323
12825
6836
3686
7298
930
6908
4175
12339
5304
12024
12497
7826
2174
11330
3806
10826
4704
3396
12771
2081
7674
2306
2738
6859
6027
9295
7457
1824
4337
3033
13638
317
3593
12475
2994
5361
7628
844
4368
12918
6927
9807
6125
10814
1947
2806
4645
8792
4644
3849
7608
5316
11960
13703
11435
9839
1172
9557
10413
2793
9451
8970
870
11026
9999
2404
12868
1538
4728
5285
2159
10388
6464
7936
969
3535
13381
9144
7017
2431
13532
1639
1161
5521
12306
3233
11997
2458
6048
7216
9165
10271
7958
6727
13017
5098
1532
1986
12113
1608
682
6608
10378
13018
8196
5277
11305
8426
4701
5364
13156
12653
3024
10584
7767
9542
4797
13805
13197
6304
9563
9356
1591
9652
6861
7130
1963
1492
966
13854
2300
3051
845
8335
7932
13189
2103
3265
2385
12406
9008
2370
2121
3618
621
1092
9673
9470
5297
5465
8411
1964
10295
13502
5962
4451
13851
2874
6313
12566
4209
11269
554
2390
10129
40
3803
12470
709
7793
8465
12549
12994
7092
8317
582
2881
6732
12923
1162
11781
8539
12341
4689
6446
576
1029
4183
7836
4308
5078
13196
11593
3536
8385
2621
1424
9351
12848
10006
5863
10617
2212
2221
10401
12166
11244
4347
11335
9169
1856
4148
7421
1709
704
6477
2814
13259
20
8222
274
1978
12776
8819
3930
6074
11378
8974
12592
5271
7580
6
10103
6107
3009
746
2693
2602
8842
6072
5980
1578
8670
9612
5305
7403
9980
6412
13160
10142
141
10247
9916
13462
12783
7962
6907
12629
5508
2941
11991
8771
8418
279
4919
2854
7862
10871
5346
6614
9639
9518
6391
7817
12965
5533
11769
2988
3445
4139
5523
198
12078
9107
393
13239
13686
8470
8821
7944
8977
11307
11888
4562
4825
5211
12890
4783
1335
10525
5735
7136
10607
11509
12281
8545
10377
10445
11124
6881
8220
3840
2712
11189
12344
1602
1008
4775
12301
5390
1178
210
1321
12460
4312
758
12899
11878
11420
230
7707
2680
9017
2975
2626
11493
1080
13051
13170
11313
2460
13068
5843
8435
13402
1898
653
6036
12707
5755
1934
11893
13849
13585
