411
3832
3654
3434
693
2804
824
2732
305
1604
1919
2026
189
697
999
2691
3641
3680
2469
2465
2200
357
1094
1407
3514
803
3000
3865
4068
1923
2865
583
1079
749
3085
600
3693
1286
2339
2035
2152
3606
3602
1005
1062
388
234
157
660
3132
2874
4063
2193
1108
3767
1909
718
3831
4034
3605
3564
3356
2382
3226
2976
2169
4117
3748
2488
1
4180
324
3084
1967
435
223
2180
1059
2755
3106
2866
2292
3534
1686
4079
1763
228
445
746
3446
2138
1284
789
3571
238
3651
1112
3566
1915
3702
4007
3131
217
1575
963
4044
3126
1497
625
3757
394
253
2734
1448
2861
288
2422
2409
143
2686
1435
792
2082
1477
1367
1046
3253
3948
1876
3027
2558
666
1520
2250
881
1121
1017
1857
1921
2530
3708
1096
581
2291
3024
1308
1666
3701
830
1523
899
1536
2876
2929
3409
301
3231
2759
3015
1562
379
4278
1337
3933
2600
3368
2761
1516
2093
3773
1552
1707
3143
2733
3531
159
1047
2565
2547
1749
626
2729
1151
2635
1735
2248
404
592
3523
1841
3429
1895
603
843
3208
2110
3023
3460
648
715
2048
2103
3013
1534
976
2107
3875
3081
2912
2652
255
1964
1591
2271
1292
398
2908
450
1872
3718
3662
1224
1522
4032
99
1776
1129
3341
2935
1662
2175
880
3689
245
4237
612
107
1756
4129
320
3715
1983
1358
1244
2502
926
286
1537
2379
1621
1904
3542
3125
2786
2666
4014
61
2023
3780
3136
4016
1958
3618
779
3515
1638
3134
2937
4040
1316
2839
1460
2801
120
1141
2650
2482
1291
3949
2968
2577
2114
3563
809
3248
3946
2228
2936
1800
895
3608
3504
2466
4277
3517
209
1270
1486
424
3305
1840
4140
2080
73
1124
668
2158
4188
1198
2640
3082
1283
2431
1196
812
2903
1179
4008
279
167
2784
163
2544
1366
4205
2148
4264
4050
1796
2713
3019
2336
744
986
3758
3809
3648
2692
4055
4201
2977
1940
4127
651
3041
1925
3120
2497
2575
4088
3663
1742
2493
3558
565
3223
3424
2925
2083
3745
2834
1261
4010
3002
3866
2380
274
3793
295
316
2393
1303
2057
3298
2088
326
2920
28
4107
2288
3677
2711
4166
542
2146
2394
4110
4308
2564
1865
2514
3786
2902
1090
937
2172
1615
2094
2452
3108
1454
1236
2677
2878
1400
4086
1413
1861
4164
2039
4249
3700
4105
2483
4031
4066
3927
1832
1515
3548
584
2667
192
1724
4290
3127
2775
2897
1158
329
2991
2574
1070
2767
4042
501
724
738
2325
3732
1757
1356
2760
859
2202
835
360
3162
3269
3377
1803
928
1021
816
2695
2660
540
1795
1490
4003
1352
2856
953
1784
1559
3525
1864
837
1567
2373
350
2519
1730
4292
2245
356
2031
4162
2881
3175
4347
2430
3505
4364
483
2457
753
974
1417
1265
3177
1576
4272
1131
2259
2913
3404
309
1152
1065
3331
3578
4027
654
3731
2296
3806
1702
2387
152
367
3699
1540
2608
1954
4192
634
2129
1934
1424
328
1225
1149
3724
647
428
2886
4131
1258
1549
4377
582
1683
2541
2938
4126
989
737
1658
4328
4142
2706
2240
3577
480
1285
3381
1733
278
1952
1868
3784
2365
1538
429
1028
1091
3671
1661
3573
4097
3942
1696
1617
1937
714
1880
2507
3039
3202
2743
248
602
546
641
327
3111
537
1565
3292
2327
92
1527
797
1779
1275
1624
4076
3821
680
3789
2662
3151
2186
244
1414
3657
3963
1134
3482
2049
3086
472
2238
2021
2166
1012
3196
1506
4157
1926
1361
3220
3759
1378
2970
3289
1570
3628
2998
219
2163
2670
4174
2549
3529
2052
3983
231
2123
2406
791
493
3569
3904
2225
2966
3764
869
4248
2909
4236
2505
3405
2417
2054
2624
2653
3322
2425
1019
2165
3554
3630
3822
1788
627
1164
3808
896
1660
2321
730
1545
3380
913
1720
2875
91
433
2731
2403
2696
1504
2215
3180
882
616
2318
395
97
453
1403
597
3711
196
3964
2521
1167
619
4305
95
1505
2725
1312
1050
2994
2290
3268
3672
774
1015
3441
2787
3110
909
2187
893
1635
2258
2576
3366
1379
742
2072
676
4282
1157
2720
707
569
919
2167
3931
1376
696
842
1888
2898
4288
4352
2438
1564
923
3776
2830
1222
3918
2612
3095
750
3557
3887
216
4160
850
726
1838
2571
3990
2274
1323
2219
2214
701
4358
821
4128
3999
3491
2476
2790
2768
2494
4153
1491
3500
3631
1202
2391
2087
310
1475
4199
2974
2563
1623
2350
2877
3635
2984
2747
2492
2972
1018
2745
3697
1908
1901
4342
193
566
3595
1035
954
1172
868
3001
4155
319
1519
2234
304
2266
775
4121
3168
455
3510
3303
884
2007
925
3562
85
4106
4144
4075
2763
2130
3825
2051
2630
2364
1256
1711
3345
4331
846
3892
2752
3956
1766
1913
1632
2177
258
1656
3710
4134
272
1581
4058
5
2343
1886
338
322
3604
2928
1466
2757
1495
1470
1322
575
2715
3467
2780
2852
4252
2113
887
3267
2073
2694
252
2474
1639
2699
2948
1884
694
1214
212
2961
709
3207
1667
2156
355
2657
4283
1636
1349
1452
862
2333
2870
1941
2275
2436
3712
653
1897
420
1558
1813
2141
685
2120
904
3144
766
3067
3800
1878
1966
3004
1799
614
2347
3714
226
4270
315
205
858
4343
1642
1345
2140
1145
1542
45
512
3017
2586
281
3459
3896
1386
706
3312
3263
230
2708
3797
2811
610
1514
123
2805
1999
2901
2284
3774
1276
3198
2085
985
374
3544
1501
22
780
1673
3656
2273
2980
3623
1684
3824
3826
3814
2399
1355
1489
3521
3898
3323
3950
2813
691
1307
3867
2582
2538
2314
2209
2050
1076
669
1907
1727
434
1014
1097
2687
3117
2629
2510
962
1975
564
1816
559
13
3133
759
389
2475
949
1333
2359
800
531
1614
4043
2817
1801
1398
2930
94
853
1938
1450
2633
961
2663
3611
1073
643
1794
1331
3244
3070
284
1530
1821
729
3266
1249
3995
2216
3751
1774
839
215
773
3535
796
3652
910
1036
289
783
3310
3603
2590
3871
3329
2723
2053
2388
2076
3089
3667
2196
2802
1410
1148
1995
53
818
2611
3528
1745
2535
3471
3239
2843
1680
667
1834
2585
3487
3233
2741
2958
502
3340
624
1807
1422
2190
865
2223
548
2168
4019
794
2864
914
3347
3008
1812
935
3314
282
1160
1106
757
1610
3286
2447
307
772
2596
4321
2581
1844
4082
911
1911
678
2254
201
2915
2260
659
966
1130
270
3350
206
317
3538
2249
4039
2251
1806
3644
3118
2959
1968
1320
1602
3137
3599
956
2868
469
1228
3616
2442
2390
4059
3765
2104
2658
739
1959
2128
2584
577
921
170
3994
1973
1220
2217
1688
1342
2735
983
3592
1585
3399
4312
4138
2665
2593
1457
1483
1998
3031
1001
3306
2627
1746
1822
1061
1655
2467
2778
2518
3511
1846
1836
973
1982
601
3349
1986
3524
180
1824
2019
3733
957
3706
2330
3465
3851
558
3543
3929
2106
3917
682
3536
4315
3673
2338
3420
15
1293
596
2772
2115
2308
2962
2893
385
798
2809
4054
3393
2714
340
981
1518
633
4281
3755
3354
3545
2385
2550
4300
2705
333
2453
2276
4012
523
2176
2454
2907
979
2860
2602
1933
2207
277
425
251
4197
3848
3749
591
1631
2659
638
1315
656
2754
2369
2703
332
3553
630
3363
708
2622
1912
3555
1770
1606
606
4124
2368
3884
4049
3889
4223
1368
3713
2572
337
448
2246
426
4026
1119
1981
1418
2243
1105
1488
396
1309
486
1004
188
1679
1482
4250
539
3195
4047
3012
1764
3537
1739
440
1980
1390
2081
427
3026
2043
1628
2579
2124
1894
826
1935
1168
3586
1209
1113
3428
24
1159
3149
265
1885
4380
499
136
807
804
2965
3650
293
1084
3264
3519
2298
620
3582
1948
4151
1893
1815
1539
1984
802
4122
2099
1156
2758
918
1989
2588
458
3729
2796
3470
2987
1997
541
1916
4185
1588
764
3526
4083
2161
3979
514
1777
572
199
422
3496
924
2620
4023
562
3256
1829
4371
778
875
1287
611
1593
2178
3694
4084
2559
2513
4130
4000
2673
3709
4135
3549
555
2680
3703
2647
2389
1240
820
3815
2999
1140
1213
595
1752
3926
4289
4381
291
1346
1370
1890
2664
941
1227
2716
2776
1961
1690
1302
3893
3968
362
984
2566
4286
2605
3687
463
4092
2681
55
4194
3124
2783
2032
1289
2295
408
3704
3804
387
3559
745
102
2367
2927
3668
1531
1071
198
1296
4102
912
2419
642
687
1338
1075
2133
1512
1605
225
254
1819
2017
4254
3290
3627
4080
372
2386
208
2461
2960
1468
2900
671
2655
658
3498
273
3251
4041
2567
679
3359
3502
3590
2270
3971
3575
266
1217
551
990
2899
1210
2700
2816
1689
2947
2698
740
2484
2261
3645
1103
365
4002
2591
2024
996
4101
1458
1365
2674
3976
2678
3302
481
3985
1430
3632
1350
3799
461
1238
1729
2941
416
1133
2606
3581
2683
1852
2010
1723
2676
2617
815
368
3344
1942
1125
2356
1513
841
1870
1851
246
3048
3726
3060
1867
1797
2116
2885
2537
1100
898
1854
588
4132
1132
153
2710
1953
2730
4152
1790
2441
3129
721
410
2378
3142
2604
1089
965
4006
1272
2458
825
2397
1572
3754
3274
1153
269
364
3245
3580
3327
341
848
2498
1936
2282
3647
3479
646
2263
1830
2753
4238
4375
185
1049
3762
3993
4383
4141
2551
3591
2135
2986
3675
3343
2631
2803
3332
4020
1155
2722
1484
2769
699
2095
78
829
2269
4116
3803
98
2516
1738
560
3720
2749
174
2486
2157
165
947
1325
1969
2636
664
670
939
447
2589
1773
1653
2923
1917
813
1207
2848
2727
1478
1271
4173
1850
3005
788
177
2616
3447
3337
2914
2840
3895
4136
1646
1434
1279
2821
1496
1115
1102
41
3386
4125
1146
3221
781
1511
1402
3541
1247
1502
2545
419
1600
17
1083
2690
2090
1208
2827
3454
536
2280
3589
2989
2324
2651
42
229
2625
4207
4183
2527
3561
3016
3422
1467
1048
1254
2203
3738
1176
4060
2837
2933
1114
1401
2143
397
3753
1781
3852
3275
992
1875
1943
1837
2623
1990
2398
700
262
4146
3512
3421
3882
354
662
3957
1814
4216
3307
2459
2863
3633
716
2016
2384
720
1111
3148
3466
4218
7
504
2539
436
4143
1626
4362
3007
370
3945
359
2931
1760
1072
3609
1817
81
3728
811
2536
2867
917
2506
1918
1041
1255
3497
580
929
381
2235
2313
2028
890
2748
927
1011
1833
1804
12
931
3367
2340
2410
801
3516
1043
2887
1767
587
297
1644
2709
4071
500
513
4017
294
686
758
112
2255
2448
2344
467
233
1064
710
2307
3626
2951
2855
554
2791
2736
640
861
885
4299
1363
3472
38
1185
468
2174
2646
2522
3032
4242
755
3324
3216
2648
213
1577
3025
3401
1541
383
1810
10
1136
2301
2351
3056
1205
2443
4009
347
2109
2781
3683
2771
2592
552
2317
556
3283
1206
1590
169
978
1657
353
393
342
1758
2500
1498
2300
492
2726
4004
1750
2684
344
3810
972
1914
2818
4015
1479
510
2100
3958
2013
1768
4293
2905
166
2439
3905
3830
2583
1640
713
3317
1191
2766
4337
3788
2556
2934
2911
1282
2265
967
4067
3638
1166
2056
1082
202
4175
3301
736
867
3355
391
2487
3474
4363
955
530
684
2341
991
3737
844
3513
1409
1243
1526
3858
2145
3093
3522
1985
4350
903
528
1976
3766
1353
2751
2954
571
3224
2826
2405
239
4280
331
4137
2603
3090
3915
814
1630
1162
2969
2552
4090
4033
1930
3440
1793
2188
3585
1555
1960
840
849
2154
644
3094
2940
1170
2236
2408
4184
2160
1042
151
2132
3237
1568
2728
2358
158
4274
1847
1882
1508
2183
3533
1137
1013
834
3501
4267
3655
2800
3018
1394
3357
415
261
3860
3494
1927
711
1839
3284
3840
3518
3431
2785
2127
2712
2229
2020
1608
2879
527
2979
756
1066
232
1433
3978
2921
243
1994
3346
1029
1474
920
2463
1288
3050
3791
2192
2122
2882
1649
2244
922
3034
3792
1373
2009
2008
3053
437
1835
4372
1425
3568
586
727
3235
3837
851
1300
1339
2262
1143
3864
2471
1181
1266
1643
1432
2964
3293
3935
1654
348
1736
2641
1219
2033
712
2319
2150
1092
1397
2553
1031
3309
2272
3734
2396
4208
4081
3981
2542
4225
1382
2153
2237
754
1327
3397
221
3492
4069
1557
2926
4156
4113
3639
2946
4053
1500
3598
3621
2311
3723
4120
1748
2523
363
3291
2283
1853
3204
2823
2204
2337
3169
2682
1306
3176
2891
3413
1374
3736
1823
2509
4094
3612
771
2661
1253
3058
276
1387
4245
2125
235
639
1171
3490
1246
1453
1077
2170
3507
1946
3444
3192
418
2179
3685
3973
958
743
4285
413
3436
3388
3530
1389
2614
3373
4011
4268
308
197
1547
1215
1445
2543
857
409
1775
2293
3278
2704
3740
987
3437
2198
652
298
306
2626
3489
1759
3584
960
1762
1866
236
3540
4169
4240
3695
2949
392
3967
3408
993
1899
3139
4345
2316
2415
2740
4385
2613
3499
1525
462
1524
547
4373
1580
3458
2944
349
819
2971
3295
2697
1347
1563
4220
3308
4051
442
2412
4265
3597
1898
1599
2508
3921
1274
2142
1613
3114
3940
1334
2037
886
1978
1694
3265
1744
2918
3686
405
1963
4100
3297
1022
1700
2268
3173
1324
4096
1820
975
2782
1533
4099
1716
1669
1566
1550
3746
1809
2433
352
3375
1311
4147
2011
1357
2407
3952
1920
2499
1939
767
1485
345
4219
2993
1250
1905
1521
3288
2764
827
314
2420
2906
3681
117
259
3823
847
3227
1211
717
2744
454
2569
3725
2022
4351
3955
3342
4329
3188
3480
3620
1786
2531
3029
3906
3418
535
3477
1896
2247
1956
2672
3910
1317
3610
1436
1659
4057
3075
4211
2792
2737
968
1027
3716
2529
3318
574
175
271
471
1328
4095
2888
2746
2621
2401
4065
3450
784
3469
2126
2413
3744
4304
2058
21
3853
1109
1949
2774
1753
943
2738
127
164
3594
2112
2184
1492
1931
1235
2119
1465
1204
2981
3705
321
4276
3395
579
2446
1002
361
1165
1595
300
1281
1034
689
2147
2953
1732
3009
1304
4374
2006
3087
964
325
2226
1178
23
3478
2995
101
2756
3614
636
4354
3059
4296
1237
2460
3747
4028
142
2279
878
3572
3658
443
950
1507
4182
334
3412
1088
382
2241
1372
3546
3833
2
1578
590
2619
292
722
4150
1420
3182
407
3508
1685
635
2975
604
1682
3358
1671
1962
3092
1416
65
681
3400
3587
1769
267
2063
4231
3676
187
4357
599
4284
1855
3984
3659
770
1554
768
2320
1947
4306
403
995
3752
1509
2139
3997
2707
1859
37
2515
1269
3383
168
414
883
1319
2628
1299
3622
14
3299
313
852
2789
787
1147
1033
1251
1713
2199
2717
1120
1737
3486
4077
1078
3232
2278
1391
3588
3433
3816
3779
1257
795
3688
4109
2480
2304
589
3333
3637
828
373
2795
1544
1301
593
299
673
2191
311
3473
182
2654
3613
3845
3722
1517
2996
1010
2411
621
2568
1991
3982
906
2232
371
1343
4178
2097
4260
3014
237
1074
1609
2092
115
1843
3445
1063
3741
339
4074
3200
1957
2983
4246
2742
3969
1965
2312
2281
665
629
2597
451
477
2434
879
4298
3100
478
2895
3902
3371
1200
1268
1344
609
683
1664
4234
1024
1556
2910
3493
3509
2096
1494
1016
2957
3719
2136
3794
183
134
613
4275
390
3579
2374
3977
1030
573
2181
2352
3294
4317
3430
1313
1144
2685
1381
2595
1869
6
4148
181
263
3193
3600
2098
3028
632
2027
2833
2102
2978
1889
3576
3389
2546
2671
126
2195
793
3593
1705
1856
3624
3427
4112
240
4172
2029
110
631
3891
1232
2089
3369
4177
2117
2610
1633
2956
1944
162
4257
207
2101
264
2869
936
1842
2045
1722
1297
3071
4167
2030
1546
703
2018
4213
3666
1234
2580
1902
1601
184
831
1068
2213
2916
769
2532
1451
4118
1039
799
2212
2750
1242
2990
473
2041
2084
3988
1647
1038
1009
358
3962
3556
2306
1791
674
2445
3417
257
3257
1672
3240
211
2924
3801
1183
449
3225
3062
1650
568
970
2437
3135
2354
3761
2025
484
1922
4159
2615
2149
417
2286
1192
1395
786
1589
3449
227
4316
3020
2632
1189
3211
1380
3300
2079
4189
1045
1652
1532
3464
2220
2594
1223
805
290
3777
3146
3661
1252
2560
2151
475
2788
806
1481
2038
2210
1787
3242
980
3965
4297
84
3974
1584
488
2988
2540
932
1456
1298
543
1180
4052
3391
3270
977
1241
2462
1239
4091
1060
75
287
4341
401
4367
732
156
1263
399
224
3640
1326
3030
2060
178
1173
4195
1721
763
4247
1651
2904
702
3756
1362
1233
2159
4061
1471
1354
2257
3646
3785
1375
1828
3364
1364
2468
705
3961
1553
751
1360
4103
220
1085
1348
2573
2464
2922
1924
1438
4348
129
3894
3258
3021
661
2046
3426
734
2002
4056
2105
3022
2799
439
1950
677
637
561
39
2402
723
1273
3617
1020
3696
1469
3315
4217
1645
2859
2562
4230
511
1138
2108
3939
508
3407
1648
1359
509
3160
4320
2383
1778
1740
1163
1095
69
2504
3102
2985
1825
1037
3123
1128
2404
3717
3839
242
2239
4114
2208
3088
889
1618
1603
2952
122
1906
2724
1892
503
302
4154
1499
446
1772
3442
1871
2440
4030
2701
1808
1996
44
4070
2473
3406
1616
3972
969
2366
1910
2342
3914
2997
1404
283
296
4204
942
1093
3276
312
161
2004
4181
1122
3215
2548
2334
762
1827
2014
3252
1951
4089
2963
1641
4339
4261
2131
1873
2601
2693
1611
4133
1305
873
1199
1310
1081
2808
303
617
3402
3742
3122
4241
335
3835
4353
2858
1607
466
4158
1826
2242
1945
1476
790
2820
3403
1067
2501
3615
421
2071
3551
4093
2421
384
1423
346
2323
2967
3432
2982
3336
376
1182
4266
3682
260
808
761
2555
3481
2896
1439
336
1415
1883
2309
2883
1782
2252
1216
1318
3194
1612
431
63
2570
2055
4171
3727
1627
2490
3660
3692
1175
1529
1703
1709
3817
2173
4098
747
1290
1459
1629
2182
3812
672
549
2428
3730
1743
2392
930
2289
2233
3374
2884
4021
4244
3966
2065
3888
1780
3874
2892
380
2034
482
1184
150
214
3463
3011
2649
1695
4104
3653
2721
1055
2828
2942
3394
3234
934
2643
3607
618
19
3520
1874
521
2121
4200
3947
1741
412
3567
3236
4111
4196
4018
1818
1053
105
3222
557
378
698
622
1597
2077
1708
3674
1714
2872
1377
2059
2719
3313
3376
1900
1528
2164
2524
3435
3439
752
719
4338
3453
2829
173
3280
106
532
1245
2688
2189
608
3443
2675
533
3532
3006
832
4072
3503
3763
4013
3980
915
874
1754
2305
2144
3735
628
1399
735
3861
1139
4005
3411
2036
2955
3495
615
1369
2455
731
3760
1098
