295
454
917
45
330
192
4
75
241
268
227
1070
530
68
959
121
1026
157
701
109
91
748
838
747
705
1030
696
274
516
134
410
564
775
85
803
922
480
1008
74
82
200
649
776
205
492
280
635
733
159
135
978
629
509
242
697
195
511
916
901
595
837
878
670
80
680
347
462
569
704
284
954
552
1073
196
688
343
924
49
185
89
210
125
997
896
883
341
736
804
216
942
400
150
114
571
945
161
1016
96
309
212
137
941
491
404
979
463
385
180
679
67
191
891
890
1015
405
353
57
460
391
938
506
253
258
283
818
603
40
433
846
95
893
1018
56
1017
372
439
394
887
1024
583
148
73
601
909
1058
81
342
83
207
738
760
725
927
735
468
929
740
451
411
124
958
816
86
176
1064
314
819
197
963
90
700
494
971
247
246
336
743
500
767
179
15
947
931
129
985
387
718
937
1031
768
869
103
788
229
640
889
830
731
528
752
865
478
1010
627
966
1074
340
138
361
367
443
526
352
727
489
320
168
496
476
214
1003
824
842
836
976
532
237
63
38
926
549
98
233
333
388
631
348
501
23
162
299
560
867
48
802
1081
554
811
286
955
402
29
222
409
987
474
914
401
840
1001
297
164
71
327
990
645
440
1002
825
444
835
466
143
581
856
695
828
254
659
654
245
93
1076
556
281
592
504
389
123
553
278
749
428
671
994
630
690
371
657
277
720
55
166
808
360
319
550
12
20
632
793
298
845
580
64
370
54
746
263
154
487
365
475
703
575
59
702
692
763
555
782
805
993
643
165
61
303
968
970
223
674
358
960
378
619
956
395
667
406
714
334
1029
844
459
641
174
122
442
470
417
461
573
574
117
1041
279
537
234
19
1065
36
119
821
37
981
939
637
115
600
1082
236
33
321
853
543
864
1027
356
876
94
22
202
171
1014
859
149
1051
456
998
354
291
335
854
737
732
392
587
453
1048
1056
602
18
310
758
996
980
1009
1034
243
441
685
936
895
675
419
146
173
373
982
139
633
112
376
699
209
1038
882
269
656
183
983
713
72
1011
359
698
995
300
204
613
833
377
868
899
757
42
26
482
1067
540
488
567
932
586
131
795
408
761
907
975
301
847
502
1036
780
308
784
829
517
655
611
471
638
967
217
313
457
425
715
324
145
861
676
175
799
58
624
606
834
536
812
851
9
542
429
800
693
858
940
636
206
820
863
1069
839
208
357
328
184
765
32
66
614
84
31
311
422
449
677
857
850
545
7
1039
599
508
797
1063
218
930
991
1032
181
785
498
1000
153
17
663
510
892
616
316
1054
744
198
791
597
943
626
432
47
988
921
221
362
62
427
1083
625
326
251
548
384
147
472
323
193
28
304
885
777
609
710
687
563
650
436
751
512
186
399
481
232
21
607
479
322
781
716
386
127
60
585
682
368
934
126
92
902
381
708
726
97
374
287
798
623
514
1080
70
239
1
565
1005
639
140
999
584
935
707
612
977
345
430
686
50
728
423
1004
265
366
666
796
1044
578
520
557
41
225
1059
13
332
912
276
852
30
382
416
972
1022
605
546
771
783
739
953
447
1007
6
949
1023
484
231
273
438
974
594
1019
418
431
177
541
426
658
904
188
660
2
483
874
1053
79
495
1066
331
364
437
621
120
871
531
255
355
220
593
116
379
302
534
807
518
525
925
272
764
1040
522
452
722
473
908
562
349
1006
662
809
88
403
329
684
264
590
588
608
810
681
642
527
773
155
339
160
420
102
620
862
661
390
815
107
499
750
866
880
668
579
1025
337
1078
772
34
156
152
572
946
521
792
826
317
65
598
721
944
596
5
351
434
446
44
293
827
14
653
969
455
894
118
445
881
113
790
915
950
486
769
753
435
952
849
591
774
260
673
224
24
219
582
617
136
294
111
678
691
485
415
16
25
756
507
133
35
167
906
986
1071
877
490
570
1047
414
786
897
182
664
672
1037
201
539
884
872
647
194
458
305
524
393
189
948
363
823
0
754
87
814
886
296
928
163
576
213
282
1045
992
841
1035
919
