88
794
1277
738
669
94
57
55
181
537
733
749
310
1043
374
735
167
452
1096
1182
191
336
507
1067
954
1094
475
1104
503
1063
173
425
6
89
400
215
193
613
1273
848
955
1042
53
1093
819
68
557
898
359
1205
544
931
21
633
124
578
147
1085
378
659
539
718
968
1262
532
107
155
1035
34
449
422
472
761
221
297
114
946
67
782
87
269
148
1060
235
1266
1166
27
420
435
448
367
150
509
1121
113
132
383
531
64
554
634
1156
688
963
1279
702
708
704
35
1242
436
257
1086
870
268
470
1082
505
1206
366
169
572
897
399
318
321
1210
922
90
619
1004
516
478
917
471
197
809
188
494
783
62
295
1209
754
276
644
627
720
118
1192
1229
836
1197
964
1103
1148
294
138
81
642
1278
504
1058
581
397
969
1175
182
953
552
815
751
707
1031
1118
1251
977
446
234
1122
1155
521
555
439
655
1032
1135
1089
375
1013
1247
756
653
361
637
1050
534
186
152
744
614
546
820
548
330
264
144
1253
246
164
757
44
458
391
200
791
899
45
1222
233
445
288
731
592
163
1126
706
468
1054
278
951
415
1100
222
1024
883
920
9
816
679
980
158
1149
842
1111
506
867
479
890
830
934
695
65
232
1265
565
1162
143
498
123
974
1274
611
629
1070
453
832
616
86
462
1075
585
1181
838
199
811
875
423
1114
1091
219
293
715
986
97
793
387
396
1064
690
876
746
409
1116
1021
671
180
568
956
770
1187
323
369
843
1164
340
1223
1194
237
1020
589
753
804
860
541
74
42
135
1271
390
750
626
291
329
1107
766
993
412
1142
833
1186
966
808
891
691
726
882
1231
641
575
92
112
1257
136
60
66
657
567
839
426
988
1167
1009
1108
8
1150
1028
740
900
418
915
1137
256
497
153
855
579
277
1016
259
609
103
1189
647
752
1087
975
1215
1074
1227
298
93
1153
1127
723
20
105
854
1235
441
165
225
617
1179
961
944
70
486
550
392
1065
1173
208
238
987
267
194
437
1214
703
251
564
1144
443
896
1171
61
792
827
26
355
1014
992
807
1025
444
1008
948
195
77
220
660
1079
1131
106
1151
314
253
408
903
48
252
95
189
91
104
327
304
80
1201
1117
309
331
376
307
997
1097
1071
319
881
1001
1165
438
98
698
82
517
886
863
316
1219
342
1263
341
721
610
258
865
676
241
1139
127
608
712
274
984
22
205
299
151
810
15
56
658
128
335
403
37
1225
84
545
406
36
149
736
907
1106
1275
1061
249
7
500
803
929
122
223
351
569
137
338
176
347
482
405
1243
935
1000
33
1018
125
765
1161
868
204
111
835
593
301
700
821
1199
924
591
960
1012
570
786
499
465
950
908
1019
769
985
741
823
1068
1183
1226
612
207
474
166
1006
1095
664
427
179
939
643
218
635
185
813
696
1204
887
187
75
85
559
724
212
248
283
1053
849
558
431
285
888
758
416
713
632
1049
662
1191
571
902
1081
789
480
1264
574
25
518
119
597
192
1101
604
411
989
996
602
1051
1113
292
224
940
272
236
455
362
1112
3
668
379
1160
1044
1196
620
694
663
1256
451
1190
805
1059
710
356
1195
528
289
160
677
941
748
457
324
995
797
216
354
785
636
1220
1185
372
240
395
1072
914
466
680
943
1090
844
1244
967
1232
828
841
72
243
1154
1046
348
729
618
1169
284
1132
799
1073
957
306
1005
621
858
370
923
976
747
1098
970
337
1130
430
717
473
63
520
1172
909
759
385
213
1037
582
795
270
129
510
1078
771
709
141
1255
523
971
536
869
716
5
599
59
661
1136
1228
894
1208
333
790
17
586
699
365
762
51
990
527
184
1240
1259
837
1237
684
58
1146
905
773
1066
459
432
28
31
1258
47
464
705
639
524
778
1129
203
781
317
407
687
363
1178
1
308
937
433
515
287
906
126
1152
10
711
117
802
501
206
1267
884
1099
71
1055
1249
161
936
38
156
282
607
13
217
912
588
930
140
1184
273
281
774
530
725
1119
502
851
300
714
625
171
1207
910
1123
674
1260
784
928
1168
1241
477
800
146
1188
755
325
1198
817
739
490
918
1109
560
1170
927
32
514
487
381
16
1202
492
590
829
178
511
305
41
764
981
965
1218
261
346
1141
878
959
1176
1143
382
139
484
681
982
600
730
573
678
275
201
1212
461
162
1239
1245
227
263
46
244
424
102
265
1003
780
18
350
296
649
873
315
885
651
99
1159
656
40
916
0
1145
556
384
30
1038
417
850
542
450
796
932
364
210
1052
401
866
533
1230
994
1041
134
202
1217
877
893
434
389
254
312
745
1030
1234
701
1128
279
561
1110
692
972
978
154
1076
23
380
672
1088
682
404
120
580
402
39
628
605
938
245
73
822
352
50
1069
727
947
551
228
553
157
145
686
109
824
496
814
83
615
69
414
583
1092
1033
345
373
54
339
2
1039
945
239
519
344
168
1269
357
926
447
598
328
1246
872
190
247
925
313
1029
806
624
576
76
1133
229
116
645
942
280
648
271
266
826
