965
389
65
978
971
859
87
625
1137
999
432
431
53
735
25
644
598
915
993
931
285
996
287
51
462
299
1184
212
642
382
663
793
83
461
358
196
371
1114
948
565
998
296
868
499
866
50
803
855
1071
342
343
379
76
1150
37
506
967
27
674
28
942
593
870
393
997
434
1015
680
651
75
989
1048
646
35
985
451
1182
1108
927
729
213
659
702
740
851
1169
491
317
419
1138
895
276
1131
136
200
96
198
437
459
319
171
811
884
828
840
1051
655
261
552
933
352
510
487
323
618
921
418
324
637
860
209
440
853
1010
771
901
329
391
693
477
1060
436
590
542
460
800
534
102
629
445
385
1157
168
397
954
271
11
24
928
1142
769
234
808
1050
634
429
455
1068
29
1175
561
1105
905
524
119
1011
498
748
601
992
1179
567
919
141
682
494
292
864
1007
960
56
262
251
706
312
649
532
753
988
1089
225
752
214
822
249
736
746
514
172
159
152
677
587
279
69
522
7
1181
135
1177
157
691
57
986
80
242
809
987
772
104
68
303
925
787
114
99
603
654
307
613
891
749
810
780
751
949
128
295
1031
1092
1111
288
1014
94
525
268
1063
1045
944
365
816
861
328
211
411
227
686
450
516
745
78
621
502
903
741
36
158
767
420
869
424
293
1140
73
1178
615
275
207
665
1136
95
1093
977
208
785
555
321
664
938
72
714
123
1112
117
447
722
265
178
778
783
727
415
283
369
191
681
936
543
962
457
951
670
147
366
449
217
824
966
30
536
134
1143
347
1036
1161
446
483
246
286
602
784
709
1100
9
284
666
717
428
975
1003
74
334
974
585
549
333
638
1033
156
103
474
452
668
788
484
770
105
195
934
1032
885
1074
1037
671
847
402
553
357
990
1055
723
439
734
359
830
66
464
19
1034
142
175
1065
731
609
5
939
8
1171
675
953
792
1149
466
764
471
743
1052
132
90
1043
1042
533
38
1090
33
13
917
55
560
900
1135
280
384
229
1130
1101
129
846
218
1133
730
881
782
1094
245
687
626
662
23
645
354
1001
387
383
937
127
1121
43
845
970
886
71
374
1127
725
1075
718
1154
505
760
1044
254
576
18
61
224
831
716
758
199
480
244
679
309
1081
1128
1021
315
545
453
1123
1129
732
624
562
983
493
620
1173
696
256
1079
388
632
660
863
63
14
1097
253
232
684
1151
596
375
943
160
151
400
737
395
417
150
981
1124
189
672
913
807
911
162
339
804
535
882
337
85
584
906
1099
40
1029
929
1104
221
826
647
605
699
138
1017
1059
622
294
179
683
485
658
32
513
526
694
656
310
799
611
821
520
857
623
41
1148
849
320
678
267
964
715
282
914
126
215
433
589
867
1153
176
879
1019
761
346
1122
773
639
6
58
120
331
1146
566
340
1167
739
4
698
1057
426
353
412
1119
476
467
308
827
488
512
653
291
405
169
116
1028
266
775
685
878
546
1145
1016
1078
728
442
350
273
233
306
515
413
527
1159
153
356
628
475
710
630
786
961
47
202
834
206
472
311
1172
703
1116
314
1012
82
924
619
1064
880
814
247
608
1049
336
1164
633
894
600
1041
332
796
92
1056
839
1158
756
979
817
912
612
409
381
146
495
923
184
111
361
235
444
537
874
538
872
652
794
226
904
52
692
575
982
164
1126
64
241
197
203
582
795
1185
1147
950
81
335
711
957
994
210
163
481
190
573
106
688
239
841
112
44
571
1070
1040
492
898
592
976
528
0
569
401
17
390
829
547
887
1062
20
583
578
404
341
763
91
801
463
100
165
738
790
1110
1156
876
1165
594
15
503
1088
539
394
187
363
1168
344
298
1118
574
1004
301
1113
850
240
318
544
959
193
631
627
26
377
755
1091
832
643
648
313
968
820
500
137
1117
373
367
550
305
1176
378
852
148
926
871
427
351
3
932
548
518
579
255
1027
243
1174
386
115
531
616
833
410
606
597
779
1005
70
1008
1187
473
443
501
844
489
701
570
726
201
604
54
940
79
984
774
222
1066
554
1144
1047
572
155
947
890
110
236
873
1162
1086
173
802
468
762
161
1166
708
456
125
690
16
414
380
250
399
791
62
109
650
754
1022
407
139
182
406
49
910
909
258
661
1106
768
1152
805
1155
98
1186
376
42
819
188
657
918
720
230
610
586
972
1134
1103
1077
669
558
45
205
277
1030
673
958
1180
1054
892
1076
556
1039
257
1006
370
143
1087
260
448
372
897
21
174
854
700
408
838
192
599
757
458
274
776
842
973
10
818
348
145
1080
48
508
1026
1002
837
1
1067
588
149
