1280
1281
1282
1308
1309
1310
1311
1312
1313
1314
1315
1316
1317
1318
1319
1320
1321
1322
1323
1324
1325
1326
1327
1328
1329
1330
1331
1332
1333
1334
1335
1336
1337
1338
1339
1340
1341
1342
1343
1344
1345
1346
1347
1348
1349
1350
1351
1352
1353
1354
1355
1356
1357
1358
1359
1360
1361
1362
1363
1364
1365
1366
1383
1384
1385
1386
1387
1388
1389
1390
1391
1392
1393
1394
1395
1396
1397
1398
1399
1408
1409
1410
1411
1412
1413
1414
1415
1416
1417
1418
1419
1420
1421
1422
1423
1424
1425
1426
1427
1428
1429
1430
1431
1432
1440
1441
1442
1443
1444
1445
1446
1447
1448
1449
1450
1451
1452
1453
1454
1464
1465
1466
1467
1468
1469
1470
1471
1472
1473
1474
1475
1476
1477
1478
1479
1480
1481
1482
1483
1484
1485
1486
1487
1488
1489
1490
1491
1492
1493
1494
1495
1496
1497
1498
1499
1500
1501
1502
1503
1504
1505
1506
1507
1508
1509
1510
1511
1512
1513
1514
1515
1516
1517
1518
1527
1528
1529
1530
1531
1532
1533
1534
1535
1536
1537
1538
1539
1540
1541
1542
1543
1544
1545
1546
1547
1548
1549
1550
1551
1552
1553
1554
1555
1556
1557
1558
1559
1560
1561
1562
1563
1564
1565
1566
1567
1568
1569
1570
1571
1572
1573
1574
1575
1576
1577
1578
1579
1580
1581
1582
1583
1584
1585
1586
1587
1588
1589
1590
1591
1592
1593
1594
1595
1596
1597
1598
1599
1600
1601
1602
1603
1604
1605
1606
1607
1608
1609
1610
1611
1612
1613
1614
1615
1616
1617
1618
1619
1620
1621
1622
1623
1624
1625
1626
1627
1628
1629
1630
1631
1632
1633
1634
1635
1636
1637
1646
1647
1648
1649
1650
1651
1652
1653
1654
1655
1656
1657
1658
1659
1660
1661
1683
1684
1685
1686
1687
1688
1689
1690
1691
1692
1693
1694
1695
1696
1697
1698
1699
1700
1701
1702
1703
1704
1705
1706
1719
1720
1721
1722
1723
1724
1725
1726
1727
1728
1729
1730
1731
1732
1733
1734
1735
1736
1737
1738
1739
1740
1741
1742
1743
1744
1745
1746
1747
1748
1749
1750
1751
1752
1753
1754
1755
1756
1757
1758
1759
1760
1761
1762
1763
1771
1772
1773
1774
1775
1776
1777
1778
1779
1780
1781
1782
1783
1784
1785
1786
1787
1788
1789
1790
1791
1792
1793
1794
1795
1796
1797
1798
1799
1800
1801
1802
1803
1804
1805
1806
1807
1808
1809
1810
1811
1812
1813
1814
1815
1816
1817
1818
1819
1820
1821
1837
1838
1839
1840
1841
1842
1843
1844
1845
1846
1847
1848
1849
1850
1851
1852
1853
1854
1855
1856
1857
1858
1859
1860
1861
1862
1863
1864
1865
1866
1867
1868
1869
1870
1871
1872
1873
1874
1875
1876
1877
1878
1879
1880
1881
1882
1883
1884
1885
1886
1887
1896
1897
1898
1899
1900
1901
1902
1903
1904
1905
1906
1915
1916
1917
1918
1919
1920
1921
1922
1923
1924
1925
1926
1927
1928
1929
1930
1931
1932
1933
1934
1935
1936
1937
1938
1939
1940
1941
1942
1943
1944
1945
1946
1947
1948
1949
1950
1951
1952
1953
1954
1955
1956
1957
1958
1959
1960
1961
1962
1963
1964
1965
1966
1967
1968
1969
1970
1971
1972
1973
1974
1975
1976
1977
1978
1979
1980
1981
1982
1983
1984
1985
1986
1987
1988
1989
1990
1991
1992
1993
1994
2014
2015
2016
2017
2018
2019
2020
2021
2022
2023
2024
2025
2026
2027
2028
2029
2030
2031
2032
2033
2034
2035
2036
2037
2053
2054
2055
2056
2057
2058
2059
2060
2061
2062
2063
2064
2065
2066
2067
2068
2069
2070
2071
2072
2073
2074
2075
2076
2098
2099
2100
2101
2102
2103
2104
2114
2115
2116
2117
2118
2119
2120
2121
2122
2123
2124
2152
2153
2154
2155
2156
2157
2158
2159
2160
2161
2172
2173
2174
2175
2176
2177
2178
2179
2180
2181
2182
2183
2184
2185
2205
2206
2207
2208
2209
2210
2211
2212
2219
2220
2221
2222
2223
2224
2225
2268
2269
2270
2271
2272
2273
2274
2275
2276
2277
2278
2279
2280
2281
2282
2298
2299
2300
2301
2302
2329
2330
2331
2332
2333
2334
2335
2336
2337
2338
2355
2356
2357
2358
2359
2360
2361
2362
2363
2364
2365
2423
2424
2425
2426
2427
2428
2429
2430
2543
2544
2545
2546
2547
2548
2549
2550
2551
2552
2553
2554
2555
2556
2557
2579
2580
2581
2582
2583
2584
2585
2586
2587
2588
2589
2590
2591
2592
2593
2594
2595
2596
2597
2598
2599
2600
2601
2627
2628
2629
2630
2631
2632
2633
2634
2635
2636
2685
2686
2687
2688
2689
2690
2691
2692
2693
2753
2754
2755
2756
2757
2758
2759
2760
2761
2762
2763
2764
2765
2766
2767
2768
2815
2816
2817
2818
2819
2820
2821
2822
2831
2832
2833
2834
2835
2836
2837
2838
2918
2919
2920
2921
2922
2923
2924
2925
2926
2927
2928
2929
2930
2931
2932
2933
2961
2962
2963
2964
2965
2966
2967
2968
2969
2970
2971
2972
2973
2974
2975
2976
3011
3012
3013
3014
3015
3016
3017
3018
3019
3020
3021
3022
3023
3033
3034
3035
3036
3037
3038
3039
3040
3041
3042
3043
3049
3050
3051
3052
3053
3054
3055
3056
3057
3058
3059
3060
3061
3073
3074
3075
3076
3077
3078
3079
3080
3081
3082
3083
3097
3098
3099
3100
3101
3102
3103
3104
3105
3106
3107
3108
3118
3119
3120
3121
3122
3123
3124
3136
3137
3138
3139
3140
3142
3143
3144
3155
3156
3157
3158
3159
3160
3161
3162
3163
3164
3165
3166
3167
3168
3179
3180
3199
3200
3201
3202
3203
3204
3205
3236
3237
3238
3239
3240
3241
3242
3243
3244
3245
3256
3257
3258
3259
3260
3261
3262
3263
3264
3265
3348
3349
3350
3351
3352
3353
3354
3355
3356
3357
3358
3359
3499
3500
3501
3502
3503
3504
3505
3506
3507
3508
3509
3510
3511
3512
3535
3536
3537
3538
3539
3540
3541
3542
3543
3544
3545
3546
3547
3548
3549
3550
3551
3552
3553
3554
3555
3556
3557
3589
3590
3591
3592
3593
3594
3595
3596
3597
3598
3599
3600
3658
3659
3660
3661
3662
3663
3664
3665
3666
3667
3668
3669
3670
3671
3672
3742
3743
3744
3745
3746
3747
3748
3749
3750
3751
3752
3753
3754
3755
3756
3818
3819
3820
3821
3822
3823
3824
3825
3826
3827
3828
3841
3842
3843
3844
3845
3846
3847
3848
3849
3850
3851
3852
3853
3948
3949
3950
3951
3952
3953
3954
3955
3956
3957
3958
3959
3960
3961
3962
3963
3964
3965
3966
3994
3995
3996
3997
3998
3999
4000
4001
4002
4003
4004
4005
4006
4007
4008
4047
4048
4049
4050
4051
4052
4053
4054
4055
4056
4057
4058
4059
4071
4072
4073
4074
4075
4076
4077
4078
4079
4085
4086
4115
4116
4117
4118
4119
4120
4121
4122
4123
4124
4125
4137
4138
4139
4140
4141
4142
4143
4144
4145
4211
4212
4213
4214
4215
4216
4325
4326
4327
4328
4329
4330
4331
4332
4333
4334
4335
4355
4356
4357
4358
4359
4360
4361
4362
4363
4364
4365
4366
4367
4368
4369
4370
4371
4372
4373
4374
4375
4376
4377
4378
4405
4406
4407
4408
4409
4410
4411
4412
4413
4414
4415
4416
4460
4461
4462
4463
4464
4465
4466
4467
4468
4469
4470
4519
4520
4521
4522
4523
4524
4525
4526
4527
4528
4529
4578
4579
4580
4581
4582
4583
4584
4585
4586
4587
4588
4596
4597
4598
4599
4600
4601
4678
4679
4680
4681
4682
4683
4684
4685
4686
4687
4688
4689
4690
4691
4692
4693
4717
4718
4719
4720
4721
4722
4723
4724
4725
4726
4727
4728
4729
4751
4752
4753
4754
4755
4756
4757
4758
4759
4760
4761
4762
4763
4764
4765
4766
4767
4768
4778
4779
4780
4781
4782
4783
4784
4785
4786
4787
4788
4789
4799
4800
4801
4802
4803
4804
4805
4806
4807
4808
4809
4810
4811
4812
4813
4814
4815
4816
4817
4818
4819
4820
4821
4822
4823
4824
4825
4826
4827
4828
4829
4830
4831
4832
4833
4834
4835
4836
4837
4838
4839
4840
4841
4842
4843
4844
4845
4846
4847
4848
4849
4850
4851
4852
4853
4854
4855
4856
4857
4858
4859
4860
4861
4862
4863
4864
4865
4866
4874
4875
4876
4877
4878
4879
4880
4881
4882
4883
4884
4885
4886
4887
4888
4889
4890
4891
4892
4893
4894
4895
4896
4897
4898
4899
4900
4901
4902
4903
4904
4905
4906
4907
4908
4909
4910
4911
4912
4913
4914
4915
4916
4917
4918
4919
4920
4921
4922
4923
4924
4925
4926
4927
4928
4929
4930
4931
4932
4933
4934
4935
4936
4937
4938
4939
4940
4941
4942
4943
4944
4945
4946
4947
4948
4949
4950
4951
4952
4953
4954
4955
4956
4957
4958
4959
4960
4961
4962
4963
4964
4965
4966
4967
4968
4969
4970
4971
4972
4973
4974
4975
4976
4977
4978
4979
4980
4981
4982
4983
4984
4985
4986
4987
4988
4989
4990
4991
4992
4993
4994
4995
5010
5011
5012
5013
5014
5015
5016
5017
5018
5019
5020
5021
5022
5023
5024
5025
5026
5027
5028
5043
5044
5045
5046
5047
5048
5049
5050
5051
5052
5053
5054
5055
5056
5057
5058
5059
5060
5061
5062
5063
5064
5065
5066
5067
5068
5084
5085
5086
5087
5088
5089
5090
5091
5092
5093
5094
5095
5096
5097
5098
5099
5100
5101
5102
5103
5104
5105
5106
5107
5108
5109
5110
5111
5112
5113
5114
5115
5116
5117
5118
5119
5120
5121
5122
5123
5124
5125
5137
5138
5139
5140
5141
5142
5143
5144
5145
5146
5147
5148
5149
5150
5151
5152
5153
5154
5155
5156
5157
5158
5159
5160
5161
5162
5163
5164
5165
5166
5167
5168
5169
5170
5171
5172
5173
5174
5175
5176
5177
5178
5179
5180
5181
5182
5183
5184
5185
5186
5187
5188
5205
5206
5207
5208
5209
5210
5211
5212
5213
5214
5215
5216
5217
5218
5219
5220
5221
5222
5223
5224
5225
5226
5227
5228
5229
5230
5231
5232
5233
5234
5235
5236
5237
5238
5239
5240
5241
5242
5243
5244
5245
5246
5247
5248
5249
5250
5251
5252
5253
5264
5265
5266
5267
5268
5269
5270
5278
5279
5280
5281
5282
5283
5284
5285
5286
5287
5288
5289
5290
5291
5292
5293
5294
5295
5296
5297
5298
5299
5300
5301
5302
5303
5304
5305
5306
5307
5308
5309
5310
5311
5312
5313
5314
5315
5316
5317
5318
5319
5320
5321
5322
5323
5324
5325
5326
5327
5328
5329
5330
5331
5332
5333
5334
5335
5336
5337
5338
5339
5340
5341
5342
5343
5344
5345
5346
5347
5348
5349
5350
5351
5352
5353
5354
5355
5356
5357
5358
5359
5360
5361
5362
5363
5379
5380
5381
5382
5383
5384
5385
5386
5387
5388
5389
5390
5391
5392
5393
5394
5395
5396
5397
5398
5399
5400
5401
5402
5403
5420
5421
5422
5423
5424
5425
5426
5427
5428
5429
5430
5431
5432
5433
5434
5435
5436
5437
5438
5439
5440
5441
5442
5443
5448
5449
5450
5451
5452
5453
5454
5455
5465
5466
5467
5468
5469
5470
5471
5472
5473
5474
5475
5486
5487
5488
5489
5490
5491
5492
5495
5496
5497
5498
5499
5500
5501
5502
5503
5513
5514
5522
5523
5524
5525
5526
5527
5528
5529
5530
5531
5543
5544
5545
5546
5547
5548
5549
5550
5551
5563
5564
5565
5566
5567
5568
5569
5575
5576
5577
5578
5579
5590
5591
5592
5593
5594
5603
5604
5605
5606
5607
5608
5609
5610
5611
5612
5623
5624
5625
5626
5637
5638
5639
5640
5641
5642
5643
5654
5655
5656
5657
5658
5659
5660
5661
5662
5663
5677
5678
5679
5680
5681
5699
5700
5701
5702
5703
5704
5705
5706
5707
5708
5709
5722
5723
5724
5725
5726
5727
5728
5729
5740
5741
5742
5743
5744
5745
5746
5747
5748
5757
5758
5759
5760
5761
5762
5763
5764
5765
5766
5767
5768
5775
5776
5777
5778
5779
5780
5781
5782
5783
5784
5792
5793
5794
5795
5796
5799
5800
5801
5802
5803
5808
5809
5810
5817
5818
5819
5820
5821
5822
5823
5824
5825
5826
5831
5832
5833
5834
5843
5844
5845
5846
5847
5848
5849
5850
5851
5852
5857
5858
5859
5860
5861
5862
5870
5871
5872
5873
5874
5875
5876
5877
5878
5882
5883
5884
5885
5886
5887
5888
5889
5890
5891
5892
5893
5898
5899
5900
5901
5902
5903
5904
5905
5906
5907
5908
5921
5922
5923
5924
5925
5926
5927
5928
5929
5930
5931
5932
5933
5952
5953
5954
5955
5956
5957
5958
5959
5960
6004
6005
6006
6007
6008
6009
6010
6011
6012
6064
6065
6066
6067
6068
6069
6070
6071
6072
6073
6074
6075
6076
6077
6133
6134
6135
6136
6137
6138
6139
6140
6141
6142
6154
6155
6156
6157
6158
6159
6160
6161
6243
6244
6245
6246
6247
6248
6249
6250
6251
6252
6253
6254
6255
6256
6257
6258
6259
6285
6286
6287
6288
6289
6290
6291
6292
6293
6294
6295
6296
6297
6298
6299
6300
6321
6322
6323
6324
6325
6326
6327
6328
6329
6330
6336
6337
6338
6339
6340
6341
6342
6343
6344
6349
6350
6351
6352
6353
6358
6359
6360
6365
6366
6367
6368
6369
6370
6371
6377
6378
6379
6380
6381
6382
6383
6384
6385
6386
6387
6388
6389
6390
6395
6398
6399
6400
6401
6402
6403
6404
6405
6406
6407
6408
6409
6410
6411
6412
6413
6414
6415
6416
6417
6418
6419
6420
6421
6422
6423
6424
6425
6426
6427
6428
6429
6430
6431
6432
6442
6443
6444
6445
6446
6447
6448
6449
6450
6451
6452
6453
6454
6455
6456
6457
6458
6459
6460
6461
6462
6463
6464
6465
6466
6467
6468
6469
6470
6471
6472
6473
6474
6475
6476
6477
6478
6479
6480
6481
6482
6483
6484
6485
6486
6487
6488
6489
6490
6491
6492
6493
6494
6495
6496
6497
6498
6499
6500
6501
6502
6503
6504
6505
6521
6522
6523
6524
6525
6526
6527
6528
6529
6530
6531
6532
6533
6534
6535
6536
6537
6538
6539
6540
6541
6542
6543
6544
6545
6546
6547
6548
6549
6550
6551
6552
6553
6554
6555
6556
6557
6558
6559
6560
6561
6562
6563
6564
6565
6566
6567
6568
6578
6579
6580
6581
6582
6583
6584
6585
6586
6587
6597
6598
6599
6600
6601
6602
6603
6604
6605
6606
6607
6608
6609
6610
6611
6612
6613
6614
6615
6616
6617
6618
6619
6620
6621
6622
6623
6624
6625
6626
6627
6628
6629
6630
6631
6632
6633
6634
6635
6636
6637
6638
6639
6640
6641
6642
6643
6644
6645
6646
6647
6648
6649
6650
6651
6652
6653
6654
6655
6656
6657
6658
6659
6660
6661
6662
6663
6664
6665
6666
6667
6668
6669
6670
6671
6672
6673
6674
6675
6676
6677
6678
6679
6680
6681
6682
6683
6684
6685
6705
6706
6707
6708
6709
6710
6711
6712
6713
6714
6715
6716
6717
6718
6719
6720
6721
6722
6723
6724
6725
6726
6727
6728
6729
6747
6748
6749
6750
6751
6752
6753
6754
6755
6756
6757
6758
6759
6760
6761
6762
6763
6764
6765
6766
6767
6768
6769
6804
6805
6806
6807
6808
6809
6810
6811
6812
6848
6849
6850
6859
6860
6861
6862
6863
6924
6925
6926
6927
6928
6929
6930
6931
6932
6952
6953
6954
6955
6956
6957
6958
6959
6960
6961
6962
6963
