219
381
103
38
331
309
344
298
287
25
313
26
127
301
122
28
240
243
346
159
176
203
125
3
55
41
281
89
214
395
204
57
262
255
239
365
8
244
348
257
118
19
322
258
140
107
401
83
382
48
46
84
119
144
276
58
137
288
121
24
402
213
206
205
7
166
300
367
192
186
234
77
172
245
15
63
81
246
302
128
96
16
230
163
153
389
394
369
336
374
377
282
254
90
296
216
261
175
396
18
64
278
392
277
36
164
156
393
29
69
2
94
314
65
21
82
317
120
265
189
51
316
212
211
43
9
233
231
13
143
80
145
154
135
68
104
229
218
366
310
33
17
356
10
11
93
5
334
20
86
351
373
190
325
279
376
44
62
198
355
27
273
112
42
193
113
237
390
308
182
201
105
352
375
342
368
129
247
241
23
131
194
116
384
370
320
339
161
391
324
220
167
200
99
323
177
71
380
139
0
269
50
31
45
361
304
397
221
30
165
357
226
250
280
148
147
32
399
252
263
124
152
102
286
132
149
110
327
326
79
117
171
180
210
1
202
114
253
332
60
311
35
97
138
197
191
185
271
378
290
174
318
160
136
235
106
130
37
188
111
242
349
155
347
173
264
225
294
360
170
340
52
275
184
34
91
53
49
215
133
126
353
207
209
70
379
115
363
109
151
249
73
398
372
350
388
251
179
387
22
297
236
291
385
358
343
238
66
268
292
168
364
299
386
362
315
76
345
303
75
307
337
