2259
2352
2364
5266
4215
5771
5161
3903
2283
278
2712
1419
1814
2248
117
6558
364
912
4820
6087
2427
388
1963
346
2592
1256
1327
2610
186
450
594
2400
3088
3278
2753
3832
2288
394
382
2186
1558
4791
6139
529
3934
6052
2234
4492
4662
3356
5401
5354
2920
2289
5787
2333
5206
4588
3013
1261
3886
2640
6485
2867
4112
3280
4122
3191
2402
3103
5662
5852
1973
3609
860
1270
5939
418
387
663
371
1413
1055
5390
1893
6326
1862
424
1349
5481
457
1195
740
3250
2784
968
620
5477
2231
5676
4532
3504
1253
4741
5399
1161
141
4159
3799
5044
3451
1217
2071
2967
57
2855
6360
3593
3433
4237
1631
4466
3010
5694
452
595
3125
2373
1137
762
4575
1341
5550
1353
5634
2908
343
3266
2362
3226
487
5763
70
4433
1355
177
5475
3318
3024
3337
2863
1116
1096
5212
1165
183
5532
2788
5746
3081
6341
2278
5670
491
2251
1771
885
1512
4113
5912
768
1114
4400
313
5639
3383
4518
2918
5836
5448
568
2930
1566
4746
1107
4622
5679
2752
3963
4957
5067
3805
1357
2177
1102
2872
3248
781
2047
1829
4701
961
5069
6354
4329
110
2530
3728
4372
5216
1672
5171
2394
4340
4308
2165
3012
3994
4497
5802
4530
1205
5076
6106
5296
3205
6073
3851
472
314
1162
5659
1570
4633
3123
1622
5982
1720
1713
1237
3780
5629
3357
3936
2135
1845
4374
3974
3510
3518
1960
6293
95
3691
2744
1675
4604
6132
4045
1525
5604
6363
2932
4951
2583
2163
4217
5395
293
1336
5869
422
5443
2075
4291
4821
4613
1106
3487
1507
2398
207
1813
6172
1613
4303
3751
2617
4310
3263
2812
75
5688
1111
5491
2781
548
1861
1266
2435
4578
4378
572
2296
3302
2026
3484
580
299
4085
4059
2118
5708
1037
2046
1903
1808
2973
2980
886
2130
2437
6556
2347
4625
2982
2073
4603
2584
3312
5438
2280
4882
1225
280
2152
1825
1050
2320
369
2308
365
536
5718
5462
2338
2716
3847
3546
5453
3140
439
4300
724
4115
5229
5355
6535
2928
1522
2858
2574
4935
3731
955
2519
1057
4760
1656
884
4893
1902
2943
6552
5210
645
1834
2137
1745
1628
4638
5636
2925
5189
628
2560
3052
3229
4385
745
4160
2103
4529
5759
1887
1276
751
381
4076
2547
2345
1173
2147
590
2833
411
4695
5697
6011
99
113
281
5252
5146
1850
367
2913
6518
4830
1472
872
1053
3287
3295
2717
1098
1600
1478
5442
19
3252
2144
758
5417
647
5995
4375
2678
3058
2839
596
2215
1083
6376
3902
4097
2370
1330
1625
5642
1243
3852
302
478
5970
4075
2945
1999
2287
4537
2613
3997
107
1174
1394
3724
915
1319
4542
612
4287
1287
5665
6090
731
5896
3535
5004
2522
1079
920
5899
3774
332
5232
2929
1890
1444
3722
4211
217
4719
1751
4734
1703
1207
3517
2148
2087
5187
2310
311
881
3233
5839
4544
2926
1399
2801
1550
366
1153
4520
534
1422
4264
3605
94
3899
2721
3562
2303
1158
188
2350
4120
5195
164
5892
2701
306
2335
4152
2182
4611
5682
2433
896
3082
1671
3352
5810
6024
5025
2831
5792
5661
4276
1993
2443
4709
909
2405
2096
4129
1635
172
1757
4504
3028
908
1747
5617
4693
221
2734
6116
2995
3110
3725
270
6316
4677
4429
2889
2469
4275
5683
5142
1051
3969
3979
515
1685
1090
316
315
2379
4649
1574
2512
3276
289
790
686
4171
5280
2658
4412
3967
2468
2305
330
4002
6029
593
1552
4456
559
2706
1569
510
521
2104
769
3254
4442
2688
6345
2358
4295
3399
2355
283
776
3314
4745
4379
3797
5359
2442
2102
2252
2082
3458
2896
784
2810
3046
2243
64
3440
1347
5546
1438
2793
1342
4645
1065
2016
3869
3128
3920
5548
4624
4229
4731
1082
739
576
1901
6203
1130
2329
1604
3736
3616
1620
2300
2175
124
5715
3389
6430
2747
2213
4194
2950
2245
3707
4967
2029
2068
5478
1087
5655
2015
2385
2205
2504
538
1485
4511
1257
3146
5177
2241
104
2851
1826
375
2271
6276
1724
3274
6300
6472
4259
2655
2647
4080
518
6144
1795
4711
6085
3571
4197
459
5130
3766
2681
4278
1805
1981
4010
4467
1910
1812
638
4369
4319
1846
3880
4271
5398
1765
5240
4044
4118
636
3976
86
2664
1756
3167
733
4675
6021
864
6461
5370
2845
5595
560
5680
1969
2328
1152
4084
2052
2380
2589
3018
1987
2039
1043
3992
4408
5812
4655
5277
750
5988
5120
5386
1603
5362
6440
407
4250
3101
5144
2657
589
3896
749
4213
2080
6270
4630
5435
4426
4469
5072
151
735
5138
2146
1063
5601
979
2160
1539
4664
1732
2467
5406
1854
4072
5544
4738
169
2495
5925
3520
1547
906
4355
1258
190
6328
3271
4772
1956
2731
4596
4988
267
91
660
1991
6331
3104
4296
5052
1949
6174
2309
3127
524
4286
5377
496
661
1743
5959
3488
3286
3883
327
2837
1506
4848
2949
348
1888
1095
4594
6062
5208
2694
1212
5236
4608
1761
1332
6141
5534
3355
6353
852
1211
5780
817
2685
3047
4921
1694
6402
2072
5832
505
4228
286
1343
4450
356
4073
2043
453
1841
563
6077
5887
3419
4652
1682
5336
150
448
3806
6137
3204
5564
488
1292
2871
2672
2051
4239
5259
5439
5543
5083
2366
957
5930
2825
5768
5966
2778
5908
551
1120
3952
4573
2524
5358
6223
2196
3186
2374
832
1612
485
1460
1268
5281
5879
2602
940
5024
4106
458
743
5320
5878
6158
2202
3090
3298
541
359
2847
1267
2866
4684
6078
5514
1425
1186
648
3068
4906
2304
5304
4263
4644
522
3230
5989
6028
5880
4283
4646
1948
2720
5507
5510
514
3551
6173
334
2114
4816
588
4721
6212
2983
3696
307
1809
1404
2582
2319
5136
3796
1932
4126
1
5895
2684
471
4626
3147
2614
5623
2233
1311
2019
3112
6330
1142
6008
3193
4527
4032
1576
341
4249
1572
2619
1126
2639
3668
5149
1881
3115
1262
404
949
189
3919
5243
2586
4205
2991
2074
1882
3119
926
1335
2935
3508
3767
2083
5348
3326
301
1786
2378
894
526
3501
1133
1590
2536
2354
1764
3401
2143
4146
2783
235
5567
2507
3207
1980
455
2578
5549
2805
3262
3808
1769
1940
2346
2818
4998
337
3363
6492
3630
3059
2011
5509
2174
950
2546
1789
2273
5047
1860
4301
3025
4764
1345
2106
1733
1155
2140
6099
2759
3121
261
863
1509
4435
3427
1167
535
1596
2145
4132
1748
329
2786
2745
6357
6248
6082
4124
4736
928
4954
2199
3086
876
531
4572
2505
2282
5409
1318
5428
4048
2499
5602
898
2628
1587
2877
5795
4046
2162
5234
527
6289
815
2777
2048
3171
3834
3102
5561
1785
3294
5116
4320
3317
5581
4629
5716
1899
6069
4332
6015
2044
2141
29
149
3843
1190
3066
1344
3045
5542
4592
482
4392
5041
4111
1340
1141
5218
1811
5104
2113
4373
4156
3430
5710
913
4977
1777
698
1793
2313
570
3716
1637
3835
4478
1663
5166
2703
1889
5021
2192
5990
1986
4703
2020
659
3943
1819
4705
3674
1131
677
4280
5160
1879
5239
5596
834
1662
1621
4323
336
2206
1782
1916
2035
3956
5637
4361
4680
3622
4517
1427
1565
3863
3373
3041
5484
5109
4027
4942
3586
5645
858
215
3815
2004
6145
1169
468
3093
6044
3732
3908
89
1279
1549
5962
2236
1955
5773
1657
3932
6034
3200
6033
3750
223
3975
3215
6540
4535
954
2128
2474
3864
5941
2612
489
5473
6095
3626
1431
6228
3777
6525
1365
2729
3155
358
1898
3859
4547
809
5646
6549
1931
5446
831
6356
5034
2404
430
397
2727
5624
1975
714
5226
5211
2203
3035
5434
4041
2298
1038
1505
5457
3823
3342
861
4766
1351
360
2183
2194
6352
1354
1664
1816
5556
6041
2112
1497
3709
2823
3303
4016
5704
296
993
4591
5048
2260
4458
4354
1630
3089
5547
5152
1961
3939
1094
2699
3583
1823
2719
5818
4899
6412
1412
4494
3480
5078
2493
621
4096
2295
5176
5570
3247
2208
2603
2556
6290
2445
5289
2622
797
3084
3290
6264
947
1108
498
2521
4487
4289
5927
5756
3429
3026
2960
1964
467
607
1737
90
5022
233
4427
3232
4599
679
1234
4253
2116
2633
196
4150
4593
1842
6014
4260
5391
3740
3645
4425
6336
3003
5498
6527
2814
2211
2829
395
528
597
1780
263
3855
2502
4386
2042
2836
5651
5470
493
1562
6065
571
2900
83
342
4515
2732
1735
2659
3409
5686
808
888
1421
4688
2430
1556
2257
5951
1502
2342
2795
1609
569
4406
6146
127
5170
4623
2923
410
114
3953
22
1073
2572
3638
5997
4067
4651
1471
3259
6504
4434
1929
5227
5158
2388
2661
513
3438
5222
874
6061
6113
5920
6288
385
105
2927
2748
5976
401
4918
1036
1669
6324
1361
2579
5269
156
333
5579
1575
2761
6213
2902
838
1393
5911
4420
2230
3574
5307
1101
1608
3261
6465
4927
875
5361
523
5106
4422
1582
5978
1222
486
1781
2921
5940
5456
6516
3098
2766
6167
121
5732
5141
230
2679
878
5103
3683
984
323
1198
1988
26
291
386
1723
2757
2121
899
4862
5479
2705
2611
2481
6104
5584
716
3822
2240
4216
321
730
2188
637
5505
1767
5729
3197
4718
4052
2548
1997
80
911
2389
3712
3839
1894
4366
4796
5488
6036
2632
6537
4414
285
2472
4436
2409
2438
3246
502
6294
1018
4836
2725
4424
4254
2875
3062
3011
725
5445
3118
2986
1128
2966
2903
5641
140
828
5327
6446
2718
3032
756
4614
166
1491
4753
2040
2129
1992
2539
729
6081
3225
5432
542
1221
2085
1066
3941
1783
667
5917
6182
6317
179
4501
774
3592
2868
4182
6493
4279
3857
4134
2166
4706
1483
1109
5119
1917
773
5752
3813
1157
5463
1400
5597
3715
4258
1450
5268
4742
93
4783
2387
2204
5517
4251
4299
15
622
30
5535
577
2843
3966
227
3201
391
5518
4673
2886
4326
1822
1673
132
574
5643
2904
2803
2959
3158
2947
4103
6070
3445
6135
4869
3301
4743
517
2124
3137
1531
2407
2758
1414
5935
3083
4751
4870
195
6271
5357
4566
372
2253
4481
2486
2369
3699
4079
4135
2834
2482
6377
4850
103
5845
4
4389
2266
1875
4828
2608
585
678
4245
3600
4325
2914
4136
1585
3648
2700
5973
1048
3359
2680
975
2882
1927
3515
6205
2158
6335
690
2887
5353
5552
1286
3554
1390
5678
5035
4226
5943
5454
408
4534
2946
4117
2179
1323
703
2591
4984
1752
2156
1125
34
5983
2173
1369
4039
6110
2693
3604
3569
2092
4293
2030
1150
5632
326
1089
5937
2992
4970
5139
5000
3022
3245
2426
265
5742
4521
1064
5215
2888
5223
322
3989
2580
1208
305
1686
2157
206
4290
1154
4659
2193
5562
2581
4306
4609
2880
4516
1119
449
554
3694
2089
4996
6018
1086
2060
3496
5798
4999
4177
2682
3450
1103
704
2136
5858
1277
6067
4363
753
5960
1941
3424
5513
2965
1081
2710
969
2299
989
2063
1718
2644
4987
5299
5673
6512
2650
5345
2487
2258
599
811
4968
5578
1784
2265
904
1368
3310
3771
3268
361
2403
829
5115
1540
3505
2337
4405
499
5039
4241
1447
3775
5635
1428
5420
1821
135
3471
3116
2
2789
1324
187
3061
3350
575
3503
24
345
4360
902
3223
5717
1313
3713
1464
787
2585
1209
2281
5621
602
5450
2605
5038
1451
3009
5333
3566
4321
3984
4025
1828
2045
4661
4351
675
2306
5785
5202
2915
5750
2263
5598
4640
2756
6389
1830
646
2484
5123
4780
3753
5220
5904
6217
5244
4077
6176
239
3741
3378
2954
3288
4221
1045
2854
6444
1990
573
284
33
2292
770
5167
6296
4206
2820
3227
4876
2595
1214
1058
456
4672
4140
3927
3611
6413
1104
820
6037
399
3916
6509
1282
1564
3685
1496
4621
1567
5537
6547
27
2565
2981
1251
1636
6526
2780
4224
63
5824
1617
1791
4647
2119
3710
4302
509
5379
511
5631
5465
4496
2123
4233
469
1897
3598
4199
6463
4411
5745
2049
4209
2081
4666
1199
3644
2669
5573
1820
1191
2869
6091
4173
4663
2476
6002
3036
2933
1708
736
3589
4093
4674
5591
3642
5560
503
2037
5414
3362
2294
1639
3425
844
6337
4937
3770
3573
2642
4304
3165
907
4266
545
533
1486
3840
973
4884
4713
3344
3203
5774
5743
710
5321
4628
601
4318
4582
4284
6123
31
614
1709
2353
5464
4464
1204
5311
219
6459
470
1476
3325
3680
726
6189
290
1489
2277
72
5886
6319
4871
1551
212
2941
4345
3347
4231
5283
5367
4475
5739
2198
2027
2662
2307
720
462
1192
1684
1739
2125
4752
5799
3016
1799
351
5184
1492
552
2377
4204
506
2736
5213
2267
4007
5863
6438
3319
2164
4098
6202
2014
6482
2012
1275
5654
3491
159
5772
1520
3675
136
317
4043
4579
3333
465
6421
5305
3656
3351
1481
25
3565
2797
1469
4924
4139
3435
5529
5055
282
5705
6204
897
3928
4269
2849
3162
6439
3367
6180
654
2224
3120
2652
823
2516
1216
3021
1441
6486
695
5527
1555
3894
1895
2105
67
2126
5293
4875
880
2339
4493
2226
108
3998
1091
4273
6372
3705
319
5916
5790
213
1924
4794
4569
4396
1280
5483
2676
3265
2101
5871
1848
4192
5620
2907
324
6066
925
1741
2062
5714
4601
1511
4328
1068
2376
4062
2009
708
5489
4267
5338
4404
3416
2940
5758
6467
1521
5388
4602
737
2434
355
1024
2094
3635
966
1473
5012
3829
6522
1998
3918
2003
5154
5924
3528
3228
2767
3379
956
5669
2079
1883
1181
2330
1084
3390
643
2221
96
2816
328
4556
2131
3044
2111
1755
985
6521
2645
4722
782
3377
2775
873
2084
4708
6048
587
2107
4123
2007
1985
5751
2053
5262
1900
255
4616
5366
1849
73
2587
3784
537
4447
3830
3572
2172
4939
3395
3527
4452
182
1937
2228
349
393
1624
1477
1398
3049
1926
5885
5260
4670
4350
2235
383
4587
2371
271
2813
5833
2250
5376
6531
6133
3720
1695
2132
1220
2455
4735
2638
463
3187
972
440
192
600
4265
4595
4242
680
5248
4252
1965
4570
1984
6450
4037
3755
5994
5332
4724
312
6102
2050
1245
1627
2809
2322
4811
1123
5114
352
2977
6101
66
4042
1772
1731
4540
2533
5107
3133
338
1019
3819
222
4463
2656
4348
3054
2059
2138
3477
3687
2491
3743
971
2340
2301
4901
133
981
4004
1817
5043
3139
1815
2478
3802
1667
1766
1892
2187
5720
3848
2962
1683
5179
2461
1865
967
2544
5173
4061
5866
1710
79
3366
2256
3726
1331
1681
866
5784
1122
4590
3778
3217
2939
5452
4865
6515
5862
1432
5271
1219
4698
5328
668
6283
2626
6401
3107
2596
2396
3132
4460
816
2010
3159
3473
1863
2216
6038
5706
3376
1763
2185
713
2238
4697
5389
2064
1971
5467
4449
2971
4196
2735
2100
1417
1644
3048
6414
883
6478
162
5423
688
2667
3733
4491
2742
4801
2315
4347
1592
2593
2127
4142
2133
3654
5711
4324
461
3304
4292
4376
1052
2325
5797
2022
6477
4391
405
6532
6334
2285
4423
6207
3135
1563
3816
6483
1950
2526
2069
3742
3719
2606
1838
5329
1957
2975
216
174
4910
3111
1129
1138
948
1224
4812
3251
583
2489
1020
4382
2220
4141
546
4683
4549
97
2852
991
325
3898
5082
2001
3138
830
4137
2951
4455
3449
1143
2796
2792
3309
3603
2741
208
1164
1818
3072
1249
392
2692
4082
5122
4789
1436
5816
1674
2454
1339
4036
1474
3711
2382
2095
2864
3076
5851
4723
5418
1722
402
1352
2023
4186
2066
6476
2458
3703
1420
3094
5876
3686
331
6489
1200
3890
3313
3987
2393
339
889
3621
976
3074
2176
5666
5476
6265
5568
6544
649
1744
786
1322
4034
2311
6025
738
5775
5294
400
1934
4343
300
3056
2168
5954
28
2984
1418
1329
5946
3763
5433
1113
3500
813
970
6519
2399
1443
1633
2036
1788
4639
5098
2002
1792
1717
4202
2093
131
723
3495
6513
5071
5599
974
2200
2099
3195
62
4403
1614
2264
2859
3289
2881
5897
3923
1730
2764
5781
3095
2722
2537
2056
3730
3877
1145
5557
4919
2857
5192
4486
4615
2207
3064
5451
2827
4690
1796
6494
2149
579
2184
403
6342
2956
674
262
3169
1853
980
1914
5263
617
3746
5372
5385
61
3364
4357
3962
4767
4720
771
658
2341
4612
4696
2453
5539
5199
3673
3249
4472
905
1802
1827
6303
4104
1027
2227
3457
4078
2244
1370
5431
2527
582
5400
119
4498
2953
5258
1513
20
2367
1979
4207
982
3436
495
6539
5237
2384
1702
4180
2609
98
2212
1348
1616
1426
2471
2624
4761
5371
5737
363
2978
3853
2391
6530
5971
2815
1010
2743
288
483
269
1463
2291
4277
2025
4401
666
1061
1326
4144
1124
1047
1388
1166
3817
2372
1559
6350
3129
3385
370
3069
6049
2668
508
6545
3760
5606
2643
1526
2963
4748
2117
2031
2246
1223
1396
2197
5730
978
4462
4606
744
1742
6260
879
4210
1074
1606
1146
806
3008
4421
368
6114
1665
3559
4965
2171
2976
6407
6266
220
1218
2600
4107
5267
6514
772
2666
5373
4244
2937
390
5494
2217
2034
887
379
553
1042
2673
3388
6236
1168
180
986
6124
516
5793
2629
2723
6497
721
2532
6358
2697
5440
3679
4694
1864
6252
4577
4090
3209
5702
5555
4637
755
6152
4081
4913
3260
1346
5628
3811
1768
4288
5681
2819
5554
1725
5175
958
3652
2181
5430
4480
5015
3402
707
5270
3764
3452
3564
3456
5523
204
6510
1244
3842
2999
4367
3700
5503
3183
4598
5748
3406
1424
1594
3051
2249
592
4728
5811
2414
4331
3870
2577
3428
2368
4964
3752
2862
2674
2554
384
389
3073
4105
3154
3077
2401
4586
3002
2885
433
1974
673
5292
1726
4739
4707
3023
1943
2088
122
2958
3558
417
4309
1896
6361
977
4311
1776
4758
5968
2575
4162
4656
6155
760
308
3381
74
5783
2415
3332
1026
2860
3441
6457
3971
5330
591
2876
696
3307
1599
5770
5838
2336
2841
5009
3113
5480
4715
5387
2576
1067
3412
670
2733
2919
3050
2110
3117
5495
304
1054
4336
2351
5487
3567
778
3906
4119
691
3053
1670
525
6226
1080
5541
4012
335
2268
2359
1803
1118
2944
5580
2739
139
732
3514
5734
3001
6166
5196
1873
839
185
4488
142
6244
5805
2013
37
2636
2323
5493
5965
226
3575
4380
3358
5566
3173
320
170
550
3739
4282
3791
2785
3224
4749
1661
2604
3065
4191
5018
3782
922
5766
5993
5791
357
2597
705
530
5881
4402
501
4418
4618
1032
6406
6211
4377
4281
1100
3858
3606
3884
6528
901
3057
464
4430
2942
4859
276
780
1248
4476
310
134
2964
2065
5309
480
398
4030
1946
1105
3534
1159
5848
1806
5588
2254
4539
3682
962
1117
2446
2972
5928
2695
779
5490
362
2525
3000
890
4315
4982
2261
1015
5903
6131
2276
2985
540
6060
1774
3827
2653
3244
1062
1801
5650
481
1790
2239
1874
3619
1056
5402
4270
474
1132
2057
2006
4819
1868
5132
752
4179
5777
2938
1619
3951
2153
2787
1690
6456
176
2178
1049
1871
697
4110
1040
539
1629
4887
640
4015
2297
4826
1383
1115
3467
3629
2161
2654
3772
294
2994
4305
2711
3372
5733
512
1778
5744
2028
2360
4014
3006
5016
3152
1246
1479
5749
6181
3474
3747
2109
4634
4922
3536
5684
3672
4788
3341
2097
4685
547
5100
1075
1488
2274
5380
715
3706
747
1134
1144
4234
2237
630
1337
3804
2223
2018
3100
4313
825
2061
2861
3521
5063
4829
88
3807
3511
3269
1579
3405
5538
4692
4793
2838
1232
2334
4353
5492
2269
6056
5531
4679
6089
1573
4948
3369
1099
1518
5217
1716
3181
295
5340
3497
2534
2344
6094
5424
3237
5551
4130
2865
85
4557
3143
2120
3617
4181
656
2637
1088
1605
3995
3614
4849
2225
1197
264
2542
3996
4740
2017
39
3697
2024
2598
5644
775
3404
3615
3482
2180
1920
5394
3812
3194
1607
5125
5162
5949
6000
194
1523
4020
4138
3216
5214
1333
5888
3398
5622
5957
6550
2660
6001
5769
87
4029
5577
431
5559
4851
5205
6079
4755
2651
2078
2724
101
5427
4362
4648
2190
3063
6071
3978
5647
3407
3587
2219
4502
741
1571
5972
2790
3676
1994
5447
157
2134
274
5569
5778
2892
3343
2496
3017
2998
824
2870
35
2936
5605
2924
2422
2840
3099
6193
2893
4243
1259
5383
2008
78
1429
5282
5316
759
292
4438
2615
6506
3702
2594
6239
2520
685
2952
1759
3282
1580
3220
429
145
266
6344
3873
1878
3944
1484
2931
17
5627
4686
657
796
4699
4541
2631
2070
1885
6120
2646
3704
3905
4218
1880
2054
3895
4750
507
3783
4307
2835
479
5796
1658
1149
2418
5287
5830
1189
4051
3795
1487
1721
6561
3257
193
2569
2058
2989
903
2293
4744
6349
2776
1738
5374
6222
3134
272
1077
951
2607
3189
5300
2627
754
6111
81
377
6332
5565
5393
4818
1869
748
5822
5059
1185
3442
4712
3432
4370
6488
6
2755
184
2844
4956
3555
3414
1362
5663
4489
1516
2726
1560
244
1773
3334
822
1510
5907
4681
5674
1356
3568
3841
5979
171
1524
3545
5238
3014
2077
827
129
3267
2730
3380
143
2830
3983
3646
3502
3175
4636
4342
2392
1071
3738
5436
3199
1870
2232
1423
6043
3444
2021
3608
484
2590
4499
2842
4116
581
2324
318
6429
1147
5582
5412
1568
2483
4687
5014
6348
4903
2746
5953
3681
841
4114
1877
3305
2878
5630
3397
2421
5813
5969
4548
5499
5151
5826
2750
1831
1206
2808
4166
2884
5077
23
2326
3708
4256
497
1866
1480
347
3509
3986
2440
2275
4784
5026
3264
178
999
5516
3070
742
4682
578
4337
722
4470
2222
2751
519
2570
2535
877
712
2549
4667
1163
5589
4143
4792
3020
1634
3590
2988
6128
2899
1807
3781
4359
4195
4223
4568
3221
5615
5253
4102
4574
4610
2500
2108
4161
3524
2749
2993
191
2449
2091
378
2290
4356
2497
4757
1578
3526
2270
4153
3988
2979
1942
473
3881
3595
3408
2798
376
1760
2201
4201
111
3663
500
3577
5112
1727
1989
2098
1260
2690
2528
2754
1301
3285
2529
435
2671
3297
2779
257
2154
6004
2169
4108
5290
983
2848
3122
1110
4947
3634
4068
543
3729
181
1252
2879
1952
2689
2641
4127
2218
5942
3293
2155
5558
5590
1626
717
2698
5356
2210
3353
2312
5571
2828
4725
6121
2142
3591
2794
1884
2327
275
1548
2314
5242
4212
1734
309
1406
3071
4669
4294
3345
4730
1719
4220
3584
3560
6299
3537
5375
1729
2599
5603
1779
1210
1554
5625
2150
2715
3150
5360
55
1350
655
2005
3792
3423
2670
3999
6447
6529
4183
2209
2386
4388
1638
4341
4087
4872
3820
2738
5563
3479
1623
3231
3348
