83
788
1277
713
433
178
486
319
500
680
1250
482
342
407
1279
119
263
106
69
454
1137
602
336
505
169
820
1152
216
597
76
100
529
965
1077
851
1275
441
34
1054
1191
304
566
639
71
1166
185
150
1142
238
182
1257
578
884
923
805
1162
1107
239
937
1171
580
277
4
862
65
1047
429
570
717
954
518
1215
877
445
521
901
1004
1001
1200
833
371
838
87
771
506
409
267
210
400
273
796
1007
329
462
1148
1042
108
413
770
1026
984
1141
316
1016
1102
663
1008
452
725
969
903
272
1029
781
1010
1269
31
950
897
852
311
574
876
945
624
309
287
739
652
112
447
568
917
406
1080
1213
30
1243
1248
538
743
78
516
318
515
130
1222
644
560
875
808
990
789
1003
1067
455
585
463
603
1155
1075
792
929
697
1099
675
949
1235
204
1244
957
813
564
38
880
686
82
1184
206
302
197
721
248
857
164
528
1266
271
1233
103
378
356
991
1033
324
1255
894
1202
85
958
104
1124
21
373
678
1106
331
9
658
544
201
399
612
766
600
827
1058
526
955
388
57
1110
989
467
427
1118
246
1234
478
707
1173
436
451
493
1101
328
23
614
760
327
891
784
128
303
1030
141
524
863
606
513
883
174
729
219
647
1011
432
534
245
695
300
893
105
586
1053
701
386
481
768
355
456
61
305
511
77
1060
1261
975
870
279
230
715
849
1002
116
930
1159
935
479
900
397
1271
446
533
1230
1259
1103
36
793
163
1161
645
599
889
495
381
354
296
588
1209
939
931
1052
772
777
122
439
1062
159
124
227
1128
953
748
840
508
281
799
517
15
126
898
873
138
665
1019
1088
0
120
98
24
507
933
674
661
372
275
348
367
220
986
363
535
53
643
590
646
848
734
823
907
504
422
449
1085
155
251
1251
276
826
801
1270
1018
698
350
638
1245
553
800
962
161
1189
288
1092
611
694
1260
1240
718
200
147
616
1195
1070
936
156
1147
242
297
59
836
555
268
338
160
448
627
618
797
73
1127
114
118
866
64
14
539
547
1031
843
552
1229
1187
659
151
853
1145
592
1039
121
184
918
337
1046
499
888
167
1273
752
168
941
879
687
501
377
1078
212
924
1095
1170
620
919
191
509
308
767
437
1115
375
1252
1069
906
1144
158
428
944
88
963
1236
740
1220
613
736
286
531
815
1044
885
278
1268
431
846
37
84
1020
1249
166
326
1199
1123
1164
385
29
761
294
465
438
684
485
664
656
321
909
145
1143
95
915
1232
62
20
1130
670
650
844
1025
1098
394
657
470
1028
1217
389
195
831
466
1056
641
1112
629
1022
139
926
689
96
567
952
1157
594
1135
218
967
1228
440
604
131
523
795
728
668
360
816
1180
134
423
231
491
325
307
812
693
109
672
960
785
140
207
700
1027
1253
51
135
345
1034
11
401
177
199
1009
1239
284
148
7
1181
1138
711
985
999
190
22
964
913
802
314
45
261
28
315
1036
298
1
881
416
705
193
68
699
41
819
1224
971
1139
50
2
746
977
993
543
1254
943
927
621
244
310
492
946
1146
1013
1156
708
655
335
1090
992
264
365
203
1066
1258
660
443
265
966
18
791
1169
154
608
1089
630
546
392
622
934
749
572
473
16
411
1192
1136
292
187
86
81
444
196
1108
1114
353
1131
724
1079
671
605
368
872
654
484
908
1040
1082
890
415
1086
581
1256
692
1265
895
1096
607
1182
25
458
47
595
769
6
1014
822
1274
468
814
43
1049
1264
1210
12
1179
237
556
215
956
1109
536
1083
596
522
1122
904
542
149
615
341
209
224
1061
834
676
340
610
780
1193
905
5
144
1267
948
871
66
435
847
854
830
679
55
626
633
970
648
222
1120
527
225
361
40
229
1149
959
1214
744
1111
418
424
742
490
1227
1160
32
410
649
1125
631
175
1151
1035
850
512
892
787
290
1201
922
13
845
765
576
996
1126
790
74
619
667
391
623
469
221
172
330
928
90
1072
786
912
723
99
136
146
690
123
587
557
322
291
1223
947
662
798
142
285
75
896
758
374
213
972
425
497
1094
865
983
691
480
127
241
165
940
349
1006
26
1278
183
323
1206
1190
143
502
887
357
1197
317
1134
640
498
807
1017
289
1207
417
477
763
1132
925
475
1225
223
841
1198
825
125
685
1133
762
442
753
464
1037
997
720
1177
1168
811
306
405
548
776
932
1186
186
404
396
233
719
157
1188
625
839
1043
1023
716
1057
1242
258
902
1212
1012
460
211
111
1241
1015
236
677
1154
339
362
994
89
703
72
235
489
250
67
1183
434
731
978
1211
710
824
1074
726
419
133
380
52
914
129
709
704
1045
1158
1000
351
554
968
737
806
550
1185
632
494
579
688
1038
393
39
255
864
102
750
1021
359
1194
1150
256
1205
858
910
44
735
549
1262
519
93
981
589
817
1032
982
642
911
370
450
1113
573
70
1050
637
472
1276
759
1272
395
738
541
571
19
496
189
282
453
1203
782
920
214
243
1221
347
56
540
868
598
1208
352
1005
998
382
979
176
320
92
313
