8620
4312
463
4098
10682
7493
3183
6673
4309
11599
3474
7774
2760
7738
2098
3662
2030
7799
4821
3496
2900
10973
6398
480
11760
6439
4978
838
6734
839
2798
5275
10372
883
1531
1795
7230
4001
9666
3248
5810
3398
5365
7195
10214
4116
10684
4884
2194
1547
8599
5150
12300
9410
8952
10181
7633
514
3655
8650
11624
11342
4759
2174
1924
5271
4184
6685
9244
6419
10695
10663
10427
10531
1896
2085
1442
5805
10946
462
1636
9483
10084
219
7635
5263
2912
1492
10145
7772
3756
1982
10058
4752
8954
3708
10161
11316
2860
3104
6486
10059
11308
11852
1
3818
3315
5892
3806
2808
28
101
1908
10111
2072
2469
2646
5124
8414
3848
2037
857
5900
6275
5824
7427
7110
1889
12229
10411
2818
1034
455
2767
3306
7787
8673
2044
7189
929
7721
2487
8341
6551
8329
3190
10899
5905
2452
6378
7793
3332
4627
4324
10481
7267
2053
4820
2166
10738
10978
11715
5342
7057
10023
4280
8314
9290
1526
105
2021
109
4719
2509
7869
1635
7736
4161
4420
3242
6554
583
9194
4677
5492
10999
12255
10362
2108
10101
5782
1557
3226
222
9490
9451
2837
10238
4036
11574
8360
8592
6873
7377
5238
10121
1518
625
3309
11879
10313
2402
153
595
7044
12331
10945
5524
4664
2756
8196
2077
6307
8645
6950
11607
2378
4378
207
8374
4094
5916
2197
4933
12350
10048
2131
6771
10003
4304
5485
9351
5952
2415
10576
10498
4685
7369
7404
2261
6523
3370
1490
11341
6394
9377
10964
10297
7349
7257
549
4333
9467
11585
850
17
4470
11958
10665
3393
9281
10478
6600
10013
1656
5783
2639
3219
2734
1010
9158
5431
9425
9309
4337
4175
3106
6935
6751
11720
55
10128
3390
9294
10980
7911
6313
1512
11926
2662
5886
9365
10525
12362
7611
9395
6801
5477
5354
11403
10732
5852
4855
4953
8936
5857
9627
5406
5295
4267
3071
6903
4690
7623
10415
9539
6562
3851
9335
936
10321
9430
10418
5268
9682
9669
2804
10423
10757
7809
1880
3263
4177
5366
3787
4959
7626
9469
4332
9164
5095
9982
3863
8981
8630
7064
2630
1887
1752
3416
9273
10315
10056
1643
7399
3509
5546
5314
2239
7373
10169
4468
3732
4729
4637
1746
1000
3653
9375
10370
5336
9429
4292
9557
7298
3452
200
5959
6818
4986
3221
223
6428
7222
2078
10259
1873
5334
2222
6416
4454
6556
4883
3983
4200
9635
9769
10929
9466
10409
4670
4082
4662
4448
11781
10164
5261
8815
2748
2492
3374
3726
11000
5830
7405
4466
1546
9228
4032
4190
4131
5873
9986
3852
6663
585
6408
507
4846
5860
11724
6718
5778
10377
9331
11653
4730
87
1084
2386
4229
4384
10320
7378
8390
158
3508
6374
2226
104
9516
2644
9477
9212
1970
6710
2720
6985
1504
3395
1766
6376
3683
1550
7127
10468
4733
7486
7466
1088
4272
4852
11919
6674
902
2769
10648
10552
4977
6708
3692
4346
8775
7864
10748
7823
10944
10967
1767
7904
4718
6583
9175
1110
6964
4863
9312
6902
10391
6794
11422
9405
2414
11615
6804
4398
8660
2200
1527
9407
9263
3705
8386
548
8554
1890
11850
10103
5580
1427
5202
7900
5329
2840
4325
3974
2477
11982
7494
6997
5315
6641
1474
8607
7748
5176
5161
7295
12291
4067
6781
2103
1561
4762
8209
978
11432
10142
6972
6870
3112
10218
8953
6799
3998
7719
9767
9213
2227
7094
3373
1910
6492
4405
7393
4266
9488
1485
2852
4912
4945
606
4716
563
3989
6434
12312
11353
5910
5534
7737
1043
2729
8226
2018
4054
5923
4655
7355
7705
10115
10307
7011
3329
1096
1432
5222
6939
8582
10678
5193
10635
6399
12239
8924
11841
2738
3746
5856
7497
10986
8580
5363
5210
5424
7006
9690
8394
1423
4695
5086
10107
3134
83
7816
5280
6389
9522
2500
5349
3236
4947
11907
4136
2418
6983
6839
2189
7496
8230
2410
10209
1551
12354
11402
7665
9548
6884
6470
10596
12338
9517
7030
4693
8820
9190
6459
9268
8417
12254
8435
7080
11572
3155
6538
9280
3341
11634
12262
7345
8958
10719
2086
5802
1505
10334
1507
2784
5872
2241
4741
16
1482
10405
2904
7444
5864
2096
6690
2370
8416
4895
8594
12250
8302
5087
4964
11862
201
11857
5103
8821
11901
495
9530
1465
10535
4754
11953
7436
6625
10681
6292
11343
3336
4879
9667
10146
11773
570
9704
10152
7852
5194
2159
11816
8533
10119
4068
469
11629
66
11694
221
552
8370
986
11673
486
943
7888
95
3453
10742
533
9558
6312
3224
7136
9372
6691
7851
4885
4083
139
5480
6648
11902
3657
10577
7614
7715
1014
4
7115
7627
8574
10987
7754
10015
3443
9449
7072
916
8604
4930
6632
6337
2060
1647
851
4218
7076
8402
11923
5835
3768
3489
10994
7290
7454
7337
11434
1777
10304
11711
6930
8678
8632
6851
3
8387
10097
11310
1870
10079
6742
11736
6905
6962
4974
10440
8905
5243
11759
7955
8429
9334
858
2889
7347
3119
11329
7024
2622
10524
11662
5260
2084
5885
3831
917
9513
7308
10603
3433
3075
6684
4813
600
1553
4831
11867
12360
11410
3739
2754
9709
1657
9482
58
6727
1028
7247
7217
2483
7840
10691
11835
11333
7107
5178
3076
12246
4631
3339
5505
1408
5152
1035
3992
3188
3783
6612
9662
5353
5932
11829
10019
2718
4795
7175
11937
6594
1877
11592
5380
11791
7152
6803
7168
8765
7177
11815
7473
11808
2447
7763
4456
5848
7785
1019
831
10640
4435
6855
9473
7085
5971
6334
11324
6341
9549
3444
10996
12281
3205
5463
10608
5233
2409
5588
7847
11677
3958
603
2071
9744
8357
4286
3302
4857
10912
11643
9476
608
3429
2916
6426
6988
4119
4073
8315
3800
4282
10117
107
6567
5414
203
2149
10294
1016
10917
4784
2140
8675
10622
4654
5403
2779
11795
2020
6825
1577
11687
964
8405
6469
4648
3982
7313
3702
9675
7209
9437
2172
3990
10494
8437
1044
10952
7437
9533
6670
6447
7040
3415
6845
4753
8670
11930
8403
4353
10933
10337
7434
7906
7129
983
1744
5430
9681
3358
3684
6790
2806
7292
2180
7394
1788
9282
856
11820
9178
1759
6503
5144
8646
11317
10712
11775
2092
11699
4667
3173
2430
1103
4189
10099
4825
5494
9357
5925
4259
11663
1648
9314
3157
6287
5184
10369
9353
5097
9155
3377
1456
7790
7092
928
4811
4710
5147
1642
2845
11870
10972
7732
4149
7225
2763
4330
8950
1786
8231
9718
10124
10336
2081
888
5230
1085
1440
10034
4464
5293
3467
10604
2508
9167
11427
3394
2868
7887
3964
7843
97
9150
11948
40
10713
1516
10941
10523
5171
5442
10676
9561
11323
2112
7697
4390
12315
11827
8906
7744
6953
6396
10245
461
171
3275
4274
3853
6770
3252
10329
6955
7262
1029
4052
12194
8783
4622
5511
3218
4210
10420
3502
946
10364
2489
2750
5273
8346
10138
10060
5213
1972
8797
7691
3769
8362
568
5573
3375
21
3169
2892
6918
1998
5357
4415
3280
10706
4443
5340
5471
10447
9274
7402
2161
4133
6379
3299
7670
8424
2828
10029
7023
6901
4743
871
2215
3845
9689
11794
3442
4407
3809
6699
5861
4861
11628
23
9534
4738
9270
7263
3759
8984
8925
5200
103
1898
5945
11859
4300
9444
12319
5317
7652
9417
143
174
6529
3428
8915
9363
11438
2440
8596
2260
4250
2855
886
7720
4921
5473
6687
7610
1497
824
9727
3132
9261
7845
12245
6563
7106
4776
9358
7897
11421
8570
2173
4482
6788
927
10962
2861
2051
5475
1903
1045
3752
8225
10054
9211
3331
11418
2797
2042
3494
3503
4205
3477
2871
7806
1995
2090
599
7901
4938
118
6995
10422
10718
11772
4034
11408
9196
3785
3098
3994
3389
4059
505
4963
6306
10982
4156
5429
1986
4104
7188
3163
2196
9255
7167
11589
4345
10607
6276
10467
4721
10586
7411
3976
3431
11398
6741
4035
2885
7452
5117
4809
10041
1089
10235
5226
8316
11705
4249
5221
11927
3102
11750
1469
10639
6330
1921
5371
8655
11818
2921
7660
5517
8928
7813
10359
8301
5321
7891
5871
10206
6603
6627
825
2862
576
9371
7730
4936
187
6769
1541
12366
9644
11837
4132
2815
914
7484
949
8628
3128
997
1415
7368
4078
1568
9416
527
9546
5961
6353
6596
5218
2210
11352
3967
8819
10542
5565
5561
10200
8760
3237
3735
6677
5587
7933
3857
12299
2251
9291
12318
10496
5787
110
9676
5562
5542
0
4661
11001
6756
6413
2645
12336
1652
10360
2902
3776
2467
2424
115
6397
5833
6890
3833
217
10426
10435
3808
4362
3984
10489
11354
114
6762
5936
7038
2669
6294
7278
5840
12261
3282
11645
10201
11345
5310
6380
10739
4922
11714
8979
4064
5090
10458
12273
1426
4770
8395
1479
1881
3516
3681
572
12351
484
9992
6373
2488
10171
5395
5382
10548
3082
11396
7686
9535
11972
2455
9269
3180
4373
11890
78
157
472
11754
4186
5432
6329
8814
11732
1993
7663
6497
7193
10483
5458
6860
12329
8618
10082
10487
3355
166
8530
7362
10031
6631
7194
10729
11776
5862
4441
4445
1460
3068
4063
2004
4377
11377
4179
5890
1434
1988
8528
8657
970
1052
3424
5791
6547
10353
494
1080
10000
6653
580
1874
6565
6787
4096
7682
10656
3654
6796
4382
10582
4340
6981
7924
10175
10546
3717
3130
10544
9217
9157
12228
216
11932
6615
10389
8189
4779
81
5416
11915
11730
10092
4866
648
3463
8392
5130
8918
5359
8965
2517
4946
1901
10627
3959
4262
10616
10063
4669
6448
2666
621
5451
8790
482
7895
10416
10241
10909
10464
3478
11441
1484
8313
5806
1628
9209
1996
8614
7440
3165
5909
6783
2187
4961
1107
12328
7172
231
7327
5500
7063
3135
7638
1999
3670
8647
6894
1738
12275
7435
7464
7855
4480
10150
6759
11701
3438
136
641
1480
11604
1909
8561
3113
1420
8635
4409
6494
6570
10040
10755
1571
7274
6896
9775
4219
2040
2771
5555
4060
7288
3208
3138
4715
2123
11952
10924
2824
6887
11884
4647
11976
4109
7912
8552
11739
7945
10451
10325
4763
11788
7280
11735
5364
9447
128
7818
8756
9630
6614
1489
4354
8349
7425
7236
5151
178
1655
11610
9511
3858
2854
4204
10705
5812
1450
10560
2114
6709
10927
8337
11423
6784
7877
6986
1879
4764
7256
9321
10395
1653
7325
11685
2179
4794
10940
4047
11358
3436
9661
4223
8439
9674
106
8
5209
2137
4870
8623
8379
3484
11688
4679
4854
10575
7615
7699
10355
7675
8380
2135
11924
9715
4983
1037
11381
4023
10611
5842
4844
4120
5906
9506
12247
2867
6864
12297
7279
6854
10053
6805
11318
4339
9198
9385
9531
2643
8668
2747
8551
2214
4781
8411
96
7381
1757
7398
7052
10024
10230
7656
6445
1115
9352
848
12258
10556
4865
4651
5186
4703
2145
2106
5367
4077
9502
4659
1567
98
1418
2203
11676
5940
7078
8440
5116
10588
2012
6967
10252
11738
3251
3323
8778
3479
3693
9773
8817
3500
865
3774
8532
9302
2515
6841
10709
6505
9267
10751
2624
7055
4457
7438
3483
7250
4638
5446
5858
11331
210
3767
11725
10672
11798
9551
9705
8791
1050
4232
6877
5324
4014
10479
7296
504
9659
1994
5141
6351
6959
9983
7800
2113
5417
5270
515
9496
6815
7910
71
5428
4713
7669
6520
10338
2220
4451
6487
6940
11636
894
7249
4624
5351
2772
10988
3966
7312
11608
7134
9684
1072
8373
5951
11431
11376
3715
6608
11565
1563
10642
3351
5943
4278
4288
2830
10990
2132
7474
10598
3676
9518
5928
10139
5307
10647
12266
10135
1511
9761
2781
3430
9547
4757
12210
12282
6767
7357
4785
4989
8621
1789
8807
6300
7875
5461
8347
11371
1530
5792
2067
2029
8408
5211
9347
6534
4061
10166
4113
2091
11968
9264
2787
11617
3682
8795
9252
7042
3700
7004
7622
6401
8634
3877
4323
3151
3137
3244
2909
9756
3400
1023
8389
11782
5195
5122
10255
7032
4747
11567
4629
3839
5893
8330
1053
10223
2451
3322
7234
10260
5423
12285
649
5804
2621
8549
8336
4446
3685
10273
11928
6290
5831
897
2026
3701
7629
6392
4426
10268
5389
7203
9151
2253
5259
3319
9758
10243
9350
10087
11646
2640
11382
4394
1002
9306
6808
5526
1574
2668
11626
7033
8651
7315
10571
6535
6498
7366
10188
4740
968
12286
8649
5205
7695
2926
123
2480
4372
10698
1476
1102
4726
10039
4213
10022
10291
2746
2486
8579
8404
8382
3404
9671
1430
8970
6597
10519
4940
4029
10331
4155
3830
5435
5970
8912
3814
9698
7310
11951
9510
11693
5950
6355
8215
5803
2383
6836
7706
3667
1040
3412
3152
10949
10708
2841
3687
9750
8433
7412
7244
4900
5512
8398
9299
2164
9492
11733
458
1630
1111
3276
11395
3865
2777
8810
10600
7696
8434
10384
8444
2242
4975
4193
6880
6957
1071
11313
7930
5904
2882
10650
10597
2844
7309
4341
7149
49
4002
6471
4152
7724
10212
7014
7041
7807
5516
5955
6999
4700
833
9152
2462
9995
7380
10421
11335
6349
7029
10623
8800
1506
4255
10517
4428
10753
10350
1001
11853
5120
11420
10463
10948
1514
4298
5207
7759
2651
12251
5299
5157
10649
8648
9711
10900
2087
10250
8671
9554
12372
1983
7863
3854
7848
9445
7248
5401
1446
9307
1406
5574
7936
5832
2195
7739
1989
9461
8975
5896
6452
6678
4176
4412
4623
9650
10367
10925
826
4103
7383
4379
1904
3321
10470
7379
7333
3991
3724
11330
11619
9397
1646
7391
6965
4271
10702
10565
4380
4231
11851
6364
208
6829
6332
3161
3133
8957
9636
9339
992
11639
211
3213
5809
4284
5091
1973
4790
9763
3498
3748
3491
8612
893
9646
11839
9428
11632
10935
7659
5788
5901
9183
6737
9329
932
545
5476
8441
9719
10998
4890
9168
6822
10756
5786
1761
891
1047
6651
10637
3249
7752
9394
3455
6830
1004
11744
7396
9691
4469
8222
10002
1554
11893
10606
477
10955
6941
2154
5518
5868
10149
11631
4704
7954
3441
9436
9455
1051
6919
6675
5589
10956
7693
6713
10080
10016
3707
4697
8770
4254
7965
4427
230
7944
2638
10342
2627
5874
9484
2204
2158
10590
9642
456
1073
4709
7019
5820
2439
12313
7751
4222
8908
1488
5118
10386
3274
6289
6407
11412
5377
6316
6676
10720
5105
5410
11824
6336
6683
3198
196
3860
12214
7334
7086
1559
3195
2661
3432
6821
4240
6823
5115
6536
4867
7628
7743
9262
11321
8672
630
6925
5199
10133
5514
22
11959
9259
5419
10473
1092
10356
8342
9193
6807
3233
8933
5421
3136
10069
5845
9406
8938
4360
2799
6441
63
10934
2049
4352
8430
7421
7157
2232
6481
605
10326
9153
4388
11903
9174
2817
7883
2736
9400
5172
2745
7198
3677
9341
7082
7702
3078
4275
3807
6938
4798
489
6521
11925
5797
8400
10057
4178
3997
4839
3449
6810
10981
2740
9654
2874
6878
12271
4123
4814
122
11860
2382
3671
2823
11785
7480
1463
10518
2443
9202
6559
561
11601
8669
7698
10671
6464
10638
125
9229
7465
2372
6573
7481
1491
3719
11325
11751
11981
7131
7318
5085
12330
7832
5246
3408
3988
4400
2719
4483
8578
4868
10141
10679
4731
1542
4869
11793
11357
3766
7637
31
9520
7668
5944
7755
3089
9443
2459
9440
7801
9980
7749
10215
3794
11319
8824
3801
12344
7096
6363
6478
2422
10196
11809
6390
2884
5168
7358
3829
4299
4212
5799
11386
10366
39
5131
9160
4402
6626
127
5895
8794
7463
6522
2641
10532
10345
4172
11729
3143
7364
138
6480
4225
4237
10613
7003
12213
4663
8419
20
5352
10653
10595
7350
7893
2475
7766
7902
9419
6743
9176
10726
5881
4749
11880
9411
4196
3741
12365
4904
582
2181
2924
5795
11848
3736
10585
6310
7228
4452
3114
4075
1539
9543
2394
6942
1422
1068
5358
7835
5525
7735
12303
2660
10332
10989
4369
12263
10368
2778
7212
5082
8545
10045
10210
5309
564
3088
611
10225
2120
6846
609
9463
9997
10186
7223
9220
11967
1523
6719
879
6553
4115
8576
5229
11712
591
4013
11840
8213
2454
2826
5148
8808
9260
10102
1987
4465
4302
3750
3207
4962
7442
133
1753
10903
11404
7918
4692
7388
9749
2457
10204
5882
7722
45
11426
12206
10308
7338
8320
9515
4899
10193
10237
10311
7051
11414
5441
1634
1787
10942
6837
10213
7126
6624
10758
5338
9366
7268
8195
2810
11910
5384
7935
10916
1762
3698
6740
9987
3799
3223
2432
629
3235
11806
9452
4430
9361
3385
581
7144
6404
11811
10292
3123
3513
2741
9289
4111
10509
11430
8963
5578
6819
8806
3214
7674
12368
8944
8432
7130
2838
8413
5386
5159
3993
6333
535
9364
7470
5253
8546
9499
7241
10132
11913
7403
1760
7169
3293
7849
7742
8652
2625
1470
1968
205
10281
9722
2796
3979
5258
8208
5169
3115
11821
7939
4208
4191
7365
3279
4705
6971
10932
10561
7109
9379
11881
9439
6760
3482
6393
4202
4694
1093
11387
2832
90
1737
10412
4463
2774
4979
2835
10975
6273
3259
7431
4326
3969
3073
10626
1782
6949
994
2022
12270
8784
7050
4265
6513
9403
7658
12268
874
5306
7704
11419
5583
5801
3764
6424
8331
4351
5320
5533
12357
9979
5591
4150
2160
7968
896
2872
7163
4616
4720
823
2726
1776
4628
4295
10122
12369
3775
9355
2819
7043
2876
5339
10110
7786
1739
638
8418
8605
6325
11373
3813
10126
3975
6936
2367
1790
3391
9348
900
9251
12326
12225
9266
1039
5560
7925
6644
4950
10688
233
2191
10112
1090
973
10471
11580
2080
6974
10070
3350
7429
1918
7299
2869
6414
5341
6566
11949
7655
2143
2199
1049
7114
12237
11771
5889
3245
11942
3372
1745
4478
8659
5851
2863
475
3349
7701
2212
11779
10910
189
10667
3802
465
3291
8811
6451
8764
531
5493
2165
10266
5452
6371
11625
1503
11854
12198
452
5466
9233
3193
6282
11671
5286
4888
7750
899
6817
11740
6272
2809
12231
5187
11874
7266
10723
5265
7909
10670
547
5101
4727
3961
918
4099
2910
1425
5552
10017
10357
2780
604
1796
6314
7894
5879
5318
5447
6720
4055
2035
8194
4840
5236
6640
10091
3296
6882
3111
9172
8202
3729
7929
12212
1552
5391
3172
7289
875
4154
7053
5800
5433
7037
9523
905
11380
6758
7952
3823
4105
5180
2408
11370
11916
2919
10224
6435
11588
9464
11922
7703
7876
4843
5931
7374
6628
11440
4621
7853
3148
1575
6765
7294
9695
10066
4421
4766
10743
7073
7630
4951
2043
8224
7886
1105
7456
5880
9472
9770
11614
8422
7215
1027
6753
8200
10516
4343
1033
7941
981
9724
7161
10341
12259
6937
3387
3147
7156
11339
9256
7673
2471
132
3401
11966
212
11406
10153
8365
9336
8667
2128
3368
5139
3985
3837
7286
7017
6465
1537
5175
2493
2109
10686
4914
8754
9166
8557
626
6757
2139
9998
7489
2094
10306
5294
942
8540
9465
6613
11587
6840
537
5189
3757
11878
7767
11796
4701
4649
7066
5242
487
7837
9315
3798
503
3472
3465
7662
2002
5228
10727
2762
5774
3464
10298
845
4907
5225
4892
1007
8972
2733
3481
213
2883
3414
11757
9387
5538
12293
6483
6360
7226
7728
11390
1543
7158
9162
6558
2429
9738
12284
7028
6356
11728
5196
1765
7432
6598
10521
1747
3232
2801
3199
7173
4782
3980
10700
6662
5917
9774
4235
11742
1114
5459
12202
9730
142
9423
643
4797
4896
6291
7187
6457
2198
9401
7121
1018
6308
7293
1042
2790
525
2629
11762
6318
7815
3097
9206
9471
7914
7384
6800
9283
4251
5143
7013
5962
1081
5915
7199
5781
5958
11844
11800
197
8568
7386
3177
5592
11413
985
5878
9524
1496
8802
873
3295
4761
5313
8366
8971
3254
3140
86
10652
6826
1751
5821
2426
7867
3731
4805
6530
5404
6766
3127
7135
8606
2490
4042
2497
925
4180
10100
2506
9462
4905
3227
6963
10025
3081
2652
4110
169
3109
4722
11355
10477
6857
10923
11969
5912
4140
3712
4970
10280
7857
4418
7133
5921
5181
10555
10185
7216
4789
9226
835
4097
9732
11876
2404
3515
7307
8679
11609
12220
5383
3661
4824
5212
8777
7879
4439
560
144
9265
6315
3855
4010
5509
4484
4973
6886
193
10180
3497
2079
7319
908
5956
5160
8203
8536
9399
8369
10086
135
7839
7182
8919
165
7621
7690
10683
2107
10992
593
10275
7387
5547
7796
44
6869
10456
12216
7162
5523
10563
3234
6450
5536
10358
5817
6633
5963
7654
6601
1428
12342
9759
7233
926
4851
11429
2504
8769
4296
522
11650
8322
2502
6350
8566
7339
4127
1449
2373
4952
2381
3742
3344
7150
99
11657
2208
9240
10960
7967
9981
9271
48
10928
7957
5408
5132
8789
1030
3660
8190
5093
11669
5572
6693
10506
3744
3686
5368
3250
8934
10299
5506
2134
4645
6779
9156
6443
6956
3159
5465
12305
11954
884
7243
8753
6863
9645
10351
10614
1774
9555
10907
11652
10745
1419
11584
10265
5345
5929
10646
4440
3822
10
7137
3170
5327
12308
460
4678
3734
5239
2376
6923
1637
602
7285
8955
907
2411
7485
3720
7111
8818
7645
3281
10042
6278
7844
11348
10339
464
2116
7273
6446
6555
2025
10314
9993
11312
10198
4817
8569
9322
635
5177
1658
4297
232
1649
7140
1022
7306
6645
3381
6686
9378
10950
10734
8664
11590
10621
7927
644
10578
10714
7330
5434
8232
4401
7414
3878
10930
190
6384
4159
3706
4911
8375
2076
10572
1915
5844
4699
3445
2147
7680
10983
4707
2923
4877
3120
4826
8303
11810
11660
3663
1410
9713
3743
1977
7219
9360
5412
186
8763
9232
6635
5567
2658
11873
10669
134
8942
4153
3099
4030
6466
10319
4881
10229
2650
10236
4026
7138
7950
9764
8539
4012
116
4935
9559
2224
59
5274
11920
4069
4432
3171
64
6921
5439
2041
8656
1991
6694
586
5472
6504
10450
3760
3461
3338
4823
10076
3668
1481
2417
9272
557
8625
5188
1472
5297
1079
1075
10222
3490
11597
2914
3805
1882
594
11805
4211
5128
3459
8940
5155
7025
1109
10434
1651
3278
11843
4815
5269
11709
6533
10902
9277
8776
612
7940
8385
5866
6323
7803
2456
10020
3456
3156
4611
5156
5891
4672
9370
6544
544
6922
4453
1893
10352
1793
4941
601
6271
7495
148
10432
11437
9328
3957
2209
7462
642
4070
11696
11801
3791
10731
7632
4872
10562
4830
3815
5191
5775
3268
9459
6976
10340
920
2891
3313
6403
4614
4969
6704
513
4118
11690
10508
5553
3417
9729
9560
5575
7352
1794
2141
4680
6576
7459
4613
3771
9398
4687
6861
9373
8585
4917
3457
8216
2115
11943
3189
11698
4162
5251
7097
5092
8198
5564
11618
2463
4660
5594
9996
5094
5513
4344
2206
6388
11637
4924
3733
6519
7714
5104
3864
6599
4143
5096
5083
1626
4433
1740
180
10199
7015
2634
179
9772
3981
7688
2125
4100
5877
7946
6488
7204
11866
6916
7457
8898
5794
6301
6411
574
5204
7317
5489
11897
5498
3144
6933
3261
3492
9498
7644
457
10690
10547
7679
5255
1771
5948
82
1515
1659
6992
5933
7242
7733
4675
11869
10490
8351
6550
11375
1112
10624
10293
4943
7472
5551
8407
1750
5527
12234
10716
10376
6288
5278
7469
6700
832
3305
7726
5913
9442
10249
617
6590
7423
5488
1755
5267
10160
6993
4985
559
3789
9519
11360
10051
5289
1005
11593
10504
1981
11579
2773
3795
3352
10446
4856
12256
488
9631
5149
11586
8321
7492
5387
11752
3834
459
54
8399
9415
9696
3217
11383
9720
521
2466
2656
7671
2104
10530
2256
5337
6311
11748
50
11905
8544
1466
6438
4283
6913
2416
6395
8921
5907
5390
9528
3386
3410
7287
11727
7395
2385
5474
2829
7322
4927
4957
6975
6977
1758
3201
2069
3409
3986
6317
11755
6934
5532
7810
9180
11833
3257
11682
9450
1036
8388
1560
651
8920
4169
10001
6705
6978
2648
4160
6531
6357
100
3121
2070
3718
867
2759
5586
11984
10012
3196
5138
5585
6493
7146
12324
7346
7468
5530
7218
41
1041
8212
7795
7870
1468
5300
7830
12217
3840
10488
3696
9287
9985
4475
10970
10735
7948
7301
11409
6797
8798
9346
5558
5811
11407
950
12252
2636
11914
5491
5282
10148
3819
7636
9238
11985
4008
7326
3360
3361
2045
571
2628
3283
4455
9742
10499
3422
10612
6591
4201
3369
6749
7205
882
10094
1046
5899
5192
11721
70
4712
8531
8426
6
10968
7311
7783
1097
2893
10441
12215
11945
12307
7885
2825
8603
4948
3728
2672
11803
11655
9374
4174
3209
2739
6867
9431
3168
6436
2075
1900
7265
5185
4141
3856
5579
2155
7047
5776
3175
5448
6947
7275
9479
5145
12363
2441
1077
8229
2813
8932
7907
8572
4976
9354
9480
8974
885
7036
623
4643
7125
11594
2393
4045
2105
1058
935
10189
10116
4954
8335
4850
2793
5496
11934
5372
9723
11397
10233
11622
2101
5418
4644
7915
11346
10137
2153
7153
12309
12322
7433
5789
6943
6617
9369
9249
974
6432
10387
9200
3247
498
10610
3357
4246
7777
5415
1763
4836
7916
6682
6792
5462
11392
6581
8372
2065
4944
4424
7928
4350
8926
11734
2890
5457
6623
6927
5793
10399
4215
5272
9184
7842
1411
7360
5834
2512
4691
10749
1091
10078
3797
4696
4626
2421
7372
1495
5460
6406
5256
596
1775
74
9338
6761
8951
10666
5244
8785
11689
7300
933
4264
2413
5217
10106
2461
4442
2151
2375
8609
4467
11780
7382
10551
490
3182
1654
6643
10918
4919
842
551
11894
3475
7145
7642
5170
3087
10343
2899
3792
3690
945
8312
12361
6785
146
5822
10190
7375
4016
3861
3117
5570
3971
6733
4893
5469
7351
10484
11935
12280
2110
4146
2420
4287
7905
887
7031
3303
10129
532
2001
4682
1888
7923
10374
6926
9301
4033
10010
9237
5166
161
5394
7061
108
3777
7108
6695
7342
11737
6295
2247
5136
6502
7181
7717
3488
7191
10349
10693
6712
10134
6564
8221
11651
147
4093
6299
11842
6402
2751
4371
8193
4268
9414
5790
4147
3451
8665
1006
9760
3738
4015
588
2230
7617
5484
4891
3485
11309
10277
1024
19
10722
2211
6575
11892
10947
6347
3162
6516
3325
4767
2005
5281
4908
7859
10309
5237
5908
8564
6634
4990
2178
4203
4019
7303
4620
3420
7155
10931
10460
3330
9647
7458
8757
4472
7969
3501
8902
827
10282
511
2419
3711
8828
10302
11861
4217
3694
3392
11710
10425
185
11683
7475
4612
3294
7240
556
6776
8364
4966
3288
2635
10062
4276
9225
10537
10272
10545
6721
12200
2406
5304
10643
4796
2036
1549
2133
9317
2170
4462
1083
12241
11988
11570
2236
1627
8587
2505
8823
1104
10402
6816
6638
4221
7304
2811
7490
4780
598
9544
5129
8391
1459
6440
10312
3202
4668
4381
11369
12204
3262
523
5855
6669
12341
5934
5402
12337
3334
2009
4634
2237
3672
5302
4209
4765
9545
10004
5535
8211
46
9457
2495
2231
4004
628
4318
9413
5109
10580
12238
5250
2444
8787
11726
9512
8412
10433
8381
6561
2405
9218
11697
4308
5381
53
8575
3773
6549
10680
1906
6305
8319
1558
6474
3289
6515
9525
2721
10631
516
224
10014
1445
2857
10172
7872
9665
11888
3803
2056
11638
7128
7765
10414
2917
11904
9745
4676
6283
3304
3721
7491
7270
4256
3090
3118
7455
1769
518
5827
11900
6479
3307
3862
1475
565
206
3850
4322
5490
27
5301
9762
4633
3407
2058
3695
5219
3271
4778
10130
7448
11568
7831
5312
6431
4228
2216
4310
3317
6871
2501
3510
4864
5898
3298
881
2398
12249
837
3238
9359
4245
1070
10511
1778
510
10157
9253
7822
6732
12265
2895
8383
1100
5215
4144
76
6838
12269
3506
8543
2915
11424
5397
7344
4383
11571
4882
8909
1897
975
1003
3448
646
4447
10443
11887
2050
3286
10573
7367
5449
538
6744
3437
6668
1907
4114
6773
3447
6659
176
2903
3754
4708
5920
3083
10645
10503
3658
10114
10347
2791
7104
121
948
10392
1060
6750
7443
10036
530
3108
10651
2262
137
7862
3435
8340
9188
979
10403
9207
12248
889
9710
3745
860
6589
5504
4370
956
5303
8318
8643
9362
8923
3070
903
1436
6524
10689
12364
7340
2846
7302
9432
9298
10390
5556
5922
11365
12260
11577
9247
7858
5399
6335
4214
2788
5819
10125
9638
4923
6381
8773
3446
7065
4423
8214
5084
4317
620
3345
8376
3131
1498
3354
6828
5813
864
2126
10564
5539
590
540
10937
468
10897
3103
7467
7255
7881
1031
4041
10044
2850
10445
4958
10072
9507
822
9639
150
2388
8201
912
10911
2925
5121
8425
1417
7207
2802
4089
5163
4166
10287
5826
8677
11939
5241
7231
841
9191
11731
6768
1975
2911
10536
8423
3160
1783
2667
6671
6996
7949
12219
4027
846
3353
5849
5308
1113
11374
5102
2674
11761
42
1487
5869
8774
1768
2437
12332
10692
11774
77
4290
1883
4281
2238
7713
5510
1471
6359
10155
5385
868
1011
4934
4164
4772
8323
6517
5911
8560
10954
5
11777
5361
6994
984
5291
10162
4031
8353
6473
9693
8610
2897
10363
7811
2048
2665
1494
7712
2473
10505
3194
517
1895
6711
4411
12244
5454
8317
10234
4053
10574
8629
6444
921
3737
7165
10592
4198
3869
4393
8666
10559
6509
8812
5557
2856
6696
11642
7958
10182
6569
156
3396
8529
4130
11957
4018
11334
8816
8310
7446
5288
7196
2866
7284
10711
870
7964
5550
10333
5411
9673
10660
4894
577
7826
10123
3297
2770
7276
1078
6824
12226
8348
7898
2879
6789
4007
5947
7922
2458
8761
168
9677
29
11790
2913
4748
1899
10131
7681
7769
2019
8637
1493
4804
1524
3427
5487
6850
10050
35
11768
5522
6924
1513
12243
5590
6328
10997
7687
11933
167
3215
10410
3870
160
4793
8338
9685
2428
11987
2013
9327
4365
2749
11591
6698
6543
8598
4956
7634
2093
8939
24
4459
1508
9641
7618
3804
4364
4092
7102
7027
955
6400
3402
10914
12321
10027
6377
8796
10324
8825
8982
11573
3256
2010
4758
573
2100
6998
4635
8368
10740
4385
7143
3406
10388
10529
3421
3425
3462
7700
476
9532
4746
2765
9648
4760
6293
4800
1521
7409
6862
11778
6865
7868
2148
2507
911
10675
10662
3722
11647
6780
2255
4396
47
11769
7838
4984
4723
6667
4698
10528
7159
10570
8590
5529
4165
7758
11882
9686
11400
526
2046
10966
11337
7727
11668
4207
9333
5392
10674
10634
10431
12279
6652
2649
10365
7238
7896
3270
7942
5903
12227
901
3512
8911
7640
3810
4438
214
6889
5098
2129
497
3116
6572
9643
10278
4642
3359
5438
6279
10047
7068
9295
4674
6989
474
8562
7084
4009
7677
10493
3166
3962
1971
10303
3793
10475
6717
7874
4653
5865
2873
569
60
3380
9679
7001
10602
11679
11950
3312
2816
9330
1501
8573
10348
10497
7117
4932
4898
6752
5540
8207
8947
8949
7609
6621
1884
2727
5894
2031
7093
4834
7059
8948
7963
7008
209
6991
501
1067
7389
5409
4328
6476
11723
12306
7773
10491
6499
10922
7477
6812
3450
4329
10310
10728
508
6297
6270
3824
10752
9536
9553
8674
7341
9453
10159
567
8223
5949
6647
7324
4755
4835
5284
892
7476
7012
5220
3364
5369
4630
10958
5375
181
6655
5179
3186
4774
10605
8641
6539
9303
7283
9542
3246
6849
1437
7277
3495
1098
622
6958
10211
1891
2136
632
1435
4845
3229
3204
9342
876
7808
11428
6946
9529
2722
7258
534
4081
7740
7171
6987
5839
7170
5343
954
10257
4745
5114
2027
2725
10991
5499
8428
1545
9159
5427
8927
5426
972
4347
10668
1455
3963
6344
4145
2144
9284
1622
10938
10108
12346
4151
7081
2387
947
589
7768
10253
9408
84
9526
3674
4025
6286
11621
9250
5183
6772
6542
4342
4336
2182
12277
4666
2659
2503
10256
7439
11722
6731
10073
1645
12240
1453
8636
4408
10361
8973
5276
5413
7804
1644
32
10659
7483
10480
10951
8767
9356
11332
3273
5478
4038
7798
7252
3231
4860
6802
11416
4349
4971
3292
10104
4681
11436
890
7154
11596
4449
5846
7917
4028
4967
5854
5939
4673
12304
9503
10514
7791
4792
1629
2391
10618
5577
7007
8930
10232
10636
993
11707
2642
10953
2453
12257
93
10419
7824
3258
6646
11666
11417
9382
6571
6813
11443
9320
4000
11822
199
9737
11825
2088
6463
7951
2244
6609
4244
9694
3179
183
9514
4737
4450
877
5279
10568
7889
12209
3725
4949
11605
11681
1623
5379
9527
3730
7105
9279
7410
4072
7164
2510
650
7620
12314
10251
10725
11356
6656
11439
2434
4087
10550
6616
11908
627
3468
6303
4020
597
4242
2218
12224
4108
4252
6281
1564
7132
170
10323
10465
4988
9550
2397
11938
2054
3747
10495
8642
7213
10913
3782
3266
7160
52
8768
5456
5182
2839
7062
175
9634
1878
4142
7112
6912
6778
5453
607
8410
9203
7201
7921
11328
2744
10382
11315
7229
6324
4049
2250
4689
493
8332
2786
3704
6774
7756
9402
4197
8922
9994
10696
6908
10144
2038
9235
4425
2
4960
12367
5870
6914
5818
7211
10453
2095
8613
11576
3499
10038
11692
7966
3770
11990
2435
11836
225
7920
10263
996
10965
2150
895
7460
85
5089
9285
9766
10969
634
220
5257
6847
57
5863
7010
7937
2202
3164
1117
6915
8937
6920
4473
11770
4239
1764
7034
3811
4410
11582
6702
6369
4056
1660
4910
56
3688
7453
11955
7797
129
6875
4768
519
1621
2859
3301
3129
7370
7049
8980
5158
3471
5134
7075
10534
4657
2474
640
6340
9683
5808
111
6866
126
9454
6714
3079
2171
11804
3371
6852
10513
9495
11635
4363
6580
4847
7648
7224
7048
7651
2423
3378
6331
18
10677
10587
4139
4617
3844
113
10736
5173
4926
11630
3679
7934
9236
10957
6387
4416
2016
7056
8805
6490
11812
4355
10730
592
3203
10619
10522
4261
7343
12339
11704
8781
9508
6610
7775
8622
481
3847
5106
6309
8306
6928
2782
10158
11877
11598
4269
3290
4291
7354
5850
3230
1038
5965
11311
7269
37
9509
953
2831
2118
7095
2073
10178
6605
4688
10143
6354
10183
6412
543
2498
7641
1980
4787
3507
8968
6697
3228
5266
9692
6658
4135
2024
4395
3264
4902
4338
6782
4419
7282
8354
1086
8443
9393
3086
10248
9326
512
8584
15
11767
10733
12288
1431
4137
7746
4163
4305
10220
6409
8977
5203
11828
9481
3740
5227
847
8378
6724
7000
164
7819
5875
6319
4838
4358
1540
2794
7026
7323
7151
10089
11766
10147
647
8916
2380
616
4236
2245
8436
51
4982
7718
3337
6872
7206
5325
5946
228
7186
198
7953
10515
2368
7426
11883
553
2122
5335
6642
11863
6537
5247
6461
6304
6688
5107
6833
4819
4182
9381
5443
4230
4106
3285
155
4615
5814
4359
2743
11425
6665
3816
6707
2205
5798
5285
3174
2776
3786
10961
5376
6726
6909
12211
4216
11644
9670
5328
6966
8217
11787
6491
5197
9629
10203
828
6834
4327
9300
4121
5311
2057
2758
7447
7271
3200
9777
491
7371
11963
10632
2223
4848
3835
10021
10258
3191
2468
5807
5887
7821
7363
2494
919
10098
9700
4138
4915
2258
4124
6327
11378
8966
2034
10599
11846
4043
11347
9714
1556
4786
9173
624
967
10385
10264
898
6954
7235
990
2728
904
1076
3817
2737
10081
3342
4183
10140
10449
2193
10737
7180
4807
2121
11936
6650
2654
9345
958
7397
645
3382
4476
6892
6362
172
9434
9660
2878
1749
8899
9204
3318
4399
2169
12230
7190
10246
3765
10541
7449
2099
7860
3405
7054
8218
11830
6472
11918
65
234
3167
8910
6883
7729
820
4913
6876
8961
6338
7417
4134
9181
3511
3842
7214
7390
9313
4306
3796
6666
2920
6604
7178
7689
7880
8339
2849
844
8371
4460
633
7232
1871
7788
3346
3995
6679
6984
6578
8772
11656
8307
6968
3300
8542
840
578
6460
4311
11641
7741
7221
4050
4801
3411
10901
2089
4206
931
5563
7650
4808
4386
7077
8415
10554
8535
10035
854
11675
1464
6629
3277
2792
4413
1064
6657
6897
6425
10375
7070
5482
215
965
6969
9725
2117
1532
12340
6458
11929
637
952
5436
6754
3423
6592
7185
3397
7805
2130
2431
9337
7184
10533
2922
10540
5167
3978
9219
5437
2248
1441
10330
8658
5468
9448
8377
1979
483
12221
10466
7625
1520
869
4937
6511
6468
7441
8759
9717
9297
5559
467
191
11401
7778
7861
10011
1911
3239
7002
3659
3841
4117
4316
6680
3999
10380
4224
863
4931
11898
3154
995
9185
11817
7667
10244
8969
2805
4003
977
9276
9733
11372
8206
8356
2240
1555
73
4091
6990
938
11899
9757
9468
9288
5838
6798
145
7416
7487
3314
67
5935
10074
6584
30
2389
7039
11765
6322
4375
9652
8361
7281
2074
10216
3689
34
4187
8793
5964
1412
8442
1439
7764
140
2403
10105
11756
9501
11368
11664
1087
7179
5162
7291
11320
10163
2842
9409
3691
7827
1062
5519
2675
6748
9497
9556
8638
12199
2858
3267
3872
3310
5378
6747
188
4037
6764
10008
11680
1569
10192
1756
5206
3343
6548
3656
541
10085
12236
218
5252
11991
7657
5966
3107
10939
12264
8809
9435
162
1886
8304
4397
10335
6427
7264
7747
6342
2152
5495
5481
5108
9752
8780
7854
10974
4192
2015
10322
1458
6348
10195
117
4335
8227
6339
1535
6352
9491
5470
5110
10417
11716
7272
4194
10744
7392
5287
8326
9310
1913
5503
11336
3666
6951
1429
1502
10136
11856
4928
1639
4980
7762
7407
2142
3142
2176
998
5549
12242
10455
961
2764
11868
11367
3324
8334
2229
636
2822
7091
79
2918
3181
9708
5941
1414
10371
6495
182
11764
11708
4076
613
1538
7908
8653
5483
2834
8427
9
9388
1061
6618
5298
7828
7479
499
4112
3240
8438
6723
4665
5507
2228
3755
3779
3225
922
1409
10120
10242
9215
8204
80
478
4058
5937
10919
10444
836
7890
7841
5420
8553
5245
9475
10408
7401
6661
1791
6579
9257
7820
10701
11351
843
9637
9182
3781
9169
5841
7647
4181
9412
11745
6791
7943
6507
7731
11433
9663
4717
141
2066
1444
496
2449
10979
5520
9427
10501
4374
3110
10993
1473
5545
6979
11361
11385
509
471
7631
9739
10936
7478
11620
8421
2470
8431
4248
7120
10295
7664
2047
9743
10754
3139
8624
9541
5815
6853
11444
1632
5784
4916
2395
2068
11823
7376
7708
10629
10926
980
3956
7419
8962
2894
7183
7385
12235
639
8943
4046
4313
7259
7430
989
7046
7784
2833
11847
7119
6738
4639
7723
10428
1576
10093
8199
7428
4841
6475
1529
6868
8929
1026
12195
1990
4307
7792
1032
6973
3284
10354
7408
2898
9305
3145
2014
62
4646
3122
4829
11838
7653
1069
8327
5223
10995
8548
10227
3460
4481
10492
9418
8396
9735
7613
10906
6385
5249
4226
12356
12310
10661
7683
4167
6649
9192
10005
10373
8359
11975
4085
10381
9487
7776
9165
2472
11393
7947
177
10286
6809
11
11906
6806
1009
10168
1872
10217
12325
5088
4714
2186
4348
7079
2757
9201
3714
7692
10625
1894
8563
2190
12316
10088
6358
7022
10557
2476
8907
2514
3095
2626
10046
542
43
10262
1525
12301
5953
11442
9231
8309
575
5319
951
3316
4361
485
10197
9768
2821
584
7045
2887
2064
5501
10393
11971
7424
2812
10633
3094
4818
5531
7646
3184
10943
9726
8799
536
10173
2633
8967
3669
9664
4434
1922
4195
2175
3091
204
2865
7021
5853
8935
4301
3069
5231
5464
5113
554
10165
10984
8661
9697
2768
7400
11944
10617
9474
9651
10033
9177
3827
6375
1974
10741
7802
12355
2111
3772
8350
8197
6722
9538
3466
6795
9678
6582
11886
4148
1876
4671
2442
5164
8558
5277
8654
7356
9751
7649
159
91
9230
969
915
4732
7482
6945
4833
7960
4403
9984
10285
4314
4725
11394
5796
2217
5576
8978
6302
3150
4775
9421
5957
11797
11813
2888
1743
7961
10398
1510
6512
2731
5816
6500
7643
7100
6320
8325
971
2000
10194
2848
2425
5234
3379
10664
12223
7060
7676
6814
9227
6454
473
10207
5393
3340
11366
7833
2446
10527
10704
2723
3363
9658
2263
3723
1486
1448
11389
8755
10109
1008
8311
10071
5264
11606
9324
4406
3187
4849
5528
7253
3388
9653
5305
8945
4751
6453
6775
9655
3413
1454
506
987
7892
3206
8541
1536
2185
7745
7962
7694
5927
8616
8588
913
2233
2827
524
11003
7678
12222
6588
10202
8220
7260
7147
2039
2221
6611
3362
6672
11871
7245
11700
6932
1544
7227
910
5137
4293
9470
7866
94
1641
6574
7009
10118
11889
529
131
7711
3149
11896
10127
10454
4858
5355
4011
1059
1772
11832
11912
1624
8420
880
9500
10538
1461
11946
9478
4320
2246
6730
7239
470
11763
10095
3366
6777
7684
10090
12295
10593
184
4391
3101
7817
10205
10113
10476
6891
10327
4873
10724
10553
8345
3673
8591
10543
7825
6552
11960
6284
26
5847
5508
3678
6346
9368
7035
11831
5479
6907
2732
8401
6462
3703
8615
7020
8586
88
12218
11314
11964
9746
1467
2800
11691
11758
10344
6527
10026
3434
4263
1779
5224
4822
10904
7794
1522
1413
7938
1017
3873
4066
3826
6827
6477
4044
4376
2207
1056
11659
4170
1562
11717
5930
2906
9485
4168
7707
5332
7332
8917
6701
11640
6842
11603
9680
2485
1094
8393
11891
14
9210
12320
2875
4871
6296
7316
9649
11703
11970
5455
5967
10328
9311
2438
10007
5968
10271
9438
8397
9426
906
7192
9754
479
7208
4724
12290
1754
3287
9771
3784
12203
1065
6831
7116
2783
4880
2249
5867
7878
1923
7406
2407
2235
3709
4258
9748
2450
3197
10581
5502
6274
9390
1457
6755
9991
5582
3265
1478
4810
2484
10746
6885
3327
7612
6382
5396
4356
11364
7305
4968
7237
5843
10397
5232
10985
502
3176
10584
5859
528
3480
1741
112
5780
7087
6881
8328
1438
2511
7873
9734
11713
6899
11338
2201
11753
5126
10569
7488
6904
6370
6501
2082
5112
1573
4981
10401
7780
5497
11327
11983
6692
9990
6433
2752
11864
8601
3105
4389
4925
3866
5837
5174
5515
2670
4241
5568
4021
10628
10921
6622
8192
982
7098
5135
11917
1919
2032
7666
154
1780
6467
8964
1902
7261
9656
453
10170
6367
5350
2761
5296
9308
10520
3727
10549
4238
1519
5346
11600
6485
8946
6442
10644
8384
4017
8826
10442
9275
4368
10510
2259
1969
5785
12289
9706
6980
11743
4279
2156
7781
8565
6606
8662
12233
11435
7016
10591
6345
5829
12278
8409
4777
2177
1451
1748
2023
8344
9367
6372
6391
4929
988
7619
7865
1433
9318
7716
3753
7176
9640
9389
3874
36
7124
3970
12287
11388
5541
10187
619
12
7422
11834
4289
4750
9999
5316
9187
5292
12296
5146
2730
12272
1443
4392
5544
3665
8983
11819
3419
10279
5902
10424
8931
6786
7118
5914
5593
5400
4736
9376
7297
10920
9747
10407
9163
10977
10378
4260
3469
821
4429
3505
5554
4827
11747
5283
9278
7725
6585
4080
13
9446
9221
1742
9248
8406
3311
7779
6898
8827
3185
12343
3977
6681
3849
7321
69
2851
872
5444
10703
6557
8300
1785
10261
1640
10963
2789
9688
7836
2183
4876
6386
1057
6952
11569
6888
10615
4903
7122
11411
9765
9245
9179
7083
5828
1631
11702
3092
6654
8822
5537
11895
7882
4086
11649
4006
4474
2905
10539
566
7331
7760
5445
1025
10448
7757
11940
8608
4886
3812
6911
9493
7856
3960
6514
1500
12201
11974
5960
10316
3328
11678
9319
3751
9195
6343
1770
6725
1528
4874
2478
6277
9721
10239
1978
7710
7361
6858
4939
10274
4802
3846
8617
8595
12358
8941
10067
10396
4972
10096
1792
11616
2631
10589
6900
7329
8631
10301
6637
11613
8633
6321
6430
944
2803
3716
4702
3871
11789
2192
152
8663
862
631
11802
9391
4334
2052
4422
6298
11741
3440
1533
6421
10208
3493
3972
4048
9753
6368
6577
11344
3126
4090
11359
7782
587
4315
11583
7336
10750
2735
10083
10276
4022
10461
3260
11980
5370
7846
4039
11746
12232
6383
4277
8555
3272
2655
10191
12333
226
4735
8762
5942
6541
3348
11363
10167
10697
10184
11799
11350
8333
1920
8547
7088
8205
4641
2219
2225
9731
8804
10028
5836
4040
937
2671
4319
4711
4173
11595
2870
5235
5422
2369
9521
4057
3487
999
10715
2384
12294
8914
4889
9396
6518
558
3241
3211
6568
2184
10558
7348
8771
10221
2657
3192
11686
5373
5918
10500
8644
6729
3987
4220
1517
11661
10043
5201
6405
9243
9424
12274
11581
10594
10404
10579
539
9386
930
2168
5333
4744
1534
960
2499
2465
9208
8355
10346
5111
4227
130
4636
10908
2864
10707
3780
6415
2379
11872
1012
8219
11670
3699
3996
1477
11909
89
1633
3965
8611
9736
4458
4366
3077
1773
10288
9988
2908
855
9241
7328
1784
9340
2479
4477
3697
5883
1509
6716
6418
4832
10317
6735
2717
4125
2033
4285
9323
10318
2392
6545
4897
7850
11921
2637
5125
6422
10699
6429
6437
2491
6879
9222
2496
4684
7661
4842
3439
10018
4107
4233
6982
2055
7174
1548
500
38
6874
2061
4294
10156
12197
6763
8627
2880
12283
4414
7139
8676
4185
5326
3867
5938
2254
8538
10438
1013
3675
2664
6532
8813
923
9392
9246
5190
7932
10507
