5025
6360
391
1605
2244
4855
546
3044
6540
1821
883
4198
2665
5400
745
2959
1103
891
5654
6082
4794
3232
158
5858
1610
2323
2560
3510
3986
1694
6265
5262
2881
6337
915
3516
968
4899
5406
3941
4132
6276
4478
695
281
2004
1301
2269
568
5644
179
5839
4255
4644
481
1741
2687
2717
852
1088
4943
1259
3479
1973
4527
2083
1165
4472
4475
398
2125
5556
2839
5535
4745
2810
2670
2719
4558
2319
5387
3842
4183
5152
194
392
6077
5289
887
806
5920
3002
3611
536
3452
5694
5816
3851
139
4282
1779
2998
523
3408
967
1560
4628
5706
6372
4574
5545
2703
5902
5498
5860
2283
2228
1783
6079
3348
2980
2730
1198
2483
1051
35
1055
4630
5966
2039
2777
6029
2024
3839
5162
5939
5589
5781
3784
3651
972
553
2447
192
1126
2207
5239
776
4129
5311
1097
1135
1224
5362
1827
4434
4032
4077
680
4265
33
905
4682
2120
4901
5599
1513
2579
6116
4372
381
3132
3116
4638
3194
6465
3750
107
750
5130
2340
5447
270
1084
1524
2640
2668
6086
383
2339
5126
2581
3621
5284
518
1427
1417
660
5211
286
1755
3577
2081
5460
956
2099
863
3880
2537
2233
4606
708
5793
4819
5758
2006
5109
5107
4494
4170
5462
2166
2971
5985
2672
5771
4287
1713
1846
5934
1082
166
2213
2479
4830
1483
4206
2021
477
1013
6144
4753
1636
5300
1270
674
3062
1800
3094
5448
1491
4412
4102
6326
3354
4848
2175
6268
1767
5907
93
176
1594
4653
2229
3729
478
974
2301
285
4840
5773
873
1071
6528
2785
6211
5481
5361
2867
4310
6048
4447
1355
2525
1791
2028
3527
5267
5216
487
155
1342
3115
2875
550
150
4733
4572
5663
5987
6381
593
5622
264
577
4126
1926
1563
5220
587
5584
866
1176
1548
62
2808
2379
2656
2858
5417
2716
3654
6034
4257
376
329
703
825
4460
2612
1890
4264
903
2554
3524
1802
3175
63
3766
2529
2904
1398
2735
1765
6236
1716
3573
4142
889
3138
3401
2077
771
1731
5476
6377
2884
6223
5909
1083
2823
4084
4886
5280
2246
3480
3899
6062
4713
4382
2037
3622
2516
2047
2168
2676
3269
4922
4197
1209
3065
305
2003
1143
4127
4136
3590
3123
4789
1914
2558
2647
2135
1902
6226
3702
3343
3694
1950
3066
3043
3158
437
3936
5682
3731
4433
3562
220
922
3533
5210
2915
82
2585
397
1862
1567
3102
2705
4793
304
2524
4622
3782
5433
5743
4389
2330
3771
2386
6091
4775
178
3435
219
3847
5871
2739
1443
399
2584
1140
4495
1213
1547
110
663
2388
601
2863
4680
2218
6300
5651
5161
3317
813
3988
1799
3484
1948
2618
3103
2352
2701
1447
5759
1451
4857
4634
812
2190
2926
1066
4258
725
1075
164
1883
4872
3318
4735
5822
2367
5744
1422
1667
5828
5605
4656
3445
1580
1065
5983
1017
3944
1531
2690
4301
5376
3299
2273
1729
5785
2089
4615
2923
3120
4298
1064
3139
1134
2495
1878
4723
4087
2122
5641
5120
5041
1477
4501
4253
3802
4540
5629
5451
1074
2289
5514
3016
5100
4378
3412
3441
5170
3436
1884
3199
2358
5069
730
2117
239
2128
1047
2956
189
2827
2363
3646
3799
2433
2398
6319
280
646
5490
4629
4230
2101
6331
5047
1778
4578
3061
2152
516
140
6358
3455
1928
1875
169
537
3890
2812
1181
5456
1775
5196
328
5436
4587
2954
3741
4273
2212
190
2026
5972
4783
666
3091
1282
182
2669
2266
1472
4532
539
1772
554
496
598
3502
2794
2803
2630
4320
2928
4068
463
2604
4030
284
5219
881
3095
330
5248
3752
2349
4281
4755
1996
3438
1234
2661
289
5632
4208
2712
5354
5903
2583
2217
2215
3169
265
5271
2734
980
2141
547
6478
6486
4422
4199
1113
2975
4061
6148
4231
1615
1063
3104
2553
5048
387
2474
2031
2009
3107
2602
2486
4134
4663
826
276
821
2443
5185
3083
1388
6336
1339
2178
1131
3473
1627
1406
294
831
1173
4337
4948
2607
5434
2920
4278
5627
5487
2467
2848
5160
4138
513
2700
5548
2502
2664
1733
3406
26
5201
4116
4718
4215
4386
3271
1318
366
5792
2857
5669
2408
4044
2724
6193
1831
5650
2171
5989
4286
858
4440
171
1421
6413
2156
2274
978
538
2973
5705
2314
1889
3832
2362
1155
4689
464
4380
1020
2469
4996
3395
1095
3710
2597
2655
6407
3035
1199
4107
4402
2728
4678
1561
742
5982
4719
5307
2476
2248
716
2285
4609
1863
2854
1665
2247
5176
6075
5149
5786
299
4143
1874
4042
3518
2642
1812
3423
1989
4924
4518
3815
1440
2681
5104
5296
3249
1702
2106
6335
752
4385
4200
4363
699
5509
6527
2861
2527
1519
1261
1157
4582
5702
3971
4194
950
4707
4726
5573
1924
3409
2137
1801
4724
1894
2300
6296
3983
2888
1512
838
3186
3154
1931
336
410
5393
469
1118
4195
2942
1828
27
5205
3140
5710
6561
3265
4400
1463
5536
3696
4711
4014
2622
827
4180
5022
3855
3823
2977
440
5142
2580
3313
2187
6421
2008
5232
3024
346
4601
1592
4242
735
1562
1416
4254
592
797
2148
2659
5348
753
4348
3728
2094
1523
3262
4849
4602
2953
5866
569
6060
6222
1659
4556
5166
359
4036
66
462
4613
2865
2097
2711
4462
1018
957
2675
668
4965
2429
4037
3545
5103
2879
3355
2813
3730
117
5941
5937
1965
2341
2693
1820
1579
697
5559
408
1311
351
4677
4120
3458
2825
6389
1425
4449
4369
6105
5269
1635
2197
1058
5598
1076
2721
1940
5338
1255
4569
4455
2725
2801
1383
5358
4269
295
5330
3054
2090
5916
2239
2646
3276
2453
6131
3005
4234
2350
4730
3191
4504
2852
3753
4405
4508
4521
2198
586
5043
3088
4865
4315
3360
4283
1740
3013
3920
3371
3638
2259
6270
1760
4186
2185
3668
2996
1489
2611
355
2309
2530
1551
5531
6042
4109
872
5463
4228
4467
1727
4397
4801
732
2789
5266
61
174
1987
5475
4871
5951
5428
4691
662
2296
2907
1983
3079
5517
1735
607
2913
5729
5252
2896
2221
1073
911
4709
1333
4328
5805
1581
2684
2360
3713
3204
2946
5537
2573
1785
5055
1324
677
2176
4852
1197
6085
2577
6046
2882
1720
4329
6271
1695
4226
2846
633
2392
3598
1142
6102
3264
940
227
1507
2395
4177
928
2196
4073
246
4245
1759
1703
3414
4080
4710
839
6330
5885
5057
5790
6332
4367
5534
2018
3747
2040
2764
741
1260
531
5582
5329
6558
2847
4048
3485
5374
2731
5688
4159
628
23
6008
2976
422
772
3521
2201
3507
2203
984
3617
5895
64
4263
3074
4652
3535
4088
1718
2245
2036
434
1614
3881
3028
1057
5171
2347
2596
6414
4249
4643
548
3052
1723
787
6030
2399
2871
3997
1232
4762
5590
4699
3835
2586
5551
5158
3117
2481
272
2752
2157
2876
1934
2293
2380
1565
3268
3242
2578
3366
1115
3471
491
1690
2902
4250
2849
5529
4373
3254
3347
4530
5513
5665
274
1048
2161
1032
4059
133
2130
5655
2092
5662
3697
4509
2776
763
4744
3425
949
5488
888
3778
3575
2766
3980
2022
4010
5018
3032
4342
4043
502
3228
2025
4859
2478
1346
1053
3777
1608
5935
2250
372
2532
3495
2986
283
3648
5635
1574
2057
3207
2660
570
2795
4811
2108
3976
316
3055
267
4108
3956
2044
4826
1638
3511
983
307
2983
2369
6152
1146
3916
2372
4008
2627
2748
575
4595
5224
6155
4259
5957
3806
2256
4752
4096
2988
620
876
5968
2016
1637
15
5949
95
1717
4193
5924
3113
350
2144
3390
1521
5473
3686
263
2960
3352
4596
3288
4420
971
5997
5647
4421
3203
2831
2211
2870
1700
4325
3287
5401
101
1834
3722
4426
2132
4147
435
4148
4321
2204
5676
3405
3666
2925
2893
673
5524
6489
899
747
5596
4728
2632
880
5925
2163
3500
2706
2071
1156
6297
3171
4542
2434
2334
1257
1102
282
3894
576
6521
2240
4093
4191
5455
5775
6438
738
5732
3707
6383
4984
6488
647
3571
4314
4097
322
4758
749
5716
312
1571
1955
1279
4354
4701
2058
2134
4417
3181
2638
2151
1554
4746
86
6509
878
6244
6294
736
2060
4918
2832
2778
5604
5636
1686
1795
2290
3233
6352
379
2182
6181
746
6036
4375
6350
3073
112
3266
2091
1732
4015
124
217
2281
3385
2338
630
1539
3000
1681
1789
3215
617
1042
180
574
5443
834
6344
3726
4791
3529
4182
1086
2482
6089
4784
6506
1796
2193
5824
4244
4957
901
2147
3873
3064
88
341
1672
5595
521
5492
4041
2964
1808
6516
5565
1413
1052
223
5813
2842
1617
3051
4256
5208
3072
2280
2313
5167
6166
2757
4454
512
1277
6289
2796
216
645
1860
5465
3589
1888
1809
3431
3908
2722
6496
2820
2598
2919
909
4122
1880
2851
1160
332
2740
3332
3517
2458
1633
2591
3664
5697
6061
3297
4139
4761
1927
829
3397
2123
3772
3827
2407
5994
3703
6449
1487
5392
5293
5398
3416
6049
890
2361
1400
3451
2931
5978
1566
3369
3050
993
3404
530
5454
3841
2576
1620
2062
4674
589
2859
5912
543
729
5880
5440
977
2020
2310
3634
5560
1412
4939
1509
3457
2860
1268
1351
2617
6266
5194
1432
177
3345
510
4052
1980
5202
1744
2364
5542
338
2437
6024
737
1762
5527
2305
3058
2231
961
1816
2759
5845
3616
784
638
6499
71
4999
3456
1263
3008
5624
1552
1026
90
4430
2526
1105
1054
6078
3514
5192
5783
290
2892
4293
354
389
6090
1747
3143
5737
4742
3069
3767
2999
4289
595
1265
352
3877
4541
2775
6043
5489
5259
266
4149
1341
6146
6444
4651
2335
947
886
2015
844
6532
4497
3923
573
1937
5620
4667
4921
3992
3796
1842
96
3967
5770
6457
2932
5557
1748
820
1893
1522
522
4051
1141
1683
400
678
659
5015
2738
1607
5144
1174
560
3715
6316
2112
5778
1419
1481
3378
3282
382
4297
4069
1518
4548
4202
4046
509
2149
6213
3045
2332
2792
6070
1423
3384
1464
3010
5830
526
4229
5277
5733
667
394
244
4220
2921
3619
3864
3645
4016
5836
24
912
2475
5435
6328
3834
2520
3015
5077
4450
1217
6520
1471
2841
5930
824
3996
2533
2216
5359
4300
2493
6145
3656
686
2409
201
1361
3978
4956
367
404
2539
551
3554
1335
2041
4520
3974
2768
5811
2007
1768
2035
2366
6349
378
2306
5106
1094
5495
5063
1596
1769
4311
2440
2010
2979
4340
2368
1991
3663
235
87
5530
3966
4690
3560
1969
596
5072
2723
2067
474
89
511
2744
5579
3450
2096
2068
2119
230
356
4196
4715
5177
143
3551
503
6353
1129
1833
6526
347
1273
505
5507
2320
2487
4271
5908
300
2908
2880
3122
4489
3805
664
1564
5385
3430
4670
5477
6361
2315
2906
2326
2600
3424
2754
2291
2990
3869
6004
991
1497
213
1399
6550
1347
970
149
2944
1871
5751
4007
5399
4672
2697
1920
2279
5942
2371
4659
6136
5119
2307
5704
2400
293
2142
3193
5290
4213
6493
2045
6158
208
1658
2992
2073
2872
3884
830
31
1319
5270
326
5318
861
1138
3274
832
770
3173
4062
3505
4233
74
6477
2158
4081
4523
3943
448
1107
2582
306
3984
4694
2107
6512
1781
2059
75
1473
506
4296
5420
2834
4669
4618
5538
2131
4288
4740
6018
3381
2782
2064
2626
2522
2093
5491
6345
349
1952
1777
1770
67
3259
1266
91
6482
3903
403
5580
740
6342
3559
4423
5516
1153
2737
1861
1158
713
3879
3006
255
6429
2268
3147
2809
309
1218
4575
3808
525
1943
3704
1343
4487
2710
1338
5409
3041
1994
484
5098
1558
5227
5540
269
1515
5953
221
3526
1469
4115
1250
5236
2384
2345
3987
6440
6463
5550
4119
2276
1520
3635
3410
5000
4736
4350
3508
1414
4875
5993
4496
2929
2195
4579
2346
5275
979
1881
2461
4322
3377
4621
2023
871
2741
3195
4577
3764
4903
4388
1555
5242
1418
1276
4295
1898
5899
2354
5774
4299
1903
5670
4748
2082
2504
3428
1725
3857
4124
3951
4649
222
5179
2224
4135
5615
3427
6402
6123
1479
3227
3932
5928
2755
4280
894
1885
2496
2311
5367
5777
4442
1526
1611
5452
3691
3319
4103
3278
3740
2098
1854
465
985
5427
964
1450
529
501
5600
2088
2414
2967
2833
698
5752
6252
461
2405
685
6406
4937
6537
3023
311
2389
3998
4964
456
4749
2074
4626
424
4222
5679
2733
2048
3537
2747
2972
6094
3896
588
6021
363
2029
3280
1010
1137
480
5496
4499
1819
6513
3389
4640
25
3743
860
1929
4223
2883
4240
1957
1049
2641
2342
5389
2489
2275
327
308
292
4970
1590
5287
4566
3626
2355
4511
4766
2078
5833
2606
1682
4347
2065
1081
5763
4403
3111
5071
318
1949
3838
4893
187
5812
5863
5838
1619
3238
2304
1986
4636
2715
497
3528
2948
5561
1815
2404
2188
2235
4743
482
1794
6000
3353
2295
340
3089
3298
5574
2679
6309
3700
5787
6044
1728
5038
2402
3969
2877
612
2985
2080
4491
5281
5965
3362
145
823
2685
4144
1882
2780
2169
5645
4029
3746
640
1818
6530
4751
4686
3989
1792
1873
1737
4982
1786
3237
864
2790
4515
83
2608
3285
203
1087
319
817
2104
6515
704
5371
119
822
4004
1149
4366
6104
4708
875
2173
2610
5309
2939
2866
1624
3133
5734
4612
1628
370
315
982
3383
2933
4829
151
2292
5386
727
5234
4821
1211
1664
4757
4227
5282
5558
2756
1841
2172
4392
2391
1587
17
4210
1790
5791
5357
563
2727
5004
2682
1100
4012
4435
5888
3644
6173
2798
1557
2943
4031
879
5581
4517
6033
5532
2629
6114
141
1787
1869
111
185
4075
4611
1849
1766
5769
3076
1623
1632
2253
5499
154
5464
1763
498
1629
1793
3135
808
257
2382
3068
3314
2918
1
1061
2624
3118
1300
2950
969
4039
5035
3291
4673
1101
5917
2633
5659
4308
1258
2824
5467
3928
2085
976
4266
4384
3003
724
5684
2186
4463
393
1756
4947
1892
5132
2426
3049
524
2497
4216
1975
756
1362
2468
2603
2376
4685
1128
3110
471
5631
3934
5125
3231
2121
3797
4876
4150
5424
3367
4414
581
925
2473
6317
1848
1916
4336
3546
4002
3358
721
2922
1738
2791
2084
1109
2645
6239
904
2958
396
3781
578
5369
3342
1981
3250
1825
3927
5683
4294
715
368
2258
129
4432
2242
6504
186
2966
296
6459
3477
1348
3732
5720
594
1122
1788
5039
5959
3263
2105
504
2264
2749
828
755
4112
1780
1829
3487
1243
486
2238
4146
4725
1185
5969
3090
679
2324
3679
815
132
2671
2938
2451
5304
2027
1254
696
4469
5380
5976
952
2574
6264
2658
4323
1572
4584
2252
2328
893
19
1814
1344
4452
6510
2318
361
6522
4664
3760
3302
4381
3895
450
2472
1038
3534
3699
1985
5141
1616
2237
4464
4377
2787
4190
2251
1068
22
1484
5238
637
841
160
1252
303
159
1244
3224
3001
4767
896
973
4307
5283
874
4113
2968
417
3999
4207
4759
2736
5852
4662
2165
722
3112
2758
5009
5116
2353
2720
226
2066
6248
1757
2507
103
3399
4884
34
2750
2260
1326
6139
6492
4573
5414
4486
2784
2435
1807
2814
962
2512
6505
1516
4152
954
4204
2052
6363
3004
1111
37
5661
2179
4764
6132
2075
1663
2484
3252
3226
108
3609
3819
1125
3615
900
2544
4481
2210
5995
3364
6037
1578
1237
3919
1428
5642
1110
5678
92
4568
1159
3482
2615
1739
1043
4610
5446
5206
4438
6069
5798
5639
4665
5602
1730
3830
643
614
733
4647
5748
4516
5749
5564
6172
5273
3939
2903
2951
3081
1993
670
5332
314
2844
5571
1774
621
3685
1621
6001
3953
2455
2936
1192
5796
1897
1865
2869
4627
3979
2394
6041
1887
345
310
2949
2153
1604
4409
3859
3994
1067
3652
1988
1117
384
104
183
3592
2076
780
5189
1708
3398
1420
1771
4019
78
5960
5578
1722
6439
1009
2254
3795
2978
3305
2546
3503
3167
2570
301
358
5320
5832
2012
3711
906
2984
3293
3400
1334
5892
3099
3440
6485
385
2937
5971
4290
1210
528
2982
3439
3351
6038
2232
1045
1569
333
5569
1444
3738
4836
5432
5549
3121
6025
714
2786
4141
2838
2271
6111
5076
262
2678
1576
4666
4792
3676
4211
4277
1761
2743
3197
5714
2889
4557
2327
1186
6203
6128
3629
3898
4471
2698
2592
4357
3025
2688
2692
1189
2155
4772
360
3820
3126
1321
2199
1104
6401
3952
4111
1089
3183
233
3852
658
2070
3047
3225
1353
3060
3614
1015
6531
1050
3162
5566
1438
4306
2159
3357
4331
5630
5876
5024
1262
5390
1327
2423
2845
3840
3509
5186
5268
3419
5886
4418
5664
542
6497
4942
4739
759
3082
5200
5214
3098
4209
6295
3307
6483
4604
5692
137
6327
184
4544
2033
2385
4731
2528
406
5955
5419
2387
1817
2989
2840
1719
4705
3260
3200
5395
5218
3995
4816
835
4408
3709
55
1742
2781
3863
6283
907
1114
449
1600
2914
2336
4407
5431
3673
3993
1868
2049
5597
4276
545
348
3312
3586
1609
4318
3647
1900
4488
3962
135
3356
1639
2667
3046
1164
3093
4547
2745
5402
5478
28
1599
3681
5862
2828
1644
3294
1662
1345
2294
1037
4919
6450
5623
4458
2126
489
2793
1511
2403
5240
2086
418
4637
3379
1292
3712
357
157
898
99
4162
2303
1661
313
5977
590
966
5979
3811
6341
4181
3569
6494
5305
4082
1671
5078
1396
2955
2837
6011
5643
5114
4161
5377
3683
1752
5954
1510
6544
6113
2652
1330
5095
1163
1901
70
4072
1340
2637
2694
1154
2014
3558
4406
5666
743
1895
1108
490
2836
1776
541
1162
29
1492
4429
1145
1870
375
2819
3165
288
5717
585
5904
4179
1656
4309
1207
4720
1502
1200
1426
4812
2150
769
3007
5541
3289
5621
6106
1709
5212
470
702
6176
5881
4788
2272
2019
5745
1482
3021
2401
1247
2249
4106
2981
4153
4722
514
3460
5484
5012
1822
6356
4221
488
1540
2103
2053
4404
1910
6461
320
2127
3290
1956
4374
5715
5479
5799
3501
4303
1222
2993
2653
4027
6099
4882
6293
5795
3705
3902
339
5673
2418
1332
5739
4688
5453
4648
5494
744
5173
5123
5601
4224
1992
754
5135
5543
3807
4529
4593
468
1205
2257
5988
4588
3963
917
1743
2634
2886
3536
2298
4614
6556
3109
3432
4379
1133
5237
3751
5321
5568
136
5394
975
4721
2109
3245
3071
1612
5742
5294
1404
447
582
1436
6539
4683
4549
3467
884
2500
552
2344
3359
5059
5878
1099
215
4085
2648
1782
2563
1836
5603
152
2051
4201
2200
2220
2277
1390
1734
5034
4835
5911
4706
3059
6412
3304
2779
2170
3520
2377
1130
1123
3257
5439
1169
459
774
5483
5607
4675
4741
3309
6045
1876
458
4687
200
751
2862
4480
3742
2590
4034
5175
279
6120
2445
457
2593
5554
1866
6430
2572
720
1896
4623
6016
5355
2263
5962
4270
2278
3593
5998
6002
1206
2133
4933
3141
1096
2462
275
632
6067
4171
2654
2230
5686
2265
5082
2042
2651
5353
591
6
1161
2619
1245
2087
885
5138
2770
2534
5370
3488
57
4362
6447
3918
3763
5973
3724
1826
622
4355
291
3682
5946
6514
5445
6228
6180
1357
3012
809
3491
3270
5851
908
4633
2222
2329
6110
4700
3774
4605
5588
5356
2154
6288
4166
1784
4750
6456
5026
4539
2753
3310
4490
6056
4655
5136
5257
2013
1751
2878
4870
3708
473
6124
913
1280
1573
782
6087
5260
600
757
365
902
2011
5637
3011
6174
105
2797
5990
4534
249
452
1917
4546
4616
1150
2995
4998
4988
4353
433
5412
495
3344
302
2116
1685
3048
3187
3725
5879
989
3209
2000
1506
2243
500
3205
2947
6529
369
5756
5184
5896
4246
5577
2589
1325
2002
4760
2393
5253
4358
2046
1168
5411
2110
1850
4169
4624
3607
1251
897
278
1275
4910
4703
3716
5328
2788
1098
3605
811
181
2
1675
4913
2639
4926
4401
3791
882
4592
5780
4696
6121
4492
1349
5943
3822
3780
156
1253
4734
648
4260
1525
1220
439
6552
5727
2146
4977
520
2192
5016
324
6357
1024
1974
1221
4090
1963
4205
1486
4275
3608
2180
948
1942
4512
2963
4292
1998
3077
4114
540
2430
2136
4247
3591
2499
1556
691
6052
1056
3063
5567
4887
5250
2102
2924
1429
2214
1631
3247
2124
5674
705
5712
6141
1797
2226
5229
3603
6467
4140
5591
4608
515
5115
430
3056
493
2631
3026
1496
371
5867
2299
3804
1476
1062
5848
2191
2605
6167
2236
1879
5936
1249
3303
5197
4351
3325
4241
4693
981
3337
2742
2613
579
3572
2994
5450
6015
599
1830
1441
3770
2650
2449
5680
3474
2427
3442
6202
5552
2636
6073
3134
2609
331
2783
5154
5442
2868
2325
4493
2519
5555
3567
4598
2628
951
5243
4476
2241
2111
4869
3506
3584
5195
1152
2227
649
4862
4267
3380
2674
4237
2351
2657
142
4173
1853
580
3222
1946
3905
388
5299
499
5869
3101
5510
4695
5044
4599
2079
2005
472
3295
1356
485
5226
5014
2017
4361
2864
5606
38
1961
3642
2063
5113
5215
2518
1606
2421
3843
2225
325
4076
3246
5628
3739
4646
1331
1622
5067
723
1634
2030
3858
5772
144
6258
172
1460
2718
2491
4020
3497
4279
2941
6212
4987
3020
2378
195
1474
2270
6260
1040
717
271
2805
4393
2312
6476
654
1036
760
3363
1204
2987
1190
2454
204
2729
3816
3565
94
3372
1323
519
3600
1431
492
30
1216
6334
768
779
5699
1394
4639
3155
5708
3152
1626
6314
5668
2348
479
5958
1745
3775
1864
3583
3084
5223
731
3813
1813
2261
3498
4212
1805
3326
5927
2297
1721
4796
2549
5297
2286
2164
584
1393
999
775
963
2206
3201
2162
1990
6536
1079
5418
4359
4535
2465
2965
5544
5570
5493
3251
3402
4906
5617
6065
5768
571
5430
2223
1093
2818
5292
3783
2829
4284
3717
5658
453
710
73
3350
3022
2143
1806
2565
3604
146
2114
206
1726
5766
4698
4502
1877
2853
2974
2396
3217
2587
1546
4360
2830
4098
2569
445
2644
402
764
2054
1019
2095
5379
3883
3286
4332
675
2205
3267
4692
920
2686
467
205
1915
5373
3248
816
3100
5797
3568
114
2209
3376
508
4594
3429
507
3433
5327
364
2804
5021
1119
559
3812
2415
113
334
1354
5646
1132
3014
483
3553
2732
2699
1811
5826
411
4078
2599
121
6217
1223
401
4559
4411
3848
4738
5802
2927
2194
2505
3444
6549
535
1166
2934
3179
4154
3388
1657
134
2177
1120
4851
4537
5820
4590
2043
3211
5486
5244
2056
2184
3755
1724
3129
1352
4252
1336
3595
455
3036
1670
4324
3223
2072
207
2288
2322
6290
2594
4586
3301
6518
2835
98
2145
4326
1124
2202
1424
5391
517
2855
4156
6303
1568
5151
4679
1625
6547
4813
1147
5505
122
2900
2113
2267
