217
186
183
114
137
88
2
8
52
151
203
234
7
200
192
201
48
145
74
24
115
135
45
92
224
223
232
193
171
196
120
40
11
37
57
19
104
34
16
176
195
109
29
229
207
127
169
197
0
21
164
214
50
174
212
64
191
221
89
22
110
162
58
113
12
6
180
150
220
54
216
67
26
149
140
84
175
219
93
35
170
15
49
210
61
33
167
159
118
228
132
70
173
231
96
178
56
235
107
222
94
117
69
4
134
153
166
230
55
63
32
97
76
3
51
181
60
128
85
75
209
77
124
105
152
14
155
80
28
59
82
177
211
1
17
146
213
206
71
108
73
227
154
66
125
112
198
184
78
236
46
111
101
81
202
122
205
90
23
102
5
199
165
106
147
144
215
188
100
160
172
27
133
129
131
121
68
157
225
87
148
185
141
36
189
10
43
194
123
218
