737
418
532
1019
609
529
87
289
1152
582
557
19
1182
124
703
1120
257
1251
1161
1225
726
137
45
459
163
1012
220
1179
634
1015
3
1252
66
559
399
244
677
1028
710
1256
1278
401
1092
58
71
480
411
510
215
49
73
502
607
361
530
801
1085
845
101
906
1099
914
1093
70
167
189
129
1000
1013
414
870
1216
270
97
169
168
394
1202
1058
792
381
1
304
1133
375
39
549
1017
80
963
254
426
679
193
170
1071
256
422
183
112
548
205
284
837
214
613
454
849
1044
420
1156
1069
969
915
754
1166
787
341
767
908
998
986
572
285
435
1032
1130
40
464
708
488
1250
1102
700
1136
470
200
370
878
1060
85
1059
392
253
587
974
942
586
576
477
379
293
1072
715
453
611
144
552
975
34
111
492
96
968
287
836
421
116
126
805
1184
475
363
240
748
719
223
1005
1114
1087
1169
778
584
41
1192
78
1262
706
773
402
75
756
366
332
182
707
1271
252
693
1052
212
966
522
504
301
393
353
622
292
194
109
629
1007
407
442
1142
21
928
222
1191
810
855
1132
74
1178
415
1150
35
901
378
883
581
821
132
704
544
187
838
686
1264
195
1134
1074
945
258
121
724
1106
48
617
642
733
1231
102
575
127
484
79
1103
626
937
308
509
1238
1090
1160
136
900
1233
1155
695
682
406
1131
513
834
764
525
981
1259
340
1126
373
1049
740
1083
1147
1220
139
984
1146
858
1205
62
702
1075
973
251
744
753
1091
651
52
597
1148
405
1221
503
657
133
434
777
1211
1206
1215
1257
783
298
827
1139
1279
758
264
110
574
536
910
854
6
123
146
155
1029
5
784
1117
436
742
1145
788
828
1175
1053
299
904
660
811
562
105
565
336
846
1138
94
1137
115
1031
1200
950
670
25
134
713
1089
1109
76
692
248
98
83
795
1258
800
60
556
1244
727
135
197
982
930
202
198
86
913
940
630
759
26
481
656
954
1008
199
856
614
1195
175
852
882
288
912
357
1018
266
37
511
920
446
268
747
1226
813
1272
770
229
177
560
863
1267
355
1101
735
561
637
397
723
1196
831
1236
905
447
0
520
589
440
867
149
91
89
1110
431
352
570
1081
721
303
696
907
461
482
894
1177
56
701
152
627
130
898
165
993
988
608
445
364
141
64
316
776
979
1054
491
1100
709
179
672
380
933
455
1078
1098
978
967
255
29
342
367
551
247
1194
1127
235
1122
842
448
927
95
806
498
1153
113
772
1073
160
790
307
315
1268
681
1270
18
1048
685
760
231
519
578
1023
716
1249
385
947
4
955
483
512
330
1040
1141
322
720
32
419
387
860
154
274
362
618
542
872
691
650
514
577
594
741
569
1261
1088
851
590
306
371
50
1149
276
180
620
1197
661
164
337
751
1140
190
818
658
438
501
683
55
1041
1203
1173
1024
633
643
996
1066
1062
1239
449
451
217
757
880
1129
443
936
416
789
903
869
67
230
294
755
929
128
57
990
1245
676
533
725
106
138
678
857
413
489
286
395
943
690
469
1006
1082
1144
1240
580
1265
980
203
1276
15
951
432
263
265
321
1207
280
427
705
1232
718
104
20
791
1050
140
941
1158
729
249
318
93
1046
732
1154
843
1213
711
108
228
763
816
1243
297
11
965
1020
424
687
388
159
383
237
839
216
935
645
196
746
44
1016
468
675
717
588
782
386
983
976
400
922
868
923
425
684
99
738
476
635
22
573
610
541
640
603
822
28
157
27
876
680
347
439
324
63
84
881
596
384
486
1026
939
174
1030
823
312
1051
310
553
38
46
68
186
499
1223
1111
348
847
833
924
409
739
1198
516
567
888
335
241
1107
117
814
539
1164
1124
473
771
554
437
917
1043
621
632
1275
122
893
1230
862
466
830
889
1112
743
879
103
191
107
479
655
506
1076
571
829
663
283
995
873
300
1222
358
13
871
1181
1094
1065
188
957
989
226
1042
595
1056
239
752
10
1105
653
1242
1108
579
745
959
272
1254
208
780
926
961
648
1047
372
779
1260
1061
962
647
131
88
1077
210
100
1104
644
558
736
616
953
605
158
350
781
768
1209
793
277
802
1004
1038
1174
619
343
329
490
659
1084
428
809
604
566
478
517
273
278
1039
500
524
1115
861
985
1159
841
531
1010
327
1183
765
886
295
819
606
585
859
1034
201
145
826
507
172
593
1128
997
1176
246
47
72
526
485
1151
412
166
505
895
1035
17
151
390
118
730
218
1009
875
236
712
840
351
279
564
527
1095
543
456
786
1163
948
1172
14
1116
909
547
885
916
465
699
211
1210
850
1253
1003
339
281
396
69
233
631
815
1068
345
848
204
970
59
471
1171
624
275
689
1193
615
944
1096
938
181
1057
8
1079
238
1227
417
344
641
1201
1248
219
460
30
825
1234
319
487
153
694
794
495
389
1021
625
1218
457
896
1064
171
61
1274
1237
314
176
403
563
359
714
374
311
515
592
227
866
269
797
523
934
796
550
1033
902
192
865
452
261
1123
51
31
932
369
628
147
864
1180
207
