3732
5754
5929
1540
2968
4301
5646
5724
616
3922
1342
4919
3582
6445
2445
6389
1128
3030
4320
1403
6293
5905
402
1039
1916
3599
4246
2904
5494
1651
4496
3625
1051
5666
2698
6101
1369
505
2607
3246
4342
956
5415
5909
3541
1749
1822
346
142
4468
206
2493
1551
3171
4223
4961
6267
5252
5732
1799
1741
5998
513
3055
298
6167
5552
6783
4371
1393
1514
33
2783
3381
6123
3711
3343
3486
6510
5502
2125
4780
1041
6204
5340
4357
1744
3941
299
3249
4142
3039
3142
861
4389
4771
4509
4162
1235
477
2301
758
3439
5223
6066
5236
1981
5995
4143
4598
1043
3966
6923
4224
4314
2365
6399
4264
2255
5874
5980
6223
5612
804
3764
2051
4317
3613
5401
2826
5229
2058
4154
989
490
2449
1907
4163
4460
1500
4621
6260
4734
809
1993
821
46
2946
4698
4412
710
5978
6061
2609
2214
440
2601
4066
4796
3372
3708
5606
3525
532
3345
1549
2469
5079
4880
4688
6064
5280
4548
5239
6662
1904
4639
5908
994
593
3069
2474
5820
4228
2659
4585
4944
1388
99
3572
5856
6926
6912
6286
5444
362
384
5611
5589
6535
2604
2955
795
2487
1974
2311
1837
5403
6974
4974
3536
1121
2399
2922
4584
3997
256
2526
6748
2673
6824
3913
4295
29
5378
1368
2814
4754
4333
2002
6289
2791
5410
1597
1096
70
5575
1455
2517
5848
6248
2691
348
1690
1862
1387
6576
2942
2319
708
5605
4197
5125
4123
113
2451
5305
2757
3031
2678
6866
6655
1145
4624
2889
4359
2152
1381
2772
2359
3348
1928
2902
3152
1637
6039
4386
790
4931
6653
1554
1657
4574
1378
4551
3210
5591
3084
293
4015
3957
4861
6233
85
208
3658
4393
3531
5118
2771
1073
3437
6598
6837
5278
5083
5332
3512
3591
6773
4677
6594
6017
1301
4801
6297
6136
1233
4686
1223
3955
1848
995
2256
6656
310
6950
5720
3406
200
810
5251
4345
284
6713
2076
5202
2128
3351
4867
869
430
6607
5063
3432
6820
4980
2898
3842
4318
1081
3389
5880
3744
4124
673
5593
2802
845
4613
6431
4745
5062
3929
4212
1194
4160
3243
4369
1264
746
6414
6970
6796
164
3099
6371
6885
935
6171
6437
1180
1539
4898
6680
3935
6206
6632
2514
2903
6936
5265
6822
4210
3619
3323
5268
2257
3837
4303
4291
1055
3565
5146
2711
1661
4798
4831
296
4676
6623
2663
1757
1002
4966
1168
2813
2990
3727
541
4908
5471
3817
4000
1536
3878
5187
1660
1372
802
4510
4522
81
3519
2646
2917
1627
3247
4970
3850
3455
3431
4588
5985
1923
504
1509
5738
5343
4281
5151
91
4964
4377
1833
2944
2022
390
4292
4016
540
1048
5743
4946
971
6361
4276
3283
2519
2346
2721
5705
4536
4765
2717
6729
6479
1634
3595
3835
5942
5661
5304
5951
4097
4047
3829
5940
1565
4816
3285
3474
4690
2720
129
670
844
3027
5104
5803
3610
5088
1950
2102
4680
2732
2780
1396
870
896
77
2636
1251
4060
5840
3195
5722
1553
1519
304
4895
1001
4746
2882
2184
4605
2104
4897
1711
6232
1083
4864
6774
3854
4429
2246
1613
3580
2907
6658
5780
3802
1836
4570
3470
57
5204
6213
577
3605
6915
1132
2240
6492
6210
3226
6241
1664
134
3252
3597
3018
3394
5741
17
1100
1076
28
4762
4828
415
3946
6081
691
1788
3398
1791
5418
4520
2312
6537
3022
6190
2521
3050
3200
5926
446
4462
3898
1258
6835
653
1440
2370
1452
4497
2874
848
5740
1855
5920
5091
6543
3315
3836
6975
1550
3197
3442
4764
6698
5675
1835
4324
2374
4396
1994
623
6184
539
4058
1118
2345
5968
5011
527
5246
2766
796
6599
5272
2951
3393
1335
2441
1886
2665
5018
6559
6868
5864
4263
2303
1902
3520
2540
2515
6628
1742
1985
3271
2206
3899
5357
2808
264
1141
563
6489
5283
1348
4258
3064
6165
5972
3840
2054
5618
5531
5963
923
521
3906
2288
2249
1846
3798
3194
4341
6697
6145
2536
5970
1154
361
774
6838
1364
4390
1383
5227
1915
665
4201
5650
4355
437
5064
188
3070
4053
6475
4988
688
2733
6408
1646
4853
3040
4259
387
1590
2372
2891
5188
6470
2080
1703
2761
1227
2191
3217
6133
2957
4397
1787
4409
2171
2617
2679
1685
4799
5159
2549
6477
4141
6351
6015
6886
578
3612
4232
3203
1307
6946
4879
2009
5910
1192
5933
5016
4269
3528
6356
3529
5739
1689
118
1150
2846
270
3819
3874
5781
1525
3329
2094
4835
2689
3638
6833
3154
1819
2688
950
366
3656
4247
2259
2328
1058
4941
3879
6372
2148
6092
1123
3552
2017
1984
3866
6041
3396
6556
212
3496
2522
5004
3280
4069
598
6569
572
153
617
1515
3861
5363
3621
3370
6261
6593
5542
1064
3060
3703
2307
4993
2905
4876
2746
6344
1798
3082
610
6679
2789
5764
3146
6237
4634
5598
972
4099
3938
6086
801
3704
4889
4609
6266
3806
929
5771
1823
6523
3550
1114
5421
3332
6298
557
5435
5326
2103
4167
2254
1259
2302
3240
5928
4539
6897
6207
609
1367
6195
1135
4797
3544
5397
6967
492
5356
824
3378
3680
1725
5452
3584
2188
3696
1642
700
2556
6853
464
6450
4608
5136
1612
6376
4896
5174
5095
3649
1253
2185
5087
22
6845
3044
3492
6766
243
4615
3423
2143
794
1148
3363
5515
3427
1623
1108
3506
5627
1305
732
5056
1261
2383
6808
6325
1803
4577
4528
880
4593
114
2856
2025
2978
2283
534
5935
1334
3811
2586
5066
6283
4245
6418
6811
4767
2484
478
19
3818
5416
6426
811
2342
116
6384
2314
925
6083
4713
3211
4033
1243
5134
2353
4376
5285
3994
1413
6539
602
6757
5849
4470
4705
5662
5074
5971
5977
4987
4990
2661
1218
4858
4327
3331
2769
2351
128
5858
1639
4666
974
1255
1407
734
5733
812
996
1166
3147
1346
3063
1656
5841
6160
1420
2734
4874
1630
2731
847
3081
835
4632
1830
4322
842
1687
5816
54
2438
1696
1098
5299
6586
1863
3014
1676
4757
4859
3223
2528
483
1839
108
350
1883
5177
4526
1956
3514
75
4463
5946
5537
16
2954
6704
4329
2492
6881
3982
6608
5982
3588
6564
3005
6947
4013
3083
766
2866
276
4907
3988
990
5992
1068
3251
1338
2560
5737
982
1640
5822
2081
6079
3891
4947
1733
5677
363
6270
4962
6466
5944
254
1755
2010
2266
6900
1813
1297
2568
2850
4217
4808
4458
2906
3109
3257
3198
6373
1861
38
3368
1127
906
5089
3371
1198
6891
5863
5194
4199
380
2149
5699
331
4597
6099
4710
4868
5751
5610
3253
6914
6031
1888
4932
6568
638
6490
4304
4221
6107
6057
5554
2338
735
4856
3685
5988
1931
3587
1469
5362
71
358
201
6503
6180
3402
2952
3304
3159
1965
2656
5335
3237
6764
4857
6114
654
4847
1488
2943
1892
2497
261
388
3641
4933
1349
3149
5034
1807
5209
5245
2193
694
5717
3015
4009
5546
6955
6305
1534
2502
1959
5098
3188
2932
6383
5485
2699
2386
1626
2980
452
6519
1680
2334
3585
339
4367
482
3447
4775
4144
6804
1909
6156
1209
3204
1138
6534
220
244
5588
3101
49
205
3998
6235
525
5789
1879
3978
3052
2186
2591
2298
1453
4116
5109
2222
2810
4075
4583
3609
4659
5976
4739
2315
2410
6964
5914
4665
1439
4772
5281
4145
1510
6517
2854
1601
6633
6865
874
4472
2724
6505
5891
3571
3812
2330
4384
5275
3262
1728
4531
3767
1370
1062
3561
3816
3258
4936
6139
6335
6640
4319
6117
1344
2518
2647
6802
4181
4477
506
3467
3380
1441
3350
5127
1891
878
985
4888
199
713
3887
4644
2471
2155
924
4370
3635
1970
2737
5637
1521
5607
1311
987
1686
3977
6397
4906
6424
5835
2848
2916
3508
5226
311
5617
6777
3698
3897
48
3620
601
3113
231
6509
648
2095
4818
1428
5956
1774
3940
6140
921
1556
978
3316
5815
4026
5006
1779
2151
4242
1170
5811
3242
4407
2263
3601
3668
3481
3337
2843
3218
2890
4387
414
1343
2648
5989
3202
711
6194
4436
5958
5065
814
180
3097
334
2432
4413
5735
3749
5688
6496
2605
4278
3221
5536
179
1409
2865
397
6941
2496
5906
5912
2875
95
2479
6016
6829
2936
5729
197
6894
4978
1715
1036
754
4443
5613
3132
5673
6673
3671
3814
6211
2215
6291
1531
641
6365
5447
3335
5086
4507
3415
1071
3959
5602
1734
4288
4008
2620
4135
6045
4219
6158
1352
4926
5398
5895
3006
3926
1177
5851
3992
2341
232
892
457
5570
1746
1903
2108
2325
4437
6875
2910
1767
1511
6299
725
2218
3890
6263
1354
6409
5960
5532
2495
2424
280
5949
5422
6597
6550
2208
6816
5230
6949
1808
3235
1976
6442
636
4079
2199
3647
3628
2433
190
2310
5132
596
1530
998
649
3443
1395
2534
2852
5167
3085
1652
3896
2639
2879
6613
5486
2505
126
5499
59
5028
6120
2192
2777
6788
1701
2154
2598
5629
4465
1328
561
2819
3073
2637
666
6754
438
1574
6751
4687
1124
3526
5922
3956
1894
988
2216
2839
5481
2765
6405
677
5219
6276
1996
83
5424
132
4085
1838
6177
840
3770
4805
3783
1119
2270
5649
2142
4459
3640
1228
2751
4535
3642
4204
1013
4
24
564
2332
3943
5957
2981
3412
4731
486
5615
5556
632
56
6035
247
5013
678
4338
3180
2435
349
4850
5351
4912
5765
2546
643
5406
2107
2131
1571
5886
4360
5701
1605
3918
2349
4934
5102
1206
5014
2703
455
6494
1450
1759
6789
701
5048
1371
2415
1473
6321
2641
588
1384
6093
5417
6137
6013
1893
2623
1832
5558
6488
3404
3785
724
103
5140
6485
2557
5954
4139
5430
6176
5579
174
3056
2465
5846
3972
5535
2427
3589
5449
756
4611
6240
4180
5514
594
5171
3991
6005
3358
4339
907
6841
6571
6819
4563
5049
1111
3963
5178
1740
4544
6353
327
704
396
2396
5302
372
872
2466
445
2122
4190
6566
6667
3756
2000
6671
947
3364
4661
1345
1300
2053
1582
621
6334
344
1080
27
1948
913
1828
3742
4534
6277
431
3502
3016
3915
4403
4158
5927
6036
5458
3313
6767
5274
2682
4629
2633
2292
3059
2121
476
2404
5038
3491
512
6934
3102
3822
3761
4452
5902
281
3919
2113
5620
3876
3847
6065
3786
4599
217
5994
3272
1545
2997
4950
1629
3317
2525
6148
1246
2485
3990
6913
3010
3721
6911
213
592
3116
3907
1873
6350
2759
1881
3293
2722
2213
4284
2165
2690
6483
3733
2972
6659
3928
5460
3160
1753
314
3263
4267
5157
2652
1817
1446
4205
502
3574
6573
2197
5119
4505
5058
2480
6602
4679
5896
904
3548
1140
853
5348
4469
5404
6224
5904
5133
234
6357
5893
788
5981
3917
5731
1176
4533
2284
6138
4678
4091
3717
3407
2262
6048
1921
2685
5516
2531
3542
753
3298
781
4612
4473
2975
3334
1899
5436
1321
4337
5262
2309
6516
4989
5823
3078
2375
5793
6738
4793
4640
2251
3662
6657
1975
4675
3017
3950
883
3297
5997
6282
3629
768
1466
6406
6524
5337
1003
4523
644
301
944
4153
3774
1555
5964
2056
229
6170
3295
2762
5783
1361
902
6925
3872
1681
4229
6529
4940
1912
5686
5462
5026
2629
6273
3012
316
2725
3105
4103
313
2162
4449
3410
4512
6674
3729
4120
4854
5322
2423
3839
12
5525
647
1969
5753
6370
3048
1377
2417
6053
1078
2747
3115
5284
6902
5386
2701
4340
4446
3135
3471
3521
5973
945
5439
5455
4892
918
1815
5371
6810
4173
4547
2730
4791
5786
2710
2925
6354
3823
4579
131
3804
4969
5181
2873
1084
1325
1691
4905
2927
6522
5170
3821
6743
1669
3759
6721
965
2621
4557
4061
5021
2933
3999
5718
4952
875
2387
2696
5266
1834
770
991
4625
1952
1312
6214
146
6280
3328
3449
6084
6253
4093
5648
1869
2909
2702
2219
5991
5490
3657
6074
2101
6691
1355
693
6228
867
3634
4108
352
2061
2662
3026
5520
2590
3867
2306
4254
3799
932
645
86
1752
1397
542
1292
2770
262
531
5368
3338
2548
4486
575
4428
6890
966
3290
5286
2003
2670
5478
120
2744
2811
3927
2329
3737
4045
2317
4658
973
3037
2489
4126
6071
2723
2308
4379
5708
1205
3357
2459
1406
5704
5292
5408
4286
6626
5547
4732
1319
2834
723
4633
4580
5879
1423
5965
2908
2632
1336
2612
5323
3453
5586
5664
5540
6222
6860
3975
3076
1548
4569
5518
6130
6155
661
6236
4628
699
1718
4911
3118
3225
6007
2323
1390
5461
5500
3177
4803
1248
4492
3843
6643
5081
269
2697
2045
3232
1053
4866
6314
4614
1299
6884
3294
4729
5391
3865
1182
952
403
1430
2320
3227
4814
2851
4830
3622
1659
404
2959
3877
6436
4399
1992
1090
5301
2019
2085
2807
285
5190
1106
1146
443
6046
5145
1471
4776
4489
4792
6072
6226
5012
436
5437
193
6727
1183
6612
2750
6199
4843
355
6546
6920
615
1491
6095
185
4943
2864
692
5405
5778
3631
2035
3029
6830
2767
744
6022
4011
1040
3229
2086
4214
2455
6792
2212
1191
3901
5750
912
3681
2775
933
2816
3573
3522
2129
6938
3179
3269
6144
4110
3033
2279
1202
5428
3930
817
1941
3157
1632
741
2169
1693
5642
4294
3336
5804
2569
2348
2869
1426
562
2116
6622
1963
4109
6337
1000
5090
3755
2593
2367
1918
3979
5259
5941
2205
4852
4910
5365
4475
685
3305
3019
6973
2007
5168
2979
2099
3028
418
2918
4766
1485
65
2150
1199
2924
2164
3311
5042
1479
1412
4838
6962
439
5234
828
5349
4236
3577
1966
2675
5679
2269
6216
3858
389
4811
6393
1125
6076
5160
3981
3697
5413
3726
2454
4968
1804
4350
3916
1347
5067
2634
2580
6940
1575
4571
4155
5096
6869
4461
651
3261
1365
5621
3670
176
4671
4806
2126
4176
862
1859
6014
6415
3129
4131
5017
762
5659
1451
2478
5393
2430
1934
6290
2450
6896
2693
5222
6574
6292
1314
4881
4656
6185
4165
5189
3193
5633
5473
4566
671
2442
1692
6209
2941
3586
1133
5426
3395
3954
235
6182
2859
6012
4684
2991
3153
5108
3340
1031
2849
4869
2226
3011
2645
3777
1579
5574
2507
5813
5983
5005
2844
981
1926
5228
3352
4010
6953
4722
628
6952
3421
3250
5774
1159
6610
2033
2340
1359
6565
417
6382
72
1444
5644
168
4929
5296
6708
816
5472
4136
6480
6198
2461
1
2299
5609
1920
4655
2729
1092
5328
6858
3699
4813
2838
4517
61
3945
5763
224
135
6813
1860
2204
1811
1719
3637
3266
1958
5669
5614
1702
4669
2611
4994
4887
750
1537
2408
3893
1419
743
2462
1986
2401
6319
3614
6220
3473
6759
1864
4491
4392
2999
2228
5282
1082
2278
5389
4667
4474
4540
6134
5873
873
4137
5464
385
1841
1477
3870
6455
3275
3636
1968
5641
5220
3459
98
797
4273
3484
959
6701
5137
4222
5374
5684
2123
2660
3643
1563
140
633
6060
6595
6836
825
3881
175
6582
1360
3523
6348
6003
3846
5390
1727
3270
3457
6268
5409
2271
5308
5709
2034
4421
1442
416
6345
5503
573
6362
4298
4150
376
399
1596
3983
1989
1457
1495
4041
4737
395
4195
5898
5122
5596
4586
5394
6296
2893
369
3067
659
4516
2276
2565
733
1035
5094
499
4860
3383
3234
3863
6652
4482
5182
6243
1030
1023
3133
6164
4851
5002
6531
6560
5208
52
5504
2824
5931
1165
2181
3110
5445
1856
3192
6082
650
769
1480
1149
6251
4479
526
5785
5800
6143
1190
5303
4890
1290
4981
5071
169
6264
5289
1784
6661
319
3375
13
3787
4302
580
2539
4490
2877
4538
5218
497
3430
245
2559
5868
4285
5861
4955
5797
5512
752
3222
2446
5244
6052
815
60
5093
2973
4982
1945
3543
4095
822
1490
4904
1980
6151
5250
4576
3273
6030
6219
4495
1308
6561
297
133
3236
265
5672
357
5381
6844
2868
1060
1939
4695
6745
2357
1825
82
2708
1222
6650
4985
6040
6801
5814
6840
6879
2389
6375
4626
2176
730
1735
5721
3478
2684
469
6605
161
5651
1731
1670
3023
2847
4751
4332
5324
793
4243
6404
2510
6684
5033
3710
3464
4255
2876
2956
5889
4148
635
4275
2939
4928
5442
6094
5388
4280
1017
660
2796
4674
34
2477
6961
2823
4168
3769
4146
450
4250
5206
5948
5794
3723
2464
2962
5027
4104
712
4113
2360
251
791
5691
6596
1649
1650
3833
5153
325
4930
204
5682
6149
2042
5565
2177
5380
400
5640
4086
4434
3299
6825
4352
4102
2258
999
640
1960
3482
2760
124
3120
5594
1468
1375
6921
1621
3750
1007
2467
5584
1088
5986
189
2369
1057
5375
1310
3766
4581
4207
5395
783
6775
2860
3075
554
764
1459
1130
214
1086
260
3936
172
2106
3980
3678
6749
1700
4815
5040
3801
803
3934
3760
3646
4885
5827
2695
3356
5293
4883
3475
4736
2655
799
3072
591
1947
5592
1911
3049
3434
1449
1126
4088
3150
4001
4425
5723
5775
6262
3379
198
884
2719
5634
4975
6153
3800
4455
2498
1988
2587
946
5653
773
382
3820
2562
5336
4279
4893
839
2062
2272
6781
4902
6944
4958
3093
6154
1289
3738
3156
4244
4133
2267
4356
4891
3763
5254
830
5715
6433
6054
4233
4315
1648
4488
5000
3187
2626
5730
5769
4607
3603
196
1240
1270
2542
2582
1717
5297
1309
5201
2752
6642
1163
603
4587
2642
4645
523
4172
4595
4663
2092
4174
5919
2654
5945
4391
6422
4067
5616
2201
1682
2382
1810
4200
5165
3065
3392
3962
6440
4300
2274
500
3307
2840
5555
805
1944
5425
3066
1722
4215
2512
4313
558
668
4733
1694
4727
3706
2013
1489
5746
3511
5241
5580
3444
4081
3134
5156
6135
2630
5847
187
6969
3686
145
5608
3712
1429
6620
6823
3505
3885
4147
2930
5647
3168
662
3452
5163
6799
5010
4493
4316
4414
6467
6611
5939
429
3547
3170
852
6175
6068
6400
2414
6033
672
1422
5307
4755
4237
1858
290
1061
2239
806
3949
433
4833
2653
2610
4159
4423
4260
3942
2644
6410
4277
5143
2530
6161
4939
2037
4307
585
2406
2247
6245
2895
1496
4435
2047
4546
3403
6948
1843
6525
6498
4203
6355
5534
6242
3996
4420
1995
3209
4848
980
1763
2038
4660
3753
1099
2948
342
2597
4573
4819
1151
5719
421
3497
926
6118
6407
6601
6186
5414
5626
3632
2327
1771
4032
3390
629
528
1561
4959
5029
3088
53
3131
4502
2500
6500
5309
936
4519
5212
4186
1137
5279
3087
2995
538
3910
5521
6110
3905
2650
4820
3219
5916
451
6872
2788
337
4832
4059
3347
3808
3968
3567
6551
4845
3534
530
3462
1186
6737
4282
6327
1431
1713
2809
2280
5198
5950
4480
183
320
1927
574
4321
1164
6416
3169
386
1576
2109
5015
5103
6563
714
1402
2541
620
3382
2211
4654
706
6744
3889
4997
5078
2589
1016
2419
2726
1033
6954
2881
2625
4537
1285
3021
1296
4272
3024
6100
1152
3141
4839
6295
739
1327
4073
2287
4824
707
5131
4619
4627
3575
2503
5969
73
5419
2681
97
425
6693
6963
6797
1547
6301
2004
4193
5073
4786
4753
5155
1044
1445
1806
6778
1667
6487
3079
6795
6906
2506
1997
2195
4185
237
2084
5859
5770
3324
4238
26
1173
4457
1417
5707
4040
80
1097
3652
1112
3369
1517
4257
1616
323
6364
2707
3493
655
1067
4083
630
3128
4002
3824
3960
5019
3121
1291
4616
2935
5044
6217
2774
860
5111
2457
2060
222
223
6062
6010
2787
4636
3046
4385
74
2174
5105
5541
479
6067
3130
6269
295
5364
1093
4683
5533
5557
4672
3709
3361
5314
18
6021
2124
488
3501
5810
6026
4901
2207
5237
1872
6073
1331
178
1110
5805
4844
2016
343
854
5075
4365
1483
5947
5373
5681
5831
1812
2447
4725
937
1580
2829
2236
423
406
4118
4171
5549
2452
6028
5003
5519
3458
4485
6343
5497
6152
6396
524
6502
5878
1066
1780
3562
550
5857
3776
4787
1210
3852
515
3507
5113
4723
864
5344
5600
1216
831
5225
1790
4812
1047
3965
3161
2804
1410
5658
2920
5446
807
3124
3400
6720
5176
1610
2971
6271
6178
6183
6617
4348
2144
6878
5429
3319
2714
905
5043
4872
5085
503
1724
1085
2156
760
4914
1104
4641
6491
4411
2015
3688
5342
6589
1316
2554
5057
1474
51
1666
1572
605
1852
5045
663
1809
1840
2238
1376
546
1153
1585
2676
1129
1326
2558
4248
4179
4241
6464
2573
4012
3780
2513
6387
1672
6259
4508
461
5192
1730
1340
2403
3279
2224
5782
1673
3228
582
976
6385
2416
2818
5690
6533
5264
6746
20
6363
3148
6439
2158
2088
2481
309
4100
4827
5832
6413
4514
1027
3286
4297
951
4715
373
6855
4543
6059
6831
2324
225
3480
1599
2764
2575
2235
4450
1513
2937
3958
5545
5431
2996
6098
4809
667
5762
5235
549
6664
879
3199
2146
5207
228
6330
5068
3020
3841
3112
4004
1394
5214
4373
930
5559
3173
3254
2444
3793
4741
1224
1641
775
1785
2793
5341
305
4105
2631
5829
401
5674
2483
1847
595
6309
6208
3715
3366
4622
887
6481
1542
6112
6359
4942
4719
3757
1056
5551
4541
1567
2243
2486
3578
3736
4618
4362
4410
1131
292
868
1942
3790
997
5867
1215
819
2091
1704
4810
4415
1363
738
3428
4699
5925
1594
5885
121
6009
1853
130
5727
695
3953
6723
3515
6826
6227
1617
6518
5583
5817
2743
721
6200
6927
3282
5761
163
2803
6663
4948
2716
4518
1544
4652
4432
2782
4738
3559
4561
5211
6193
4954
5821
579
4637
5020
4234
583
3618
4042
4121
410
1826
3057
66
4439
4152
4979
2295
948
3937
2316
6883
92
2111
3554
4682
3884
1559
487
3604
6458
6202
6166
6246
885
4604
2347
2581
1908
6215
4445
67
3974
2073
5676
4043
6042
3746
4748
6147
3025
1552
2090
4070
4972
1464
4467
778
6771
5041
3564
1463
2322
5875
4773
4346
3201
3873
2057
5747
5967
2379
2476
3277
1777
6834
1851
3190
2622
3921
5870
6815
360
1200
1117
846
4761
275
6882
5242
4046
3691
4027
5269
4863
6038
3196
5032
943
4983
2168
761
3495
4991
271
3693
895
5051
2887
4128
1609
1094
4971
3189
5258
5937
2437
3700
3276
1049
922
3672
5101
6514
1424
664
4166
2578
3143
6225
1663
4785
2643
4501
6521
3659
2812
5843
755
1961
2595
4170
2237
3387
4781
1562
2336
3411
6221
3570
1318
6683
1796
5671
748
4178
5339
4089
1793
4071
5577
4956
728
3111
1208
4401
162
5530
1756
2242
3472
4283
780
1589
2974
2806
6600
4334
6395
983
1330
3745
6648
4353
2686
3765
6805
6776
6699
6616
1533
900
6205
3701
68
3214
2988
2118
4697
3655
5656
736
6888
4800
5901
1729
3864
1225
5643
2683
680
6654
2198
3558
4347
1038
5496
4582
6087
6333
394
6109
3127
2949
5538
4156
1157
6212
2527
2029
5248
5572
5059
5601
4716
1875
1139
4821
4504
4556
6438
6328
6244
4189
2815
3107
5539
1738
4330
5138
6457
2196
94
2574
3245
939
4090
6320
3860
5466
4084
3416
979
4648
2822
5453
5260
877
6907
4763
4728
3388
2680
2738
5806
4220
2618
5564
4594
3583
1583
448
2664
1203
2899
3758
1181
518
1518
6034
6336
5482
1460
2167
1607
354
489
5294
4691
5172
1144
3546
3813
4466
4287
1898
3807
3409
3106
5427
5573
6056
5120
2668
5213
6256
6386
5507
5528
5839
865
6847
1789
1379
6863
2715
510
1256
4973
2892
6631
2986
1558
1708
2768
307
2532
3310
4900
5777
184
570
2886
3248
2516
6258
6817
2950
5828
456
5725
4871
2883
263
4721
2758
3424
5590
890
2596
6937
5713
849
5263
2977
1136
6724
4343
3895
4511
4271
6055
6125
233
2940
1709
3976
4647
1356
1884
2837
2134
1374
340
5663
1481
405
2836
2613
3623
5953
5024
2828
2900
765
4670
105
639
3650
3397
5070
584
3172
5622
3376
6728
1938
4078
3692
6722
4525
5703
3579
6780
2667
4394
6169
6218
4877
681
1695
2863
241
5687
1932
202
2545
3365
916
4886
2674
2576
333
4694
4192
3408
5636
2135
3616
4308
3853
5824
5869
3676
4456
6091
675
4938
915
5185
1212
3418
6323
3353
1867
6394
6402
3851
1527
757
2133
1684
3984
1889
3058
4149
547
777
5768
4323
2872
5888
4822
4408
6562
6238
2853
4151
4774
4685
1654
1962
6794
5710
1957
2127
2005
2841
5877
3281
1647
5871
2439
84
6191
3140
1482
3993
855
1015
5117
458
2166
2508
2533
6712
2231
2083
3114
5477
4802
827
1350
6316
1045
2858
5501
2460
5779
47
1726
1906
1658
4568
3292
111
2831
3510
2511
4837
6197
6172
4916
2366
4289
2138
6482
4992
2391
3374
6827
779
5632
3768
107
5716
2371
1042
4724
2842
1999
786
4014
5135
3626
4251
5061
321
1954
6557
2563
6249
2880
6420
1653
3720
5346
3789
2114
171
3230
6621
2488
1492
1380
3560
2619
1762
6694
4064
4935
4606
749
5184
4074
5203
5240
3123
1158
3185
253
5936
1953
1026
43
3713
3302
3503
2475
3859
2241
4021
5310
5046
5054
2571
4448
2830
87
122
6791
5360
1611
2147
2914
4235
4638
2550
3500
1758
669
2745
4268
1849
6247
3413
2032
3679
5830
5702
1298
25
2048
893
5116
5689
1614
1636
4310
4023
4454
2742
3384
6703
6892
2504
5932
1901
837
64
5276
4578
1508
6730
2700
4709
1874
5798
257
5290
5100
2945
5164
4112
2268
3009
1866
6284
1683
6452
6917
3042
543
1188
4657
5808
2055
6168
424
6425
4550
4361
3931
4925
3705
5023
5141
4175
2392
2182
5599
5854
2203
5376
3144
3233
1231
6339
1415
4476
2712
4782
6928
6250
5544
6909
1337
1250
6116
800
5329
335
6484
356
3775
2649
5261
522
751
4499
6527
2473
2431
6579
3849
5860
4909
4750
6173
6578
4115
2244
5420
2233
3694
3175
1010
411
5347
886
3414
6279
2472
1012
4183
2018
6127
2763
4740
5480
6322
1277
412
6818
4225
1615
5053
5513
6187
2929
3683
1280
4747
3426
258
2778
6929
2137
1323
6085
1185
1187
6904
4430
1560
3594
2071
1739
2087
3796
2008
481
1967
5384
2352
351
2440
6685
4419
4759
6254
4743
318
2499
4760
6770
4564
2885
6486
1743
1382
3797
2529
3314
2553
3435
5009
5271
5665
3287
2398
2297
221
571
2043
2354
1905
1392
2105
4129
1772
964
6930
5037
381
5001
1438
3451
4949
4398
6346
5396
5142
6606
4487
2028
1745
1447
3782
2754
5952
3666
3563
5825
507
767
1472
2024
4381
5450
312
6049
287
1217
2599
1697
3301
5291
909
4366
3267
3296
227
4784
576
2031
5022
4065
4227
6968
968
1643
3687
1162
4451
1087
4106
4795
5295
2355
1570
3205
1705
4673
3289
4735
2470
6922
3828
536
3894
4433
4306
2755
1827
4521
5334
2361
2405
1665
556
4552
1028
686
2544
1933
419
6380
5712
338
1005
1532
6889
5990
5354
3163
6388
5548
6787
4701
1018
5683
1304
1768
2985
5818
5844
3607
1538
899
1723
6905
3091
5205
2535
4177
2291
2694
23
529
3772
6230
6037
3826
5210
1247
4087
6957
5080
6162
2638
4471
6090
5382
1751
3908
2727
3754
3718
3126
4650
4668
6141
808
170
5267
2020
1226
3032
6540
2692
6347
1624
1598
6700
6051
2728
3318
1625
1557
4202
3155
5216
4395
5123
6910
2987
2448
1773
2921
1204
1252
6581
3346
4918
614
5072
2602
1526
3468
1414
5645
2190
5772
1333
6733
1573
4623
5313
4130
1230
4494
5173
4651
5158
3186
642
1786
383
4924
5031
2227
3391
4050
324
3465
3735
435
3725
2572
881
2651
3001
6128
6943
6959
2281
1721
2117
4937
1339
6300
4643
1987
5459
137
4967
3557
5638
5321
5624
6960
2350
1434
3291
1306
5183
590
3151
1922
5962
2413
785
2070
1710
5711
657
3527
2157
674
5076
470
4592
3487
2066
5007
2305
6473
1925
3401
1095
4368
6369
967
4693
4191
5249
3303
268
3278
2966
4252
717
6239
2277
5569
2412
843
2381
2296
1065
3096
1405
4711
4702
6772
1494
2434
3815
6854
5277
1501
1443
5934
4515
1421
3191
993
4720
2894
3103
378
5667
5232
2616
5623
2393
4405
745
3220
345
4226
485
2820
2821
6750
5099
4602
3677
1134
5039
1313
5077
1716
4354
3971
4617
3349
6512
4382
2786
1520
6004
3923
4218
4196
460
1467
6102
3952
4730
6493
5826
4783
5180
4554
6709
5092
718
2153
2335
4402
2845
4899
6456
115
3036
6080
553
1207
6786
3213
6307
6842
2
4249
4184
3912
3469
4603
5855
3925
6615
3104
1366
6089
432
6231
4344
6931
3308
3342
6392
742
6651
2923
5474
6971
398
6044
1294
4913
2919
6043
813
3373
4920
4945
459
4524
6687
2253
6008
4274
2862
5377
3136
5776
2141
6126
2615
291
4018
1214
6932
3494
1792
3714
5543
6711
5169
2583
3417
58
2552
4498
1760
5298
6580
4999
5115
4076
3748
4752
6901
2817
5434
5082
4336
4756
2052
3855
1242
6058
2490
4483
782
3360
1147
559
2273
1805
6129
5256
4239
6590
2547
6189
2021
1351
5726
3771
716
6411
5110
3661
35
740
637
5853
6097
6341
2012
2494
1432
6463
5752
6899
914
5387
1600
6924
6951
772
6686
4700
3669
3639
3989
123
6063
5511
6029
2566
5128
4194
4447
4704
6832
2628
3535
4778
1498
6916
1882
3385
2666
519
5506
1964
6603
5330
5036
5697
1454
1074
826
4037
5834
984
520
4768
2377
2422
2202
798
5312
353
3041
3433
5311
1913
1857
6864
1009
347
6131
364
6873
5913
5333
55
5179
2982
2436
5837
2564
715
6862
969
3540
3499
6142
829
970
1303
1427
441
4882
4620
5345
1824
3216
6075
5097
1638
6476
302
1973
5576
4642
2368
568
1631
3778
1260
6281
3695
4441
6367
5850
6800
2640
3436
4836
3903
4692
2063
2677
6876
4789
3265
3504
4374
6715
599
705
4231
2801
4917
3008
3490
4794
3633
6311
6688
3330
2407
6419
2741
5907
3007
6111
3260
6520
2928
3284
3707
1842
3752
1391
5150
6324
5639
4325
3880
3098
6675
2938
3857
2294
1595
6428
4527
4464
4726
3244
569
5585
4005
4052
2456
4559
4707
5862
5787
5315
236
3630
2994
4922
2776
2362
6585
5030
2313
3463
903
6851
535
6803
1699
5433
2400
6421
5903
3117
303
3933
4063
1286
230
3181
2232
3231
5320
634
6381
709
2089
453
3053
1900
5698
2825
76
3476
5578
4770
986
2606
3654
6696
1878
5603
1951
6935
4589
2709
3684
41
3165
3716
2458
3827
1052
4111
3947
4253
4101
2915
2911
5195
6625
6933
5852
4082
4817
607
2753
2373
3948
3518
4875
1712
838
2395
1091
3509
1232
434
6427
8
4649
3900
6692
106
1602
940
5842
6435
5121
6146
3532
5197
4034
4842
2947
4331
1497
6077
4565
2006
4349
4894
776
4256
2026
4829
4610
1818
604
5465
1079
871
6070
6088
3904
5350
5175
5892
4758
6965
4424
2463
5050
5961
2275
102
3454
5571
1566
2579
3166
6874
274
5463
3355
6707
1795
898
4296
5819
3003
4530
1592
1386
1220
4601
4140
6839
2115
5489
4213
4444
3973
917
3794
4749
6478
186
6898
2209
1046
6828
1979
1917
856
3256
21
2520
928
5670
4696
1736
3722
4442
1032
5660
5999
6604
5112
6553
3456
3653
6331
6472
5306
2229
2482
4406
1171
3845
5084
3333
5353
5300
6377
177
4029
1591
6583
192
3869
1801
3448
2097
1737
2418
1523
3498
1587
3608
5152
1435
5161
195
3306
1169
4923
920
6942
3068
2363
151
6644
420
6843
3182
5366
6782
4841
3803
2160
6023
4823
2577
2326
3920
4549
2078
1362
5221
255
1604
1317
4664
2337
2098
2594
2983
2264
181
4096
544
2705
2912
5411
6918
5526
6821
1707
329
6317
4056
6429
4529
2897
4996
1754
2282
5047
1262
3665
4927
5692
4542
2657
5423
238
3724
1829
552
3645
611
1982
6908
2425
727
763
2713
4351
938
5035
6159
6848
4182
1644
4567
2964
4631
1512
2388
426
5568
6303
6302
6349
6272
5200
2039
5270
1272
818
4206
6025
6798
5685
6451
1322
4077
5186
5550
5630
4575
2394
4062
6513
4840
4216
6332
1936
1499
1295
2570
11
4293
6871
5191
6434
4266
5845
3061
2567
4080
5838
4555
3606
289
5728
2265
2223
5488
4138
3259
961
1775
2159
4558
2189
4662
1844
2110
5238
1320
2321
78
42
6275
682
1493
2145
1761
1946
5372
4375
6880
1302
4986
6474
5379
4903
5943
2896
5809
2285
50
5231
5882
6469
4960
1221
737
4335
1797
3445
6150
1418
2827
4635
5657
5619
1914
4590
5897
6966
6756
4976
4714
2178
5233
3377
5562
4503
2993
6956
5052
2984
2592
4262
1193
4261
5456
3611
5966
5563
731
6124
2976
587
5383
3119
5812
4311
5894
4712
2926
2608
2543
3405
2600
6255
449
2221
6584
2385
1802
841
6078
1991
4846
3719
1679
2624
6360
3651
6423
5654
4953
1769
3238
3888
6945
4708
2871
866
719
1910
2046
5331
2397
5493
6096
4400
5917
3911
1019
6919
1622
2756
6747
5107
3810
1278
3987
1161
36
3569
4553
581
4098
1072
2537
1274
6234
1103
6682
941
3000
2402
4117
3224
2672
10
6670
4870
5479
863
493
2785
1502
6390
5734
5392
911
6726
3108
1949
6705
5407
4572
2773
1178
4862
3517
6790
5162
2260
2230
6588
2805
5126
4855
3184
1766
565
6609
606
2784
1448
32
2781
722
5595
2584
5352
3425
215
3419
6006
6002
6710
4209
6430
6877
5359
1919
1845
5744
3446
5318
2409
252
6814
5693
4478
5370
548
4963
3533
5807
6849
1293
5487
5400
6649
3460
5714
110
6047
6530
2627
3122
2832
5483
3627
2261
3985
4884
1283
3939
2286
4865
5695
6725
2300
3354
3047
3970
1089
3524
5921
789
6538
2861
4532
3034
5288
4560
322
3268
2792
4036
6717
2965
3167
4092
