940
524
1110
1165
1174
206
1208
523
35
1093
683
344
863
174
1180
171
14
609
130
1175
1052
984
843
462
600
1017
937
902
1005
313
269
696
606
8
1081
317
108
598
23
389
333
889
685
476
727
229
557
25
461
510
158
233
78
957
828
263
726
717
716
147
769
1231
396
467
404
882
1070
107
221
1247
753
445
343
1077
1204
46
1027
776
832
87
156
270
1261
1090
821
1264
31
371
338
1150
1239
228
1008
601
874
700
1210
1223
12
770
151
1033
1041
330
1075
916
259
1269
134
173
137
236
634
496
563
339
1212
737
809
875
835
617
179
24
198
541
881
705
1080
923
429
48
16
559
989
286
1010
895
950
414
544
693
729
722
1195
189
325
1046
794
564
91
1092
197
466
1119
765
110
638
861
797
485
431
1243
962
880
783
580
434
297
995
60
241
1259
500
131
581
381
1020
514
316
1246
679
98
487
101
576
413
182
28
582
349
632
242
836
1164
545
610
444
1254
534
190
630
980
588
394
1133
985
870
323
278
708
183
27
468
503
1182
448
1234
1157
248
45
154
595
367
742
283
1125
869
1228
954
1214
373
1114
306
743
6
82
555
480
1275
237
1153
1218
418
379
293
1263
1099
1188
519
103
554
406
938
723
96
133
378
446
427
978
824
1023
1025
839
688
1069
799
1071
643
1142
298
804
1168
537
135
1126
89
402
232
659
567
1096
1241
733
1137
387
703
1002
163
280
376
1253
395
1178
1262
90
1016
1245
713
900
1226
1049
301
104
548
884
1151
311
220
746
148
754
109
1199
68
760
152
55
1271
834
714
17
357
440
667
948
112
535
121
1015
307
947
586
36
22
49
966
864
1232
47
786
508
1265
649
979
1035
324
393
204
138
186
177
19
629
288
149
522
305
697
1112
1238
1144
1083
1058
312
568
1201
208
1067
363
191
172
499
70
352
650
656
289
631
611
1173
188
655
1117
88
975
694
225
625
1034
409
731
1053
1260
219
310
1106
458
965
199
579
79
735
243
876
44
1012
212
553
261
342
114
999
779
740
873
958
366
969
868
127
390
736
859
1268
1202
303
959
1181
1100
136
648
709
481
964
1185
3
470
1252
527
721
322
936
925
624
211
432
621
867
702
808
504
608
1073
633
83
1216
1152
162
257
1255
1266
872
178
931
1094
827
511
593
854
918
525
146
180
455
767
571
203
407
886
194
904
858
909
1222
251
614
486
76
5
935
1256
690
913
436
745
386
646
277
812
604
644
451
951
789
463
1198
1196
952
111
299
119
1095
647
787
273
520
56
814
877
763
423
939
437
1192
51
795
1154
915
184
1134
302
615
193
1270
115
144
1045
274
416
892
1203
1278
361
460
1189
734
360
321
1176
793
38
29
475
218
1140
822
336
850
285
811
355
93
1079
961
1089
359
562
1251
590
1064
739
1001
960
1167
401
816
477
848
447
773
585
955
1221
41
528
560
255
1122
669
1048
234
974
291
692
375
616
92
752
161
57
1215
887
551
706
240
671
1220
800
607
603
1084
853
1229
1130
691
1171
116
207
1024
398
157
66
405
878
72
1230
1248
266
368
1087
246
921
491
1162
181
1104
1156
1219
356
764
720
435
899
7
1068
494
1274
704
993
168
941
855
738
846
732
1105
1186
328
1225
272
308
326
1190
953
1159
1155
529
774
842
140
364
150
457
1146
556
239
337
782
9
798
653
1019
281
862
258
1108
801
372
871
540
778
558
684
33
673
74
253
63
377
906
1242
80
622
231
1236
1279
687
479
928
803
552
725
1120
1139
1233
927
472
901
844
573
59
118
159
898
452
125
626
620
32
772
917
517
661
58
222
345
1060
279
857
785
143
223
1135
675
1076
464
438
11
718
664
1028
750
1272
226
341
505
998
907
275
662
314
117
346
139
914
856
572
1147
15
474
833
823
1003
164
13
380
1257
1007
879
547
680
1158
1127
1098
1183
840
781
484
1166
1277
766
296
362
780
956
1000
327
309
910
922
400
829
1205
518
374
1056
678
1115
651
658
1055
426
891
1267
757
187
501
972
820
1059
1085
185
771
1061
796
262
449
747
1113
830
728
334
95
0
677
790
926
1131
214
628
37
977
495
973
230
53
1187
813
201
566
247
707
62
129
612
970
949
365
335
759
433
968
292
284
1004
815
238
340
166
806
132
512
428
453
419
1240
424
165
1273
176
1207
1026
26
1050
627
577
1047
1276
1086
924
1209
724
676
388
1051
215
865
1132
397
235
264
267
591
250
213
209
1031
988
654
300
1227
370
990
100
422
847
1206
69
639
1038
145
994
506
982
792
818
1237
943
415
315
992
637
245
1013
454
533
549
531
403
852
1103
744
602
1009
946
521
1030
583
1109
276
192
1244
1088
18
167
482
755
513
908
674
290
1200
532
1184
42
971
920
1128
50
942
331
1141
784
712
412
944
113
1078
75
751
883
893
976
1160
1129
761
256
1018
1116
670
417
77
34
597
1066
640
652
141
120
623
605
358
817
488
1136
719
810
1163
30
912
1021
498
689
1217
1121
473
67
945
1193
526
332
224
