86
256
149
44
341
272
227
213
157
24
212
183
143
31
378
151
144
261
202
94
313
297
357
209
211
380
315
156
16
8
365
307
0
311
39
308
345
384
41
79
56
356
361
392
70
215
63
59
344
277
119
208
210
128
364
402
140
194
230
165
236
6
231
347
27
287
279
92
10
269
129
198
389
55
175
11
12
106
160
206
255
46
247
142
294
324
81
184
161
305
367
35
199
375
243
350
40
138
67
244
351
358
135
353
112
240
226
121
248
65
154
360
369
22
176
15
155
75
400
283
5
343
101
72
47
242
280
284
332
221
222
181
260
195
266
217
379
290
397
25
32
216
190
148
377
352
252
60
193
317
390
323
258
251
362
363
326
329
245
301
271
275
73
203
189
152
321
103
399
78
309
130
270
134
295
137
312
66
23
273
113
327
117
174
89
48
381
394
99
330
302
303
150
196
108
133
167
159
371
127
3
276
333
306
204
386
237
30
84
54
145
238
249
34
372
296
299
322
62
21
85
64
109
166
253
147
385
282
71
263
90
88
74
111
105
80
339
346
316
17
114
281
187
336
96
298
325
42
168
115
93
69
373
100
116
77
52
61
33
278
286
98
82
259
300
185
123
383
328
19
396
355
268
58
229
291
7
97
319
13
376
370
110
223
359
104
318
388
83
20
29
218
2
214
51
162
349
228
304
262
314
57
250
9
257
126
368
28
201
234
18
191
178
348
205
37
335
179
354
225
285
197
