11622
9414
8705
10276
2558
9944
2435
5528
7091
4214
503
11512
9351
134
1852
5438
11960
10828
7923
919
9329
2131
11842
9998
7005
9040
8527
6940
7882
12557
908
11247
5915
8131
5202
12020
837
3031
4706
1898
3300
6488
7401
6264
12329
13360
10305
9617
2171
4801
920
7157
7310
1616
10273
3168
4044
10530
13735
7615
2590
5995
5983
1676
8923
12142
12483
1619
5918
10583
7464
2668
8546
6606
10946
9020
13740
470
2491
7723
7052
9078
11302
11135
708
13383
1200
9817
10432
8084
13559
13394
10143
5068
5612
3405
1685
340
13038
12619
9938
5326
5947
12354
6497
12758
5958
8488
9730
2214
6277
8245
1920
6718
957
4379
4248
9766
13393
12891
11865
13434
10362
3497
10146
2494
11791
8138
1225
3033
12049
12255
10967
3931
11836
2860
5269
4831
7668
7727
5300
7184
11965
7130
2099
11852
6443
5823
7243
8940
10744
11573
2138
13171
4788
12472
9363
13226
10650
286
7055
12978
12387
12782
3335
2531
6045
4918
10398
4558
3374
6747
9917
13234
2684
6332
1972
5820
8453
13131
2581
5299
8994
10464
858
5217
656
9442
7953
6077
8128
3738
1829
11685
13626
4172
740
6120
2775
10743
9757
9889
284
10016
7477
8989
12609
5343
8096
8767
12144
9260
4471
10747
13044
5784
5970
8294
11450
2279
7855
5782
5327
1155
8796
12010
5443
8364
6864
1671
4604
2183
1462
1708
10194
11096
10403
8109
11264
2386
4135
10891
6787
11776
2344
5880
12764
9875
6537
3568
4694
10153
2367
2286
3041
13456
5187
5600
1700
9403
12611
5668
3048
420
5283
12325
8
12266
5025
6908
5749
11327
2889
4601
13842
3961
12064
5181
1071
3671
3401
4986
552
2486
10184
2925
1256
4784
5210
5252
7527
9368
11362
12231
3959
3156
11508
8094
5008
7127
10217
8291
8215
10021
8721
13736
6184
10365
6932
10512
4203
4699
2633
9192
9401
13801
8042
11102
12885
6961
9121
9226
9639
5151
2911
3315
10700
10411
5185
11196
13028
9461
5617
11164
8772
13475
9979
12888
7737
8217
9382
4159
3306
6048
3143
7915
12152
6873
3554
9499
8728
1662
9102
4606
2053
2399
4600
10685
9175
5378
12938
1699
9960
4337
8189
7647
7446
11972
5186
4063
2460
4988
12857
1075
5201
6723
5968
13768
8292
3648
3947
323
3113
5897
512
2055
8201
12339
12345
596
486
8892
11851
7643
11419
13609
12749
109
10357
6294
118
5319
4142
8375
11437
13588
11974
3462
4576
10579
4979
12307
2209
13104
8228
13446
678
139
10960
3035
76
2400
9443
12539
6471
12658
5626
3787
541
10318
8962
7886
5633
148
4444
13725
9003
6398
12543
566
12530
13661
5165
12335
12656
744
4839
1788
9767
11909
10137
1939
847
7681
5529
8731
2113
980
1317
444
9410
6686
6367
6299
5569
7753
2681
11571
1763
13
6698
12285
10046
11760
8632
9712
13665
904
11218
3926
6032
12489
1664
1073
449
11574
520
8226
9269
1635
464
3220
12450
13676
5620
11513
10729
9865
6754
11824
13750
2001
10886
11024
4413
2475
2233
11872
3635
3045
5503
7719
7416
8433
9423
13694
7339
11391
11441
6193
7231
3370
8838
234
13789
10832
8857
8919
1213
6629
13727
4545
9477
4282
13753
1624
4863
12928
1602
9764
11557
6233
1042
4665
8563
11901
2737
6719
11154
4033
8555
9272
10255
9399
5889
4686
10215
3709
5998
12642
1528
13686
2652
3930
1369
11814
574
12263
11114
8506
5921
1727
11566
12356
3062
8114
533
2640
10884
11301
4556
13638
3011
4975
12602
4182
11216
3410
2480
13251
1305
10008
10141
11561
10320
1464
5239
11765
6373
7430
3268
4802
9671
3273
1696
13599
3614
4732
892
3422
988
4255
3766
4081
961
11117
5772
6937
2526
1960
6657
8421
10381
10275
11690
5683
11651
7601
12050
8929
1027
10524
6554
12146
6504
12186
13428
5426
12847
5911
2645
10017
1877
551
1904
10807
6199
57
10471
2712
11184
2290
8975
11697
1466
5651
456
9216
9554
10005
5387
12276
7277
11100
3983
183
3664
12287
258
5575
4008
8483
11455
5124
8169
6382
2164
5463
11914
11873
12121
12835
1776
8069
8917
10628
12583
1667
4987
1631
11149
11543
8950
5402
1494
9251
11447
1867
9844
1326
1142
2130
9949
2459
3698
9215
3242
13843
4842
6244
7765
5796
377
9723
4513
401
4823
6548
10407
12160
6004
1637
540
13417
9222
945
1684
11063
6938
8366
8626
6911
5564
10912
13689
4685
10450
7260
10453
6532
5418
6151
9308
10079
9763
2434
25
5248
11736
13593
743
1002
6988
12622
5411
13317
1238
5746
11409
10782
6753
1944
6196
3167
12027
10653
9551
6060
6856
8354
2815
1307
9392
1707
1268
3257
3795
1393
2926
5306
5365
5910
4137
1539
7740
1421
9128
10668
7984
12618
6202
6448
7058
4102
9790
11520
268
10892
985
1189
8873
13242
10284
3126
11748
5024
8093
12992
10121
6962
9205
3416
13142
2015
3127
7319
6506
2384
5028
10767
2250
9478
10969
554
1171
2421
13514
9863
5346
11650
3986
7597
11194
7942
306
7726
3878
5532
2076
12695
10358
10300
12076
4846
1365
2449
8574
12595
995
5241
7299
6865
7139
4905
2071
7169
2357
2379
7832
9895
9503
12149
5100
11632
2397
7222
12503
6036
3536
8569
5446
3464
12523
11008
2993
3980
10643
2976
13353
5684
14
10220
7990
2829
203
673
2084
8188
8708
5621
2756
7078
13402
4244
4382
10134
9926
5685
8715
3851
13329
13237
9884
9230
6380
4024
8988
8578
8250
5814
3296
12442
11401
3192
10820
2327
1236
4168
7835
2682
10243
3596
1705
11057
10725
11140
12537
9646
12243
11059
5194
4351
3872
7879
7115
267
2313
5335
10303
13177
10498
3617
5927
3546
6305
5488
7400
1571
3749
3615
4738
13011
13832
5526
4620
9977
9409
10313
9178
11418
3813
6379
6583
6246
6177
5430
9237
11524
1097
5780
13080
9017
6315
1148
13635
8006
5104
208
5745
9931
8258
13819
10843
12018
5520
2403
13277
12120
10778
10936
12138
13066
7054
878
729
425
2776
10817
10889
7968
7019
4341
6731
2065
9607
5118
2430
6809
13547
11178
2003
12072
13284
13630
13412
13145
1453
5297
3647
4884
10253
10451
12912
2297
379
12842
3957
9435
6844
10404
12830
5298
2939
9711
10107
1198
9253
4785
4921
3227
10000
141
7393
4442
12431
12427
2564
6062
5055
8938
11741
2481
774
10444
3712
5499
393
10905
8635
13136
3969
1258
4234
8207
3017
10992
13126
3346
11773
7254
9883
10790
8836
9491
11463
10068
12937
2202
1860
1302
5179
4339
1330
6692
4082
3949
10667
366
3336
4334
9045
13533
13081
8737
11527
1046
7128
5169
13764
9187
6228
2300
475
8924
7839
2316
127
4354
13409
12448
3453
7177
12751
5966
12463
7469
813
5208
9027
3003
4200
11139
9933
9160
5129
12571
2561
7959
3142
8780
8788
2194
199
6960
7428
13408
3233
12108
13653
6381
207
4107
8336
9650
8651
9339
4774
11835
535
8974
3592
13006
3489
11576
11613
7584
1493
11306
1282
218
6442
11862
8390
12270
496
9426
3517
4828
8573
3890
7329
1283
7478
6812
2631
10225
6725
9670
8624
2719
10422
3892
11552
3786
5955
11158
5330
6634
2212
7628
12536
178
806
11941
7705
5230
4764
13652
1645
7669
13634
11560
10890
3059
9100
10448
4690
10435
9482
3372
1843
1301
10196
1844
3034
1306
2960
13550
12211
5920
6804
13459
120
2168
8768
9314
3618
8993
8698
1074
5908
12647
10051
11398
74
9713
1540
170
1930
13371
3024
10669
10169
9244
13265
6454
5
6886
6559
7119
1431
550
10041
9213
947
13486
12692
10665
10402
4695
4492
3993
9217
9952
10540
11658
9703
13017
1036
11747
7210
4816
1889
5876
11934
9838
9290
7317
12033
7553
9032
4423
10367
10309
2725
5700
11771
8827
4316
4853
12696
11846
9541
5140
1769
8454
13450
13577
8019
5702
2037
7206
2270
9136
13809
9077
9557
1056
12019
8995
12410
6524
356
3922
1404
657
6891
7845
11614
13099
6695
11371
765
676
10988
1386
13042
5866
8147
13629
5070
13113
10168
162
12874
12820
7051
10874
4129
13426
4632
7228
13172
13761
8202
12468
3010
4891
3329
10325
11811
11272
5144
3662
13191
10798
10926
9296
3645
9547
107
4332
7995
9041
7947
12851
2358
2918
6272
7724
2347
10710
9644
8876
9163
8532
13715
6065
423
11539
5478
8183
6136
4517
6950
7639
8152
7038
169
4315
8003
2302
1459
5293
10605
7779
11381
7743
3643
131
2533
5883
182
6397
494
8566
6517
8716
12916
12102
4312
12508
8248
10856
5770
4445
11454
6597
4072
11797
9350
10844
24
2125
7841
7967
12196
4055
2694
11899
7422
3467
2024
8755
7738
6518
12084
11783
6350
6336
11908
4570
9954
10331
6214
3839
6834
8328
5978
12154
8628
1733
13737
10485
6863
7000
13279
1648
9313
3696
5640
12107
11933
8025
9196
10732
6109
6104
10871
13670
10182
3651
3847
2348
8597
13088
2528
2184
1785
8034
6750
4592
8190
4780
12728
1532
2105
5366
1415
1275
12582
6650
8133
2956
10932
2609
4150
10674
6670
10593
4866
5220
8129
5994
9126
1583
9182
12936
13043
62
9460
11127
13223
11195
7199
12443
1515
9412
1910
7985
5572
10020
5592
4243
3082
6376
6289
6055
13773
6779
12852
13562
8297
1743
3898
5009
13296
58
12408
6523
4894
4623
6714
8778
3085
12504
9849
4857
3390
13833
10692
2967
10644
7258
13682
5570
13538
113
578
4249
4190
10927
939
1660
7642
7107
12920
8452
6295
12350
11810
11311
5846
2784
5322
4945
9896
13685
9687
10385
8048
11026
481
4834
8170
10699
6001
7029
10395
4603
6762
114
11466
6773
10730
5699
2779
9524
4023
10223
7275
9748
10145
7567
903
1411
1613
1077
8671
8622
591
8499
13544
3793
3055
8751
11989
4629
7320
9608
12652
6097
11281
6739
4552
11703
6624
11210
1237
12283
702
5013
3212
7283
638
8875
10261
9681
973
7944
1659
9656
7150
3692
11746
8311
7503
7301
2780
188
398
9991
3737
5018
5623
4111
6298
13058
4097
13217
6957
12880
12688
831
13366
5233
12158
11380
3525
9483
3415
1204
2047
5667
3182
933
8116
8649
4888
7772
5875
9490
5139
4380
8032
6481
4095
8861
5091
5563
13470
1796
11292
3050
9494
11246
5258
5000
2588
12598
11621
2192
9402
7427
2644
11689
6190
11638
5487
7296
2172
9207
10897
2083
3252
11347
4636
8945
6978
1633
7697
5507
6823
764
2187
13528
2503
10323
9515
5362
930
758
1316
11172
3008
10172
7244
8018
5101
2592
10970
13257
697
13641
12911
2089
10931
1872
6484
5902
5652
12046
7686
12237
10479
4310
4054
3539
6831
254
11330
8103
7336
7007
5759
8885
989
5108
3753
4237
13190
8856
13496
3191
2398
2221
9793
2995
12096
10047
196
3863
6385
5547
8089
6068
9974
11891
2328
7739
7520
13540
5800
1544
12533
9094
9086
7562
8317
7896
12674
8220
12676
6551
559
6959
3629
9796
2049
11829
5517
217
5815
11293
1813
6297
9810
8478
9378
5467
11966
4286
2649
2621
9616
9091
1124
8581
10324
2897
13108
13569
4433
12015
9240
3729
734
2452
2394
5826
5924
1476
6260
10098
4607
10812
10646
6759
3532
13802
9809
504
11774
6771
6303
12520
1717
9720
1333
5373
2683
140
7924
11138
12425
6929
11847
6132
797
2679
8773
9471
2422
6185
11875
6536
13492
6604
9615
4998
5543
7713
2893
7555
7297
11693
352
13692
9445
10606
2017
9709
11497
6063
8764
4720
7342
7435
7396
10140
7386
10366
11740
10187
12514
12328
1454
907
7415
13535
7124
1996
581
13679
215
8805
197
3392
10774
11819
9976
7456
9348
9419
3208
11464
13591
2521
12100
1297
9673
12451
3342
7701
8774
8560
10424
11204
7770
4520
2801
8479
8262
9984
8041
12321
11091
12157
1524
2128
3923
5462
2774
6268
384
12973
3912
2722
1644
10939
1653
7022
3147
13424
427
7437
2129
1575
13744
8770
9907
4549
6243
12739
6191
1625
2496
4220
7664
7659
9604
7979
12109
2027
10374
5351
1716
11495
11721
8489
9453
2144
9910
8485
13298
4468
7797
6776
2972
2868
6965
8890
4230
7001
13806
809
12148
3465
1327
12641
11931
5225
6798
1971
7376
9862
10794
9140
10037
13232
1350
11192
6669
2594
8355
1658
5130
8813
9715
13327
9165
3176
11521
1022
5606
111
10459
8817
302
3153
1918
4574
7160
12792
610
6687
9371
9085
2986
5457
439
5023
7027
6325
10797
8487
6286
8543
5398
771
12294
6008
12786
2219
13531
11276
4499
7620
9799
7111
7434
8744
5597
8611
4022
10127
5711
13614
275
6710
4769
9221
2695
7502
1450
5848
1646
3871
2662
11075
4564
9584
7895
8482
7452
1932
6242
12915
9806
5537
10660
9842
4256
760
4128
13601
10555
12177
3816
1866
7873
9909
2432
523
994
6495
2734
815
10503
11586
11529
6401
2484
2411
2540
1628
9903
12026
3151
9750
9311
7280
1578
13762
7340
6409
4447
7433
6876
9046
3117
890
7522
13618
3632
9513
10119
13179
13076
12111
7113
11071
12401
10771
6507
679
2259
11214
6963
13705
1581
7641
13390
8254
3788
10154
10706
10697
12802
7548
7622
4446
7608
11607
9997
10754
11949
2415
6265
9312
2794
7403
11944
10116
4509
13668
12906
8359
10831
3556
9848
4627
7730
6113
9157
3303
11092
11725
9076
7544
6307
8904
9677
10990
6217
6366
12768
3118
2639
6037
8848
4418
9300
10625
7259
315
11017
9151
5272
13363
2881
1952
13204
2853
5119
11939
7090
821
8696
3867
13824
7501
459
1065
247
972
1050
86
9964
7712
13146
7991
12252
2487
8345
10581
13031
2413
6901
715
4104
13505
11147
3314
8618
316
6715
10526
6893
11492
8186
10842
567
4117
11423
12974
7848
3243
2702
266
13696
7892
2563
13144
8031
7746
12778
1912
3716
7850
12067
1884
13681
10343
12256
12682
6792
11262
632
2031
8710
3484
4294
6183
1766
9347
11300
10517
9243
6615
4928
7872
11744
1955
9358
11848
7152
12500
11393
705
2254
6993
2821
6675
2423
4032
10416
11021
9812
761
6348
11649
1841
10872
3580
4768
13089
6331
10061
4079
1342
9326
9327
9996
9292
1078
12703
8594
3267
8211
5707
4611
1395
9330
12277
9394
8837
8511
3735
6406
6491
305
9692
1816
10287
6877
3637
4968
12631
8428
4873
103
7112
11175
10958
6982
10609
5872
6820
9161
7158
11485
11582
7040
7558
9882
12291
8801
3914
12248
1973
311
10213
5294
4166
5937
4965
5190
1895
3797
3246
6343
13387
8600
6057
7535
9511
1250
1419
11558
8001
900
9441
851
5012
1794
7871
10553
5775
9877
1144
13357
9914
10414
9972
7138
3732
5472
3569
1870
9693
1230
6654
6102
7716
8379
8068
4682
12889
9649
11361
453
11695
10995
3092
2428
6123
10076
6905
9915
10728
707
6740
6829
8423
7248
3988
72
8325
11174
966
6251
915
1108
7295
6071
4014
3979
12205
443
2947
3326
1162
12346
8480
6608
1762
8321
3052
5286
1205
1040
10230
12660
7560
219
12278
9415
9771
3720
2204
11219
295
7475
2772
7300
6198
11317
9788
8909
6013
8420
9127
11563
3442
10052
13731
10002
13604
1490
3089
6568
4281
6012
7876
9133
5576
7840
10578
8598
9048
7794
9851
12169
11163
5050
9416
4268
12330
2552
1338
3488
21
9386
5448
9920
5616
10584
6072
3693
12861
12114
9066
1556
8675
10671
6256
5705
1698
8477
4467
10873
8121
2307
3158
4553
1673
11877
11325
13147
9514
7479
9556
3808
12516
7406
1005
7064
7188
2235
2555
3884
12667
8588
593
3917
2750
1649
6106
8903
13252
3543
6390
6662
2604
11700
12866
13370
5622
10031
13243
12481
5410
10015
13678
8915
7151
7623
5405
12821
10139
2504
11932
6914
10713
4432
6805
13229
9675
2244
12708
12078
9702
13221
10840
2738
5247
13175
12860
13192
6326
12585
3820
6464
13325
9220
1823
5188
4326
7672
2812
402
1112
3078
2285
5801
6039
6010
10211
9033
10749
3386
6194
3757
8398
9044
604
5440
6459
3234
1683
2340
12564
5997
4018
11707
13218
8475
1735
5689
12132
7551
639
801
11522
5150
353
5325
7609
617
11696
7126
4452
13803
8883
3973
12558
1512
2396
10776
7857
9250
9911
11126
7227
2293
6210
1157
3519
857
12960
4096
3819
5882
8925
11165
3896
7211
688
3486
1025
9256
7902
7927
1359
4027
11023
1006
7424
8105
9009
5982
7764
12806
3775
9119
2920
6489
12029
9387
11713
675
4656
432
8246
394
8256
10634
12584
8161
6324
12922
2755
3675
11796
1721
9532
7541
11108
13820
11565
7418
1081
5744
6742
4954
2274
8165
7493
4124
3849
2501
662
5905
2622
7346
13473
11661
1220
9594
3741
5476
2560
2773
10751
633
1024
11761
8803
10698
12988
11144
253
9158
5027
8792
1564
1569
12047
8134
1959
7065
9014
5237
8782
10600
11481
12493
4519
7941
12119
7922
7474
4674
8932
177
5893
9328
1940
1715
2236
9408
12883
9603
8497
8038
2272
11392
4740
12225
8238
11983
9719
10389
10131
6434
3694
8285
7311
10018
7382
8471
12174
3746
2549
9516
3807
6869
7611
3790
10863
2229
1994
7757
12662
13553
10401
3105
4589
8646
9589
10125
6830
4518
8148
2342
5589
9179
8752
3702
8007
5939
5232
5332
12498
4114
3073
10475
4238
2377
6034
11675
8492
11737
4938
9418
11137
6904
10207
6990
8562
9657
2087
12370
4670
184
665
6935
2456
6690
12725
3640
6943
4352
10688
10150
10877
172
2507
13636
8051
8682
6717
11200
11792
6081
9618
4875
5274
2570
12593
12414
6182
4394
6353
536
12440
5538
9525
4161
1712
8709
3448
9596
1180
3060
7013
3674
2618
8714
9742
4588
2648
338
5096
8108
5614
8785
13598
1417
8426
4779
1156
2255
6171
2392
4753
10506
8274
7982
3953
9249
3952
12576
7599
12437
4276
9885
2390
13098
9552
7202
10102
2154
7649
190
6099
6813
12553
3889
3772
10500
8734
13793
7239
6716
8422
3226
10239
864
4130
546
2813
7009
11892
8556
4036
12953
8099
13012
5412
8964
7252
2946
8664
1076
11367
7168
3848
13571
1651
872
10649
2299
10770
13170
435
9505
7970
6252
11500
2243
4871
12204
4169
10568
7663
13758
9913
8522
150
12899
2070
5804
1287
13233
4030
11151
2431
473
4648
9422
4019
7707
9380
7748
13074
3215
8874
1772
13185
2849
11817
13187
9396
12075
7101
6791
12666
4192
3001
13660
1257
7775
5899
5377
83
6211
13790
8690
12529
2100
9054
11644
11653
2613
12699
10704
7462
9795
9502
1672
8552
11953
10091
13769
7036
713
4285
12873
4770
7454
12859
1269
7704
1570
3882
8957
3603
13033
10224
10312
3602
5925
1407
8914
2632
4692
8895
48
10799
2869
1609
5522
4950
2861
6162
8085
4265
9474
12110
12813
10558
12572
12754
875
7825
5819
3490
12117
11734
8614
11396
7860
8243
2807
4407
5099
7025
13397
1336
13399
6837
6374
10
7230
13849
9436
7833
5370
3068
9070
9733
10237
7648
4940
3281
4559
13001
7604
12589
9343
736
13443
3905
10242
12216
11034
8037
13695
4321
9188
10537
10626
2351
3960
7093
4529
3356
13730
11861
10505
5302
5419
10839
931
8438
9558
1967
3974
2245
12396
5184
11982
8159
301
9135
8043
6452
1752
11788
2034
147
4761
8986
235
1219
4229
6007
13850
12444
13857
287
7851
3216
13184
7516
2330
11253
2892
10903
9501
628
6542
2642
11828
304
3843
1479
7569
8313
4487
2727
8976
4132
2510
6231
3044
11088
4641
1722
12478
6296
5661
6545
6205
2118
7901
4140
11113
13007
717
2971
2440
3413
2133
13018
5492
11634
814
2706
8197
7633
7517
7074
13289
4810
10881
2263
2041
2729
4540
780
12349
13021
5479
5650
1612
8273
9697
1259
3966
2163
3976
944
7303
6752
8095
361
6680
5942
12479
782
3822
7335
8504
8519
13273
568
885
6996
7164
8500
7370
5824
2080
8707
7102
3043
13558
3540
9707
68
3845
10941
11428
6386
10428
4358
3505
7940
1388
2764
13281
11148
13481
1084
7278
8389
8505
7653
10883
9805
11359
5653
10910
329
4755
2028
12195
13378
3285
1503
1141
11345
7989
9473
7545
13335
8342
4410
12841
92
9369
7662
2525
6713
1552
10904
2211
3870
8410
5361
12360
9641
5977
11160
3579
332
6019
10166
6674
3718
11389
3188
6825
8053
7354
12032
12066
12421
10510
6566
8850
10007
11916
13106
10921
11020
1372
8064
12161
12655
9653
11800
5842
349
2319
7165
10772
6271
11294
1229
5781
410
454
385
12037
10978
11598
6368
4702
10204
4231
1894
4074
9989
7497
13072
12981
233
6135
11803
5092
4370
1020
8295
10268
3483
6164
1222
2886
7933
6562
7997
3873
7233
12846
5615
9134
13071
13536
9864
8808
7407
12039
12990
12377
8464
3836
1719
8027
12331
9324
299
9965
4836
11889
7409
307
3456
8695
11407
9578
2
10645
11453
6782
3982
11732
11490
8406
4343
12484
7099
1062
12713
9635
6118
8608
4960
4793
13215
11671
10480
4404
6535
8135
12130
7573
9239
7425
4167
11289
3537
5604
2975
10734
12977
12280
1069
1043
3468
6282
4942
9323
1599
9645
12245
2437
7796
8533
11467
7121
7084
3547
2666
4635
12223
12689
975
12089
12486
7741
4353
9820
7076
7572
8531
2824
7221
13524
10954
10159
2039
2880
8465
1864
3160
1584
4059
1945
11316
1445
853
12941
2175
693
13489
8678
11772
12664
10447
4349
4086
7172
2261
1444
9994
11955
6543
9916
2917
8969
11403
2143
9540
6565
5260
6741
7499
960
5168
9546
13132
9739
8060
3077
8126
4789
8762
8265
5344
4290
4275
12818
465
1383
7250
8335
12661
1482
3114
3115
9265
976
10655
12934
11014
10567
3288
7444
608
8627
839
8542
33
6558
979
12839
1079
2885
6549
6144
8061
3965
2419
2057
1303
9873
1195
226
6259
2667
105
6539
12985
12954
1782
2324
7733
9528
2051
3240
12299
3598
1491
12194
1126
13189
4466
4715
10502
7363
12147
784
479
1361
4291
10922
10425
3595
8040
10129
10818
7506
8145
9637
1753
8896
13240
11841
3286
909
12900
11356
8825
3711
192
1400
1295
10060
12742
6598
6609
11992
5630
3784
8653
2687
11252
7999
7224
11
13745
1908
11853
13000
674
12246
7504
3773
7059
11459
9170
2611
894
12603
510
1720
5312
9008
11641
3828
171
12876
1530
11410
4640
11751
2589
10090
917
4359
6219
9966
12551
538
5940
2074
461
4041
4412
5565
10048
6417
9797
7061
4207
11716
9234
6786
10996
11719
3996
9019
4876
2473
1899
12878
5334
5825
9043
11905
6651
11343
2677
10419
11973
10278
8879
5949
2617
5841
3272
3921
10810
3563
10533
5936
8998
13780
637
8615
3207
4227
1765
2314
6749
1341
5871
2058
30
625
4216
8255
9203
1690
4395
7591
8607
388
8818
10208
7491
11665
2121
4952
8816
8888
10259
13828
7981
7897
210
2056
12374
6663
2387
5065
6746
3271
5371
3074
7392
2977
12476
8814
12366
8139
13502
9452
13621
634
9374
12923
1965
9522
3394
612
7
16
11226
6836
13549
10443
589
1809
13840
2810
9614
2656
12865
1014
11770
11186
13404
12649
4240
5017
13384
12326
6416
13816
8467
783
2301
1273
1113
10254
5195
115
11784
6793
13283
5984
6053
1233
641
8862
6693
7956
1018
8951
9294
7056
9177
2060
12905
6169
8450
11181
4948
12226
12014
3502
1228
7511
9599
12492
5035
7657
3597
13429
12608
9406
4253
8663
6152
2406
11329
11930
4880
3765
3971
10819
1655
7680
12569
8839
2614
6453
38
12956
9063
3611
11420
11694
7314
4771
10219
13247
3587
7203
13551
6736
7875
984
13624
343
8331
10879
414
5629
5106
2896
3015
10637
1173
4714
363
11886
7175
8822
6492
4593
7384
5113
5878
3934
13123
7996
5404
4962
4583
4428
829
9145
5821
2252
3634
6355
6291
7185
9574
12816
7298
9115
7490
10864
7820
10959
6994
4949
8269
3927
1399
10933
7579
4826
11254
2550
7912
703
4944
10971
11525
12043
359
7612
4557
9800
4851
8287
8865
5960
5395
7889
6003
4533
12798
10809
8920
12828
12684
12200
1807
4897
1999
12775
5029
3515
8621
4049
9309
13494
2944
7582
6973
3657
4228
8756
364
5112
11701
13474
6952
13698
12399
2924
8931
8231
13672
5002
670
10966
12670
7828
12621
1786
7008
256
5235
10188
3531
10979
5681
7109
9638
9287
1324
2864
11190
12855
440
2322
9031
12793
1597
12904
10065
6544
6047
7388
3298
7798
3354
9955
5342
1480
1775
4833
1210
7226
11691
11673
7347
7419
11374
6005
13183
8877
13435
11618
8290
12369
3437
13520
6802
7838
1969
7355
2372
10766
3375
1100
5627
13728
3612
7201
12646
7559
10497
11681
5646
13579
13010
9448
2556
4301
11753
9267
12651
2820
2811
3177
4639
12958
2237
4546
3940
3337
8973
8123
8327
9271
9211
6127
13396
9194
8055
12909
8942
4677
11227
7249
13379
12626
2753
9621
5864
9745
3504
2086
11809
12170
9337
5967
13211
6389
6955
1138
12832
5192
13143
3570
5943
11363
2894
10862
1266
8793
4799
7674
3178
8361
13821
4087
13130
990
11775
9824
3005
4585
1746
5163
9438
5660
8524
11802
2354
11887
5773
11260
2781
9770
7980
4684
13092
658
8261
4537
10256
3834
825
4208
8981
2718
12156
9690
9625
7963
4221
4693
9827
8502
9634
9831
1106
9303
1267
4743
1414
6685
13369
11643
7863
8127
3798
9811
327
11040
7780
636
10664
9924
6116
1576
13586
514
10418
9804
4194
10580
4484
1551
12722
10457
1483
4179
13511
2025
11532
8943
5004
7593
2843
9488
13418
11682
1086
3476
5382
3963
7072
5981
5664
11167
10711
13785
12591
6075
13709
808
1487
4735
8312
601
334
4500
8831
460
5542
1896
2601
2996
8547
4219
212
5193
6763
3294
9469
10490
9098
12162
12202
2238
4739
12435
8082
6843
13305
6974
7605
8900
10566
5634
288
11711
9658
10642
790
8889
1675
3832
10069
6274
11580
11920
10142
3846
10788
3299
11099
2310
8057
13706
4659
12568
6145
4450
11378
8723
11517
3364
9981
11646
8284
4157
11655
6482
10752
12313
13129
5954
13612
2629
13337
13646
5881
3146
4750
1055
10097
3485
8612
6156
5424
2115
2240
4951
2325
13602
5399
11782
8990
4160
6858
7182
6575
5635
1467
7966
10340
13691
413
5496
11735
666
3304
274
6764
7983
12748
6319
4302
8363
12379
7485
8970
13717
9124
10762
10968
5805
11152
2158
4613
9777
4923
1911
11963
4384
10849
4247
12628
3857
13386
526
4490
8088
8655
6509
13501
3885
3402
2796
8754
5855
3274
12490
6024
1542
1380
12913
13669
1288
7240
13500
13719
8130
12501
7636
99
8784
823
9307
10836
5270
2520
12217
3345
8280
12056
6668
5421
7518
472
8688
8937
51
3945
5703
5429
13778
883
5211
13688
4457
11241
4832
2793
448
5726
5338
346
3137
11724
11060
5551
9200
3948
13834
4153
6263
1764
12074
12487
1574
12834
228
3534
11640
871
3567
3195
7640
13507
8260
12612
9506
5356
5849
5138
2370
7216
2048
13589
10033
8518
4658
1815
216
10948
6501
2433
13411
2135
5518
10063
4744
13580
4809
13455
11377
7965
12727
12549
4571
31
28
3297
1679
3094
6546
10077
627
9792
6665
10118
7362
8011
411
6826
9120
4614
1082
1391
5603
4917
11584
136
4136
13578
9264
13291
10361
2366
4320
9519
3341
3125
8392
11510
11900
11630
3730
5691
5853
11679
7287
8435
119
260
12262
7412
13756
10082
4416
13718
2660
4633
830
3096
6074
10735
5724
2647
13565
10420
1688
7404
12052
6676
8575
10564
7395
5164
4696
3670
6103
1054
1607
6080
11286
10742
9623
5304
9372
1837
2112
12238
811
4149
10199
7253
5713
3412
13421
2692
4065
12342
9549
9130
2623
9829
7720
11769
7890
7507
3855
15
4711
13161
13675
11364
3561
8474
2381
5935
7696
318
3051
4058
10806
3740
6879
9682
13258
11712
13585
5857
10257
12428
1151
7220
7566
8965
12247
8589
11228
6591
12063
2188
3803
248
1154
13732
7909
6157
10165
2256
1123
5276
12955
7602
595
2509
6311
6985
3007
13659
8016
7804
11868
624
10279
11427
10043
11189
11759
6684
9052
728
4653
7606
6555
769
13266
13013
11523
1044
1486
11619
10066
8322
9605
8557
2964
7721
12317
6541
3231
3209
6121
11986
8343
4347
4344
9826
8828
12303
1277
2882
5785
7496
11077
999
2838
8446
5833
8656
5544
9828
4584
12006
1160
1013
7023
8841
4953
9700
2908
13757
1186
12309
8015
3366
11921
1034
3667
7379
874
13712
3081
7837
7085
12881
4080
5098
333
10918
8372
2572
7394
477
12035
4708
6860
4838
10445
3856
9888
4725
8113
2895
3138
13047
7962
11777
10630
2082
12296
7638
13267
13207
9255
9434
8717
3095
9316
1778
4523
914
5594
7265
12378
3958
3100
949
9162
3641
7916
2740
7588
9417
6814
495
971
6888
2404
6946
12862
750
2457
3516
7282
10659
8377
12385
4856
6533
12069
1984
10006
13094
10192
13576
12578
6612
2426
12488
11629
11922
1104
11823
290
7123
5582
13847
13376
1353
735
4926
1501
6186
11815
9807
12166
12008
4976
4112
10238
13416
2160
7369
3307
7372
6783
3768
5358
9577
11616
5894
7048
5355
12126
10764
7844
7256
12045
13300
13049
4736
4654
6902
6293
11995
9454
13770
8853
13430
8351
12485
2186
9630
11417
1035
964
370
6636
13453
4757
4956
418
8952
2101
2699
1260
6711
7937
13039
13140
10627
4232
7218
11478
5930
10531
8236
8985
13084
6918
8429
4448
6925
4698
10528
10221
1803
1620
5932
3823
9083
13807
5810
1543
1560
13309
12701
4361
7685
5583
9850
3379
4978
6160
4477
73
7134
10708
10837
9346
4139
8503
2765
5067
6358
2979
9902
2898
5353
620
12380
2308
8977
8867
4217
11660
4989
1516
10841
11635
12872
5386
4734
4526
2470
7315
4491
12690
775
6420
8063
9113
12265
11215
5189
1019
6743
3449
3538
6772
13052
4000
6970
6476
10930
2595
9352
3440
4859
8732
426
13651
4188
8120
12028
5739
3383
12550
4867
12746
4758
10548
5380
5054
12575
557
3067
7484
93
923
10816
1623
2546
1402
3510
3815
12605
5301
10940
7447
10071
9632
9694
285
8727
7178
6267
7104
10929
4210
12284
1855
128
7234
10155
6090
2637
185
7338
5433
2948
8697
4307
5734
5287
4901
6287
810
13534
9005
7077
13431
891
1668
7476
4078
3503
6550
6163
2783
11678
10920
6527
8738
2757
13199
18
2468
11507
4882
12965
12932
2597
4565
5766
13683
738
888
6015
13212
3841
7670
12989
12590
10075
8680
7556
11001
6014
9057
6673
1167
12604
13777
7505
7385
3014
10907
1374
12268
10019
3601
5172
13610
13061
3811
1133
12332
191
12547
8340
6030
13075
13016
1871
4678
7694
10262
6633
1981
1580
12546
4892
12927
8323
12192
7153
7367
3771
12163
3099
12596
2819
1334
5032
6512
10234
2969
6906
6108
555
2284
4437
13805
11208
8253
7445
6018
7883
618
12950
3013
3964
3932
12267
7684
11602
7846
13410
10552
9225
9338
2336
5926
6502
13631
11981
11624
1780
348
3391
11402
6799
6900
243
10128
5039
5834
5078
4964
2610
4783
1937
3894
11255
9480
13368
2052
11119
12404
11888
12910
6919
1854
8729
8941
6817
2698
11768
1298
8119
12982
13186
12719
9853
5341
3860
3435
942
1068
8092
12837
4496
11399
13085
506
5690
1565
2178
13644
12362
13381
6041
1547
5755
13499
561
11112
6054
7196
7718
12799
3397
9959
2363
6134
6781
3810
7987
4663
11480
9527
8538
11153
1665
727
2378
9691
772
7752
3498
12755
10436
13466
4879
4263
12334
2248
9595
10654
11645
13714
6421
3351
5783
5415
8684
1202
1194
844
6180
6734
11838
10563
1701
7791
12311
10189
1657
8529
497
6632
12654
5135
27
96
5896
6403
2424
11022
2754
3047
8000
11385
8625
6815
9166
6607
2728
1923
5531
1961
11642
3655
8992
5383
11996
2673
2625
6131
11562
10935
9479
8239
2654
1143
11232
1771
9892
12062
3238
2736
9096
2073
5242
11032
6138
2289
9611
4773
11757
7734
4598
4618
5414
716
3469
2042
1309
9431
5030
3585
12080
1271
367
6439
12561
3864
13326
997
9274
11285
9846
5203
3173
3371
10621
5760
6223
4451
2600
2624
5141
9893
6462
2760
2816
9332
3661
12784
4355
1709
9561
8111
2643
1663
11545
3659
3121
7700
6933
4470
8891
11265
11569
12012
11503
11157
8980
11595
12555
6312
6704
7399
1881
6253
9880
8266
9223
749
968
8551
13045
6400
10601
3626
442
13537
7024
11284
5675
13174
9579
1893
13157
5318
13235
3946
4215
5216
13200
10640
10582
4455
1858
653
5191
6245
13362
9588
9333
7826
1315
1592
6334
1638
4525
11043
8107
10350
5394
12456
2523
155
690
8341
5765
9722
10410
7174
11203
6666
9254
11048
2493
4814
12771
1094
10619
8062
9773
5789
5040
8934
12465
11078
2216
4541
11413
3656
5952
9389
7955
5177
10070
2018
13026
518
3201
2014
8515
8907
8300
773
11461
485
9732
9404
12184
6204
143
2179
373
652
5579
952
11964
925
1178
5074
13663
3877
11536
9601
6681
7530
1090
7421
9664
2155
325
4047
4697
6141
489
204
2371
2247
3494
6628
4105
6084
2341
3734
11787
441
7110
13822
5976
2376
9331
527
54
189
3683
8520
9095
8545
1424
12214
7755
9291
5742
7512
2961
9901
9199
321
6854
9654
3562
5642
12671
2994
13082
8050
5948
10080
6073
11471
11012
5315
2388
2833
2578
3690
8072
5422
8720
6928
3588
4749
369
4716
5205
7390
4792
1900
2840
8289
10400
4645
7687
4689
1978
12788
10356
4508
8155
8017
6936
1905
7486
12579
6394
2019
12562
3796
8579
11945
8160
12996
9071
5909
4759
161
8221
8409
6816
4630
3128
13388
122
6623
7570
509
10896
2664
7760
3548
1954
10588
12446
7575
372
9195
11094
3868
2669
9202
3999
8022
1901
13213
6173
5539
2670
1830
9028
8242
10433
6337
4911
11895
4123
3040
6981
10421
12637
5011
4668
11291
8151
1681
10989
3214
10349
12491
895
1792
11919
2199
5063
4040
4099
1418
9918
2709
12314
5031
12665
4999
3144
7921
10096
4578
13795
8044
11840
12336
10477
4805
2538
6515
11612
8820
2122
4274
2799
11918
1130
10532
13786
5573
9990
293
3058
6407
11370
12506
6086
742
13210
13321
12527
6765
5595
1021
417
6538
10487
1598
13065
6796
2802
11323
11827
11601
7829
1373
5974
10124
6569
10854
2365
4461
7836
11882
6580
8807
13859
3166
9680
11027
101
11962
10282
7702
8526
10376
5224
5568
5432
3723
9813
5637
10202
6444
2761
13322
11843
5152
5692
7079
6582
2585
12209
1199
9365
3332
4261
2036
5560
9018
7015
12413
9550
4242
9131
3527
2591
392
9007
5758
11816
6179
3854
5393
2759
11743
4304
10460
1748
12984
4393
11236
13364
10750
10233
7546
9661
7331
11780
7878
5679
2416
12070
9970
10945
11442
10392
455
8153
2444
11051
8268
7952
13063
3550
8100
11807
8154
10955
3852
5309
4003
5136
5807
7442
11143
4328
4222
8316
1475
7750
8090
2859
3046
12198
565
6505
7266
12092
4543
4031
9789
8824
11518
11637
2913
7012
1179
13817
2866
5132
8415
12382
3258
2733
10423
4532
9543
6025
5042
677
8206
11037
13427
8726
8436
1029
1907
1744
11315
9450
848
13297
7004
13100
7264
9030
416
842
3457
13318
5903
9832
7905
2295
11885
5527
3135
5706
1863
336
1403
1723
9212
8577
13856
1692
9193
11779
4969
2123
5324
375
1319
10469
11715
7460
2109
6980
10105
6432
12210
8298
7171
12091
8659
5109
1436
10429
6023
5313
9563
9871
5212
12106
5082
396
3799
5659
13103
9362
389
7463
642
11238
4742
8922
10951
7874
4505
1432
11674
1442
4485
1481
12134
3844
10466
6209
10707
7246
10755
17
12361
4650
11104
9855
9280
12795
5950
7405
12634
471
12257
2395
9470
7449
11320
4180
709
8252
1191
6129
4562
12999
6419
3880
1149
2767
2615
8199
12173
712
223
5693
4127
3939
9042
1608
9263
6339
3266
1982
7793
1572
13726
4495
6035
5704
7528
2605
12884
11372
12903
9299
13346
9447
13704
7269
13271
594
8204
11030
2132
6811
10709
9919
11502
8212
5277
12310
2826
5251
13002
2189
5409
1875
8272
3951
12800
12706
1926
12254
10731
2148
993
10722
9273
4548
5376
13655
13361
175
1231
11801
1197
9825
41
1190
13823
7513
9583
906
12502
11762
4751
6801
6269
1122
7656
6989
1922
3678
2362
2197
4020
3339
4777
12304
4729
6087
11065
7547
6942
4997
12731
3714
7017
8833
4108
4251
11935
5158
9857
142
3359
11188
12041
13490
7420
1713
1509
9286
5831
11728
9721
4599
5107
2715
9912
11324
8606
6203
1526
3895
6279
4612
270
5245
11656
927
3721
10227
8101
7304
10029
850
4642
4323
10495
4844
5066
10977
10511
4864
5561
5034
8984
3063
5071
10452
8136
5962
7812
10693
3277
11234
798
733
10458
2567
12279
3991
6172
4236
3995
3919
9197
11424
3244
6017
12071
4050
4822
11662
12343
5890
13355
6440
10715
3030
11448
3713
1101
5656
7816
1561
6477
10801
8963
8353
7215
279
8008
13156
13575
10830
6712
4
8315
7047
3000
12053
10826
12398
4539
13841
6785
2230
2916
8939
8494
12594
8564
10611
11608
1396
1891
269
2941
9679
8002
5655
8187
5906
10482
12737
9335
5662
10045
3929
3378
12898
12777
4213
2441
2651
8306
6508
5665
9067
879
12986
6345
12890
11692
7785
10726
6166
11213
4206
10185
6369
4507
965
4538
13794
8790
2485
11207
3362
3512
13479
13648
5077
9927
13029
3500
7595
13173
660
3432
8177
13592
428
982
10787
4174
3701
7349
6795
6038
3599
1507
3256
1756
13375
11742
3090
1110
2856
12963
11544
2785
10529
10456
8476
12452
6467
804
13308
7057
10336
3103
8078
6967
10271
4211
12917
3663
1997
9830
5674
3715
5048
12230
11346
8362
4515
11474
7071
2529
3681
4311
8944
507
11687
7145
11745
13707
4113
2867
9468
10013
10198
9123
10822
2852
6645
13645
3733
9778
2069
11431
12815
1615
8132
5240
10618
4843
1603
91
13259
6094
7149
11553
9815
9676
5115
11639
4001
11961
722
10893
845
12438
10103
5524
9718
1304
9666
8517
12617
11496
4076
6076
6234
11095
6590
8806
7380
3883
1595
10565
11923
1366
600
2703
11083
7768
5360
10440
9928
3826
12455
10148
2077
7251
5120
12616
1052
2288
7359
12969
6885
2515
499
13164
6975
9219
3918
12137
800
3677
6849
7053
4766
8595
7465
12931
1787
1596
2321
8456
9816
5644
13796
7676
12055
10245
8798
6347
2198
3638
7858
4143
11310
3652
13292
10493
8397
13674
10174
862
6051
1323
13332
8916
13035
13253
7440
2385
8687
1902
4303
13512
4912
3879
10795
8412
2104
9427
12057
1936
8185
2707
3204
12394
1851
1647
3441
4408
8584
11290
11731
12412
802
4915
3310
2891
12961
12679
12095
1150
4069
4462
11074
11794
437
6143
11366
7629
11251
3112
9266
2420
11155
8700
7711
12093
365
1711
2554
11382
2724
5147
3292
4409
7162
6216
11335
1718
2145
209
10009
9774
2117
6677
8718
19
12869
8419
13413
10095
10746
9463
8549
11659
8495
6534
1278
10109
6181
8281
12510
1166
5328
5064
13122
5580
954
10114
11869
5508
12759
9752
3950
6371
3053
9449
756
12405
7834
5917
2278
8013
7232
13264
5389
2185
9983
8216
4502
90
2072
3097
9834
584
6915
3908
9591
9001
4449
5641
2159
13287
6356
10802
2296
6458
303
6428
5931
4966
2225
655
7884
622
224
10612
3925
8906
10823
8182
11798
4134
1745
2586
5148
6098
2226
11555
5558
4675
6571
1344
10171
12542
2998
10518
11220
9472
6301
974
1214
419
887
10370
12081
8337
7655
6451
229
11110
13800
681
3876
8544
11567
1240
6229
7081
137
2170
3600
7263
6058
13710
8763
3363
4624
4199
9564
6040
1834
10044
3487
893
4092
9154
8898
2828
8445
7328
1007
2383
1314
11475
1346
896
1989
8070
11971
1061
9973
6189
3235
492
11445
5676
5146
2689
3324
1107
2571
6603
7371
399
8047
10694
10085
10525
10859
9150
1974
11546
10072
2580
4906
4544
11822
4497
1066
2294
1820
5500
10263
6475
7204
1913
9648
13206
3419
2607
686
12206
5776
13256
4212
9701
2803
8633
13449
13607
11483
2005
4439
3589
11654
11120
13563
8144
2635
11850
5278
582
11484
3496
9282
791
11031
12397
9612
4963
4431
5059
753
13313
8516
10092
9281
4827
4939
7467
1919
4017
5839
4440
12115
2453
7677
6316
2291
5989
5682
8302
1535
10158
1114
9341
3086
13447
13846
9
7806
2174
10297
6429
7617
1546
8373
11730
11549
687
1687
13077
9142
32
11433
714
8769
1876
11669
12239
1928
1430
8926
9876
11893
4308
13159
1626
912
7411
1139
3783
2146
5610
2035
10991
8641
1409
8901
87
9164
12358
4417
12948
4726
13792
7817
1869
12587
1948
3780
2539
462
4298
9026
7041
3148
1095
1492
7580
3179
3199
8603
98
1196
752
8205
6139
1826
3777
2599
11559
4366
4767
13798
10737
5736
7594
5384
13516
5167
8845
1968
732
978
7885
10964
5401
4038
11222
2472
585
1541
9736
2445
3621
6729
4528
1799
5469
5215
7334
13508
8149
4472
3624
4610
1331
10026
10335
579
1964
4138
2641
7769
6349
1563
5407
4012
1159
7414
11664
8009
4280
4368
1680
5778
3424
13358
5221
9395
431
3239
672
11984
5811
11878
12897
6878
3835
7932
10551
13116
5631
7773
1536
2369
10289
13587
3727
11443
168
9209
13445
11628
7432
13034
6213
380
5792
6678
10270
12021
1795
13623
13812
7810
9559
271
6247
11173
8349
11161
11010
8743
849
9152
5171
13316
9533
13546
10577
9534
3381
7489
8460
5288
12302
7786
5076
11589
7316
7784
7288
3387
10191
9999
7344
7864
1185
6174
10446
2902
4913
5275
165
2841
8846
12945
11081
4306
12193
1426
10138
5197
3111
6341
9860
4357
8368
10378
977
1548
2277
9306
11596
7644
9439
3438
11913
12388
8384
8689
8408
3340
2333
8967
12740
2900
3368
7532
5738
8912
12141
7333
12675
9760
1610
8142
13743
10258
8198
2482
11967
5246
110
8320
5553
10596
4419
4657
12159
7590
12673
5455
7776
13336
6588
7854
3639
1435
667
10758
126
13014
3184
4595
5884
13079
3747
5741
11912
10494
12420
2758
4158
7880
12644
1125
5546
4993
10049
5541
4196
8443
11516
6887
3217
9573
7045
5280
2498
6784
3355
13068
13401
11874
4982
1897
13414
3924
3088
10379
3434
1105
11583
4898
11793
10899
153
3745
6842
11968
237
5993
12686
11904
6283
6096
2249
5624
10986
7543
3350
1865
7576
12650
11863
12790
11212
13829
12868
12607
998
9079
4369
4005
8882
8365
8673
2823
1335
1582
8229
3937
9923
8469
4722
4534
1294
4386
9231
6351
4991
1016
4329
9699
3650
7635
11491
2576
3608
11855
5525
967
6707
3616
7180
4936
2210
2671
9425
8449
5281
8834
1253
2439
11229
12680
9570
13304
397
5956
10126
2267
236
10761
818
2931
7877
6091
1538
13339
4946
1880
1591
10509
7861
2103
10394
11676
8303
12258
13555
2269
3414
5888
8299
13666
1513
386
4365
4577
5535
11430
10351
7021
3989
3140
5308
5698
4391
9620
1146
6757
10522
9411
1470
13342
12453
11005
689
4195
12957
8668
6845
6841
13105
2547
7607
8781
13120
12970
3186
1832
6618
5033
6235
4288
3152
12636
1921
10039
7473
6111
3725
12991
9146
10333
5732
9242
11668
9560
6589
4626
12007
9210
13389
7069
3122
3763
7242
5787
599
9629
5397
9684
711
5680
1368
13597
13216
10160
12201
3027
8811
1500
3833
4704
7920
1545
1726
6926
13102
7271
5110
7799
11739
5458
3452
2304
1558
5585
3155
12509
10175
10112
12140
10100
2763
11025
10983
10087
13128
5450
4051
11729
4377
9975
7898
5590
755
1760
9678
8014
10122
7103
10953
8691
4048
11066
12796
1883
9262
11833
8382
6890
12340
8966
12580
7062
13642
3172
9553
4971
12694
548
10662
8596
6728
3687
13168
8854
8026
11528
11978
227
10355
11304
987
4013
1223
8713
11351
11556
10656
3706
12424
6706
11482
9504
2010
9950
4456
222
8676
7163
1176
9168
9498
3606
5137
12979
13517
10666
5730
10055
407
4415
5037
11013
531
13351
176
3079
3850
4596
1886
159
11344
5093
8098
926
9430
10157
6853
12411
12962
8592
7550
4363
1416
2454
289
6699
770
13107
3975
12447
8431
1915
4647
13700
9080
12422
1549
11758
6910
5763
785
10426
13787
11006
5439
3518
2983
5114
1759
9754
13738
3393
2465
4625
13583
13782
3466
11830
4350
9325
3428
1293
8461
7205
8293
11243
11541
6724
9593
6026
6585
1246
4392
8855
11044
9002
6572
13224
8777
12402
10296
8604
6000
1856
10417
1731
4638
5320
2200
2730
9373
9887
4333
9288
1119
10348
9245
7014
8706
3420
12627
4146
9487
3495
9685
7348
6155
5829
3933
12780
11225
4389
3262
1525
4723
2700
3400
2242
1758
6154
12947
5249
11245
10058
13831
7190
8677
13590
2873
10785
8318
6846
11831
1975
7586
2970
4878
8490
5951
7194
11278
1247
5938
3549
9420
4527
10716
12894
1262
2461
10519
7176
11162
9833
9060
924
60
13608
10347
9562
6460
10775
6396
1730
1767
10917
1874
3731
8360
9836
13851
4459
12261
11708
13751
8115
2928
12615
13166
10104
5044
4582
13804
12772
406
3680
5214
5728
1235
13733
9361
2407
2686
1422
1643
7495
5292
2227
11171
13293
11808
3792
3703
5753
13306
8559
4825
10972
2565
12773
3071
11860
822
8711
9753
8146
13640
4995
9058
4083
3247
6431
10053
3573
9858
1761
7509
5913
5001
2007
2213
12521
1689
2636
7261
11781
1511
10288
4071
8661
3269
447
6956
4004
9738
5264
817
330
6238
10543
9724
11198
9905
5180
10858
6745
6327
12475
10705
9227
7117
4910
12629
11487
7596
4397
8374
1045
5062
8582
6883
4861
5403
10870
2741
4535
13051
8802
13272
2234
2835
5737
6392
8851
11856
4052
3409
2865
6697
8647
2676
193
6493
10346
5348
11504
5830
1534
151
4299
1995
1998
13365
7042
1819
3253
2907
6168
8616
4981
3399
7436
5374
4420
6641
8645
2438
8935
12720
9835
10144
1385
10484
5268
11704
9236
9334
10032
7325
3636
13755
8472
5157
11003
12762
897
3141
8548
9744
13119
706
7614
5715
3460
9819
6117
13158
11604
2429
13201
8702
9619
13078
1488
13437
8304
3679
12535
5999
9073
6115
10216
1181
7457
10486
7167
11688
2176
13227
3230
2665
6275
3829
12657
8968
9147
9784
9191
12826
10901
242
1729
10727
4883
5985
3560
3280
7749
4390
6175
3724
7030
4436
11239
4295
10492
13442
2512
8029
8553
3506
2965
4184
7600
421
6605
2408
1962
6404
11606
3194
3446
5879
5891
7039
1678
7708
5047
13628
8507
7524
5314
12672
10875
9344
13539
1216
10876
4241
1001
2936
12059
12051
5555
405
7709
11884
1849
5973
8987
4824
3248
12573
1103
508
13760
1789
6875
8725
884
5222
13647
2217
3719
12344
6377
9132
8418
39
3493
6616
2418
10380
3998
1734
10181
4106
1510
4568
6649
5607
5671
6197
6365
391
10616
12763
4710
10056
10536
12122
7751
10791
8571
10491
12086
3417
3891
10834
8959
1474
11101
12368
9208
5266
3955
1818
10038
13205
2973
648
9053
8058
7068
1096
8176
1639
11072
3093
7592
8175
3511
9686
13040
2094
12269
12390
545
8241
6220
2658
1320
8046
1401
2721
220
1859
3316
3875
5310
5125
6320
11985
8059
10703
1446
11577
40
6285
10152
10780
4480
9689
12259
9856
5859
3313
12496
7035
3222
2553
10304
5605
2739
1554
7571
1831
7487
2749
651
2817
8232
11951
7867
5718
1059
1931
2551
11625
7010
8844
7893
12838
991
4381
9000
5618
6248
8779
102
3814
10042
7378
7100
10442
580
9803
2373
5303
7132
12840
8244
2822
1801
4133
7212
5490
5498
10514
7534
7307
5803
11578
8741
4348
5352
483
9440
8565
10408
9995
13111
10396
6474
1949
4278
9716
3622
8530
6225
12565
11940
8753
2012
12392
1329
8195
13543
1661
8125
6661
2106
2834
6789
8191
11142
1412
7539
13022
7813
7262
4324
2690
9385
6778
12805
408
1925
1606
13572
10915
767
371
10073
13295
13093
9762
1950
12774
8470
7626
4183
5199
10695
6516
6314
5461
6897
13469
7193
11666
2910
11319
4396
9899
5486
1553
7650
13684
10714
4443
12809
1249
1296
2912
5934
154
11240
4383
10942
466
13118
1263
12635
3654
3139
10738
8665
9275
4580
3897
819
12892
1916
11472
7173
5267
13515
8809
6352
7654
3245
5768
1588
5183
5026
7413
8521
8162
1747
11575
1812
1244
7792
9088
10206
2092
3704
4536
7049
1208
6402
4664
4029
4458
2862
5010
13720
12532
7181
12415
5296
2490
7945
5481
13152
9444
7763
8143
10064
11515
5598
11105
4293
13188
10757
11177
9786
938
6884
7811
10679
12112
4373
6642
588
11993
3551
12477
12614
7133
11950
640
7868
11542
7637
1477
5349
11821
12001
12531
13398
7327
12024
2612
10054
10956
9929
6738
10993
13380
13506
4579
3583
4652
2283
9180
11540
2938
10390
3331
8223
8172
272
6892
4077
12038
22
6362
5969
1135
12153
563
4262
8157
8301
5155
2066
4376
89
4325
9662
95
11076
7255
6984
12143
12791
9500
6395
766
7557
6848
3219
4103
4406
9548
12752
4053
6027
3802
11331
1164
9235
13062
5723
11937
11663
6761
9379
9953
1308
2530
7717
2974
5213
11672
6399
1666
6563
9036
7471
13699
5015
10106
4488
9489
11929
5094
4566
3353
2021
2872
6672
3328
11068
11045
9025
10151
10657
11087
11270
11422
5511
10248
572
2726
8583
5791
12545
6898
2032
3564
10240
13096
1251
682
12022
4171
6824
7050
3123
4712
10949
5459
9624
11107
1049
10089
10476
13566
5854
3175
2827
181
7951
3695
13561
7468
3164
5735
11268
12289
8102
532
8122
9012
12391
1376
3427
4116
7391
10535
1356
3302
7402
11611
7020
5887
6702
4258
9582
8106
5449
6703
7046
9122
8437
3223
6866
11699
10084
13262
1187
3255
12522
13027
3911
5733
2232
4569
8338
3145
7161
12633
10975
5133
10570
11217
13708
6774
7083
1028
11283
6372
4473
2544
9318
5886
11844
13545
2747
963
5038
6146
2218
11826
5513
7345
13311
4426
10088
11591
1757
12685
2462
12823
1739
10925
6061
11839
11534
2511
5019
7645
3818
10636
3542
11415
6510
4189
146
9458
10283
751
12016
2352
13073
6923
9945
5961
10815
13341
5639
2332
1650
5548
4209
8166
12707
663
2508
4335
5198
8644
10898
8164
7293
6656
4093
8887
7324
10984
9143
4763
13818
5160
4338
10973
7179
4550
4932
4257
116
5669
4460
8534
8821
7847
7777
12716
9622
339
10845
981
10622
10805
13046
80
12914
11061
1358
5858
2446
6105
457
1063
9521
8540
8076
10670
13163
8913
2752
9278
10328
12473
6954
10329
1184
5533
84
2957
737
4840
7098
9075
4845
11879
10186
12426
5085
8863
11233
13468
10014
7561
11168
12976
12776
13491
2317
13680
11434
6215
8081
12191
9092
7537
6249
13255
11778
7625
1614
11756
4151
4504
1355
5953
13837
6122
6655
5333
12723
11132
3334
8005
3978
11390
10430
4854
6646
11752
4860
7771
1328
10880
3120
4927
6498
9228
1286
231
13036
13498
8561
544
8775
13083
7044
1742
451
6188
2997
10203
11928
9987
6835
13687
12400
2339
3109
3444
106
13338
13178
950
167
4141
3301
10280
7732
2930
2887
4414
6732
547
9980
10388
13214
6896
3943
12511
11373
7166
11090
12681
9725
3064
9759
12065
5852
6049
6408
1037
8413
2203
6951
9006
986
3311
4314
3165
12128
3660
1299
9137
5767
763
3136
1988
9726
6043
12474
8660
12919
12131
12073
11170
11429
3769
11657
11876
12552
4957
10334
8391
13333
8971
3454
2142
3970
1370
11805
230
11130
4273
3899
11605
5868
2713
3748
7441
7827
5329
11581
7767
12375
4931
5697
9229
11623
246
5788
868
7387
739
5885
1339
5678
1121
7977
6556
11145
5162
13086
4872
3287
6137
3133
1053
1285
12736
3472
1868
10902
6976
4591
700
6596
4575
13497
13181
6224
13460
409
5265
13301
13194
5584
11452
5654
13854
12439
2566
3229
2680
11925
2855
1447
5786
5447
5687
6465
12705
49
7366
12712
12288
5340
10086
5453
10998
13530
6375
6292
10011
11185
6391
10602
9779
12918
7691
6540
9010
2463
4651
11018
9904
3804
6486
5227
2723
12113
4869
6473
12836
2548
1023
2222
5142
10718
525
3384
11677
7398
3751
7946
5750
5837
6521
6441
4850
11187
5005
2657
8897
11548
6889
36
9039
8674
5053
5721
8213
7397
8685
6450
11369
4385
741
5578
13783
4120
8024
5123
3431
2714
13503
3673
4465
6971
9791
9090
1618
11667
13162
249
8819
7032
4896
8572
1652
7801
2646
2562
7148
9768
12212
3593
10608
7016
13556
832
6469
1804
3264
10244
3284
5774
1047
6760
12733
4204
7964
11880
680
10575
12570
3944
1239
11349
5747
3475
1088
8087
13724
6949
3553
6995
12741
9510
3129
4521
10167
5284
4680
9943
10962
12643
13352
12592
478
8610
11322
5289
9655
11288
6328
11299
9497
7466
10684
1825
7938
5628
3591
10914
5131
3726
174
5731
10161
2768
3360
13438
12085
1704
13477
905
11610
730
6721
13198
10387
5873
3688
2543
9870
10201
3290
8193
13148
10315
2534
8523
11141
796
13627
11052
13169
3338
9342
7954
2663
4935
8086
7060
4741
6187
232
1394
11328
4700
3791
6447
12273
2708
10865
8324
7154
2287
158
3398
7618
8208
6592
1406
2152
9354
13125
7136
4754
12260
3530
7978
9109
9377
12182
910
5483
3293
9004
8417
7159
319
3874
10353
4943
1484
6153
2720
7782
6621
8049
9340
11111
2002
12854
8979
7116
11812
11883
7781
13548
4830
4427
5420
8722
5694
8930
4673
13367
12077
7843
11710
433
11530
10247
9376
294
2338
10501
1784
263
2436
9993
7143
13605
9988
4572
11647
13008
11248
7075
970
7155
11029
59
12588
5874
5593
1777
4530
1461
5331
7494
2842
12172
9390
5127
8535
5083
3411
1291
2091
2182
1827
11727
12094
3482
4034
2079
1115
310
4101
8703
12290
67
6258
13135
10571
3458
12418
2098
11191
8110
13702
5375
5316
9171
5657
12233
1048
7241
1568
1933
11987
5574
615
10147
10686
7788
5861
12901
3308
2166
13671
5933
5454
9110
3936
8650
3203
374
1245
4705
1010
13425
10314
11360
3992
13307
1991
692
2518
8352
10462
10290
969
8319
13471
7917
3552
11408
1072
1621
5944
1270
4007
4434
12419
3318
12606
7217
13133
4187
8400
12495
1188
9141
337
9384
558
12747
10473
12515
12980
13121
6852
344
2061
9388
12320
81
10561
12822
12517
12384
9769
10741
11358
10354
13734
6850
12769
1814
2464
12817
7350
9714
9153
7725
1714
5892
10342
429
10190
4042
6201
6977
1057
1
9114
2380
2989
13050
9112
4804
8414
2156
13584
4009
10676
13328
5516
11849
4164
3866
6819
9349
11994
13282
4025
124
9310
11468
8748
7536
5799
5795
69
7710
10947
8683
326
6485
3776
3130
12327
2888
2102
5336
2402
2577
8405
683
8275
5368
2442
3685
3119
7108
2139
13739
1601
11404
3619
6212
1985
9050
8958
2477
12808
2878
1791
8978
9173
10687
8643
12930
11273
1845
12271
6232
10961
3837
6658
11058
7616
3473
11223
11182
11469
3190
2126
13815
6424
4429
935
1579
9969
5052
6547
450
10412
12389
1828
5116
1443
4233
5761
5465
12025
3429
3193
3574
5255
8267
5867
4721
3604
3210
11353
8740
12734
13348
1371
10176
6022
2360
7913
13372
4476
1429
6415
8065
2075
2638
4560
5512
6613
205
3265
9651
9761
5175
13564
145
3524
8927
13350
4907
3491
5971
3439
664
4021
4039
13482
7191
4829
1822
5860
1527
6600
8140
1838
1566
1654
4469
1740
6133
11115
7195
4297
4198
13356
12136
5827
4170
2161
13155
6522
10691
9765
5206
2318
6281
12353
2745
13236
8558
918
4794
8264
6895
10035
3276
4561
1469
9821
5895
11221
1265
1593
4084
4506
1521
11242
2050
10804
13775
534
8550
12480
10976
13238
2382
704
5466
5423
671
9062
10866
7682
2934
1977
261
173
4522
8012
1878
4669
4797
13436
12497
5863
9493
12227
9149
2059
6818
13015
1725
3985
4808
8141
3842
4858
3388
1824
4403
1523
5073
255
13595
12460
8949
6722
422
13839
12709
11350
13673
13315
12952
1496
9749
9520
3938
4903
12789
10050
2858
3972
314
13391
8200
1008
1790
863
1448
13752
9507
4371
10808
8765
11166
6755
3981
4399
4817
12087
12281
10572
7972
13020
8237
10373
2275
2845
13462
1038
8810
400
9894
10117
4173
10913
357
9710
6620
11305
8605
2542
8458
5061
11498
4388
8481
13830
7443
4037
13749
2022
7003
13746
12228
2584
6284
1617
11296
6360
3840
10554
11858
5719
1840
5036
1085
11975
2653
8670
6335
12959
1529
8586
11128
4719
9772
3722
5844
8812
10062
11907
7728
586
8750
8307
7925
5559
13054
9398
3009
8247
629
10252
7993
9852
4317
7270
11813
828
9049
13312
2134
13620
4748
7357
3906
5756
8033
1737
7281
11308
13231
8672
7170
2846
661
11440
4900
8459
10882
5762
5494
1465
2346
913
10523
201
7652
6262
10431
10386
9421
916
1751
9647
10226
1111
6679
3108
463
3521
9633
6066
2929
8832
13603
4924
1345
10099
10658
4818
9780
11493
7790
132
7284
10733
5919
309
1254
3902
11069
7279
12253
3610
3091
4474
12409
11205
4644
11439
296
5751
9609
8843
9512
2262
5601
5636
12466
3669
9155
5790
11275
3743
4514
8077
1242
8789
7563
4364
13373
9586
7408
12088
9093
6472
12
6110
3559
3935
8448
10434
13323
6921
6851
4660
9055
5196
10541
8468
4747
10241
8537
1736
8404
4498
10673
11457
9755
2877
1017
1773
45
6587
3910
7033
2999
12430
12882
9319
11339
4481
4667
10515
3450
3901
10371
5482
7881
6800
11379
1537
2469
7291
10985
10507
11519
7646
9321
13067
7714
13280
12524
6958
7092
5178
12879
10214
3653
4973
7542
6056
8178
5536
37
10264
786
1455
2427
3752
1802
10827
1352
7431
5980
8602
6671
300
10108
8425
1463
5468
5460
1281
13374
4367
7552
11979
9537
8224
7213
5877
458
4201
10235
4847
1656
3330
5550
3049
7519
2044
5847
1004
206
4959
1340
8936
13095
12518
9297
2374
11820
10610
7245
12042
3782
1495
1531
12004
5540
7800
5670
8652
12482
6944
7257
9734
11494
9695
12781
6861
4126
2863
4045
3352
11136
3251
10821
1280
3187
2391
3455
10059
11106
13622
7689
11535
6688
4091
7930
2787
8961
10569
7289
5510
13791
1174
4060
8348
3107
11714
2596
13059
10576
20
2968
7747
7735
12870
1382
2982
4028
6667
710
1272
564
3205
12264
3586
10683
7186
5701
659
13032
6807
10753
2281
4479
11033
13848
9580
13529
12797
5161
4510
3181
10488
11590
12323
1152
2246
8658
13403
12301
11723
6652
11854
7286
5946
11015
8599
698
11698
7276
6150
8631
7918
108
11870
7453
12760
12554
4985
121
12125
12519
3584
4841
2443
4125
10756
5647
2023
3557
12687
1634
6494
13276
5712
7671
3174
12831
1947
9962
10740
3023
3824
10197
7992
5261
1137
7375
1032
9322
9451
5095
5408
1749
2955
4787
3633
4890
9957
12467
3036
9381
9867
7809
5388
2167
7903
1957
562
11533
11156
2883
2231
11897
7374
12155
1203
10573
6839
1833
11867
1953
2836
11211
4531
3250
4475
11952
8416
5959
5812
13811
12123
2337
7237
9946
4815
12700
9781
10702
9167
12319
3555
8701
10467
3977
12357
10559
4666
11451
8638
13303
8510
3642
12735
6250
8576
8835
754
6455
6553
6159
12724
1847
11636
12943
10024
11261
10094
1914
9486
46
7906
10027
5515
12949
12993
4776
7936
13484
3686
9683
10594
521
10521
2839
3984
3218
1917
4983
7675
8847
8234
1087
1909
5725
9232
7207
9315
12921
7351
10534
8399
1728
2195
10777
8496
12767
11336
4264
3228
12541
1224
9971
8946
13826
8880
11718
12188
792
12145
13722
12124
6479
9065
4109
8233
5417
244
6338
10895
292
11837
2875
10604
8884
11321
11717
6100
694
7802
273
3781
10299
9061
7352
6530
8757
2205
11456
13220
9982
10835
2987
7067
2046
3061
719
5552
12068
1806
9357
12849
8484
10397
3477
11326
13153
10057
11652
2412
5226
2483
5390
6500
79
4616
10285
8491
13697
11298
3183
3742
941
11531
748
104
6393
6828
13600
9642
12566
11169
7960
4934
8314
12220
3236
1781
7087
7908
8021
10861
345
6769
13310
10538
1209
11684
12807
11383
2628
1594
932
11749
8259
9674
10364
9698
7667
12599
6720
1351
5259
5777
13057
10633
7368
9233
1471
3684
8694
1817
4165
500
8168
3492
9643
880
6972
1979
4899
8249
3180
4811
12853
3767
13519
10302
2177
10629
6388
2224
13855
9456
9932
13134
724
10550
9787
10352
11259
195
12946
6912
1562
2516
1169
2602
10179
560
10923
8329
452
7745
10999
11002
4463
1951
9172
1810
10647
13395
12179
11938
1887
2808
484
11436
3904
2792
360
11118
6333
11313
9081
11894
328
2190
805
13448
12171
1322
1255
149
1798
3263
9794
6705
12925
3348
9802
5228
2223
1000
9247
2950
6266
1363
10987
10266
12933
9523
376
1168
3628
5273
4279
3888
6042
12528
3080
9355
3750
10363
6622
2149
9660
3289
13493
10539
6907
3463
10909
13261
10965
7823
9590
2478
7514
6643
13091
11755
4772
5581
4046
7410
5385
5862
934
13331
611
11620
5290
11514
2921
4441
9038
7086
5263
12845
10359
13165
1468
12040
2608
8066
4821
9801
10885
6947
7849
7742
645
1779
1392
7285
10212
1821
4287
2697
6581
1724
1857
8442
598
6964
11947
4193
12083
1357
438
8823
7488
6002
1300
9782
9922
4731
11129
13347
8079
7935
1674
4121
4587
1080
3817
8219
13225
10468
4902
5828
649
11866
6564
3445
9116
12352
11435
4920
6321
2343
721
12567
264
4992
10406
9529
1060
12856
11499
3373
11857
10765
12645
11444
7470
8288
8749
2474
10170
11615
7842
7683
10617
13286
6425
1241
5717
5223
322
12203
11055
9663
12659
6089
958
2506
10277
12165
6255
1337
4006
7998
9937
8761
996
9279
4061
3620
9706
1354
7783
1211
3327
9295
10036
3333
13467
11257
7147
2771
2448
6101
3756
9466
10792
11627
11146
6125
644
4904
12082
6195
4615
2904
12218
10813
8283
3319
2851
3016
8724
10023
10183
2375
10717
4849
8881
646
11818
8893
12698
10004
6309
3270
11766
870
8840
835
1438
10599
3320
362
13542
4679
2207
11231
7458
9729
5740
2409
2574
12678
283
8305
9364
3522
10341
10937
556
4266
10513
962
10232
7321
6361
3577
11307
5798
11388
9986
11332
12236
8455
12187
7585
7482
1064
9156
12175
12090
745
13202
10164
10916
11683
56
2710
13097
10210
214
12470
10919
5649
8376
12877
2368
3163
7661
8804
10833
592
8286
3893
7268
12871
1508
10585
3916
12710
6427
1015
12779
10911
5182
5964
6226
5282
643
6423
2345
7070
6288
1343
841
13139
553
9597
8447
12677
6280
4057
12386
8730
10607
4223
4177
7761
4813
8849
8918
5122
8035
5666
1768
10690
5295
5709
1485
5174
5307
3197
8097
9530
5643
1009
9125
4330
11376
6983
13483
10218
9106
9413
1605
5851
6881
11477
2389
5166
7678
6340
8693
5477
10825
898
3501
6240
7729
2716
5049
2519
3558
1364
12574
5596
10589
12034
7538
11354
11333
4865
1145
9268
6941
11183
12229
8902
8983
2923
11084
4088
7533
13330
13845
9535
4010
11199
1153
5072
11881
13772
4778
12966
12295
3026
3770
7939
5840
8167
11864
3954
9356
1276
5014
5648
10470
9900
1012
7803
9424
2675
11079
2467
3347
2848
4345
4340
9667
13124
12507
6810
8783
2067
1590
11473
4098
5557
5041
9940
9628
2940
52
597
13510
9029
7929
4994
7529
4062
13858
9936
7578
10848
1212
9181
11603
9872
2517
10943
10793
4331
2871
11134
3900
9951
2825
11501
7819
7426
1039
11426
3526
8432
11903
12445
2488
7197
3404
1172
240
6917
3544
3396
10133
10796
9035
861
1520
10195
8899
13541
7267
12597
4791
5379
13532
10623
5843
1682
9475
10454
8424
4643
252
10337
10516
794
10661
13464
5586
8864
7389
12766
5769
8791
13657
11053
9108
186
9878
9941
6052
5218
6021
157
4681
1686
3358
3830
650
276
13055
6070
1313
8380
9261
3425
7887
12864
5990
4958
6737
539
7082
5087
8401
13716
12471
5619
10003
7521
1695
1367
928
1836
10316
8567
8960
8908
4893
3325
12750
12189
951
13150
6422
922
6756
8570
6147
7531
7187
5928
2006
8829
4990
7525
5802
2522
6412
7183
5229
8501
4662
959
11274
11269
11125
7948
3909
3590
10326
10461
11073
11295
8402
3418
11056
1193
10824
2573
11028
2769
8257
1011
8346
4746
12469
6514
11462
3920
8666
13400
8383
6270
2201
6821
6595
8381
3004
609
10800
7919
7859
5567
855
7341
11969
3365
10308
10267
12129
9056
12824
10375
6359
10938
10981
8830
13472
3691
7095
2541
3575
8536
8736
11754
12464
487
4551
4296
12333
1958
3057
9942
13269
8357
6882
6927
9891
13741
9201
10344
7137
6701
4421
7360
9575
10135
9866
11795
10860
1808
12341
10489
12867
3853
5437
1177
7523
6114
10838
5444
5350
5470
2447
2966
2181
10123
8332
2951
6578
8278
55
3019
11722
156
8124
5957
816
7693
10260
9814
940
2789
747
7066
11122
11917
9571
3430
9581
3956
11046
13835
12151
768
4547
7824
6370
5571
1332
12704
10001
4621
7002
6602
807
1992
1136
9839
12103
7373
3625
117
13747
8439
4745
10689
13656
2114
3800
6998
5870
2919
7125
13154
3076
11825
4676
4619
8333
11176
5752
9538
9059
3858
9672
5022
5495
1089
13230
8686
9906
11337
12875
1882
3545
11460
2949
9740
6273
8083
7865
6313
10034
12099
3042
1284
7698
11593
9204
2927
1389
6696
34
9837
5688
4602
5400
5058
7665
6028
6775
11859
2837
11121
2349
13776
12275
10306
2241
5089
61
13228
6306
11352
6342
8334
1289
5695
7632
6499
3759
2744
5672
6986
7498
4494
1641
8991
5809
10481
2417
2136
2466
10957
5929
7907
1441
4454
948
13060
2537
4284
1586
7492
6700
12863
8358
13004
3198
13488
1026
11568
12765
5986
11206
6029
4671
9881
7658
351
2004
827
8282
7526
4800
11505
9567
5079
3110
13763
6044
3029
8251
4717
2746
11594
10250
4387
9934
8905
8947
2273
2180
4972
341
12829
7931
647
10383
445
5337
3578
8766
6317
8030
10496
13345
3
5271
8587
13754
2935
8184
12600
9869
277
12940
8227
5602
3291
1797
5963
5321
9304
5021
11806
2527
10474
7381
13069
3499
7610
97
2857
1051
313
7305
11832
9198
9921
7028
13160
3305
12563
9277
9956
10205
2282
13138
4152
4713
2832
5806
2108
6470
291
936
8619
2030
6064
6436
9016
2992
10544
3774
8657
10651
12312
12208
2068
3666
2450
8787
10682
11572
10638
4786
65
3039
5988
2140
7957
3700
5256
9370
1279
2081
5354
2809
2455
10894
5489
4775
1750
9568
11790
2844
2674
8826
1410
2353
10868
7189
812
11082
6119
308
854
9393
7787
11834
8859
9565
6050
8339
12783
4318
10130
7037
3206
3069
11432
2874
12744
3083
7043
12801
26
10850
1585
13241
4573
13278
6069
9190
9555
5069
9985
7619
5901
5562
616
9572
331
1390
3761
78
358
3225
1980
