913
803
545
339
169
550
711
930
110
542
740
697
294
136
170
281
364
895
584
296
482
1040
204
356
98
183
268
718
371
1003
907
393
85
553
272
901
155
10
290
282
1041
468
520
197
807
239
91
319
812
724
645
8
196
141
128
66
565
659
461
949
1044
372
994
307
13
920
1036
394
961
973
859
226
133
115
748
213
856
532
490
770
160
661
466
664
683
752
9
442
105
203
420
421
430
167
721
814
369
243
644
936
598
774
327
435
428
790
362
513
641
405
529
887
458
732
462
883
974
451
617
875
54
741
274
833
943
246
287
725
571
1028
366
511
562
749
315
902
516
456
556
185
487
67
590
95
83
846
97
831
352
980
818
82
646
102
712
919
87
363
472
688
16
858
431
628
101
882
884
960
112
424
847
245
48
21
850
242
70
222
923
927
404
540
747
904
126
779
636
80
205
354
399
924
627
933
283
824
533
763
119
1042
295
382
624
99
464
492
692
837
248
427
238
496
349
541
225
227
163
74
42
64
40
223
524
498
714
566
948
992
548
447
448
701
706
502
708
219
564
419
626
334
90
574
20
409
700
687
928
173
572
514
1
335
28
1037
350
297
671
662
26
6
7
284
256
304
778
113
581
467
331
942
392
622
438
135
546
799
418
896
616
675
446
1023
647
959
900
1032
43
1031
611
257
580
690
494
596
260
479
855
357
872
889
343
1020
615
977
120
757
935
403
512
475
277
445
734
410
186
164
412
201
396
719
269
956
613
1016
411
417
127
377
314
640
988
753
903
504
495
1006
78
156
1014
270
306
693
926
172
551
620
951
376
398
454
453
605
1008
300
783
720
583
41
71
755
826
981
990
815
450
298
593
264
899
587
273
962
832
75
39
433
600
161
976
937
34
788
762
422
955
588
175
909
897
733
337
604
870
32
638
772
387
0
383
46
577
941
819
808
318
517
522
852
1012
894
261
452
1026
723
591
965
914
499
459
840
444
285
289
836
568
134
310
689
351
434
180
582
187
316
953
365
255
37
544
795
116
38
171
838
860
653
162
549
717
207
536
88
123
291
491
877
705
716
608
797
710
483
586
649
811
137
147
845
614
436
84
857
77
775
929
1024
374
684
178
474
651
917
477
92
609
429
22
408
519
703
332
455
347
557
234
503
663
1030
58
594
53
44
1038
764
108
443
735
390
432
575
165
247
320
181
945
806
674
670
599
637
379
842
891
159
199
1002
906
1027
360
558
761
302
189
130
96
380
601
776
166
547
249
685
230
867
368
656
51
922
215
292
560
36
47
328
1035
1021
158
950
224
756
874
252
834
437
822
1025
880
597
695
820
759
111
830
50
552
1034
324
742
131
888
526
395
24
191
678
148
631
729
177
728
330
679
400
878
309
286
325
579
176
139
657
18
151
658
863
241
971
964
386
508
509
972
391
1039
488
952
932
258
527
677
388
862
381
79
768
766
946
370
342
726
308
760
535
144
947
214
957
985
303
397
963
866
940
612
754
346
220
592
254
868
384
425
944
691
876
1007
1033
93
543
271
785
554
682
699
506
63
787
576
610
210
262
567
1019
737
841
336
378
229
57
5
132
463
595
122
655
873
750
635
871
632
301
654
407
801
406
727
911
367
925
731
864
660
796
236
129
61
773
340
939
202
469
970
265
561
138
954
1009
804
104
476
323
12
142
738
991
767
984
1029
216
621
881
715
510
978
854
200
55
817
143
915
4
107
322
211
672
2
758
423
481
73
828
168
843
704
821
555
680
931
484
890
208
938
480
1000
816
800
1005
869
713
665
321
968
217
329
266
465
1018
1043
989
17
987
751
1022
402
276
106
853
921
668
174
809
573
910
198
1004
531
72
62
56
441
786
908
117
886
745
232
736
1010
607
707
563
995
630
515
212
240
59
848
746
771
686
879
415
182
934
275
669
634
798
983
233
27
1015
237
505
65
