11112
7238
8413
354
11828
6197
3333
20
9600
3454
5255
5861
10997
10824
3802
5971
8769
8547
6217
4339
4768
2332
12308
10882
10918
554
234
5790
2909
364
2713
10357
2227
5473
9618
11356
3398
7513
10050
3321
1115
7892
8504
2980
6558
3978
11312
12075
7237
9211
9027
11297
11809
533
5879
2138
6020
2663
2878
9204
967
7309
4917
11916
8715
11905
1984
2386
3981
7527
11114
9844
9442
11021
10346
1342
315
5446
7224
8834
5629
7490
2191
7660
3410
4869
3056
1791
8752
7217
7508
10555
11709
5281
734
1991
4261
9701
5015
5934
6960
3640
1733
4422
897
9195
6074
7053
10641
8347
10590
9264
2896
7132
4942
9612
5110
3684
3824
817
1510
10146
2025
12230
4770
6724
11373
10734
1313
8163
9357
6685
3579
4580
7734
10379
5435
756
5243
2825
3698
70
10543
5269
4197
9236
11711
2291
11557
4259
2014
1273
2089
2641
8893
3997
10902
9642
9824
2808
1837
7268
10090
12273
2413
37
7323
4503
2818
8732
3446
8918
5891
134
1217
4380
11197
179
9672
6184
4214
8766
4048
12286
3697
391
9028
6848
9898
205
3750
5282
8107
10727
330
5855
4075
1184
4166
5684
6119
3176
4468
5620
9208
4362
11429
3692
7324
9504
7314
11742
9602
1747
7969
6835
1660
7115
9483
3433
2956
127
2999
8645
1825
1235
11521
2105
6669
11619
4029
2870
10150
3577
874
409
5010
2064
2303
2006
9120
8125
11646
10354
1560
4169
11949
7179
2949
4415
11585
6944
4390
5633
9467
7197
961
4767
10335
7304
10654
2265
7721
7767
10988
10878
4320
11507
10755
2095
10025
4051
3315
10855
909
6501
4388
7374
9613
9191
7074
7007
3957
10189
944
9944
2075
325
9786
9723
11974
10505
11787
9960
8681
8242
4812
1296
10439
5338
11763
1963
10175
922
6154
5501
3631
3612
5671
1450
3037
125
11495
6267
7100
1430
5527
2288
6201
7830
692
9245
1199
10230
4268
8988
2647
6338
3413
5381
2231
12287
6063
4769
3625
8824
2326
5663
868
452
4820
1916
167
169
776
3103
10881
10416
9919
10100
1947
10661
4010
7252
11999
358
4158
285
7812
8483
9860
5912
9514
7136
737
6305
2739
6428
4442
6621
10685
8727
6604
9228
11968
10030
6971
12348
4285
12225
11781
10793
66
8439
10539
6474
10809
1440
2765
5884
5890
4389
6317
10070
4500
9213
2642
2588
1052
12063
1606
4231
5506
10017
3858
6601
3609
2800
2411
9219
5853
226
428
7506
10597
2535
9255
373
9816
700
1554
78
10917
4039
3475
3291
1143
1855
4376
8146
9693
6778
1614
4262
1024
1859
1230
3421
1782
2415
7744
628
7196
9053
9932
3588
2692
7412
10483
3416
4421
5465
9303
11378
7590
5511
4183
3376
2115
3336
11206
1701
5176
4299
8296
8926
1004
2447
8336
4689
5844
10721
9328
7423
9720
2078
3342
3503
4821
11413
10689
2610
427
2165
4789
1813
12362
497
10765
12173
7020
4783
11610
5129
514
3966
7680
10796
2941
2290
9083
976
8102
8687
7659
10658
8819
3931
2403
4817
4991
11542
10953
8786
6777
3305
1456
10520
4278
11645
1209
3045
5548
2254
11022
9161
12217
709
9621
7367
10909
4638
4799
9259
1097
11813
5203
4999
9089
10928
2500
9511
9871
4794
7065
7054
8311
5993
1066
7776
2731
2211
4883
9540
10798
6325
9645
3094
11317
7505
3250
12180
11799
3371
5645
6734
10164
7413
7724
2952
7851
1794
9140
8480
1465
10640
389
3355
9013
6304
9304
1121
87
3041
1187
2049
8261
1064
4172
9516
11350
1205
7554
5723
113
1619
2439
6882
10115
5569
2394
1206
8589
7181
26
11899
1435
4966
10552
1843
2137
9899
9732
8536
1723
1713
12031
12059
4922
5918
6524
4042
5553
10751
2151
6691
2591
9017
11760
10834
6250
7580
4941
6387
5479
8338
6152
7998
6641
1580
8468
5974
1797
4195
7365
2644
10248
2054
10670
3763
11551
12058
2658
5040
2843
4784
8215
9178
10566
11661
7626
8175
450
8826
2294
4644
9387
6013
2106
10395
3221
1976
2984
5586
3968
11512
130
9683
5516
6523
6434
5244
9770
10182
7526
3133
9676
2815
3812
6640
8366
11691
4625
11707
3815
8660
1151
1960
5707
5602
3130
2736
842
9922
7327
3766
2406
6779
1002
9272
3951
439
9093
10547
1669
1219
12315
5378
1634
2951
3720
2603
1022
4273
974
6289
557
2085
7235
7690
3422
1833
6070
5454
9288
5148
91
4346
5097
4288
3222
6731
11137
6418
6198
3702
3673
5878
9243
11386
857
10136
5239
10169
4675
10570
2330
14
8862
805
2537
10210
11758
5059
10696
8721
8422
736
962
10052
8097
11003
1420
4447
1735
9696
7917
6036
10006
7152
4748
7935
171
5404
9447
11943
9381
12338
1838
11440
10149
9817
7479
8987
3449
8965
4063
4246
10556
10316
2763
6327
11870
12151
2664
11750
1125
5901
4806
6683
12373
5889
4896
5982
8957
12213
11747
9909
12024
283
3262
1551
3408
12117
3092
11292
884
10371
11802
4351
801
2717
10344
10223
12360
43
10869
4404
11982
3986
4663
502
2947
10529
546
11108
4867
7319
6384
3495
6895
9378
11710
2665
11455
4409
9704
11037
10842
8256
10144
7063
9880
6719
6645
8473
12343
8227
3897
1923
7283
3245
8165
5112
7352
4709
7360
10393
2194
6146
2998
12244
6723
9541
5626
12072
2082
6080
9101
6914
3791
5908
9998
4203
9412
10320
8282
4571
3694
10518
931
822
2981
8649
4033
10380
9611
3254
400
12154
9333
9081
1680
1829
4096
2606
5733
6374
11463
8003
10026
2748
8937
6117
10285
2932
11855
9555
1001
348
293
9933
833
9026
4972
7788
10978
4296
7083
3563
12349
4628
10618
7581
3117
5363
1156
3240
10580
10916
2803
11240
10666
6453
9627
3143
5780
2119
12128
6500
2718
11572
11236
11442
399
5327
67
7492
8452
11803
10761
10055
615
4102
5258
465
9014
6357
398
1443
4525
1624
8505
11024
11012
7108
4482
5160
9951
7306
9852
1621
9175
8177
8923
10107
1544
1990
1692
9314
3423
11652
10059
11903
6773
11397
11704
3756
3949
12029
7885
5998
6190
4053
1553
11222
287
122
641
10096
972
928
1166
3401
9237
3743
2769
9449
775
7640
9329
4635
6854
2554
9443
9009
1339
6935
7515
8455
1028
9385
7458
8731
8723
5958
7799
5965
5432
2568
11563
8934
1449
11168
10492
12105
5632
11151
1665
8241
5449
8850
416
1208
9139
7419
3634
11474
3800
11886
5351
7464
6859
1227
10744
1775
8269
4463
184
1757
5181
7018
327
4279
3350
800
1455
7652
8549
6632
9212
9394
11185
3444
12028
7758
11469
408
11483
3070
454
8479
529
9640
117
4523
2468
8247
1486
4870
12106
5877
2691
7662
11794
780
11283
11577
1925
8260
10185
10479
4686
797
9686
9703
10384
12228
1818
10002
2329
12264
6356
3442
197
3594
11535
7708
11920
10737
3738
11764
8354
1523
10362
1830
11038
11765
2895
9278
8478
8993
8126
7457
4156
436
1770
3129
3464
2832
9384
11690
8703
4111
10102
9990
11996
10129
3587
10349
3518
4242
4947
10782
7470
11671
4488
9838
8401
10226
10241
11358
8301
7331
9750
4016
12257
908
7798
9721
2323
5814
369
1406
224
9481
1857
1408
11135
9360
6498
9427
9902
1508
2356
11447
639
5041
10806
993
8383
2068
8487
1649
4593
3714
11392
9123
4328
12078
1967
4385
11227
10577
2675
1891
12088
4828
10474
8309
10926
440
3054
2519
4655
5825
8365
7437
1547
2986
3739
10097
5894
7180
1783
854
11617
3480
4933
2575
11519
11635
5600
11426
6031
5308
2960
7160
9993
11816
7552
3691
11744
2314
11251
12145
5226
7542
5966
6028
12146
4064
2946
10863
795
8381
7214
10515
8690
5466
5819
837
9940
2259
10044
5880
6489
5033
3664
11267
547
3952
8291
5791
9407
5502
12236
7034
11294
3383
7499
1633
3830
9461
1162
7109
151
7777
8461
8151
4614
9075
4334
11048
4884
914
12195
1679
1417
8440
2483
3417
2000
1466
2027
4232
8270
881
7655
9323
3340
10007
760
2686
4630
9231
2789
1880
1752
10832
902
9119
8995
6252
10858
5822
4306
6657
145
10243
10814
1179
9795
6179
3097
6760
1122
5005
4292
6019
6956
3303
10865
1867
10181
9220
3477
6846
7880
11274
933
3561
3735
5079
4888
8663
10234
6905
4315
7452
3682
8948
7112
8832
3049
3373
7719
11987
4766
11484
11348
6984
9931
5394
7858
3549
6972
1938
2758
1312
11289
631
6770
3829
10435
4532
12123
3595
3734
3006
3193
1681
12051
10411
11587
5812
1439
8454
8555
7390
2604
2899
269
4646
1661
5169
10983
6535
3219
3998
9462
11615
8779
3469
11225
4724
8991
6651
1901
1474
9176
10927
6534
10594
2199
11574
4754
964
9751
1778
2853
449
8389
11634
8587
7685
10532
1431
5073
3419
10868
2893
3374
1040
3729
6182
9116
4697
9780
2158
2553
11575
5644
4073
10965
2570
8034
10776
2019
11290
1137
181
242
7720
5525
3458
4128
9966
10114
4035
10938
866
7822
8159
8127
12250
4290
10914
5227
1617
1946
222
7151
6663
6288
4175
10711
153
7548
9147
7171
5159
7014
5021
2051
11848
1019
2940
4373
3611
8445
10550
11209
12
3391
1525
2322
6381
12221
8781
7636
2195
140
11612
9016
9584
9705
9118
1428
2081
11152
2766
10975
371
6213
6173
9716
5280
10771
326
8038
1898
9460
5249
5795
10255
3148
4122
11204
2516
7639
10979
7853
3225
10407
646
11453
4146
2655
1766
5472
5734
10679
9370
7879
7094
94
2313
6461
568
4913
5895
11814
1883
4009
6787
3589
10974
8205
8608
8820
9992
9345
10490
6405
2367
12302
4196
1542
3307
9244
10701
10602
8157
9594
2203
4367
9895
3838
3793
2747
2213
3666
1781
5561
5585
4093
8606
766
2062
2159
4575
2408
2228
2036
6004
11213
9722
40
5425
9263
11315
223
7270
12202
11570
182
2134
7177
8248
1944
6590
6660
12177
11478
9603
2871
1140
8672
4280
8005
4445
8844
6352
3499
2833
4802
6958
9003
8000
10202
5279
6753
6847
290
10180
12310
1457
9225
3201
2046
5429
7900
3599
7428
4914
4059
10278
1637
3279
3284
8186
2617
5057
424
6386
7575
2079
4843
4992
9410
4173
11165
1921
2319
4168
2749
8539
7593
9580
6409
11812
9665
7478
8584
11908
7387
8822
8257
4317
11336
1164
7562
12332
2561
6383
9690
2503
10489
5272
1527
5069
10249
4955
12248
4234
11997
3138
4925
8173
4092
10123
12142
2501
9413
4963
6003
10387
850
853
9397
7355
9318
1411
7802
10246
1552
10799
194
7201
3252
1021
4699
10614
2569
6900
2143
7696
2108
6516
9964
6840
2009
1707
2103
6475
5359
11273
6138
1568
9325
6824
12092
3678
3592
6515
3424
2727
1334
2904
9393
5422
511
12281
4507
2631
6263
1501
6649
5001
3760
8567
7792
147
7277
4706
10171
7099
10333
8999
1630
11938
4222
9315
6631
13
9658
12365
9870
12023
4841
4895
5977
11932
4679
2072
9743
9741
483
9679
1727
11800
9533
3220
5270
4827
5267
8646
7022
6322
3124
7245
6587
163
7102
7345
10691
10376
8447
7717
10109
7269
11050
4387
10193
4344
7975
11255
3001
3558
6916
6367
6416
404
4511
816
10942
10155
3167
3053
5215
10735
3659
2856
8540
3584
6598
8341
719
10601
799
10268
349
10973
3473
9637
10567
9085
10642
9661
5987
9987
10527
5991
9038
8967
11126
10852
813
6618
510
2077
8428
3087
1879
6052
4950
2176
7783
5063
10579
4715
5376
9983
1504
5946
7121
8271
4211
12135
5634
429
1340
10739
11888
7933
7778
3490
11239
447
10458
4707
81
10966
8770
4558
7028
1133
9172
4981
4997
1611
6393
10227
6560
8718
9575
9455
8908
9354
3963
1027
11749
3650
882
10341
5856
2375
2536
12291
374
6247
873
11515
1145
9452
7422
6415
2571
3520
5332
10027
1958
8625
620
1682
2936
5588
5691
3486
2912
1638
9897
10612
11935
11642
6218
8574
4582
2420
871
1356
4538
6295
7612
11939
9670
7240
1020
6342
7035
530
9111
11175
2676
2328
6682
9861
5910
6049
5463
4006
11684
4008
4746
2374
4355
10549
10575
11063
891
4940
5526
7303
4379
3251
5828
4865
3324
10004
9887
4135
4579
5862
4742
11933
3687
12090
7305
7530
7051
3918
10690
10174
7629
6302
8286
9439
5377
10643
2003
4892
2502
2959
2028
4540
8757
4793
11754
7824
4309
3258
1225
9086
10803
4729
8651
3551
8914
6281
3767
7398
6526
5975
6347
4275
5905
6866
5779
4907
6056
11831
2945
328
6430
8449
12238
11298
11219
3436
54
7511
2123
4682
11391
7498
12303
11461
9532
2957
11360
11214
5219
2276
370
10959
9656
1517
8903
5189
6485
8423
2433
3468
2876
10802
3937
11525
6942
9896
1785
5342
2762
1081
4627
9519
6918
6619
12067
1153
1499
10302
4588
5451
5537
3681
215
5766
789
4077
2388
2811
2791
4760
12022
11926
7089
10347
2234
9709
10510
5886
8695
11074
1433
6351
9717
2640
10633
5967
7620
3175
6650
1182
1185
2024
3605
11705
3224
4316
8599
6194
7664
7376
3922
10156
9710
2273
9926
3511
562
889
9975
1557
9664
6955
5849
11015
4851
4072
3441
484
3832
3278
301
9275
2886
3142
7668
2543
3994
2914
8211
10106
3083
4990
5731
11966
8142
8634
7489
10702
4213
1763
1745
1725
11907
4440
8816
10663
4810
11094
5635
11683
8839
10378
1936
12134
16
5004
6328
7322
4067
2141
11409
1823
3247
4583
11033
8156
12048
4020
259
8751
6142
12027
2668
11402
10373
10652
6199
9022
4198
3426
6539
8543
8805
11179
4446
5624
6503
10936
10220
2660
267
65
2820
4643
10330
2338
4550
6454
6749
3816
3583
10998
2538
9999
12113
9307
6926
471
3445
126
12082
4005
12352
8558
1414
3821
5411
10445
8838
6054
11138
3761
8628
5990
4805
9409
8624
12169
1448
5813
10177
475
9652
4271
10051
5055
11001
9294
3939
8176
3762
6272
10154
2657
2778
4412
456
2962
9420
8603
10222
6316
11590
7869
6449
4890
2824
11154
540
7572
4282
1903
3407
11131
11384
1824
6448
5871
9622
4872
7663
3341
3406
8466
7141
3081
12325
9257
8421
5523
252
12321
5154
8541
4702
3300
7246
5606
4672
7128
3809
12339
6230
5453
9799
10862
704
3257
10159
6091
5330
1215
7216
6934
12220
5969
6561
7671
10544
10056
7838
2205
1674
4095
657
781
5354
9764
9364
2464
8148
11231
747
11498
8011
9203
3813
6494
2556
7871
10057
3553
7381
8078
4656
1204
209
2457
7898
582
1949
506
8170
7584
3646
6676
8371
1671
10500
8130
3712
6258
5956
4531
11047
537
5164
7116
12242
3606
1485
5638
9130
8586
1138
477
8714
4852
2244
686
3519
6287
3662
2460
4775
6399
8531
5487
7606
3104
8670
11964
9767
10569
1123
2638
2612
9738
3527
430
8140
9238
2398
4983
12226
585
7005
6864
6718
9946
6707
10659
670
10667
953
2309
2333
11143
10568
6507
7459
6404
1120
1817
10447
10203
6938
1640
1521
2877
11266
7339
12017
3228
8664
12203
1598
9369
8475
11589
7220
464
1114
5695
11695
3488
8920
957
5893
6704
8430
4498
4038
1335
650
11399
6346
10069
7439
6933
10404
9959
3772
5577
9908
5532
4977
3332
3522
8344
8626
11686
5089
3073
1700
9082
4608
9807
4358
9850
4887
6665
9463
10386
381
9045
6591
5896
4437
2376
368
9129
9383
8699
10142
9708
1746
11900
2118
12030
5379
3042
5438
6236
8231
6106
6235
5872
1715
4399
342
4645
9050
1563
4083
796
6360
7219
10487
7945
192
2131
9177
1549
6466
8139
7192
1059
5427
11895
11017
6178
7266
7598
8979
10946
3084
9839
1056
9740
2147
950
6321
11410
1871
12165
3985
9565
4657
11043
7558
1078
583
6068
3843
99
11349
8708
10738
6630
9353
6697
7962
11372
9261
9857
10705
741
7577
3265
11224
6425
11618
4352
3466
5108
10506
9043
7509
10922
7185
2480
2258
9391
5039
5445
11793
241
292
10178
8119
774
7282
8106
5986
2337
9495
576
1875
1931
7461
2181
7029
553
10348
7357
3268
9339
10104
2182
8648
2590
12239
10723
11428
10657
9691
8192
11121
172
1588
10722
11971
3418
10725
5519
5843
10196
2277
690
4994
865
12115
8358
11331
6379
10
6164
11171
5657
12295
5253
11833
4184
5610
11526
6775
4372
5403
3507
4909
2807
11728
3811
11553
6090
11608
4228
4435
785
11285
10089
9112
6033
9731
2581
7984
3389
11381
11627
4249
3999
7991
8524
7599
872
10604
9678
8355
9950
3690
2903
1874
6594
10032
2851
7529
11712
876
5026
9891
5179
6353
7974
7234
9867
2271
3974
6681
10829
559
5948
5050
2034
2605
11480
10456
2233
6527
1955
2282
896
9456
8939
4110
11992
3150
11958
4719
6341
2020
2812
3568
11517
2400
9459
7854
2318
5953
10197
2566
1890
2229
8949
10415
11531
8954
9273
8171
5217
9072
12260
8285
3195
10099
9745
1051
2793
7031
5888
5559
12354
3135
1601
5149
6659
10167
5236
1415
7815
5829
4475
1765
85
4718
8199
9298
10205
8160
11559
5220
3137
2032
8332
11552
3921
10677
5940
5637
9948
48
6555
8104
10970
272
2597
10473
11682
10678
3695
4687
1627
11649
11914
431
5399
6762
8565
11105
6538
11762
1962
5778
12347
627
9781
11598
2487
2149
9782
610
1585
5213
6589
9885
9269
7641
10201
1511
649
1684
12015
4216
4338
4528
6826
6493
3541
7332
11343
5612
2969
11603
4555
7983
8613
2954
2393
1844
2829
1834
11476
777
505
9338
6326
12009
752
3550
2474
3853
1488
6143
3414
10595
7785
1702
8905
7104
8793
10191
11829
2683
8321
9546
3515
1124
9821
397
8887
12275
6747
11532
9155
9796
971
2935
6309
5297
4015
11220
1953
7560
4425
2021
2794
12193
7382
4713
1202
3724
8553
165
9675
12278
710
3451
7698
4123
1639
9475
359
3831
57
7823
2933
8616
5277
5865
3128
6315
6444
1543
12201
11548
12171
2697
6134
6394
1077
2848
11432
6483
3060
10079
9805
3715
2915
8794
11506
10582
7384
2325
12219
2804
3779
9910
8592
10960
5175
2882
11259
2816
2872
7631
3642
6038
11717
6282
6597
1128
7889
3381
2145
4034
1932
6232
4099
1041
1468
8221
11524
3548
4736
3017
3960
9879
12335
12102
9316
4094
12095
8280
1799
1000
11065
5313
2580
2584
8546
1176
10675
10775
6987
3847
5018
11435
9570
4257
6297
9815
2289
11235
4844
1808
4780
3044
7712
9445
1192
2102
975
3034
549
2850
3360
1043
5312
8200
4281
6260
10229
12268
5924
6768
3535
2312
2557
1167
3461
5949
3
3683
3517
4777
1828
11821
9846
9632
6034
9509
7012
9401
4140
9866
6997
11951
4572
4419
8333
5031
2533
5143
9302
8578
5521
11944
1010
3370
10578
6062
4957
5320
7298
2016
10873
4740
8725
2074
4560
11443
11148
6656
5793
9162
11810
1030
4960
8971
11419
8009
9742
11520
1740
7657
6310
11599
10306
7276
11492
7986
3068
8845
4860
11856
239
10924
10339
6643
2192
4797
9567
792
7600
4022
1732
8188
10472
10138
6115
10925
2527
10519
3038
6970
10135
10331
12077
11969
5292
3989
10005
8860
936
7463
1996
3574
3002
6330
9166
12176
8749
5194
9808
11861
9490
11306
6255
5824
12080
4471
8680
7227
8441
12313
2839
11653
4574
764
10206
5302
9206
2452
4873
8488
1442
3320
11606
7949
7740
8969
1112
2207
6413
10029
2613
6693
12285
10874
10343
6999
3025
6481
5406
10437
3047
5988
2237
9477
6350
2132
11412
9002
9623
1592
7210
6100
4144
6505
11111
4266
9545
9008
2775
2470
4798
9104
7520
7518
2540
10800
10031
12288
4159
6239
5796
6855
12066
4210
7939
2485
1959
1999
6368
4738
2430
6743
11523
12359
915
9202
11898
10345
11994
189
11791
7144
7602
8501
2906
6207
7803
9888
5168
11995
10353
7221
4361
7553
2796
4082
6805
1023
7164
417
4190
1099
8470
6628
9493
3636
863
6701
8089
8128
3118
7888
9266
2504
2270
8928
2518
10528
1716
9313
9923
10021
9835
5962
6763
979
4856
5275
10964
10125
7881
2754
7656
4825
11418
1017
9889
5713
9215
5442
7363
8494
10297
10837
8594
5941
2530
11573
2963
9496
2992
278
11408
7475
9730
10708
101
2788
11838
7831
1622
11540
11688
7960
9108
4041
2351
2029
1587
4074
12311
4433
11271
5955
5467
2786
5652
8343
7790
10682
10554
7032
11070
6073
2274
3388
10465
3649
9121
6549
6969
10838
7773
8373
5028
4737
8818
6344
7291
8090
6354
11965
8984
8810
8734
6376
1067
11545
10545
8811
643
8124
2201
2087
7344
8429
1216
11636
1643
7307
9969
2696
11784
7702
9789
10749
5197
1594
4875
1626
841
32
1169
5875
12003
3304
12292
9587
6274
3669
599
3805
4859
10340
6257
12204
8799
8933
6666
6726
3198
8372
5900
519
4100
5182
5274
2596
1893
7907
10717
6495
11934
8094
5356
1864
4621
7166
3299
4105
8951
3326
7206
1098
1451
8437
11827
4996
9418
2586
11218
9408
12149
1201
11945
376
7555
3686
7781
636
8369
5539
12274
4774
11927
4348
1062
7039
3186
8183
3938
10084
8997
2285
626
3935
9883
3208
8983
6518
38
3298
352
4052
1008
186
9054
10110
2121
8194
2855
10933
8268
2399
7347
7146
11893
7275
4170
12196
8898
835
11201
10459
1767
394
7399
7797
7550
6908
3057
4225
2681
8400
6730
3026
8287
6093
8085
10774
5970
1432
9554
9296
10839
8996
8345
7754
462
8201
344
5520
6362
8419
11522
10958
4117
492
5263
8174
9363
6264
2854
6570
3164
7737
8942
39
8630
2096
10825
2098
5412
11778
9030
8750
3973
11716
345
8092
9668
5035
4967
6592
10613
2278
11504
10436
9832
9153
11172
9074
375
2548
9040
11182
4704
3759
9073
1444
164
3512
10235
3542
7205
8316
3817
2113
3578
7638
6458
4014
236
3635
9164
5061
3429
10389
9306
8331
10111
156
6551
5375
7503
139
10961
4397
2116
4786
6398
4673
518
5706
12005
10484
3671
2930
8164
1698
1454
5480
4474
6967
8193
7771
3199
11826
11263
11088
6223
1538
8884
10502
1722
11491
9415
10113
6364
3626
10976
10258
5053
4688
3241
7251
11851
10686
11917
232
4752
613
6446
7826
5234
11232
1506
12065
3896
3965
3796
3393
561
9579
5311
2858
11878
567
3774
7658
5421
4489
6692
11616
1337
2792
10172
7981
5204
6688
8322
9724
5329
3273
1985
2196
8420
5392
7963
7122
5178
10906
8360
5200
4578
1816
7348
11411
855
11045
8416
10599
10710
2018
4483
5618
8742
11248
12020
946
1971
7532
8800
6086
12337
1885
6292
9465
4877
9168
10867
5384
9423
2379
733
6067
10772
2133
11894
6082
6087
2204
1581
4142
11393
8785
7480
8554
11369
2965
12033
10511
199
7400
3382
9480
2348
8623
4839
4244
7320
6076
5518
10216
11771
3179
9698
2929
3314
6596
8091
4522
2139
10082
7718
4562
11023
4819
8605
10463
6728
8408
489
6567
3294
2162
3907
577
4136
2560
7401
7254
9440
2885
10083
966
6541
4049
10000
7579
10215
1085
3000
7753
6024
362
9182
9218
11083
8791
8217
12008
8405
5288
9189
5205
4668
773
2534
4343
9115
4807
7467
1492
11806
5581
2781
8622
10731
7587
174
6780
5810
4255
4236
12055
4759
9748
341
7985
1699
12372
9488
5655
6220
10284
4068
11960
10901
11040
10646
10014
10188
8384
8273
12231
2978
8312
8552
9651
9858
4847
7225
6231
10080
7338
1759
10397
10414
10507
119
5873
11648
3946
7865
10225
6930
2768
3323
9921
2484
8485
1096
5906
2389
9033
1876
9179
11217
3235
10283
3016
1952
6511
5573
9280
7436
1445
1616
2598
893
2327
2432
12245
5555
1801
10683
5816
4710
2030
9396
7123
12170
459
6451
5414
8891
12002
6662
8821
4253
9809
10428
1992
1487
10719
7706
11514
7425
4971
2594
2977
2667
3101
12355
1577
4457
6843
938
11841
1670
4221
11931
4568
421
11459
10611
8295
2869
3396
10647
3069
9995
10785
9515
2741
7173
11773
2630
2767
8109
767
1693
310
8087
11268
3074
5496
6412
4396
6484
1546
1079
9416
3953
2922
1658
4632
6161
10557
4988
11488
8924
6249
9965
5256
6550
8396
1025
11774
4030
7632
9884
10617
10338
11466
10221
8950
8899
6096
1526
7105
8346
5488
3102
10698
11139
3644
6499
6772
3197
2509
9727
5885
1469
2705
5299
12319
2216
7084
11299
4900
4187
8403
1928
7643
11407
8490
494
12271
7870
2710
1483
5391
7140
11753
1104
10195
8582
8155
10516
2382
5485
9831
11430
1476
2661
2972
10334
9671
7745
9489
11672
7135
11250
2223
7821
1147
11145
4639
11390
11663
608
10593
8168
2434
1438
6391
7469
6880
6584
6698
12299
1195
11347
6687
10454
6429
3601
7988
5152
3115
10242
7752
9655
161
10694
11039
2623
9688
11057
3604
3788
5665
2175
2863
71
7299
438
9239
8711
2378
10623
7156
1659
7733
4683
6400
6765
2823
7686
180
4973
11674
8618
3932
3230
9589
10112
9492
379
1899
10186
90
892
7241
9092
8442
9778
11226
1357
3390
45
10817
4235
7896
8913
9173
8388
12253
3498
9997
6061
1076
3203
9151
6727
6490
2738
3163
912
11628
10885
8382
2299
9976
5125
3003
4332
5019
3009
11146
146
5012
2421
7055
9216
5029
4304
11261
2154
7672
4743
8178
3623
919
9319
2011
2715
8713
9205
6521
12211
10524
7431
12304
5262
3971
4436
2128
11836
7044
2092
6658
233
11366
3397
4300
11087
4936
11580
1480
823
4602
12138
4595
6042
9968
7970
7383
3126
8916
2467
5211
1155
3043
3427
2674
10356
8098
3232
11014
2198
12045
4324
8348
4047
8692
3212
12280
6986
11703
5957
9802
9395
2441
9034
10128
6355
925
6664
7804
1144
4834
7009
2544
2687
8778
10151
3114
10143
1224
9144
8116
4312
566
9900
231
6699
8323
3846
1214
11569
322
4882
7343
10962
10792
4026
1134
8629
11375
3540
4510
1927
1271
11772
7253
9877
2608
7391
5529
4698
10323
4623
8162
9498
320
1229
2562
788
2734
517
3533
1046
11669
6311
12148
2627
4603
12198
10290
3532
2443
8276
10538
8397
3013
5254
2974
985
10851
11555
11160
11822
7248
8289
4832
5245
7630
8635
3244
2349
6388
4814
3508
3471
2908
7994
6193
2004
12367
8236
2826
2419
11852
10844
7473
11847
7711
5374
4693
3285
2813
10967
3546
12114
7791
1437
5369
9080
5309
4886
3384
10919
11064
11085
4212
2193
7891
2620
6929
8133
7556
1978
5763
6545
7043
3573
761
5995
4233
5980
2802
9912
8767
3086
2593
3215
1987
7866
3011
6741
9763
10288
11510
6757
2005
11011
10847
10023
11588
5337
8129
4610
11609
11208
11334
7294
3746
8758
9432
10103
6336
4239
2084
1426
10480
4012
5268
8340
495
10616
8
4205
2673
10818
478
5920
266
8359
5881
5368
9774
3726
7993
11536
9903
2888
2744
10880
3031
10886
11385
10259
3256
10419
4062
9876
10944
5284
6678
600
4986
4866
11234
1578
5
6783
7516
7727
4945
5202
11843
2790
11739
7340
7280
10634
8472
4659
2040
8436
8402
1188
3590
7048
10537
6586
3459
5919
2232
6536
4416
2806
11454
2094
46
8783
1398
6788
4690
3470
2730
9036
2117
9638
3787
10609
5656
3658
6276
7208
1641
4494
5481
11502
8865
1418
7256
4677
1170
1718
10296
9209
3121
11404
6670
10835
12329
12119
6440
1558
10789
7312
6647
9184
4509
3147
291
3055
1754
722
7148
4703
2136
1168
640
8208
10062
3826
5815
981
10015
5960
10328
6318
1655
2037
1750
6085
9682
8607
6271
5944
2814
6910
10629
5985
11715
10093
8678
4497
7025
3207
12267
6782
3711
7524
5981
1988
3580
11016
11035
1154
3159
9388
2423
11247
10812
4995
3160
7409
1427
6057
3281
9947
8329
18
3789
4283
9464
2481
11786
11930
3778
7905
5759
5252
5265
6585
9848
637
8658
10596
8214
12246
10430
5361
6920
11789
6635
6940
8530
7829
9855
7997
2944
5355
6382
8080
5190
7302
1234
4547
1769
7194
5471
9865
2583
9337
6644
9380
7849
1110
11415
9281
10830
7914
5903
8357
6909
2152
917
729
8945
5997
11902
1481
6752
8935
1862
3705
4824
11169
3624
3152
9791
851
2698
9487
6957
7189
4863
1130
229
1074
8230
1642
9419
7190
1088
12334
8870
3289
9936
10482
1886
9241
11149
10517
1629
200
4374
11867
10442
10494
5651
9604
4021
6975
3062
9568
422
3628
1100
4611
10821
1174
10420
1562
5545
6419
7279
1943
11757
6896
7183
11246
3178
1915
10724
1922
1473
10312
2362
3462
10137
4098
10625
9842
6442
9905
7317
10364
6053
1731
7875
10610
7388
7893
2391
3172
5142
2172
4432
2891
9472
10635
3529
10706
1675
5909
6095
11660
3757
9538
9240
9601
2618
2409
6993
1848
10587
4755
5240
5807
9737
3581
6776
8792
1776
5921
5366
2837
5593
10819
12158
11308
4243
8451
8858
4037
10687
8391
3850
12091
11959
2868
7999
2953
7300
10943
5546
3194
7093
12016
9806
7653
11988
3807
10904
3036
11505
3637
7573
2392
8739
9405
10440
6234
2324
11027
1653
6266
10374
8768
6988
9253
12363
11270
1796
12241
11549
1161
4469
1035
5976
2887
5318
8814
6973
5314
7213
11441
8712
12369
6642
5552
6950
2287
2366
11534
6480
3349
7050
8263
10011
4842
4651
901
4341
4116
2669
6708
6229
2961
10898
12086
1989
7937
6998
11272
2494
4613
8508
4477
4826
3848
5436
5398
9317
8927
4954
121
11275
3819
3567
4238
8641
10075
4530
12324
6509
9023
11566
3856
4529
6557
4429
7375
11486
9512
2320
6075
9539
10876
7328
581
6222
11654
466
12108
11702
9346
10581
11807
10639
4115
9421
1172
4418
10207
7402
1739
6884
1807
8659
1084
1589
5565
4520
9103
5417
3961
8315
7316
3747
2357
3463
1039
11223
1479
4264
9942
295
8001
8503
4771
10105
12103
749
1744
1906
8667
8801
7990
10870
11361
5464
8528
6233
9761
7670
10252
7301
685
7504
7765
8743
1956
661
5613
2160
11795
2552
1902
4726
4508
10913
10308
10692
12296
5364
4968
9433
3827
6323
5389
4521
2958
9574
7284
989
4340
9425
2373
4634
1471
11374
9553
1459
9207
7087
12118
8807
9669
6044
9260
6573
1721
1590
2784
7429
11115
1186
9620
8640
6472
624
3906
12272
382
10586
2565
10915
8754
11316
4080
7027
9020
11309
11721
7759
8275
12157
8463
1951
4455
10485
11499
3434
6149
6981
9430
12358
9285
2127
8726
9048
3765
9180
6661
2472
8509
3764
12013
10498
5266
6301
6748
5048
4248
4609
6109
2061
7471
8195
555
5344
9056
7195
2656
3136
7874
9024
2202
2632
5630
10009
9435
10558
8158
1018
9890
9466
2453
6014
6023
10530
1961
5556
10491
11300
2268
3456
8696
7362
12000
2173
4935
3745
2179
3452
5410
11556
4161
9849
9128
978
7913
11736
6457
10402
150
584
1631
1800
7378
9077
298
11860
3716
6219
1892
1933
9365
3046
8700
2901
176
2626
4023
6167
407
11734
6001
277
10720
8339
1210
9352
12081
3394
5323
1877
3476
12240
9989
9058
5230
11241
1708
2346
1673
6542
8808
4360
11258
11202
8364
7615
11722
5493
10183
2983
5497
6825
4876
10176
11550
4822
9825
7979
3670
5928
5157
844
3785
9156
5947
2757
8484
3359
7026
9752
3191
3984
2799
5560
11252
12305
9015
6828
7082
5237
6166
8620
1338
1851
8756
645
548
7908
11755
5144
5407
10449
10638
771
10019
11915
131
2272
1231
11389
9784
9251
10622
4564
11186
772
10980
6110
4308
7977
5821
5649
2104
3460
1093
11163
107
8334
10133
8425
2726
8674
3021
82
1108
9648
9680
4586
6881
4612
4711
8516
2982
7023
2492
10645
6919
5902
1677
2215
5341
11465
1954
5961
12163
6798
9078
6460
5418
7078
4622
1006
6546
1190
2111
10304
3107
5210
7743
12346
11338
12279
3282
9321
7411
11377
4919
4620
509
80
2308
5345
9247
2525
2407
5246
463
12053
8352
7073
9428
6715
6522
8581
763
7971
10849
7481
1831
384
2180
128
7236
10583
10949
10424
8302
4359
5289
4295
12224
10265
5596
9167
10281
8709
3665
7353
6690
7856
27
9920
1352
1595
4505
2253
11976
2689
2973
12161
3309
1082
8084
10160
4662
4254
3249
11060
8775
6899
11562
11752
3346
5736
11911
8736
8644
12050
7594
5248
3188
12370
2422
1860
6195
5335
7424
7226
9628
1635
103
11817
6174
9368
3246
7406
6510
3248
9438
4840
10588
11748
2129
10326
8643
11291
12054
2662
5062
5594
10815
10423
5604
5672
5251
11462
6157
8101
3531
11340
984
1969
10024
2859
5774
12107
6529
3596
9039
5034
8748
4479
442
11451
403
1950
6337
5027
9641
3474
9061
1912
2026
930
8317
7342
8298
691
4104
9557
1599
11008
11073
2996
5358
5929
9347
7187
8722
9713
1424
9059
2438
7730
7040
6204
10315
9619
6861
12109
11565
5336
1477
9840
11808
12249
4331
2317
5983
12137
9335
3472
12344
11946
6758
2921
4130
2779
4155
10668
6037
10695
1842
9935
9667
5904
11296
12139
4969
9106
9681
6209
6227
9198
2120
9186
8272
4055
7539
11858
5130
7707
4427
937
170
856
2836
7818
3523
3311
10892
1724
3618
470
50
6421
1447
9986
5416
5448
9811
5592
2797
4045
4200
5468
954
2387
6702
11157
10398
3737
4501
1981
5158
10319
2699
10008
7863
3039
10745
5388
6047
5943
4749
9812
4220
410
903
8881
12172
4438
5186
1410
11863
11470
114
9548
7095
63
543
4790
2817
5563
3828
4011
7
2551
6395
5575
10499
6192
8575
6471
9431
1934
11199
7834
5032
4604
5830
3610
7147
135
3482
1986
7857
7517
9351
3259
4965
383
617
11665
8771
7514
4347
6269
9310
11918
10010
112
5150
6403
848
6359
7202
7168
8486
307
9210
2454
3287
1049
4305
7218
5216
4714
3113
6675
5188
11141
8502
8929
669
9399
2732
9373
5622
5383
4147
5119
6084
11979
1574
6924
12208
9984
545
1728
9507
4561
9586
11089
5883
2370
11501
11362
11766
6756
10779
7757
2911
11177
6623
6486
8117
11666
8888
5801
5390
6296
8228
12032
8239
4600
5286
9818
9583
1495
7296
2424
6636
9165
5631
11869
7150
11889
7273
8579
4728
9597
1142
193
7113
6939
10132
4267
5936
6694
2446
3630
8265
7844
1441
10139
5954
5823
5615
5141
2864
6443
4597
230
10951
619
5155
10649
1159
8683
11777
1033
10262
9226
5233
306
4125
329
9739
8220
8377
5927
2801
5474
12290
9320
2547
343
3242
1907
7902
4398
6519
3849
9649
9098
8803
1575
11819
4002
9712
1522
6185
6497
7650
4349
5310
9937
10598
11924
6616
12164
10148
10541
6606
2780
4472
11113
8138
5483
9301
3854
9503
1636
4705
3343
7243
3457
5301
1165
8481
1117
9892
10073
2047
183
7223
6556
8702
6290
6609
7608
6603
1528
5132
1726
10952
9562
8597
10355
4165
8017
5046
596
2297
9927
4354
4297
7683
6677
8910
2910
1515
5101
5968
8809
10742
2636
7634
7534
2465
6339
3504
3571
8992
1246
2621
10422
12160
9981
1910
6652
7126
8974
8326
3447
1618
5371
3420
4701
10509
5163
7019
4631
3693
3014
6614
10954
8137
6300
7486
7161
5938
4456
1047
10848
945
10271
22
10477
906
10118
3116
9230
9437
3742
11947
10526
9434
2022
1930
9864
924
918
487
1475
5064
2174
11681
4486
5430
8234
5257
12182
1790
2093
4874
4650
445
1118
8668
4765
8922
2038
4414
7784
9223
1605
9694
2925
1232
8303
9783
1566
2666
3141
8297
1894
508
8290
4458
1107
10650
7405
7257
768
3516
8491
5360
2440
6655
2449
7494
8370
11055
120
4107
9819
4723
12131
6206
8380
10759
3786
258
3090
5583
5978
2783
201
8637
4601
7735
7847
10299
6514
2342
12178
12350
4515
4370
3909
2458
12162
11479
1537
7705
6548
356
11638
3166
1141
8314
11611
474
10977
6410
3297
7488
3274
10041
3593
7551
12331
3239
3717
7004
7756
1545
10621
726
8666
7143
12097
12209
9309
1998
10130
5316
11095
9069
9559
5285
8135
8489
6842
2236
2070
10713
7544
5051
8657
7318
1840
7433
10314
2716
2707
958
9199
294
4405
11215
10068
11081
4829
5283
11301
9914
3552
10866
7169
11086
9779
8103
11279
9308
2711
9735
4329
1704
7800
2997
5060
1158
6786
2150
9157
4476
7976
4311
8665
4533
332
11205
11346
10827
10163
11287
12041
6595
7267
3018
10856
5196
7807
3622
9134
1500
2968
9159
4286
11265
11276
3345
4256
2515
11887
8735
6131
3216
9949
9450
7017
6427
8244
6188
8944
5162
5231
9293
12316
675
11448
10359
1896
4496
4491
7076
11423
8499
5340
6465
11102
2230
8958
3547
123
9634
5038
1608
6345
10716
2042
217
2381
12007
6040
4506
3430
6452
6867
11420
11030
7968
7559
9122
190
4204
8145
4019
2281
4230
12276
6196
4577
1177
4615
10198
6952
3313
4393
7890
3189
208
7258
1645
10046
3263
1005
10797
1274
2444
10768
1251
7311
9194
12087
9973
1058
6654
6459
5549
2462
2771
5074
7850
1491
11370
10999
7455
138
11363
9087
1095
7787
5930
6007
7292
4084
4502
10912
350
2511
11668
10628
5916
2505
10162
7728
2010
4512
3455
2756
3677
5838
11818
973
246
264
3991
3794
7072
4535
12026
1826
4556
2283
9794
9372
7570
8697
10884
6925
6508
6039
4113
1178
3158
11857
4078
9776
265
12174
7175
1548
7064
11596
8912
10286
8526
11633
9057
5781
4803
9436
4444
3956
7260
6127
7335
2862
2625
11659
542
460
2416
8728
2414
9646
5945
10468
3358
11815
7547
11973
3139
1146
4730
3061
7648
4017
5264
12237
3993
9906
1697
10748
7909
10240
7747
5295
2035
6092
5071
7239
6293
695
11644
10648
9055
11076
3725
2260
4229
2635
10022
1287
7687
4563
623
8225
635
10813
3823
4948
9137
363
7922
4915
333
4585
9497
4381
5641
4294
331
1570
6333
3005
6795
9572
8525
11776
7852
2633
10778
2913
11785
5621
9292
9882
8583
5172
10382
8551
9801
2017
2898
3440
313
5387
4680
2865
7647
12100
3962
6711
1586
7250
5353
347
5151
6081
2069
6363
2048
8631
5461
2056
4716
2589
10061
6858
2819
10896
5951
9131
6479
142
7281
4838
11468
10664
1541
4069
5444
3339
4061
12152
5017
6378
7069
4717
9067
8108
8238
10257
9982
10963
2267
11192
4830
8980
1193
8150
11496
1220
5863
3174
642
6147
2316
4284
9593
3707
9595
7611
3387
1261
7521
1507
378
8852
6079
9695
8705
2624
8825
7233
7124
6331
6370
10709
5800
12071
2567
9630
10513
11724
739
10655
5724
8550
1602
5011
3639
9187
1579
2522
10211
7308
8744
2065
9052
949
606
3369
8019
4652
7077
11310
2371
9484
9798
1882
4951
7059
7062
323
2923
11127
5846
6010
4629
4025
3740
9863
8812
10318
4871
11530
337
6634
1582
11444
2060
204
8115
12188
1942
8495
10833
4357
5627
7465
3283
2417
8940
10253
9585
3876
500
11005
10488
11846
4782
10546
9715
12083
5020
2646
6627
3536
6504
5195
3614
115
4269
6439
8890
7772
8378
9787
10523
2542
338
12282
10087
2361
11892
6954
8123
8131
5037
4666
3478
4518
1809
8788
1421
5415
11985
2564
11651
2860
3566
7566
148
4534
4549
11768
8313
8647
7370
5260
11140
7081
1897
11533
4134
3145
8368
9749
10987
2425
3497
3875
12186
8410
4516
10361
2146
794
7746
4641
9100
6886
6578
694
3404
590
11993
8218
2001
9379
5769
3329
4401
5291
5675
12333
11667
4407
2890
1175
2513
4449
2849
2539
2197
6240
8007
108
3950
2760
11485
235
9851
9322
353
8706
932
5167
8330
4336
8438
1836
1852
11835
8496
4795
5036
5380
3528
2585
9327
1463
3620
8604
2728
157
10957
8930
1502
5710
4570
2545
6016
11732
11245
11103
7864
1647
8655
4787
9963
6785
3377
4106
7675
4071
8936
3144
10890
1407
5135
2350
8639
377
7895
1850
6487
5659
8414
9160
6011
3744
6581
9537
1832
6128
498
11558
5876
2235
10736
5857
9254
5689
11740
11735
8047
1846
12181
7906
10990
7739
11327
3435
1764
8596
10457
4301
6638
8141
3575
664
11940
8760
9828
10199
782
2690
311
2071
5145
3196
314
3943
1102
7774
4153
6262
12121
9446
9274
8198
11351
8676
3591
6964
3908
5851
952
5571
1163
11405
7637
6375
3266
838
8185
1654
10508
3706
6414
3776
4741
10972
11845
11936
12104
6588
5400
512
7689
12190
10514
5373
11977
388
3075
1691
6580
9411
829
6764
1113
3357
6215
10351
100
9256
11329
6766
2678
2720
11406
10762
6844
513
2279
5113
3755
3400
12345
4454
11844
1034
4671
11244
926
3210
10729
6463
8650
10147
630
7129
33
11850
6492
11725
8469
9458
4028
10895
4654
5869
2363
6035
3893
9916
7060
4157
8190
12327
11184
10074
8110
9349
6366
5396
4382
7604
9064
2015
1055
4402
173
10038
9126
144
8745
7953
11656
825
5402
10427
10233
11446
1940
2053
707
1920
10740
11460
8968
9607
4108
2489
2844
2834
3411
5271
11489
7613
411
11395
666
4985
7665
9386
6051
4674
11237
9591
1569
1063
9757
4215
8093
5068
10941
6531
4272
7873
8459
948
11679
11333
1711
1513
9744
12147
2431
717
9350
10293
2220
2189
2495
12200
11345
8154
4809
4149
10540
4027
1664
2226
8986
7033
11354
8363
2086
11034
1648
12210
4180
4089
9841
7835
5882
8627
10651
9429
7184
3945
9957
9044
8719
3728
9904
3980
6668
3713
11452
9358
2955
10091
10843
10317
9938
947
9217
2740
614
916
6932
7964
6059
210
7290
6396
9474
538
12189
6265
3431
9508
7377
10426
2341
943
3903
6977
3804
7222
10121
3386
1977
10504
9571
5100
11792
12229
3438
5043
4976
8456
4302
4001
12011
2795
3048
7038
8869
6456
11475
6392
4441
1596
1036
12125
10615
5730
7249
7563
6320
3769
8203
11746
1583
3544
8226
11449
10037
8577
7833
6959
8367
446
9097
7369
4487
10607
8746
11187
2157
6069
6306
12155
2112
1222
2523
4133
6671
9424
324
7809
4542
894
1518
809
8407
6936
2284
895
2918
2883
8143
9689
10486
1152
9939
9829
2637
2964
10626
9566
4559
3569
920
3934
6116
9300
6528
2335
3836
9542
6089
11564
4076
5224
11009
7674
2694
1672
5959
2719
10512
687
3405
1089
11513
6873
3983
1644
3310
2428
5171
1646
5290
988
10899
9907
6737
11323
7137
8196
5509
11942
8418
1720
10218
321
5140
11427
8602
3996
9047
2672
4921
10095
11693
4050
735
7337
9813
11862
3718
9270
9759
10478
6620
316
2746
11692
10033
7110
8652
7474
4003
10327
8952
667
9894
911
4514
367
1042
2208
10065
11954
2688
12112
7165
10808
5494
4712
3851
5607
7460
5324
12247
4708
5557
5660
803
3494
8448
603
2396
9025
7416
7538
880
7646
10591
4206
11388
5939
10452
4345
6746
9544
6898
10295
4905
4420
136
7092
9046
11743
1503
11062
9706
6836
1422
7697
996
5278
4119
8529
12052
9342
261
12234
4978
8707
10467
7001
111
1529
3995
6554
9657
4481
4685
3012
8907
11518
1571
6781
3168
10805
11571
10385
2385
960
2153
4526
977
9268
240
1802
6065
8755
3560
3361
7780
6324
9079
1689
1730
10245
2058
10877
7673
346
6254
8669
11767
3415
6450
8633
10247
10228
12289
4517
3782
4131
9728
5293
1482
2942
10777
7583
5014
3301
4599
11543
10563
3312
3066
11713
7127
3820
1812
9913
4403
7178
7278
6094
11371
12140
11614
10184
6544
2250
11775
2142
4617
5138
1490
10921
1015
8961
9375
6794
6982
4314
8557
3797
9076
6064
11586
7285
1191
7052
4480
9392
6673
493
887
1688
11376
4350
7232
7916
3481
11194
1494
594
8337
6740
6437
7242
4417
4527
4541
9454
8361
9793
9834
9258
10788
12111
7651
53
5331
12357
44
6890
7995
7691
939
8300
4880
7310
10584
5932
3775
9755
3526
12340
5322
8015
910
8294
8776
11541
8947
1037
8600
10905
11874
7989
9772
9051
11456
8569
9150
5842
10453
1632
3969
4132
7878
1895
7067
595
6755
3237
2729
8335
7808
10564
380
4648
7541
5096
1572
7003
10937
6129
11355
4553
5408
4762
11929
1687
10929
10522
9577
116
357
3317
9746
1116
6513
10600
2073
7876
7096
10035
10656
8843
6948
11801
3513
10122
648
2615
158
4833
1613
3597
1749
10531
12074
5091
904
7661
7262
1980
6058
7588
141
8759
1565
11417
9148
1007
787
2838
6945
9775
3880
525
7557
8274
12110
2563
1050
5870
10752
8784
10238
9062
9707
9684
1792
3987
11737
10117
2067
6118
4141
4504
6245
7500
188
10425
7825
2307
10053
7522
4319
7230
2782
1228
7393
2900
8114
6253
1856
9820
9874
7938
10984
541
7861
2405
2451
668
3218
8885
10358
1663
2600
4665
7525
2875
62
9124
3231
8595
6517
7341
11901
9985
8598
6686
8132
5208
9663
5989
5228
5165
5922
3088
3982
4923
7456
10991
11007
4676
4208
2841
7351
6426
1197
11804
5818
10236
3338
12047
3741
1847
4513
8963
5300
7163
7886
898
8299
6045
6030
5045
4499
9004
3211
3501
9760
2107
1662
9967
8724
2164
11925
11109
7021
6530
1853
3651
9725
12284
4678
4763
4731
11049
6000
7404
11779
5558
10309
3936
3351
11018
5963
11547
6283
11353
4757
7462
9868
11286
9547
6385
5690
6022
9803
11437
251
11176
9633
8515
3183
7701
11972
1336
10266
2919
11790
6992
6804
11028
5161
9970
2724
9006
1973
2785
17
10418
9729
8161
491
8213
5658
550
913
7763
8166
195
3409
2701
1383
8349
10192
10766
11643
11630
6624
6963
8882
1203
2521
5542
3111
5491
3067
9711
3992
9473
2402
11849
5174
4692
4031
7326
9513
10413
9956
10992
2499
1751
4188
2471
5935
769
10931
3140
4949
8210
3948
105
12263
5102
3119
4103
9506
3379
6122
4452
2845
6284
11675
52
5187
6165
0
74
4764
7000
212
9479
8189
10900
968
9616
3780
1576
5835
11439
4322
5207
10071
6469
7569
8232
7769
10375
3489
2097
387
8476
7174
9991
7392
731
8086
831
2745
1706
2360
9980
8535
2550
10101
12098
2937
5915
360
10336
10982
5307
2101
5209
12124
2170
2653
3093
9174
11497
10042
4647
5441
3917
9659
247
1419
4492
9845
9564
11832
6684
12255
9145
4618
5662
3572
11305
7131
8206
4773
9862
4087
3509
5382
1136
5139
4823
10791
10432
7531
3375
4918
9163
3089
6009
7832
11183
11546
6610
2044
5950
10801
3543
3736
2889
1014
2334
660
3271
12317
942
8518
9265
10840
2770
461
8671
6912
4423
11854
3272
11434
4970
12356
11922
12336
6343
6417
4975
3206
10823
4744
7010
2296
7982
1032
9031
1127
19
8733
3976
4801
457
11859
2866
7512
999
6046
9635
5016
9773
2842
740
6915
10018
878
4386
9271
7571
6015
2506
9348
5550
7155
1997
9457
11264
3990
4598
9588
11233
4681
5232
1333
607
11769
23
5092
4756
10301
7546
10313
335
10910
12192
9248
12127
218
1016
7692
4849
1484
3275
8305
8118
2884
10496
864
319
9560
879
3748
8847
10603
899
5054
522
6202
351
2709
10047
5477
11582
95
11983
1434
10932
3781
11624
7293
10764
5198
1
9653
8209
9362
11242
8854
11282
2321
2295
6242
7535
425
6335
11158
2880
6104
9534
2100
2810
4467
10451
4167
8610
8716
10672
7366
1531
3818
9629
11352
1597
5423
4176
2340
8434
8112
6088
10158
956
7967
9012
6797
9810
4565
9114
6225
7635
5424
7533
9107
10466
4548
820
5428
6979
3122
4785
955
784
7549
11482
1048
7036
11142
900
2517
8919
7041
9142
4065
9289
9644
2764
7274
11004
9032
10443
2879
10743
4791
3173
5911
8399
3689
8362
8435
5166
4408
3790
1236
877
3929
3100
10274
1610
58
12141
9066
11956
5617
11295
10676
11731
7013
8572
10697
11344
3602
10076
11955
9929
8840
8588
4761
2892
2578
10861
12018
11260
8570
12265
2221
2219
228
2311
6432
1470
4237
11325
202
3914
5931
5530
10434
1819
2
2595
8284
7768
7762
1979
9070
9674
5570
2066
10131
12129
4088
9662
1780
4835
11592
3940
4670
9312
7591
3688
2645
10204
7806
3319
9286
6097
7645
11699
7139
6216
3492
814
435
579
10352
9974
7848
7726
4478
4808
1180
4537
5393
10066
6579
3007
4804
4192
7578
9873
2822
10907
6389
9961
10767
4642
10572
3958
11897
11167
5075
11658
5678
11788
6696
11257
4920
2336
6710
9252
2437
12342
2639
5648
4544
3773
5603
11700
10291
7264
5003
4964
7396
8720
10841
2558
2161
2043
7158
6312
1845
8513
6424
309
3657
1741
6506
1651
4633
7354
9660
10864
4861
3648
2206
3110
5808
625
10681
5858
7681
3432
297
3615
3385
10589
11981
6717
6180
8841
9677
5212
9650
2343
10503
9090
10750
8943
10058
8973
5241
11467
10470
10098
4182
2109
11561
9501
11500
6562
11655
751
11539
7091
10636
4557
8790
4624
11868
1841
9367
5933
11834
5201
8014
2476
2943
11472
10267
5470
10431
11092
8027
3862
4318
5564
177
9915
7265
412
4669
515
8446
1625
5401
2514
1530
7840
4700
10190
6151
7047
6907
1872
10565
2971
5605
10408
11989
5587
9500
3412
5476
5566
6144
9872
2920
11941
2110
3029
4750
6246
4649
2835
11560
11207
4413
6340
490
6422
2459
11436
2742
5642
2496
8387
8601
10441
10273
12298
6066
2126
8493
7244
7066
6611
11445
9499
10254
9341
4594
9154
6111
9536
10903
7199
1652
6832
1941
6025
1564
9596
11904
8835
3380
3857
12120
1212
10170
2306
3180
8061
6060
8149
1462
9517
458
1620
3783
3803
2013
11090
1160
5261
6436
11840
10893
8560
10256
2463
9971
3545
1254
3363
10707
3331
1524
8990
6332
7070
1869
2090
4776
6130
10260
4576
1135
11221
4460
11458
6313
2039
4058
1717
8255
12019
4879
8105
420
10671
8704
11284
12043
11984
2651
10715
5305
2171
7576
7592
4953
10712
3798
11200
2364
2611
9624
5386
2057
3223
11673
11913
10875
1080
2938
7760
5315
8471
1736
2059
2725
1497
5078
6021
10700
8404
4430
3318
2735
3555
11527
4554
8686
2052
1966
6735
4732
1148
4207
10168
5098
10166
7167
3187
8691
11
9422
520
4079
4691
2397
284
501
5973
5276
9643
9127
4097
4739
4591
11321
6170
6966
5439
9235
3032
4589
6319
4395
858
2225
8892
8730
340
8878
1375
8427
4816
1914
11032
268
5599
4461
8279
9777
5528
4209
1111
11957
1223
8619
3652
5554
7349
9282
11528
5177
7117
7209
11647
10392
1045
12233
2401
867
7315
7694
6029
9109
5999
1994
11928
10763
3514
8615
6307
4465
7024
3306
7289
6729
1983
6277
10446
10930
152
1520
12175
11554
3076
10934
5755
25
12251
11400
6464
9366
10826
8591
418
2368
4202
10200
203
3403
11046
5500
4493
5385
12297
9700
2359
9800
2436
7750
9336
9214
2821
1253
4616
12212
8544
9925
3192
7111
2991
1760
4327
8795
6114
2975
5792
10630
8585
9262
3988
10409
98
5572
2475
2520
5022
6101
2751
4934
886
3157
10300
9836
1026
9146
10562
3733
7567
2187
5492
9084
9978
11414
991
3964
12116
8482
10085
3292
10760
3402
86
9485
11797
4054
4653
7887
1173
1839
4443
1211
11339
206
6488
4293
921
9344
2602
3510
1559
5450
12010
9551
3933
392
4545
3701
244
10534
6467
289
7732
9614
9859
6177
2592
11364
9558
263
969
11726
3955
4958
4684
11503
5996
753
455
9609
5522
7678
6018
4326
9000
8901
9444
9135
11706
8147
8342
11511
6870
9060
1505
7883
10897
8877
1106
11278
3699
3842
11730
10001
12232
3704
593
104
10495
4251
1060
8013
10213
6532
6537
8426
12364
8506
8514
9502
2874
4640
2643
1053
9753
9521
6949
77
2384
11307
253
2703
8966
2456
2251
10624
9299
10116
4636
109
3035
12216
11745
6941
4056
6637
3607
2339
634
7980
941
4448
927
1131
2365
9049
5447
5083
10756
10127
10412
2990
10399
3112
4270
4747
7502
9192
1957
10993
21
4962
4
8904
8611
9402
10741
7782
4179
5864
4383
8590
11324
5214
2541
5751
612
11607
2659
3534
5013
7596
8931
4961
8006
2917
10016
5609
7537
2679
9007
6349
7703
5333
11670
3680
4989
6851
3487
10036
5735
1685
7061
11912
5247
8614
1555
11403
11839
10754
3362
9250
681
8202
6259
10674
3582
10475
97
7361
5170
10608
5597
8764
10831
12293
6187
9417
2649
8802
11000
7002
8004
4466
7212
467
5590
2654
2217
6769
9021
1884
12136
9234
2212
730
4342
9183
6571
9625
225
6799
4265
7231
750
6372
7523
3395
168
11796
7899
7016
2395
5582
10828
2315
4364
3356
9068
3719
5541
8527
1029
11026
1332
11805
5303
73
8172
10854
7585
9190
5533
10124
7610
296
2345
3564
1436
4164
3749
281
3080
12084
3236
7699
2091
12156
12300
3967
9065
1965
8925
3330
12183
9018
8872
6169
4411
10632
7106
9221
9639
2761
9197
4189
8409
3354
8262
3425
6991
5357
4032
5306
1567
9878
5049
9977
5325
4543
1593
4194
7561
3052
3261
10421
8153
5926
10390
437
4878
4939
940
3617
1821
9110
8612
227
1105
11487
5121
10303
9035
10161
8797
4191
10261
7817
8184
9756
544
2614
11579
2755
1221
8964
8235
132
2616
1623
5608
6689
4193
840
10560
5431
532
10153
9099
5222
7507
1591
5090
9525
3643
3627
9001
8889
11464
7755
7936
1804
3134
10077
6303
12101
1738
6807
11676
8836
9608
5440
5489
4101
6158
4007
4392
2130
8002
88
257
5319
980
12328
6837
8251
9615
4596
10040
798
9125
7536
7261
3190
11605
9133
8433
8304
6078
6002
2183
9374
159
10553
7978
1805
3855
2979
9471
10145
3302
7207
5515
129
4567
3861
7080
10092
5346
7162
2753
4846
11986
2261
7565
1929
2023
11322
10350
9856
10548
1789
3970
10088
11002
7842
2948
4174
5006
11508
2693
49
8679
8562
12037
862
10971
12361
5077
3253
2344
245
10134
56
3467
9833
4046
1803
10911
8774
7859
7586
8761
10551
6995
1993
3109
1878
5413
7841
4473
10481
187
6961
1198
3077
5992
3028
11923
9747
10377
9758
6771
3051
1011
2809
7153
8379
11883
6577
2704
7120
8804
7410
1995
1657
3443
11759
6105
9355
3453
5114
2787
3559
1904
9573
7684
3771
11865
8849
970
2777
10533
11156
7589
3033
10660
10497
9647
4796
7872
4307
8561
1822
8320
6962
8842
8741
1423
6713
3703
4857
137
3484
4751
7468
7329
3521
11383
4287
8474
4959
7118
11937
11450
6012
5897
12167
3485
644
9930
10141
5567
207
10525
8717
10859
2292
10039
7359
9934
658
8264
9790
7191
674
5768
8848
12130
4928
1820
365
4250
2867
7540
5347
4410
10757
9170
2737
155
5669
7088
3399
3959
7228
7255
10003
10947
8985
3608
6572
8224
4137
8740
2156
5173
5536
12153
870
9581
588
1668
3392
4040
6569
8356
683
1948
11595
6241
476
8538
9400
4606
10406
8738
317
10126
11538
76
41
9714
9478
4897
11953
3146
2135
7430
9945
12143
12314
7597
10908
9356
7263
2907
9311
7813
2579
629
3679
5443
4758
1103
10816
4081
5206
2331
3570
334
11537
6077
8385
2648
3213
3685
7198
10822
10981
8564
7079
4394
1509
8568
11798
9113
3979
3538
7186
4353
10342
5979
3270
5859
12122
8897
12214
4943
6286
5072
6017
6714
3439
3155
7846
9290
9295
9733
11770
6803
2184
5024
569
6280
2573
9242
4303
2448
4431
6285
8243
4459
7862
453
5065
2897
4289
10054
10773
9138
7330
143
5643
6191
10935
8292
802
64
759
8763
9188
8556
5650
5923
2549
5370
5242
2263
6447
1150
3255
3941
4298
1405
5452
5666
10850
11106
9853
5343
2532
3295
4815
10781
3182
5899
7972
11253
8661
6978
1926
9441
7996
7607
10888
10996
10401
11359
2988
3632
8450
9830
3926
1532
12206
8324
2629
7145
1409
8023
8762
11873
2987
6976
4853
8632
11921
10208
8673
1413
11631
3181
6700
3020
5183
11490
9954
6373
2916
8246
10391
9827
4321
1919
4778
6617
2680
2902
8283
8765
4126
7333
10305
11198
2752
4855
10883
8182
2924
5551
178
5852
5579
834
10279
8121
7103
9599
11433
9617
11212
5860
2177
10857
10627
4462
11853
3753
5817
4129
11029
3877
7770
8040
5023
2682
8111
11962
5866
10034
7090
1132
9610
10209
4378
4406
7086
6639
6946
1038
11072
12187
5647
9636
9569
6599
3277
2934
6923
7543
4592
4779
6754
6072
11701
8867
355
8909
7403
3063
8621
3120
7215
3450
7385
8216
5754
2410
7271
1181
10280
2733
12307
11125
2469
4862
8698
6032
3290
8511
6308
11134
7114
5287
11811
8152
3132
9765
4587
3154
8095
8100
10078
419
10573
3337
5025
9152
5952
2491
4720
2650
1425
5776
254
1126
5942
754
6625
3799
9376
1493
8467
1806
2286
9804
10995
9267
10250
3096
3700
4260
4171
5185
2852
861
9697
5513
5259
8972
6496
1667
4727
7695
6441
11380
5056
10758
7154
4258
6990
11581
9530
6221
3524
11337
6251
11950
4013
5008
11059
1472
7819
8222
4217
8492
10790
9136
4800
2488
10923
5107
6565
5009
9042
7379
8288
8566
10561
2076
8662
11823
1573
9482
3106
8685
5547
4276
5646
6709
4626
60
5507
9403
3619
11099
8307
5437
9486
9814
10637
1779
10795
7364
9626
1908
907
3335
5601
9324
5578
10275
5688
7751
1213
1795
2712
9453
154
1945
11477
4982
8533
496
2300
8021
12025
6602
3165
1065
12294
6411
11729
6862
8682
5654
3316
8096
12191
5067
10536
7426
5868
11153
6608
5294
9406
7133
2412
1083
1218
10571
11098
4000
6365
2352
6721
689
6408
8458
7334
8520
10989
10693
8318
2008
3653
11326
3525
869
6745
7204
5093
11602
3859
5080
6431
12318
1678
5535
3366
6985
7682
9797
9958
3153
11906
3777
11416
3347
5460
11697
9726
3496
11882
684
847
10680
2167
539
9233
12076
755
8510
214
12079
12309
10448
12006
1889
9037
4086
11910
11604
274
366
4590
402
5352
1075
2524
9291
10986
8548
1712
47
4018
2088
8258
10969
4428
10272
4201
7786
385
423
6744
6512
10311
8374
2510
12301
3801
6889
10542
7149
852
2939
5614
2582
11210
11314
2190
2721
2628
8058
2383
6653
8921
7742
11884
8522
8789
4185
8457
10444
4241
1975
621
9019
10045
9398
7749
10294
9196
1900
6299
8855
8477
6133
8875
7394
191
3806
5837
7286
3296
3930
10665
2124
4384
4546
8319
250
8464
7601
3243
3149
7466
10714
1786
1453
1734
1012
4177
7134
10012
8573
5365
7008
9359
5534
7545
1139
10369
8306
10212
10699
11890
6377
818
10619
2304
9200
4127
9823
10860
175
5348
6275
9762
8432
4218
8532
7414
1703
1756
1540
8229
3022
2275
3493
9869
3171
1964
6361
5044
10794
2353
1972
1101
12093
770
5628
11830
5517
1119
1379
89
11629
8252
5820
3835
1753
11230
10108
6268
7045
4252
11332
9404
12132
9918
965
11293
7779
2347
8737
1705
4725
4734
632
280
1044
9561
6238
9041
5229
1748
4581
3059
8857
9699
6829
11067
426
9526
3565
3901
11254
7046
5395
3770
9277
531
7049
2609
9326
5867
11727
11387
2210
7616
7867
507
4944
11117
6568
3867
7159
10094
7203
5298
10232
10846
5192
832
4813
4247
1696
6048
6041
2122
2559
4325
503
6420
4223
9953
8753
2404
6575
8113
11013
5317
2114
1694
2531
6695
1533
3348
6243
6648
3708
9847
279
4619
4335
11320
11262
3276
5047
2927
845
11493
8431
11341
9088
6298
3024
11680
3539
79
6996
5972
6605
9117
9692
11825
4552
5052
5304
4057
7172
11228
7820
1290
1683
83
3200
786
9524
1858
8039
1607
2928
860
5007
2671
935
4694
4858
951
3954
12185
8462
7188
6270
4956
651
6574
9143
3214
8902
6008
12099
10460
2380
4658
4792
523
2572
11880
3833
10469
8917
1129
5482
9769
6006
8780
12218
5914
586
6228
6150
9185
2546
2702
11216
1226
9390
92
1233
4004
7748
10322
1054
6200
1461
4371
11424
8351
7627
11875
93
2831
3229
11864
1603
4186
12259
75
3280
6818
7182
5887
5199
10783
11662
10574
564
361
11689
3322
7138
10732
8376
11277
10576
8041
11367
3768
5367
998
12323
488
406
1814
552
12215
11211
11625
2269
8012
5326
2477
12326
4400
6212
7006
10383
10784
4356
2577
4490
8519
11243
6801
10043
10704
2966
3942
9510
9094
11249
8580
815
783
5223
2450
9994
9224
5469
3947
10396
5804
2298
12283
10728
3751
2695
12341
1935
7501
4811
3123
2266
8465
7633
390
1070
11837
2828
9149
8563
3598
3437
11006
7828
11623
7407
282
10605
11980
2310
609
2994
4788
1171
3506
4333
4848
10140
4091
5540
2995
1905
9227
7789
10747
10400
1452
6593
2280
7855
7011
9361
11640
9141
486
9343
3600
3293
4733
5193
9246
2442
9491
256
2083
10179
7775
10360
10064
2772
2166
3483
3758
1609
504
2840
4313
516
10310
1615
6050
888
9666
6438
3082
4274
7722
3556
3834
6983
5218
473
7421
5907
12330
1534
339
10013
10165
5478
2490
6369
305
5081
106
5426
6633
8134
469
1811
8689
6401
4605
1550
2723
4772
2905
11080
6407
10020
499
10433
7654
4070
4836
12096
8122
6358
7766
8375
4984
1264
10939
5321
7030
8545
11657
8981
2993
11698
7297
12179
6390
4426
9330
4993
6680
5937
2708
5070
11687
7965
7085
4240
1939
9232
7200
2007
3645
4118
4439
3125
1777
11421
2774
6397
12235
8806
3027
10769
9843
288
1183
7882
9768
396
8693
6211
3448
7397
1584
7966
11044
