363
43
31
33
67
114
272
151
20
19
27
198
111
362
80
85
251
384
82
389
201
280
35
239
185
220
331
44
118
342
84
262
30
186
91
205
294
210
305
336
381
317
356
64
359
318
202
115
45
361
333
184
221
375
148
388
18
137
166
224
249
133
32
149
53
285
102
90
136
354
320
360
105
107
273
277
257
16
269
155
141
113
346
152
229
156
216
71
223
177
183
226
123
260
127
145
195
358
209
311
28
243
172
139
138
293
241
170
60
72
187
284
398
338
69
401
125
41
245
17
42
368
197
250
282
87
312
341
367
372
23
191
254
217
173
164
150
380
308
252
329
390
159
88
24
158
54
306
40
21
207
299
225
335
297
394
322
193
263
174
189
330
171
235
214
270
307
79
49
302
86
66
121
258
208
78
29
154
385
59
62
73
46
353
281
132
57
247
126
376
10
6
25
112
163
234
396
47
106
56
83
58
180
240
117
374
219
175
231
332
38
366
283
237
7
400
76
253
26
382
326
303
211
371
242
15
310
61
147
261
296
378
321
98
355
97
51
228
402
328
134
103
1
287
313
153
319
75
373
96
288
93
144
291
169
190
274
256
37
11
36
271
131
104
50
340
182
55
295
206
161
334
392
192
194
0
74
278
212
168
387
351
267
343
188
238
122
316
99
160
213
370
81
327
292
116
135
399
140
196
162
377
14
357
8
349
233
236
350
289
199
391
95
246
309
129
300
265
167
68
218
255
