422
449
270
446
792
212
989
867
727
323
760
518
857
534
682
925
1032
426
725
78
581
390
382
944
137
869
400
721
357
259
762
19
24
171
850
730
224
456
354
569
741
94
234
1008
176
588
798
791
97
401
843
411
306
517
111
831
586
677
218
254
407
556
66
983
187
807
915
318
1026
244
538
23
938
635
661
54
272
136
65
541
929
124
211
143
954
1028
267
810
540
827
320
280
230
93
968
590
213
788
731
651
883
82
368
676
719
709
587
71
842
913
758
57
450
146
877
878
132
447
107
681
997
1024
932
640
193
988
637
876
157
38
573
940
735
871
855
374
493
463
537
907
370
902
10
241
302
0
4
716
253
782
543
1013
1003
748
480
521
560
418
216
337
161
800
334
736
338
901
506
552
707
738
853
138
654
256
822
631
149
900
630
896
182
786
1012
28
364
6
980
457
642
728
819
344
311
15
164
764
961
45
343
314
920
1033
40
330
991
769
885
964
559
102
486
372
512
610
542
347
733
502
710
739
173
557
179
701
525
745
420
451
643
550
487
363
934
749
563
783
231
794
893
278
144
406
774
895
123
232
348
359
881
155
1030
242
251
125
68
1031
316
732
454
670
522
261
17
778
777
621
355
153
509
1043
243
585
464
922
698
37
245
11
1035
177
1018
982
914
611
1004
99
1037
808
39
332
927
194
5
315
655
360
970
142
351
535
832
785
862
609
971
704
183
875
508
485
377
779
466
1023
849
101
770
580
215
436
416
1021
909
201
427
58
312
513
375
689
275
1006
452
191
1000
615
87
237
956
291
448
162
353
626
240
228
129
192
34
477
479
497
223
860
501
1036
608
951
669
180
571
743
955
870
948
889
96
170
109
383
197
490
641
687
657
98
42
976
888
336
575
828
442
702
313
380
910
718
119
821
431
80
564
199
3
825
342
757
324
79
674
18
555
309
972
936
547
478
1039
699
528
64
979
597
804
16
388
483
104
172
169
688
108
470
658
574
394
947
617
424
167
919
691
619
491
998
117
100
644
499
408
236
664
20
623
620
966
679
561
159
600
874
595
158
474
887
417
835
650
131
264
908
599
205
668
553
225
221
7
602
419
801
937
845
622
945
46
150
942
589
476
572
453
75
36
168
656
624
248
27
740
115
694
496
601
273
294
837
905
55
1015
596
260
290
209
960
298
156
844
789
70
41
366
328
265
579
326
405
886
395
473
440
409
293
321
974
160
890
402
897
693
53
830
708
805
489
761
839
178
632
62
606
962
84
803
848
269
122
226
1001
515
646
799
288
678
289
90
403
957
397
605
220
503
444
376
666
519
684
495
973
303
399
652
685
247
1009
672
662
389
69
86
1022
378
904
381
85
700
300
458
8
32
154
880
362
941
2
846
341
268
319
866
325
219
671
130
462
95
214
13
729
304
438
208
488
969
349
999
546
484
576
981
140
987
872
425
147
717
527
673
636
50
510
975
795
894
533
423
263
206
984
200
441
210
151
811
892
532
787
520
931
523
868
184
995
1010
283
921
494
340
977
467
60
612
854
327
946
507
72
582
369
851
287
544
524
771
723
317
663
333
1020
916
720
195
88
884
31
472
207
255
965
83
660
706
346
939
339
61
1027
647
993
790
847
566
780
396
949
551
121
1038
911
152
879
985
429
432
568
227
765
120
806
361
711
365
392
49
222
1005
752
824
331
898
992
763
565
714
815
307
928
465
266
817
768
135
614
834
715
482
756
570
861
766
279
257
686
823
963
455
755
12
683
930
105
367
371
829
404
301
754
747
797
943
21
912
186
958
639
163
665
141
421
345
697
816
52
9
190
443
238
873
818
990
415
692
504
262
106
773
858
996
539
648
703
634
545
89
594
112
967
978
249
235
593
492
952
297
295
469
174
841
924
833
813
435
56
549
329
746
863
953
133
1017
67
258
903
139
675
