1285
1269
1591
2656
3020
635
1853
1127
508
4320
1078
3710
3639
313
2957
4358
3637
1047
3822
1636
2155
2837
3982
1771
1129
667
3780
119
3792
2927
2173
2073
610
1814
3646
2855
1593
1891
3390
1857
2280
1126
714
2141
2376
3386
118
4053
3896
2942
181
3779
1456
3335
2456
1956
4158
1462
152
2515
4259
1410
1747
2362
713
1735
2936
3686
3874
1989
341
1873
2239
945
2494
1176
3308
4321
1515
3714
2443
3470
3370
2431
3533
1540
1869
3234
2477
3394
3399
4077
820
2021
623
2318
631
2421
2101
474
1999
665
683
329
811
3479
3080
939
965
1485
4250
3246
1806
4313
2230
3836
4029
1679
4169
934
231
3110
3453
2281
3893
4
3460
2860
1324
679
3097
3687
1619
1028
3947
278
3940
3638
1171
1230
2158
1984
2911
2929
2808
3509
640
2822
2356
1111
53
3816
2958
743
1658
2975
727
249
4306
1845
1910
121
3014
2653
3342
2591
1899
3628
1676
1733
2123
3881
229
1322
1318
1587
3099
1535
3327
1745
553
1166
3752
3348
1344
2211
858
470
3387
3631
2707
1147
4208
325
562
220
3833
314
3474
2342
197
2785
2600
3748
892
2267
1955
1653
2506
4025
2563
2846
4167
1737
895
634
3461
3320
3636
3806
4023
4370
798
3106
3356
1512
3786
2947
4052
2184
2692
3171
4006
2415
3292
708
3605
3950
2609
2078
3358
2162
159
709
4219
274
1896
4298
2357
265
1339
3660
224
3821
3743
791
439
2207
1547
4107
2977
68
1716
2245
1385
1928
3853
3069
960
3054
3782
2225
440
1038
1399
769
4291
1484
1477
872
1765
3626
2530
3659
1505
2119
1562
1491
949
1541
3701
3365
626
711
327
3046
1741
4106
4098
904
2984
1267
733
4042
3208
646
971
2082
1693
3395
1907
3602
2565
2926
1557
4249
4371
2956
3695
2161
2330
87
3747
2759
3318
823
2873
2863
1516
1237
1753
2641
1594
2071
462
40
1278
3444
3996
1328
28
246
745
2213
2617
3249
3682
2684
852
1070
870
1121
2496
2874
2001
2668
24
187
2233
3984
2291
2304
2551
3945
1756
334
3202
2646
217
3981
2287
1059
3791
4019
3183
2128
281
432
348
2728
4064
3441
4139
2937
4226
315
4126
3384
2526
2774
456
1425
1291
956
2592
3382
3007
2768
3359
804
1639
1433
1472
2545
1413
1739
3225
1422
995
2251
1172
176
4185
3142
3971
4010
806
2325
865
3757
1190
1560
1904
3575
2027
1100
1238
3977
216
3422
3334
3001
3428
4037
2941
1294
2178
2193
2273
1350
2686
741
707
875
1270
1704
944
4159
3546
2397
41
1856
1742
1926
3405
2569
1719
1179
3595
3309
905
2232
1407
3221
3883
2561
730
3910
178
2142
3827
3050
3809
795
659
1537
4031
2279
2145
2502
4353
1279
1700
4338
3258
1527
1792
245
3081
501
3864
1748
3920
4254
982
1959
4087
2889
3740
435
2472
3811
3074
3414
2353
3297
4243
1447
3037
3629
1508
1023
3147
1768
590
1645
1233
4360
4061
3550
4171
101
1889
2106
3632
2228
3149
2453
2897
2175
4027
287
3184
541
369
1348
869
1610
4024
4020
145
555
624
546
896
151
1667
2655
4225
696
4034
560
1191
297
2991
2277
2105
1040
1308
825
2484
4044
393
1854
776
3576
2288
3270
4129
556
2474
2658
4149
3965
1443
58
3468
3242
2133
2520
4166
171
1976
1254
650
3931
3914
166
3503
3592
3894
203
1813
3563
3838
4141
1151
1590
2276
2763
1102
3705
2606
1136
999
1226
4348
3095
860
1423
3432
4211
2928
1840
298
1609
2414
3209
2712
4000
794
1185
157
2478
1263
2650
4339
2981
1906
3828
3730
1408
2108
2283
4163
3015
2000
702
2218
1965
3456
3876
4199
3798
2964
1327
91
1858
505
3462
3511
3280
1993
716
350
2196
1320
2426
4252
1466
163
318
1528
4068
3826
372
2144
399
54
3656
3199
526
903
484
1415
2919
2346
1931
2718
1368
1697
3552
757
1138
3339
2599
3860
2615
1397
275
3409
3271
3859
2688
74
518
2338
194
2789
1303
3028
1309
4344
2019
2253
4285
3534
2241
3008
641
1632
2481
1849
3442
3016
3329
4016
0
1072
3127
2339
1371
293
3739
3357
2706
3964
1538
3952
2992
2761
3847
792
3222
3837
4047
1752
3475
2057
591
2306
364
1715
2363
1116
4292
282
1292
621
2136
3053
3708
481
1417
3455
2163
2409
3485
2159
1454
225
1703
2921
2968
3768
3204
3445
575
755
606
588
168
1526
4014
2398
3330
2294
2187
3820
1101
380
2491
3986
2558
2801
1971
303
2214
517
4030
2374
3133
1581
3063
1012
358
2202
2542
682
977
2851
651
1211
3010
2427
2085
244
2536
3472
199
409
947
4192
1777
1502
1465
674
3098
1738
827
1961
744
1084
767
4105
304
1055
4100
1943
3623
2586
1110
3497
2546
3316
2349
1724
3337
378
4277
3056
2345
3017
2974
1414
2204
997
970
4379
1390
657
1125
1046
3616
255
1656
306
3483
3023
3973
2482
1884
3213
630
853
3673
406
2862
2740
2206
1051
183
1732
637
2022
1887
2644
2026
2826
1205
3773
2757
1678
2839
3251
3586
3005
751
3062
173
992
2593
658
1289
2452
1714
1170
3163
3200
2758
687
2434
160
1607
2489
921
2169
2710
1701
1021
3689
1273
1901
458
2278
77
936
645
434
3800
256
2842
148
1167
2566
2379
1157
4009
4205
3906
3927
990
1357
4120
2312
3600
1196
723
1830
1905
322
1041
1135
3310
2664
1585
1131
2203
3336
2651
3248
2588
1020
3102
1261
3086
4319
835
310
2676
1083
433
3691
2265
3789
4258
4281
1150
2871
2598
1729
2212
1412
3856
2571
3772
1290
1068
1566
4115
3123
1589
1692
2694
1681
3933
597
3594
2221
421
2935
2072
2465
3540
32
1615
3265
2490
3254
1118
1850
295
2438
4138
1333
384
929
862
2422
826
3990
460
381
1686
3262
1113
4380
3506
4228
3949
330
2531
1265
1626
3697
3174
3813
3866
3807
4161
3369
3515
697
786
109
2378
3716
4147
2237
3935
3923
2177
3663
2500
3785
3301
296
2797
4366
1492
1633
1027
4135
2633
4063
3852
2939
2340
1188
3783
1091
3071
279
210
1312
37
1791
62
1654
3805
1613
1139
3499
149
535
1097
3205
3912
4089
44
3958
3759
3568
174
4101
70
1521
452
2429
1429
4066
1440
613
4349
2525
784
2746
1094
2004
185
1860
489
21
1574
1031
1409
2535
4001
1556
2538
3882
2879
3087
3978
241
2495
3373
2467
196
4214
749
3207
3581
4304
836
1662
4352
2065
1576
4122
200
276
3900
3210
3486
2360
3694
1365
374
3111
2766
219
2509
2806
2386
1009
89
2553
3688
2083
1342
3003
2603
2980
336
3035
3410
2269
735
162
3266
838
906
1580
35
654
1938
3285
1300
1710
666
3621
407
193
3434
1213
417
616
3145
653
1011
2662
550
357
4364
3314
3718
1912
2762
1650
3398
3674
2460
842
2372
680
2885
1577
2611
2310
192
1523
2811
3774
2289
1664
9
4152
3477
2164
2829
816
2413
1967
23
4102
2011
3075
3033
1043
2451
1646
802
1627
3675
1886
469
1762
1551
3799
3364
3709
3146
3060
2091
4236
4245
2235
1366
2859
1553
3525
983
3897
237
88
3150
3690
509
893
2352
2059
2669
3745
1032
3293
2794
3195
428
3494
1182
4198
2053
1915
1567
2896
3754
1258
693
2249
2301
1132
3118
3381
3350
1225
309
1878
4127
1696
4297
3720
257
3165
363
4168
2869
1921
4156
4140
988
954
1451
1183
1543
3103
161
4251
4305
4253
3467
2585
3643
3535
2045
583
4028
531
394
2412
4033
1757
136
1024
1595
3508
2149
353
2579
1164
3878
1104
2392
4175
3120
963
587
1154
1881
356
1919
2833
2948
2730
2750
1942
2180
2462
4111
710
933
3238
2834
615
3214
352
92
2865
2813
885
448
2425
2508
3549
3493
347
3974
3112
978
2638
975
263
2373
3031
2411
2944
1795
612
1219
3569
1804
1446
3924
1691
143
1148
2945
2969
1675
2555
2109
398
1629
335
2487
349
4065
649
1936
2210
1042
3243
1459
3354
2243
3641
4238
2157
3835
4154
4215
849
1396
1848
4346
122
1217
4213
2499
3979
1464
4091
4060
4130
2042
4232
2112
2567
2988
1699
1444
1241
2416
1546
2238
463
1105
2006
1478
3128
2486
3351
1774
3898
1836
1781
2455
3180
4112
4174
2830
2799
468
2550
866
110
782
4182
2791
664
2254
4268
700
1952
361
813
2705
3
2002
3363
3554
272
3076
4132
2189
2223
422
2505
722
3817
4347
1914
2890
3854
2504
1162
2135
38
1722
2046
75
3347
2176
4261
1310
2077
1947
2679
1994
2111
1262
3570
1494
3269
3610
2713
3635
3518
2100
43
339
4186
4125
4096
3178
3712
3823
3655
3228
3287
1948
3567
873
958
3547
3140
847
2554
4073
1807
3728
3197
2814
3670
2635
3948
3591
3751
2949
4074
3417
3274
564
2528
2574
1403
2630
4021
3698
1690
1518
2116
1280
1119
521
2894
2518
768
1175
2410
3175
2825
2576
1751
1648
2748
818
2883
65
4155
2140
1304
2823
534
3929
3154
2188
3206
108
2115
1107
1750
2104
14
2459
4384
1960
396
1200
45
404
973
1882
3478
984
251
883
1307
3302
632
1406
4072
3729
1077
1168
2185
172
1652
367
2524
1203
3397
4110
2853
307
2293
2369
1833
2970
1727
1759
2994
3801
2328
3667
1096
573
2771
155
1338
880
3870
305
2401
1120
344
2447
599
3170
1483
2259
186
438
2132
4018
2556
3085
3341
1144
95
1524
4276
774
2596
3072
1330
3088
3194
3022
4090
4032
4267
1903
507
1235
1317
3220
2470
4183
2647
4086
2704
2912
2683
451
3590
1683
2895
3134
4212
704
1666
218
3778
131
494
1725
3374
3009
943
2005
1384
1010
690
2012
3168
1266
1603
408
2917
2343
547
1493
3666
1067
1360
1124
2726
1816
4307
19
2844
2608
3872
765
1277
2717
1268
413
3926
2190
2385
4103
211
2840
846
854
3951
3298
2387
3845
2997
1393
3148
3122
3052
1490
3227
1442
4284
622
2170
3527
4038
3232
2620
2366
2735
362
1969
830
884
608
1364
3380
3517
3421
1287
3125
1668
2513
1475
1345
4375
1092
2961
3770
3079
1712
1426
1660
391
511
2231
4148
4193
3321
2812
2199
1736
1620
2540
1481
473
3810
3004
2616
2541
3300
3868
147
3239
2375
4350
1982
1421
1946
3818
3814
1866
807
563
39
3259
2498
389
190
365
2815
3161
205
3932
2529
1025
1054
3504
1998
4315
1006
3182
3352
2320
2962
3902
1090
142
3012
8
1925
2637
493
1954
3362
2354
2368
1775
1275
1332
1913
346
3911
2365
1687
1674
719
2172
3366
2469
720
2296
2804
611
2336
1794
6
537
3030
602
2183
3519
3955
64
2696
268
1583
1827
656
843
4314
571
2872
4382
1843
1604
3989
1868
82
2036
283
3179
2517
3051
662
3186
2029
3034
49
2258
994
3654
2854
2151
1929
1818
2061
746
475
3588
3520
770
4335
2699
1991
1002
4235
1204
581
923
2224
661
3048
1079
3531
4295
262
3904
3903
3113
1565
1808
3589
1252
3326
3212
1437
4378
1192
2995
4255
1545
3915
4269
2290
2424
1201
2951
1586
2788
3454
2512
3651
1780
2887
4342
1824
3668
2350
859
437
2393
1981
104
993
3257
300
1520
2131
354
1852
1449
677
523
962
918
2441
2324
539
1489
36
1962
2998
681
809
2933
3644
4035
2229
1058
2134
2090
579
4153
3832
3704
1623
2733
2828
3275
1436
1323
863
461
2034
3049
2549
1990
308
3650
2880
2575
1958
1207
3711
1826
897
3041
1996
2922
2355
3435
2382
1095
4097
1522
1133
2786
2485
1787
3219
596
554
2782
1573
3612
561
4355
1378
1916
985
3537
4079
2982
920
3299
2618
1644
801
841
2081
2480
2510
2954
2437
3469
627
2334
1380
1476
2208
1250
1248
2226
2910
333
1242
3229
189
1260
4303
2329
1828
1221
938
1134
1122
78
2428
3731
3797
332
3608
2810
2858
3040
3760
3830
4308
1963
2295
2987
3734
2377
4133
116
3289
3244
3620
3438
3627
4271
1670
397
1314
2244
1957
2709
2993
375
2731
941
1612
4113
1359
1786
2308
2695
3942
4181
2796
93
3482
63
3490
1370
3256
1389
1631
4003
2272
930
3013
1053
1695
2670
959
188
856
1970
756
3890
3138
780
1782
3761
4233
2543
3235
209
742
2383
3510
499
1864
3471
4301
1979
3322
3096
3522
2138
124
2446
3500
1208
3753
3476
642
4381
2070
2720
3279
47
544
4241
2113
390
158
3260
2777
614
1387
2738
1985
3771
2663
3338
405
2584
3355
1978
1761
1628
1536
1847
3411
2996
3061
1815
1336
2940
882
1770
2809
3597
3043
4244
3393
598
3851
1888
2521
67
230
2682
850
2652
2088
889
66
455
3391
1530
419
2160
3070
2333
3736
2066
545
3315
1256
3158
2661
1435
2690
912
4227
2795
3582
1331
1614
133
1801
3842
1321
2570
1602
1247
46
1920
2848
4311
3917
1471
592
1659
2721
1488
3717
2094
2628
2534
1688
1186
377
2903
4309
3839
1297
2779
3941
4351
764
1549
3699
3983
1295
2102
379
605
3094
1555
3201
99
129
1373
2003
3312
154
2986
3719
2745
3253
2824
103
2095
1822
3437
3449
3066
1146
2755
1501
4017
4189
69
1160
2764
2666
1975
2153
2770
567
1470
3343
1362
694
444
953
2847
3190
1035
2967
2629
4184
3548
819
2388
3136
4081
3802
1103
371
2539
4123
1123
1194
3465
3888
4049
1349
3152
1189
3735
688
1050
383
2471
2488
940
1525
3762
3157
577
1222
4092
431
3841
2384
3574
1894
3459
781
1624
1980
1115
3498
3406
812
3969
1215
909
2402
2348
3273
3367
2819
2533
5
2262
3855
3073
2263
3647
790
436
4362
130
443
3164
4022
1935
3922
2832
1949
2048
4210
4310
1874
2044
2578
3304
785
1504
4365
2622
1923
311
1109
600
603
1361
2351
2381
3021
4242
4057
485
775
1234
55
2918
3943
717
177
2687
726
175
1106
951
1036
2732
18
1507
2299
2154
1033
1640
1181
890
312
1598
1779
4263
927
2773
3722
787
3403
620
1973
1930
115
868
3404
52
3692
1908
1453
2514
670
3793
3185
4354
1386
4144
4058
1060
4240
1544
412
2904
3564
326
1618
288
2739
2300
2784
986
2772
3657
3059
3713
3985
639
1706
3464
4015
1301
2724
2827
3032
343
2778
3599
4045
3741
3166
1788
226
3907
3224
4300
3430
2818
3936
4290
2317
2038
668
3516
758
558
1509
1597
2200
799
2802
976
373
2096
3160
3918
401
4293
243
966
201
672
487
1469
4239
4345
1334
2672
1506
3492
1902
2220
736
51
924
4266
760
747
4136
449
355
1642
1922
2114
3737
832
3247
1143
1606
3167
1622
1694
3618
1467
2985
11
2678
3861
2838
1382
1649
208
1363
1173
731
3415
2597
678
4013
170
1637
3491
1155
532
1939
3466
2282
4131
3252
165
79
2857
3481
3642
2752
2820
4170
1434
1086
549
871
2909
3446
1617
3255
652
4275
3217
2316
128
4340
1398
321
761
3507
4075
2013
669
907
403
609
2099
773
2344
2156
2039
4230
1539
3077
1898
2419
1588
3450
3967
779
1029
4302
980
3261
2008
3241
2716
184
2010
2893
277
3573
4011
3135
1005
1495
3556
2165
1088
3379
4334
961
2938
1061
56
1559
366
1141
2747
4363
50
2742
3117
2305
221
3513
1964
3998
2020
1746
2867
3578
1749
15
2074
1369
3487
1075
4002
699
2955
981
1430
4337
2240
2888
411
503
1037
1178
840
488
3613
4067
3025
1169
2390
215
2461
2043
1811
3236
2693
1519
2367
817
2703
2503
2171
4220
3895
3849
919
427
2953
515
2612
2097
2406
1229
4286
2950
3502
2719
337
3884
1825
3658
4145
1251
1130
4121
2607
3389
3290
319
3276
2423
3960
3928
2264
2314
566
3665
3058
1769
3959
1259
2092
3064
3144
328
3987
4246
2323
3577
2685
3216
442
30
1018
2671
1026
3011
3726
3580
887
4217
618
2884
3572
1834
1316
2572
542
1608
113
691
3555
964
3019
2523
1468
2307
1383
2560
1861
2016
144
271
3889
1
1428
1244
4080
1734
4257
2714
3742
2076
689
3850
3999
31
3544
3027
1867
1431
1264
2640
1621
1065
2433
150
100
2966
1933
821
578
259
4248
1684
1883
1655
238
2182
619
1022
950
967
4299
4218
2702
2973
4274
1534
2126
2689
3068
2391
808
370
2568
648
2089
331
3557
1517
2602
25
1805
2624
1404
483
750
2700
1249
2989
1870
4062
2069
233
2028
3892
698
3619
3107
1463
1142
1630
3162
424
2792
338
706
2691
2457
1199
169
4204
1797
3857
1137
1784
4279
3758
253
10
1016
94
3288
1372
1872
3090
3401
1950
1578
1880
1218
3141
291
3181
2963
568
2976
80
2776
3776
1584
3937
3777
1153
898
3295
4357
1570
3976
725
4177
1376
2347
1418
2729
673
1019
902
540
2934
3972
496
3834
467
445
1951
4209
299
701
3303
3203
1283
2625
1286
3790
1081
105
1513
1600
1257
1163
2417
3083
3993
2118
3055
3484
1243
3625
2780
1728
4272
2396
2040
3788
2870
1085
179
4377
16
395
1335
2430
1743
254
2783
932
3412
1076
342
2979
4273
269
506
2399
137
2878
3603
2332
2657
1017
1796
2139
2250
4341
4008
1966
1890
4036
2898
1705
2143
3980
3970
3649
2659
2589
1838
4332
2458
1839
3899
3542
2527
1823
3325
1424
721
3402
2632
1677
490
2701
3383
3323
480
3812
2256
1731
3361
877
4270
2930
2744
4172
2673
33
212
1066
763
1080
4137
198
1611
114
2371
3272
4229
3968
3263
2192
4088
3939
3109
815
935
2025
1071
317
2060
888
580
4083
4188
671
915
4322
2677
4264
76
3766
3604
2913
3039
4160
3457
3084
4325
1087
3091
1720
3124
1296
3678
914
3962
4383
27
2146
4216
3685
1802
2681
2403
2769
2876
910
385
3420
2014
1542
2335
3151
4386
1401
991
2557
2577
368
2537
1665
1766
2613
3869
1885
2358
1198
3844
106
1341
2817
2035
2286
258
465
1455
2972
3451
2711
879
3044
1900
453
1846
3804
2649
4007
248
1579
2067
824
3746
3755
2626
3975
3596
351
3233
1391
4071
3169
1918
3664
3131
3725
1112
3733
3153
2268
2227
753
260
2047
270
3944
1744
913
638
2479
48
2201
1937
2952
4278
3566
2787
3680
102
3159
1402
153
1315
2302
4324
3126
4327
4119
559
1812
1274
1108
2418
1682
2127
2186
3891
1895
1819
2621
1284
3116
20
2107
1149
3916
2999
2266
1689
3436
7
2137
4055
3512
548
3819
519
126
2562
844
4260
2636
2033
97
1945
1663
834
2271
1004
222
510
3683
3909
1810
3424
491
2631
414
1972
3873
3886
737
2476
1246
3700
3677
911
2252
135
845
2753
928
3615
1717
240
3598
3521
2816
1236
2056
3532
1940
497
3988
1893
2197
705
3880
1634
979
3606
204
3480
4093
1482
2590
420
1740
232
1212
3991
3558
3100
3652
3551
2875
3089
3585
1165
3245
3553
512
2674
1128
881
1392
1052
4288
2559
3413
4336
4076
516
2450
3661
712
1245
4234
2181
261
3669
2468
2041
2086
3188
1571
569
2643
1145
2715
1375
829
3571
528
2645
1514
2749
3609
989
392
695
1353
3375
643
3953
2516
3727
191
3376
2404
117
3617
4142
2322
3029
3653
2519
2448
3561
718
3901
3143
734
3879
3284
2605
4048
2440
837
3198
2501
1014
2341
3226
2124
2049
3756
4059
2017
759
2743
2905
2634
22
1763
4046
2110
4323
660
2798
1651
766
3426
4164
4367
2261
3488
2209
1159
472
2943
1844
3433
855
969
3696
1057
1983
284
3593
146
2906
525
267
1220
86
4289
2775
2326
2298
2978
2908
2018
4070
111
2882
156
4282
2722
4004
3763
3966
2507
1568
1306
1552
1177
387
4312
3447
3528
1152
925
4084
2247
3000
3961
2337
3796
1596
2
594
797
223
316
3925
3863
2121
2781
492
3495
788
2667
1730
13
908
1932
3250
2881
3006
3282
1875
4026
2850
2062
3765
2708
2675
2246
1008
996
3443
3693
1592
1859
1772
2866
4173
1831
2219
814
1924
715
71
1064
2654
3240
2466
2544
1313
524
3115
3565
3230
604
73
4287
426
4328
3092
2587
2054
2125
2793
2084
1299
2899
3104
2405
1438
3750
1281
4247
3640
1056
3732
1793
3400
1510
1643
4180
2680
4262
1395
107
2292
1892
4116
4085
1995
4318
2835
2444
3611
3587
1419
3784
1239
466
3648
2420
4104
3191
3211
1997
382
916
633
2821
3047
703
771
3808
570
572
739
833
4316
3858
4326
1877
3919
2389
3992
2920
3264
415
3313
1063
3703
1672
1862
4041
