50
208
177
104
196
149
204
17
44
36
94
85
80
110
211
25
45
79
191
206
77
212
62
134
98
154
63
159
218
220
146
89
59
186
34
120
10
115
21
109
200
70
108
101
201
31
7
5
58
83
78
28
57
122
65
128
8
156
119
231
48
171
23
112
190
24
139
125
226
136
73
33
141
67
229
6
225
52
82
223
197
184
132
236
37
123
16
137
121
72
53
61
126
3
43
92
173
179
96
2
150
88
213
227
195
181
14
93
175
163
11
30
47
188
127
157
232
140
13
164
176
12
81
187
54
185
87
172
169
215
118
161
234
106
97
55
69
209
174
155
56
68
138
117
203
147
75
182
0
167
178
210
1
233
180
114
145
222
235
51
102
224
202
4
105
151
22
74
32
29
27
18
142
143
116
111
205
199
95
9
35
113
214
230
217
165
160
148
41
76
