913
787
418
218
304
66
446
4
655
859
27
901
25
456
44
201
500
186
771
346
697
82
478
991
505
496
482
603
958
681
1011
151
493
820
37
621
660
766
1021
781
1036
286
809
69
355
773
507
258
147
604
212
77
702
230
350
249
45
137
834
776
173
962
51
664
945
731
674
1031
509
410
760
1058
327
521
1056
491
226
242
757
678
790
653
524
234
281
885
739
86
361
827
611
84
42
659
956
400
852
750
961
32
1022
877
529
646
516
93
987
904
342
326
537
554
70
375
1028
920
149
587
605
629
47
588
277
763
247
439
610
932
1004
1077
579
290
352
762
640
851
613
668
570
52
764
175
306
828
805
684
793
522
1007
679
994
88
1040
741
455
795
857
974
585
118
145
836
187
59
250
909
530
599
208
125
204
864
217
409
322
320
215
969
170
896
57
341
940
738
163
926
919
571
541
447
376
203
951
435
863
271
23
903
878
830
1075
244
219
102
872
313
336
708
752
631
602
616
1042
372
685
581
54
343
365
345
832
430
116
818
164
718
841
715
241
917
884
414
121
104
373
95
154
597
398
369
540
749
416
140
562
647
649
1065
495
661
120
211
843
584
658
726
114
600
590
1024
627
92
453
897
160
1073
155
959
846
237
691
582
1062
296
835
797
880
100
736
377
837
651
485
29
669
996
197
770
423
623
487
480
625
408
1029
396
1067
583
434
826
819
556
472
498
870
263
565
578
36
596
73
941
257
61
55
675
18
196
575
310
1006
506
325
802
729
982
445
200
756
855
848
782
914
1078
476
840
955
842
1023
709
791
628
202
483
97
392
947
239
844
103
1019
397
357
385
177
28
707
471
115
560
970
1033
474
15
680
727
272
898
463
753
468
1071
1017
324
10
256
251
943
135
299
634
81
720
561
745
1015
284
593
927
589
199
464
207
895
5
35
106
181
918
24
740
938
80
138
293
260
682
176
405
146
351
574
847
714
801
619
966
1035
687
703
1076
822
214
1053
122
370
683
475
323
401
816
977
89
510
67
192
747
810
986
1041
1020
142
831
532
501
105
440
127
492
929
638
1083
572
514
712
889
282
227
248
869
63
167
594
735
1049
695
665
713
417
113
22
803
754
348
383
1038
768
195
380
190
569
393
905
315
451
559
321
303
229
1018
270
688
861
662
543
577
916
971
144
886
316
639
618
133
976
157
952
225
191
275
110
38
309
289
761
223
174
632
547
821
698
558
21
534
1061
65
126
550
813
90
862
1005
999
891
548
438
860
165
549
1003
1051
672
143
839
437
923
395
829
853
356
40
331
737
452
526
854
792
470
68
261
724
1079
573
363
933
648
162
967
75
53
246
620
399
765
266
523
442
72
139
280
428
881
769
950
419
989
358
99
332
240
888
1074
172
1080
701
404
690
388
431
902
382
730
517
694
557
633
318
984
1010
1
288
908
354
1013
460
1059
774
812
169
178
3
403
96
1052
882
544
563
153
50
180
1066
508
676
503
337
1043
609
980
545
499
850
129
567
542
693
189
759
957
16
276
612
643
128
873
798
699
946
429
892
311
328
220
775
652
319
74
911
43
721
477
746
141
236
564
295
865
1039
17
1000
942
48
518
481
413
107
925
33
636
488
979
617
486
849
716
264
213
216
645
796
786
252
879
788
592
767
448
607
656
874
224
921
259
333
743
1026
279
868
546
706
426
1070
944
479
555
168
185
624
808
184
723
235
595
1060
606
407
931
965
520
379
278
76
444
462
34
838
539
614
371
108
117
386
867
533
968
1046
339
748
368
274
704
31
806
46
934
1068
161
677
711
1030
1027
663
772
109
221
751
779
553
20
601
800
1008
300
307
519
566
422
60
894
111
330
871
292
641
1082
329
366
64
833
94
1034
425
231
689
990
811
159
734
198
1072
98
1037
458
1050
347
755
995
1012
538
591
824
1045
650
101
784
993
305
915
62
287
1047
686
637
985
71
254
166
949
954
978
119
1063
817
778
825
367
988
814
182
1032
123
359
268
353
630
210
340
1016
789
642
171
8
421
131
960
459
449
626
