79
248
234
89
373
116
202
317
118
83
336
181
84
180
380
340
20
200
318
312
255
141
3
243
259
60
252
307
149
53
191
338
36
275
345
249
235
349
333
80
69
383
335
52
96
72
15
360
237
326
392
63
253
204
142
304
174
356
386
199
316
254
391
382
175
296
152
393
261
40
322
207
361
129
233
29
266
227
240
127
184
165
212
369
162
256
314
244
77
205
117
189
132
276
62
375
58
272
290
155
31
115
102
344
23
136
213
225
208
33
147
394
323
171
306
138
57
387
37
229
55
339
124
148
82
203
64
398
378
288
372
188
246
92
137
140
239
226
169
247
328
100
262
24
260
211
156
264
329
13
301
269
182
303
26
389
352
286
158
160
346
32
366
279
216
241
384
368
49
401
90
139
16
315
341
21
101
44
236
68
22
298
105
38
4
302
294
122
51
74
134
0
324
2
12
41
5
39
400
251
94
231
119
198
28
282
172
133
59
206
167
385
293
320
66
178
1
186
379
54
126
228
355
91
75
45
396
144
6
153
106
337
222
354
265
359
267
34
163
268
159
121
377
217
93
395
108
210
14
308
150
30
18
168
330
321
232
157
238
151
357
297
176
113
47
332
219
8
215
179
273
98
190
145
309
399
292
143
342
325
287
388
192
42
197
46
104
311
291
201
218
283
319
35
88
130
170
128
242
363
19
97
280
274
109
245
17
85
193
135
56
154
95
358
263
334
76
214
61
99
370
224
