103
906
333
155
367
68
54
808
452
902
684
122
346
497
301
988
59
849
154
172
66
134
646
874
191
298
132
496
413
3
651
963
763
952
655
843
612
192
182
754
669
787
316
483
165
794
364
598
575
905
879
626
777
177
474
286
245
368
231
457
663
942
613
731
940
444
244
965
531
87
197
519
638
409
926
703
666
388
57
690
867
636
627
493
697
904
162
937
270
778
966
916
1027
976
962
658
887
803
230
635
337
909
541
254
167
173
288
374
174
749
640
709
725
14
51
550
769
899
372
850
756
1003
77
695
149
147
713
521
511
302
630
1019
129
287
137
660
203
606
1028
599
5
752
257
881
117
35
196
16
221
507
473
990
1023
897
608
476
776
138
378
260
878
853
325
562
78
864
178
434
490
708
205
278
11
977
584
31
983
687
247
212
310
345
593
451
218
26
39
225
321
788
163
512
837
181
996
291
423
677
114
702
914
876
741
514
501
553
20
399
276
248
49
282
628
896
269
164
842
601
969
363
1031
714
833
359
641
331
329
746
153
309
659
915
1015
48
579
161
586
523
532
73
168
120
71
835
238
883
126
502
349
441
569
680
686
650
652
188
698
819
973
845
1012
214
913
743
815
987
528
262
50
737
894
943
216
583
157
861
89
93
469
405
839
854
799
176
704
1020
846
604
689
295
263
696
911
373
775
616
715
397
342
701
387
889
634
308
555
556
277
158
946
53
239
735
920
252
1029
328
338
268
108
738
406
515
109
390
801
971
978
83
242
499
758
125
558
34
362
194
303
58
728
717
339
92
995
607
603
424
28
1024
804
747
670
113
882
7
1004
67
324
759
251
860
563
736
711
184
796
886
639
927
232
459
830
664
533
111
271
106
326
292
233
605
1014
456
642
115
437
65
6
857
107
13
376
266
674
910
596
420
847
783
585
347
296
389
290
621
673
765
344
653
61
592
258
554
610
538
800
931
961
393
871
895
789
597
40
481
414
96
267
543
293
793
400
540
744
55
350
836
948
371
1007
135
893
537
375
289
570
1
504
323
974
454
552
856
600
280
814
582
951
330
633
185
175
657
19
742
223
145
791
468
574
243
768
782
415
380
204
142
939
609
355
15
710
826
151
929
8
739
45
827
766
417
851
900
97
101
256
229
945
314
411
166
240
829
320
422
215
300
727
317
542
580
712
1021
518
938
357
193
649
692
327
667
281
261
341
734
60
615
873
392
186
379
485
439
381
171
671
226
767
885
491
202
611
934
217
189
249
509
1018
91
534
513
29
438
315
753
870
17
131
665
179
429
755
38
27
877
250
668
358
495
156
25
198
792
956
307
994
1022
241
136
705
141
922
716
624
999
76
37
144
311
844
94
410
786
285
522
128
450
1025
82
143
86
1006
159
90
631
32
52
306
44
467
970
133
1013
840
465
425
102
774
430
408
265
941
64
623
706
69
707
448
935
750
572
923
47
676
589
9
407
224
679
818
771
806
332
720
104
382
398
419
482
227
428
549
1008
997
235
348
855
693
479
539
681
421
530
773
535
637
809
560
757
985
781
566
1009
989
199
517
784
304
63
722
319
259
1001
124
618
567
944
208
949
255
401
729
838
478
869
2
33
127
503
395
246
770
209
386
688
366
445
480
237
798
546
385
152
936
299
377
964
41
336
527
912
581
863
760
275
526
207
79
443
365
1005
435
643
458
440
461
917
525
982
817
590
121
462
981
772
862
272
0
21
88
678
446
578
453
433
46
699
831
486
228
520
625
466
548
807
119
968
98
150
273
811
816
620
588
279
396
880
463
43
508
180
859
933
824
222
595
353
795
264
484
960
723
901
56
740
761
81
662
370
565
891
455
991
797
979
647
888
587
431
343
195
4
148
751
130
805
852
828
140
884
868
487
821
460
80
449
992
691
