256
268
18
245
129
301
85
83
19
349
275
343
199
81
164
385
283
107
35
372
267
258
293
206
194
363
356
399
327
192
100
210
64
137
34
123
228
294
189
163
196
128
325
143
186
141
358
78
304
291
393
22
200
161
214
50
52
82
205
136
17
299
8
253
68
328
383
69
144
347
114
43
172
390
211
395
321
252
118
198
12
11
96
9
65
124
255
357
25
397
319
308
153
260
183
109
26
320
188
289
45
157
236
377
366
303
95
344
191
185
209
49
10
156
276
374
394
216
265
125
272
345
330
130
362
340
169
117
5
240
47
227
341
243
264
232
334
184
46
38
150
203
28
246
112
305
53
302
365
31
39
159
57
165
355
238
316
224
306
60
132
201
180
402
313
269
310
197
348
219
131
270
88
30
80
388
386
67
148
204
93
323
119
48
99
292
298
352
182
138
77
54
226
259
336
247
72
282
115
315
279
29
104
177
398
225
380
309
105
14
242
62
351
333
190
63
179
218
322
359
37
74
378
222
140
233
178
187
326
102
21
70
361
158
401
147
181
155
15
113
87
342
162
300
221
92
287
231
318
36
331
274
217
234
261
174
176
2
146
317
350
195
373
73
248
371
280
370
296
369
16
40
66
249
139
239
230
389
312
391
33
387
51
108
381
42
307
354
89
142
20
324
106
263
273
32
220
84
24
314
208
134
278
122
346
44
116
167
23
364
173
213
79
175
27
56
76
0
295
151
237
121
