52
23
224
67
138
223
145
93
162
201
95
89
35
103
87
229
204
124
192
199
13
213
51
174
164
175
50
101
173
167
157
83
190
9
159
133
3
105
34
197
78
146
49
168
198
209
44
79
19
56
186
122
86
62
183
235
41
205
180
144
203
106
75
226
72
171
98
63
11
104
8
45
212
158
195
36
74
140
71
127
207
77
37
21
228
68
97
80
29
12
88
166
236
100
141
154
39
189
91
181
160
28
4
114
33
194
14
137
16
60
99
17
130
119
219
147
165
217
215
120
96
5
73
230
38
234
156
25
55
176
57
70
20
216
182
231
191
148
42
134
107
27
69
15
6
117
84
179
161
220
129
40
136
218
47
81
123
139
121
149
163
151
92
143
76
202
125
172
185
150
54
178
184
85
31
1
110
169
94
188
206
233
193
126
196
111
53
2
30
18
