182
343
280
18
285
255
125
167
173
15
17
209
396
202
186
387
318
265
55
86
361
322
113
220
155
138
257
291
334
132
359
365
335
67
107
109
294
327
263
395
393
270
362
223
304
297
59
36
380
340
180
218
90
62
283
162
190
193
326
12
374
298
289
148
134
52
349
133
4
369
253
344
13
259
377
299
39
229
348
56
6
384
160
386
400
242
392
69
187
355
105
151
50
228
260
129
8
71
181
177
370
237
73
101
247
89
262
261
354
164
108
207
357
127
324
231
194
330
135
232
115
174
84
273
116
316
250
333
40
35
381
38
301
199
153
385
166
141
5
203
336
240
279
241
150
37
195
376
184
68
360
296
267
368
54
345
189
243
378
314
258
114
278
282
76
248
80
206
2
225
367
152
112
20
339
188
57
328
79
268
234
309
110
49
169
183
325
19
77
96
284
364
390
30
254
244
213
163
95
192
235
159
366
371
170
331
74
338
137
352
382
144
158
208
33
319
0
161
271
287
154
46
216
9
23
398
75
99
211
292
224
175
123
222
300
124
295
16
252
210
44
293
106
198
388
85
372
27
346
233
389
347
119
197
1
245
111
320
122
342
313
136
60
286
358
290
130
87
251
165
7
205
356
66
221
307
146
246
191
92
401
391
305
266
176
204
121
402
48
383
157
281
179
201
43
321
100
317
126
21
274
315
236
88
214
81
120
288
310
397
51
31
171
24
332
239
351
58
373
149
306
78
