236
179
99
2
16
109
6
134
104
231
141
125
199
85
132
98
163
61
58
29
37
91
0
120
190
59
32
161
203
27
185
189
208
49
191
47
4
174
162
171
44
56
74
129
24
35
126
114
136
218
183
202
173
84
144
213
146
62
1
226
233
57
157
108
121
175
123
33
209
119
8
137
194
216
70
10
83
118
106
143
46
26
172
110
166
25
131
22
48
13
97
96
188
130
221
198
14
66
150
86
168
165
214
55
3
90
135
81
217
167
107
124
176
169
140
38
80
153
9
105
88
210
53
227
180
205
116
127
45
93
100
41
54
160
20
115
17
224
201
222
28
158
18
220
145
68
87
71
138
177
139
112
101
193
60
19
82
186
11
228
31
111
128
187
76
192
113
30
92
211
42
102
39
94
196
230
65
63
21
156
170
77
34
36
142
200
159
103
89
148
