4744
1398
2074
1098
330
3762
731
3226
3921
1100
1477
4562
4312
611
287
4683
241
5368
3354
3504
377
499
5108
4317
1836
1574
3943
4965
3376
3222
4676
541
2064
5443
113
4450
4006
1260
3294
5555
1997
56
1903
432
5240
48
3607
4633
6926
298
1977
461
1642
4155
3382
4717
5418
1041
962
3685
552
3719
886
1899
4831
688
181
1335
367
1511
490
1419
186
4446
786
854
1841
551
6780
3015
3878
250
1388
5019
4737
4452
4835
3927
4651
4742
6805
3417
641
720
420
1705
1731
1127
6912
677
4422
5111
502
4987
4778
828
3634
4538
3600
3117
5392
2212
3011
1442
3489
1178
4028
393
1317
1435
861
4912
3753
1979
2157
1987
5619
3687
3603
4261
4
3195
6792
3485
613
3256
4759
509
5197
3865
5144
3724
1804
4473
6850
775
4632
4913
1764
168
1108
4509
3711
4862
507
455
1052
1179
5293
5358
3960
4770
4511
1159
1042
4609
4866
3895
4817
5137
1965
3290
3182
223
1353
912
1940
4062
4677
3199
4627
2057
982
6801
666
4112
4647
1421
1493
3210
6940
364
2194
1347
3115
1786
4406
3708
1438
5252
489
3666
5007
6884
4498
1115
1843
1066
1969
4657
1653
732
1730
4790
4724
3236
4179
230
2143
3885
5136
3324
4226
338
517
3908
4132
6811
480
4723
504
5193
1299
6392
2002
371
1305
1572
342
6882
742
5069
5643
1114
3700
5241
4257
4229
3016
1991
1788
6851
5154
1050
44
4341
1892
3946
5050
4252
5403
363
6810
1245
1503
468
5407
1499
1719
305
1349
1348
3525
3306
5757
4952
1763
4964
1688
5124
4526
1119
1637
6808
1947
1999
3183
3659
4421
231
4504
5113
3887
4923
4781
3871
3445
3934
1938
1785
746
6929
3198
4582
3935
144
2158
5071
1563
1448
3179
3415
701
5409
6900
1931
4082
1811
724
1332
1146
1970
1694
3800
4396
4163
311
1324
218
3231
437
4838
4011
3181
548
2054
4809
347
1621
4710
1225
1718
3255
3957
1618
3495
1512
302
729
78
953
6964
4017
4661
500
5250
4141
3660
408
1034
4640
1360
5362
4922
1506
1221
5304
1346
5620
889
5138
3507
5441
3197
1487
1333
2032
146
5423
84
5374
3501
4707
3520
3754
1376
1494
6973
4417
5125
3680
4466
3701
112
284
1263
3522
1601
6377
4659
1699
1906
5389
1599
1403
4300
4464
494
3044
3825
4331
114
3022
835
272
1735
4486
3704
314
5641
2131
1064
6852
4914
6906
608
5132
909
2188
640
3332
3279
645
5397
3617
610
5266
6834
4121
6927
4251
3289
930
3452
4655
1031
5011
3643
1570
2006
1425
5415
906
4263
700
1144
6816
1125
722
4091
1450
5417
1538
6849
3862
5411
2028
3863
1342
958
5139
3288
769
730
4456
1472
3004
740
3653
4027
1155
3450
4615
3350
449
959
3799
4975
977
671
55
1463
3246
1632
4729
6356
1755
4756
4122
3353
3737
1162
4002
6903
246
365
3327
4130
4495
3686
1630
3349
4258
717
5230
4200
422
4747
447
5787
1770
1624
81
423
5056
1029
1835
4145
4321
3259
3503
1791
4447
3910
1234
815
966
6913
3422
1918
6918
2012
1751
1716
1415
3102
5048
649
5306
1807
4617
435
4560
1826
5710
5621
1267
4346
77
182
501
1096
173
3413
3682
2071
1998
1393
3589
308
4525
5182
884
3747
954
6357
940
6804
4468
6786
5338
1901
1833
5396
2187
410
1182
50
3756
1896
916
5404
5147
361
3310
2130
1690
1565
3114
744
5014
1781
719
1243
5051
3694
1989
3571
4501
167
4302
1775
949
3408
332
862
3636
4342
484
2211
5312
4921
5572
4868
35
4735
4858
4494
1024
5141
3905
1992
5688
3985
3616
3515
4327
5163
1274
2065
6393
4891
251
973
10
4590
200
820
1334
4794
4829
963
3998
4260
413
5243
2040
294
107
4287
165
832
3590
1227
4182
6807
6916
868
773
1027
1063
1053
4061
4623
5198
1877
5255
1365
4839
4782
4621
5015
810
1972
3667
4828
3874
4499
3487
1400
2034
459
1323
1845
2232
546
1564
6833
5297
4718
406
5152
5324
5895
405
1721
3561
1303
5436
1777
5422
606
1447
462
2198
1097
75
5179
4012
793
4763
6949
513
4178
544
4971
1874
193
4847
4423
1129
1525
5430
327
4484
4333
4349
3213
1953
6785
4117
4852
4766
4133
281
1038
4820
4428
1713
874
4393
3741
3920
678
4757
4591
3829
1697
3224
4793
905
1611
414
5370
865
3586
711
1828
279
6847
3766
4942
4528
4256
3669
3962
1484
5248
3814
3190
147
3574
3476
5554
5047
5353
4855
1250
4990
6957
1307
1754
6363
5205
4338
300
2046
901
5254
4304
1351
6932
444
6892
5181
4619
164
5556
6782
4785
4000
785
508
683
398
5459
1330
4114
609
594
4445
941
1378
1541
5321
4849
1878
5309
6391
240
703
3755
1776
6334
4190
5437
2227
3906
453
5493
6886
5349
1413
1345
329
1895
5262
4026
2013
1462
1150
4201
1869
3915
1932
466
618
4765
4298
3802
3421
3494
4844
1490
800
3980
5348
831
3381
812
1956
5769
2004
1139
1879
307
5176
2205
3930
4480
5268
1537
3419
1394
1036
3650
1151
1444
354
5308
4854
3260
1539
3695
1736
325
1239
955
4500
3955
5287
1562
907
6803
6943
1937
3486
4578
356
258
668
5376
5329
1187
3963
2062
3352
292
424
1382
1683
1737
595
3817
3513
4033
496
6928
3652
699
745
4285
1812
4199
1996
4682
288
4885
3608
346
373
3644
1978
4323
3409
1404
4531
5314
857
5195
6372
208
727
692
4490
6857
833
158
4384
3740
2055
981
3720
1316
1626
3929
3299
142
5334
1386
1235
4085
375
3328
404
5249
6355
5094
3991
4583
5405
1169
51
1364
5077
5369
4160
1362
6381
1566
1171
3201
3881
5259
3023
4643
4688
5145
3641
233
309
5236
1449
3559
518
3961
5406
3006
4481
975
5408
0
4926
1028
271
4107
4741
6799
269
6905
3866
3904
3471
1943
5095
706
797
7
5081
5049
4088
4595
4330
5151
4846
3493
1461
983
3283
1695
5316
221
3706
353
6776
1627
3639
788
4014
1424
4779
4666
5750
896
1327
4104
1946
1177
932
3251
3420
3336
4491
1825
4527
4709
436
244
6955
5129
3761
2145
190
3235
3516
1960
6895
3924
4379
4731
1513
5352
109
481
4642
431
5476
4687
4518
1870
6373
4021
789
4686
4719
1684
4771
4679
4613
4092
4066
4209
33
4721
5159
464
1229
1757
6954
3578
1569
3966
1340
1195
798
6941
1540
5711
5075
1255
965
3265
3468
2161
1510
505
599
5457
3330
4967
4185
553
5028
4425
3505
616
3693
5345
4628
5477
648
1773
5771
1897
1492
3765
5082
1706
201
4103
1712
4519
4320
4823
792
5574
3642
4023
3917
4420
3596
5336
5356
5150
4977
4105
6841
189
3347
6378
3529
4848
3661
3048
3944
4836
3698
4871
5513
2204
372
663
2186
1132
4662
4753
936
4400
253
108
6952
1356
400
602
774
890
2226
6950
3225
5435
3673
3840
3312
262
3509
1819
2029
4453
5573
1220
3898
4215
3345
826
1750
1167
1782
1091
1065
316
1196
1935
4412
5733
725
510
2209
1893
4515
4714
1218
1094
1436
1022
5164
344
5079
1799
1048
46
452
5065
516
1343
419
3530
3907
209
6791
2
3446
5533
76
3465
4510
4999
639
4305
3994
1840
3424
476
1659
873
2144
1049
5427
1166
4228
317
5088
402
4653
1842
3610
4616
605
3111
224
1795
4337
1981
3569
4861
5421
3112
5394
3916
1320
779
4927
2049
4943
6970
6832
4120
4097
2056
3567
203
178
5251
4106
3965
430
1722
412
2007
1231
708
4100
4920
1183
4401
1872
1929
5201
6902
495
5246
3689
2001
1422
913
3703
5115
6
6908
4589
6896
4750
4315
266
1326
3305
612
4864
4645
5165
3609
643
1375
3757
813
3342
554
4283
710
960
3533
1504
159
291
3656
5121
5378
5570
1130
1478
5192
776
1176
4524
4636
3307
1040
4691
3914
738
1241
1645
3359
770
1228
3488
3730
5013
3583
3247
4099
4708
885
1186
5313
4502
1829
3591
914
1824
5682
5167
493
1319
5395
4618
3534
4867
859
1025
6839
6379
4751
5120
1454
4313
47
3214
4678
1071
1060
1410
4738
4993
988
4773
5199
1068
6958
1658
3252
804
4138
3746
5772
1756
5431
4175
5797
1734
937
4681
212
637
3717
5342
3795
6925
1391
440
358
4432
1720
5264
4431
4249
4470
4692
1095
4995
1628
1420
781
3229
5161
1247
1838
923
3743
1428
5112
6960
428
1875
73
4991
4207
2195
5543
4833
1882
3736
407
4020
5303
5317
5184
3948
4768
4162
4392
1797
1638
6774
3587
4982
5479
4669
1594
749
6784
880
4158
6802
163
1519
3713
38
6835
4612
1898
3412
6788
5174
369
3473
1402
6974
1651
3956
469
1268
2039
3136
225
3506
4197
5808
814
6915
5006
1395
4253
1542
1968
1614
6354
5731
1559
263
339
5202
3899
4089
5078
5616
4976
5326
4166
4503
5207
5591
636
5133
4024
2047
1635
1153
6800
205
3329
6899
1711
4344
16
5613
3383
3496
712
3886
3733
5256
4860
6806
6813
4214
43
349
883
1338
694
3216
1140
743
3308
6855
5010
5310
1248
702
1434
4308
4561
5173
4672
1192
5045
4713
1698
3749
6887
1954
1710
366
3188
5238
3291
1397
3595
392
4667
4064
3954
895
3293
3264
6798
2155
4102
293
3282
1158
871
322
1729
5119
1887
968
5269
335
4482
1163
34
4489
320
1805
3735
4319
5553
276
3742
4340
5160
3278
4119
4463
823
340
2154
1124
3807
3492
4608
1224
6956
1925
1516
4427
1377
3021
986
4536
5614
1147
4407
5810
318
1093
1561
2210
4872
4322
3890
1524
4984
1944
1278
155
4670
3335
1779
238
1488
693
1904
3355
2073
257
1951
4784
3110
323
1417
5046
87
3418
3498
5265
3186
4131
1401
5024
1886
1802
1101
2031
5233
1704
3442
4196
458
1359
3919
3834
1808
3941
5532
5146
4664
799
6959
4477
5070
939
3996
1446
619
1265
520
4192
4711
4462
3879
556
5685
920
1174
801
3205
3309
82
1536
4656
4177
1301
5288
1054
1120
5060
6873
6939
4625
456
4390
5366
5730
3238
3861
4568
1051
1103
540
4834
1314
863
3514
4124
5229
2063
1128
1452
1753
514
3745
4008
5638
1160
3797
3718
1219
2003
4060
4203
1814
4324
867
304
179
198
1026
4126
4945
4857
807
3677
771
4454
3254
1889
12
5732
196
1441
5286
1702
234
834
3318
5090
2075
5169
5196
3106
326
4286
705
5091
1759
5291
1185
255
811
5204
315
1373
4980
1123
4025
4204
4128
483
4748
1686
927
3815
5171
1236
1070
3490
4586
4189
5289
4727
750
888
5043
1567
3474
3690
4916
864
1233
5089
85
5414
3721
5067
1355
5311
3532
301
1966
197
5375
2201
697
3581
4889
751
6380
979
590
3410
4347
3655
680
4566
681
903
1771
4213
1056
235
4789
4966
4730
249
5401
4307
4571
875
1793
1631
4352
1964
6942
1980
1696
5187
592
1891
421
3678
5097
5359
148
1399
4314
5307
1238
5399
161
4424
3938
2066
4626
4111
36
1194
184
5123
328
4005
704
166
3500
4716
4202
1615
3818
5008
3705
736
1633
3728
5270
1884
673
1787
589
733
5191
1339
6787
5428
3317
3575
1700
3638
265
1526
177
6818
1520
3568
926
3220
4084
4986
4208
370
3803
3192
3892
3320
6783
463
1475
1894
1616
6948
333
4316
4798
5155
4535
3481
2156
3911
869
5084
296
1270
3646
1032
4101
4181
4345
3511
1774
6947
3491
4492
3950
3531
3258
1344
4414
4569
5410
4644
4997
726
547
1639
3913
3521
5122
31
3986
6945
6837
4725
1568
3828
3759
1109
5001
4629
6909
5590
4530
4030
3615
3987
1810
1102
3116
787
1612
1783
795
2005
686
450
6333
6871
3697
5371
194
138
5054
690
4318
4845
987
5131
4184
600
3868
3233
3837
283
2069
4289
4496
1818
1505
438
4451
5130
1437
5247
3918
1701
1172
4824
6789
5327
1104
6875
2129
1455
1020
4654
2203
4383
5114
3582
1369
1331
1649
3497
3469
970
1256
352
809
5059
3518
4212
6364
4029
1306
3752
3864
261
4925
5618
3839
3311
4474
1920
4405
228
1708
3202
4514
1193
3947
264
4306
1266
1023
4998
1948
3239
3322
877
1800
4728
1959
5076
853
647
3046
86
4539
5003
3237
2149
2132
3593
4413
4328
1367
3734
498
5117
4520
1246
1405
3107
6969
4574
1021
6876
3932
5000
229
3218
4859
855
4325
1481
3508
972
713
4172
866
4173
5402
2061
676
3662
4353
698
1930
6846
3189
961
1619
3993
1389
4471
881
718
4565
4827
4863
3681
1936
171
1113
3836
5177
2229
948
4129
4705
497
3672
808
1279
1067
1366
1407
3811
242
887
1409
1138
4232
669
1157
1928
5168
3304
4408
4969
4171
1257
4749
1926
6375
4247
5096
1321
1272
3007
3984
5592
4205
2148
2134
1460
1522
6878
3940
4457
1259
1498
3448
5215
4745
4739
3380
4248
957
5055
345
6796
5879
6870
4402
4564
4389
910
6872
6842
485
5391
1495
512
5208
3945
4391
4193
4118
511
3570
1596
360
303
956
1873
4665
1044
417
1832
3193
933
3959
6390
5012
3732
817
1902
4887
3870
3240
1152
350
925
3211
206
1416
5322
1485
411
5178
5534
5213
4009
521
1515
45
1941
5296
3604
6845
6922
5713
1796
3502
3684
6794
4254
1823
942
6944
3671
2206
5478
3838
3953
4631
4733
6966
3579
1039
3894
6963
4161
3358
1232
1803
6919
3997
4706
2025
911
40
806
1358
3722
819
644
3003
2146
3298
357
239
1521
1361
1363
3937
4187
878
1661
6965
5836
709
162
2035
4764
4754
1905
5639
1801
4592
5053
5425
5294
4398
4430
4194
5571
4614
270
4348
3326
3221
4165
3804
1148
1725
1112
1406
1483
3992
3716
5749
399
950
3334
515
1141
4250
5002
4810
723
696
3820
487
5021
2151
3103
4974
1030
1269
2072
4137
670
1709
1636
3346
860
1792
4680
5715
1758
409
4461
1629
5018
216
3230
1368
4806
188
4587
5365
1136
3606
5110
5148
4979
4947
5086
4429
2030
5337
5361
256
882
6815
4096
5298
4663
5157
427
1955
1924
3207
1216
1517
635
1830
2147
5025
934
4090
3314
446
4113
5323
1275
4720
5372
3280
3228
1623
1598
5838
6971
1473
5355
5209
460
110
1181
2010
243
4783
74
1844
4915
3217
1813
492
3763
3348
1993
4951
1357
3605
3528
5432
3726
6961
1131
5340
220
6797
6770
1262
4758
471
4157
79
1217
3526
687
39
4873
3477
646
4136
3576
4198
285
790
4455
3676
5064
1480
4650
542
3710
4418
3901
1315
2068
1509
5354
267
3423
4919
928
1689
4776
3572
1143
1164
6856
4826
689
642
5433
1055
3472
615
157
4992
5331
634
4174
5172
472
1834
5637
4156
4336
4458
4093
1760
2208
1620
3707
3527
3925
219
4399
4231
4811
6911
1118
5005
3378
4537
54
667
1958
506
2152
6920
4288
13
3560
1371
3683
5061
3466
2196
4761
4442
3499
4015
3731
5072
3281
1922
426
3712
2000
4594
4558
4805
401
2193
5880
6883
140
2050
3882
893
5593
3194
3585
5426
4522
5798
2026
4648
3827
6814
1433
1414
3888
2139
1939
237
3177
1384
4167
5552
5594
4579
796
1133
1778
286
876
204
477
735
1456
5263
4094
1827
5419
1985
351
549
3670
278
1258
3767
5809
1329
3751
984
4410
1640
1033
5318
4796
115
791
1733
6793
4135
1121
5305
707
1390
4506
3688
4395
3748
3113
1459
1412
4031
780
4140
4350
4641
4382
434
4819
4743
902
252
4886
1560
5332
306
4284
4022
289
931
3292
1328
4646
4634
2053
3893
152
1383
1502
1971
1451
1134
543
5413
1687
830
2009
601
1479
4775
72
5351
1471
5341
3964
4419
2137
3876
2133
2192
4822
1116
5439
3981
2230
195
5440
5116
5350
3584
202
5023
3744
172
2141
280
1354
5292
1821
4332
4487
4786
1061
310
3
5203
4123
49
3810
617
3664
3414
433
4087
4635
362
247
1809
374
1654
3223
5714
32
621
1156
967
3658
1957
2037
1137
1251
3813
1411
254
1325
1111
1385
248
1945
1768
1047
5068
4329
4684
679
3999
4259
5420
3692
2027
1761
1772
4797
598
3564
6853
1647
5615
1486
1643
921
1571
946
664
4108
3613
1432
4949
3725
3902
3951
1900
1634
2228
3599
6775
5373
734
139
187
1921
3140
1154
2043
3923
4507
4755
4144
3295
1057
4004
4865
3872
6812
1817
3464
4620
4685
3611
215
891
4840
1440
1984
6962
4354
5206
938
1318
3443
4533
2160
486
416
4326
5786
170
4832
4726
1732
5347
1646
591
1767
5325
3988
2059
2033
748
1963
3284
4994
3612
3285
4851
137
5683
3816
52
1974
3184
5299
1600
3654
1950
3340
856
4853
5434
4795
5170
5494
1427
3657
3896
1
1322
3447
1715
5339
403
3263
1727
4513
3823
4978
1644
53
4821
5320
3045
1223
1927
5210
6397
232
3234
5424
3002
4230
6968
747
1045
4884
6894
1189
3017
3014
721
519
445
4774
6848
4343
2231
4460
273
174
821
4472
4013
4083
1254
4115
935
3614
4386
3990
3407
4572
1888
222
4946
5073
3300
898
6888
603
15
3832
782
4814
6975
1657
4585
4159
3203
3808
4469
6836
3933
3592
1043
3138
478
5063
3341
1458
4010
5412
3597
5016
4517
1613
3936
3562
1092
5367
1222
3248
4210
1276
684
5044
3875
5153
80
1975
3262
1883
945
1046
5140
5200
5126
597
1396
665
4385
3315
3519
951
980
3696
3357
2202
1482
897
4983
822
3321
4433
4813
145
4630
1685
3926
952
4397
3010
4837
4216
1168
829
3558
3715
3699
4563
4830
4792
1491
4948
1822
6838
4415
4448
451
1655
6910
3337
1122
944
3580
1230
1058
3949
6951
2197
1237
324
5085
6889
42
691
3819
4516
6904
465
277
5687
1352
5642
672
491
3013
1226
1988
985
259
1249
1923
3565
214
6907
3830
1142
5344
4674
4769
1188
4281
3768
290
6779
3187
5083
5442
545
3191
3577
4125
3020
3758
5330
5712
4732
5837
149
4459
3909
4127
4493
675
6771
2041
2058
6362
3739
4777
4746
143
4443
313
4985
5343
555
153
2036
4388
1197
442
1313
6335
425
3649
5175
5022
3227
295
448
4637
5118
682
1252
6931
5058
3343
160
1264
4918
4649
858
638
1815
3512
368
6858
6777
3805
6885
2153
1656
6331
6967
3873
3880
5231
3884
1439
593
1445
1650
4791
475
674
550
3602
1994
3860
4593
5328
4334
5429
1126
915
4772
4736
5057
3467
5319
1426
3296
1692
282
892
852
1919
441
900
1180
4658
5244
4110
3018
5062
454
6772
5388
4143
4924
1350
1191
1073
794
4570
4282
2207
3573
614
3344
3484
4576
3679
5166
4575
4311
1508
6930
443
2011
824
1165
3867
3325
3482
1106
4996
3232
1069
4734
818
1105
1059
4380
737
1117
5363
4883
470
1408
3200
3942
3958
3601
1693
3012
5143
1374
3931
5398
1173
4917
1302
522
4981
4780
3663
3645
3333
4309
5186
2135
4019
213
4850
4168
3809
4973
116
5127
3339
1107
30
1837
2150
1717
3922
620
4381
1474
3729
3760
4255
964
180
4712
1300
6389
1430
5261
5211
3798
136
6843
1372
1453
3105
3108
4521
3995
3245
5052
4080
1184
4018
3637
5087
1961
1724
6394
3206
5158
3261
1942
4580
2008
3209
3891
3912
1976
5357
6809
275
104
1418
947
4225
5093
4467
3524
1714
4808
3297
3338
4856
5734
479
539
1691
5295
3316
1110
3444
3668
5128
1497
156
503
3249
11
1443
3903
199
969
2136
5416
217
6901
3665
4081
728
4483
1839
1790
3897
210
3821
6844
716
4668
467
3764
6790
695
1967
4206
321
3451
4195
4109
4841
1949
4134
3253
1170
105
4003
1831
3319
4142
3478
5333
1035
6946
4409
6972
3196
5234
4950
5393
5360
2038
5257
397
4968
3379
827
3323
4610
2067
2076
3137
3313
4970
1876
1749
929
141
4588
3009
5448
1379
3831
211
3796
971
191
5456
1983
2159
106
3204
37
5135
150
4476
899
3691
5300
1514
6874
1648
917
3109
3480
9
4183
5770
908
5183
1145
1986
1575
1617
4523
1161
3982
1304
4988
6384
1881
151
3826
6361
2199
4191
3833
1489
3952
1728
1273
1933
5335
5074
473
3242
4638
3244
4689
1769
6840
4186
3139
3257
4169
1457
4534
4624
1496
4478
4095
3824
4262
482
5881
4188
245
4170
111
5258
268
4953
974
