3202
1445
574
4336
1248
1973
13
969
1923
6095
630
6608
3719
1085
645
3504
4577
4970
3566
4352
4823
3030
1596
1666
538
6413
3215
6945
4123
497
5786
1961
2911
4678
3922
2528
5161
1106
4699
2640
657
6508
2186
1119
5917
3213
4681
3098
3494
1508
3168
3026
2734
1632
2182
6347
4500
4398
2679
1307
839
737
179
4240
3806
1700
2254
843
2786
1309
2301
1817
388
4090
211
3381
4779
4440
3349
3578
6540
2794
5939
1538
4174
6830
5024
706
3005
5318
2460
6427
6057
6962
1729
1757
6383
6439
6780
641
3335
3803
2598
2869
4450
1382
643
3020
3791
5095
5539
4867
549
4066
1888
3480
4915
5241
4886
2833
5753
3499
730
1948
5361
3348
6131
1403
2374
3574
6451
3287
4401
2849
5055
2699
4202
5301
6120
757
3903
4480
2520
4770
4324
5831
1060
6066
2985
6946
3976
5511
4945
4112
5692
4738
1359
6595
3523
4968
5720
5669
6602
6050
6011
3881
5170
972
1443
5285
924
6375
6008
2712
3474
6401
3133
1123
4060
5762
2303
3522
5513
2304
5421
2226
1463
4328
1214
2157
4417
993
2220
6485
763
1422
5850
2484
43
6157
3565
5050
3380
2295
1934
3573
5463
2952
3251
2792
5651
4537
3987
2028
2765
1547
6249
4898
2865
2828
5727
3867
4651
2705
1743
3406
4721
721
5594
60
4773
4407
1741
660
2300
2408
5125
5265
5332
290
4876
777
2031
2021
1670
6687
3703
4693
6392
1150
837
2894
113
6158
3996
5206
5875
5488
5086
5077
827
4581
6237
1572
3210
6115
6075
295
1543
2176
2500
4852
5067
931
496
3911
1979
3849
1023
4816
6297
6899
967
1082
252
3804
4563
6803
6309
1280
56
430
1379
5143
1523
674
1851
4925
3336
3857
4514
4805
75
3538
6374
2079
2672
4658
2878
350
3864
4552
1460
1760
2934
5615
4859
4897
1153
3647
5034
4148
6783
2224
5493
3419
2868
5391
1954
51
6574
5084
5654
6180
2581
3060
4105
1059
1518
838
201
2357
716
6764
1201
3495
3516
5558
4913
6904
5616
327
2451
1690
4592
1451
4503
3828
4303
3385
2525
6298
1255
3660
3240
4136
3588
1449
4251
6492
4582
5634
3454
6849
5707
2631
6657
1803
6281
6565
6560
2896
1475
1495
4635
6134
177
2448
3253
399
5018
4310
6773
4534
3344
309
2768
2202
6956
6804
3097
4785
3146
3435
2845
4930
50
6143
3603
275
6884
3587
4263
1399
153
3178
6711
6311
6523
353
3072
1637
1736
2187
5626
5925
4601
5975
5424
4003
1489
5099
5983
86
2000
3035
6709
3434
4418
1251
3636
1665
2936
5935
4411
6370
5543
5663
1118
5878
4787
5653
3569
5458
2045
6215
1303
2986
6407
4186
5629
3163
2396
4349
2646
313
4332
6974
5845
6449
1712
708
4337
2918
2772
3154
4253
5571
5044
6578
3686
1714
3055
1510
5843
5076
3961
1046
4728
2978
2615
4769
3090
2272
4530
3271
5010
6644
3156
6031
5780
6264
6242
4133
2989
512
457
5193
4608
3319
1338
1090
3139
1166
4812
4415
6166
4036
1429
208
5811
6964
2551
3532
6562
6807
3685
5298
1627
173
3246
6697
520
4613
1488
6097
4580
3312
2423
4832
408
3655
1590
595
5291
6130
5237
6564
5993
801
5965
3908
5196
631
5016
6391
2032
2821
6812
5741
1963
4661
5971
3138
3033
2700
2256
584
4610
4939
1901
2950
2043
2260
4181
4535
4492
6775
2778
6296
3650
5252
5202
3176
6519
3570
5557
4005
1549
2722
6769
4397
6725
3635
5961
3726
5900
5168
6865
1129
6929
5500
5279
2609
2193
6232
4964
3937
6177
2116
3624
5047
1043
481
3637
2806
2
998
5528
5929
597
5397
3959
3646
1242
2057
1908
1076
6688
1656
1185
3342
5834
5870
2661
1614
3047
4612
6261
2997
5739
1933
4825
6355
4753
4122
6474
5684
686
6674
2115
1724
6616
3079
653
5512
4568
5254
3949
4665
6361
4194
6206
3437
4481
5485
4086
6585
1005
5293
4729
4498
2266
6353
2641
386
1272
6170
1406
1862
3068
5598
3794
6670
2271
2174
6438
1311
2449
114
4385
2953
1132
6093
2476
934
6948
6894
5835
6263
1568
52
4763
5708
3412
4067
2996
4275
6801
3217
6913
1691
4077
4914
4643
6064
6813
6137
15
2958
4413
1190
3973
3029
3510
4634
4593
1467
4312
4019
4605
2070
3526
3318
6256
1372
1953
846
183
6463
4619
1064
6607
1358
4988
3888
3448
2507
2052
1852
5656
3590
4509
2831
281
1396
4881
5773
4386
5534
1520
1911
2617
336
193
1490
2764
4940
2529
3801
1829
5986
4948
3145
966
2783
2775
978
1682
3433
6951
6437
6028
3546
6723
5999
3135
1207
1761
5885
2114
4228
4061
6808
4916
5231
6419
6889
6059
5114
1412
6520
4639
1713
2306
1348
5160
1117
4836
3884
3267
5637
200
1114
1226
6440
2197
6049
4124
6100
2576
1619
4074
4162
5807
5073
2259
2800
1388
3023
6507
6649
6910
73
809
3700
3116
6726
3383
4041
5436
6484
6365
1450
5668
3715
5507
4525
2022
1392
6458
3290
1390
3402
2297
4917
6841
572
3986
1650
1344
6409
5825
6295
5111
857
3196
5312
867
6789
6239
3859
671
5259
3709
1951
2594
1062
2862
1787
4076
4214
5904
5790
381
6081
2549
6860
3311
2283
1881
2112
5593
5657
6452
4626
5471
2558
5724
2870
2083
4792
4149
6389
85
3890
5035
2499
3317
806
490
6385
5115
3387
3498
6626
5108
5861
2728
5166
4654
6149
2971
5973
2630
1706
3016
1640
4951
2879
6730
1962
4099
545
5990
4285
765
4543
3052
2362
3735
3364
2901
1044
3938
1792
5941
416
1342
5139
6085
6968
2573
5679
2206
5135
1068
2713
5116
2999
5030
897
3201
1926
4023
2156
3204
6167
4976
2782
2746
6442
3853
4764
4046
5031
2036
6291
836
1222
1493
3186
6405
4141
4569
6214
6414
531
5694
3833
3429
4351
4341
5818
4966
3473
6895
3447
948
4488
2205
2313
4034
4372
3236
3013
5740
2268
4390
5647
6647
5405
3036
4227
6960
3316
3443
4818
2446
1259
4132
5325
2376
1573
2517
5009
1415
1673
3059
6643
2409
6587
6293
4175
3763
5092
5142
5851
3205
383
2644
2945
6512
5862
3414
185
2527
6809
318
1256
554
813
5969
5392
4761
6476
3889
5547
575
3697
2492
5946
6348
2926
4707
4166
4467
2321
2248
1228
5216
5126
6098
1556
4943
4059
2239
3605
4923
2574
4744
766
1755
5750
4114
2178
3936
2361
4589
2704
4747
2660
1484
5985
6902
6343
1179
1298
2212
57
6277
3598
1149
6141
1734
5776
3141
6679
5916
3323
176
4735
4824
553
2122
6044
1610
2588
6828
5621
4587
546
3091
243
4799
5548
4910
1707
2087
2216
499
1836
2035
601
4478
260
5027
4307
5245
2738
818
2189
2760
4545
3352
5454
4815
5836
2720
4767
1577
5314
1414
5612
5001
4598
5491
3096
5538
4356
2071
1494
3613
1492
1799
526
6360
2802
1823
3309
4519
5645
6973
6568
5045
4225
1045
1065
2015
2601
5712
2855
5075
2418
419
4322
6834
2984
1054
5302
685
6610
4200
791
1224
146
1346
1595
3648
3980
4201
4355
3721
4797
6017
5503
5623
2089
4646
304
3559
650
2690
1969
213
369
406
3706
4950
2319
2625
2469
1806
5385
1124
1030
1715
589
2480
5447
5689
3705
4833
3354
4465
3943
1909
6782
4599
4719
4205
5846
3955
6733
3513
6521
756
581
804
1976
6954
3128
6893
2475
2532
302
940
6402
3170
2371
5225
4354
2286
414
6851
1233
3567
196
2793
2846
4759
61
4794
2742
6009
565
5386
1087
2388
347
372
987
1835
5105
5822
6063
5469
1824
773
5266
4926
688
2857
4579
3118
2003
884
4494
5989
58
4454
1765
5487
5521
2278
4206
464
1161
4551
6632
1466
2310
5506
4676
714
6450
3004
4179
5029
4269
5081
1330
768
4777
6466
5400
3501
883
2383
66
1540
3918
620
3668
3891
3410
3245
6053
2318
2417
1368
1258
815
6748
6233
6289
5627
5085
5402
262
3626
2759
2013
1891
4137
2864
3836
825
6035
5187
4362
6751
4720
5817
6112
1950
1819
2365
5478
4195
4381
1643
3017
6559
629
4443
5723
4083
4821
646
2466
2199
3842
573
1176
5998
4796
5416
3861
3066
2265
4272
6883
1148
672
3926
4115
5805
6724
1423
1286
4504
2683
2236
4937
1321
4497
5664
5748
479
1081
4768
382
215
6802
4554
6162
1287
2634
2390
5362
731
1582
4574
4058
6316
666
6787
925
6890
5649
26
5775
2238
3671
3958
6975
4338
4268
2287
348
6737
2513
4224
4505
3174
2766
2655
898
6101
5622
2282
1992
1695
6915
6070
1175
492
2146
6424
1699
1642
433
5455
4455
3930
2317
6710
4827
6164
4831
5589
4489
6920
6961
6856
3329
3221
5107
4664
1745
5412
3285
6138
4565
6436
4360
6014
4822
5898
5728
2721
4858
4296
533
1815
5733
5546
3144
6023
6605
885
734
3416
5275
5186
2620
6032
5306
4578
3933
3758
1091
4513
5857
6082
3841
5830
3607
2531
3151
921
6103
6653
6655
3200
3776
4667
2441
878
870
4461
2412
680
4121
928
195
1534
2899
5800
611
5864
6060
6623
425
1692
6076
2335
3432
1561
2400
6611
5146
4706
6844
3481
1566
3465
4119
2875
164
220
872
3049
4369
747
6580
1010
5957
824
3105
525
5797
2294
2592
2643
5065
4056
5824
6524
5641
4586
6087
2230
6084
1717
1310
1047
2693
6169
557
5124
4346
1496
2440
2235
2571
5220
3816
1986
1843
6159
3769
4180
3873
2876
351
5262
432
4962
4093
3525
5719
1308
1526
3268
1041
3847
2153
621
126
794
3157
3712
1012
1728
2838
2354
5515
1558
5203
4673
4298
5937
6477
5345
539
718
6109
6329
1016
6015
4029
5444
5008
443
622
5155
937
2882
4342
2785
1686
5578
4284
3293
1289
1723
5738
4373
460
2081
3460
1964
5157
245
6696
2863
2395
2506
4065
2912
1659
1142
6046
3666
1313
6209
3031
5942
3103
4741
559
3426
6469
4708
5003
735
4879
5227
3597
2839
3563
6935
6785
5721
2925
2825
3220
1756
4466
3069
4891
2459
4081
5002
2231
1334
4365
3065
4151
1138
2442
1448
2893
3078
3134
6685
5600
1793
6260
4109
2817
4760
6172
1134
6917
5827
3211
1292
5327
4723
2604
3415
6464
6372
4780
4072
3748
4669
1952
6868
4234
108
4567
2597
1988
3584
3471
3620
4689
1847
811
2264
5272
4387
820
6231
6107
2125
6836
6381
4446
4927
3514
4340
2547
1786
6367
210
4682
1322
172
4508
5365
6225
6089
3503
530
1163
2428
6532
4919
5433
411
1845
3954
6148
4098
4762
2605
6494
6592
1840
4522
4128
5691
4597
469
1528
6833
6358
1219
3130
4748
6612
4293
6045
5905
930
3012
4091
5426
3508
5711
4789
745
3475
4788
2044
3839
4774
4042
1409
3993
1479
478
6292
596
851
4155
1586
3056
6821
6522
5181
6128
5981
1975
4657
4564
4557
2351
6699
4118
3053
4457
1465
6867
778
3108
5516
1944
6077
2955
6369
5376
523
2323
6302
4245
446
2434
6880
3120
6333
2078
1327
2326
3306
1545
5243
6924
4431
3524
2711
1421
214
4130
5526
6065
1641
5389
3760
1754
2332
2550
5970
4877
1780
3994
5251
3540
2526
1844
2562
3505
3798
487
4325
4955
4687
6826
899
4473
6332
5014
476
6569
6650
5554
3907
3819
5891
3562
5731
915
751
1801
4402
2314
4936
1181
661
373
354
4995
4928
4807
55
4444
2935
673
6207
4746
1748
1740
2902
5058
3663
5431
6931
2900
5859
1031
1529
1820
662
6393
5474
299
5568
1981
2167
1121
5866
522
6033
4533
2503
5070
401
3757
3353
2438
5966
4294
2392
5606
3250
2397
3256
5370
6173
1818
4982
6022
5324
6211
6744
1434
1853
5945
6202
4524
98
3927
1759
3594
510
4348
6788
4210
5446
82
3912
5699
6363
6490
2366
4117
6933
2937
4838
271
2154
6767
70
5562
2175
2462
2134
3610
3184
107
1941
12
5223
2249
500
111
2518
5936
3738
2413
4403
6722
2017
5028
6244
6810
4157
3297
723
6593
2340
866
5091
6799
6786
797
1108
3062
4143
5005
4220
5702
1657
4239
3576
6873
22
23
2497
1865
5290
1120
41
4688
1312
2168
5380
4392
3467
192
2084
1861
6621
5735
5453
4516
3579
515
5701
4345
2029
6838
5972
5537
2773
4016
6823
6759
2512
2822
1942
5761
5813
337
270
2940
1371
3376
2443
5432
3896
4798
3304
1088
4004
916
182
178
6040
1009
2426
5309
2436
3113
4845
1058
3575
2755
1405
4642
2359
989
4458
1381
6111
4890
536
3595
6455
4300
5191
2429
224
1337
342
2144
5273
6536
4499
856
3075
6682
2874
1910
3774
4660
2648
5334
3390
5007
2233
635
334
1576
4416
1625
1592
1375
1813
2761
2242
3111
5132
403
6301
4983
2108
4536
1902
3585
6824
583
3520
1915
2419
6573
5305
4622
2593
97
6848
298
3442
4560
4501
6313
1638
5829
2201
4231
4686
5490
1137
2200
1648
6918
3294
6852
3684
1206
449
5109
5565
6217
5913
1199
1204
840
2085
695
5176
3695
4297
5607
4271
4249
258
2607
3063
1270
3934
1100
2682
5882
5353
2877
6757
1855
4219
6168
746
4739
2519
6061
5335
6777
1660
4317
4441
4383
6628
4353
4484
362
3928
2637
6601
6039
3179
3321
761
3153
1597
2211
6566
6415
2812
831
2274
217
5879
1598
5902
4318
2559
2452
3296
1584
5715
2047
6686
6779
6434
6199
4684
2006
502
2288
4511
2635
1293
3456
1858
4367
886
285
677
5151
3374
5877
106
1678
5222
3378
3040
6861
1605
2642
6243
4963
4379
2908
4901
569
2987
6862
5777
6002
860
2330
6776
625
3850
4847
3386
5039
6496
6772
776
5674
4727
263
3002
6609
6055
679
6320
1515
4841
5930
754
2745
250
4102
4176
2697
599
3653
802
3219
675
3124
33
4405
1151
4795
168
3549
1669
2337
3953
563
6570
384
205
197
3423
3375
2342
378
6021
6729
670
1663
3737
5535
1365
3107
317
6368
4671
6582
122
1796
2732
1145
2770
6300
2432
1007
1385
4043
3247
2636
655
6337
4922
5329
5599
3413
3561
135
6345
2336
5928
1869
1094
2892
2061
5082
27
6356
3394
6854
3652
2096
1473
5854
6588
705
6955
4989
3589
3822
2195
5234
6556
6814
4674
5320
3272
3596
551
2962
2891
4873
6533
4432
2456
2349
1497
3952
230
1735
5388
3604
6478
5200
40
259
4694
4259
6795
5703
617
4980
4424
4350
2207
5752
6386
1454
5404
4515
1807
6842
5294
2633
5097
3739
5286
3547
202
2534
2181
2553
6195
207
67
6625
1056
2979
740
2280
1102
5440
3338
4572
3500
2990
4561
2582
3288
379
29
6042
2767
436
4872
3835
3218
6182
4977
2545
2368
2277
1905
5271
4000
2204
4994
5852
5295
2536
4021
564
2791
793
3373
3628
1652
4384
1925
887
6877
1995
1364
5322
5837
1559
4104
5102
4650
223
2380
4752
3550
2762
1264
4629
6388
1325
363
6471
3782
986
2509
2430
3998
1246
2474
1028
6714
1053
3512
4153
118
2626
3095
2018
555
5212
2840
4150
767
1194
3985
4479
228
2166
5995
6338
5336
2752
2591
3855
3081
3814
5782
4330
5960
3258
3796
4668
4273
6909
5343
2535
3558
3733
1837
6127
3347
6265
1352
2673
5869
5652
1664
387
227
3877
5072
359
4700
3905
5418
3858
1544
984
3981
2942
6010
3109
5559
6659
2741
3771
1567
1539
4548
4559
736
5613
3629
752
361
3428
1374
5639
5131
781
6421
6921
4452
6819
983
4470
2444
4052
2988
3895
3602
3874
3486
2716
5624
2827
5192
5443
5858
2457
59
5112
4840
3942
3140
1260
5147
1763
1949
221
1168
2924
3601
2296
3659
577
1873
3229
1471
2803
2002
5475
6308
6882
1991
513
2695
6831
1689
990
5319
5501
6048
5253
5931
1215
4406
4666
6938
1716
5083
6916
1326
1480
3966
6900
6528
971
2595
6247
3356
493
6400
5665
4380
6165
3469
2106
5127
10
2257
3324
3459
385
580
6072
4518
929
1604
1946
4483
3586
6245
5991
995
535
4113
3736
742
4724
25
5207
1758
1427
102
6509
3172
1978
6942
6481
6117
2731
4875
6930
5920
1809
1431
1685
5933
5943
1444
2737
4830
5159
1042
4400
3358
3365
2790
5228
6083
2781
700
3191
4146
335
3237
346
6906
1653
4905
2586
2445
3209
6246
5022
4999
3880
3027
4849
4942
6745
4120
3642
4050
5896
4169
1391
5172
2244
2621
4094
3630
6811
6753
3160
3194
5449
849
4695
20
4274
2404
1035
3276
667
6069
1261
2681
1001
4854
3463
4576
5573
1277
5406
2346
2192
5059
4602
3530
3101
4254
905
3490
2854
1049
2886
5855
1356
728
3181
68
8
1439
2848
477
3619
5218
3925
4304
6912
2514
1860
2938
280
1435
6108
1651
3464
3968
3846
4730
6887
6907
5296
3239
2796
2824
1631
2103
6676
3171
4410
6153
2818
3939
4600
180
566
3898
2841
115
6636
3832
2993
5323
6227
1875
6382
775
1377
823
2478
5695
5167
1551
1588
6395
3772
5932
4981
6139
6479
2333
4528
1164
3878
1178
1874
4267
4590
6398
3813
5417
6563
5264
3192
5110
1316
5611
2312
1052
4546
6248
4131
6579
4713
4641
2348
1274
6770
3894
1726
1305
2378
5282
2344
4644
2858
2866
6866
3085
532
6790
5585
3345
4717
3011
6058
861
6583
5300
4736
1225
5476
2965
1050
4476
1654
2888
1182
649
3212
6221
142
3893
3749
3330
2066
264
4512
5832
1083
1357
4870
253
5461
452
4837
3592
4459
1373
4448
5525
5660
5569
4142
3529
4082
329
1501
6652
540
3175
880
2219
4974
738
3759
2486
504
2696
4270
6216
3745
5484
6654
1048
2883
6252
6279
6908
4801
3917
5919
5763
3963
3266
4884
3914
6750
2835
5356
4158
2801
4632
1879
2095
3339
4111
130
2851
5450
2589
3678
323
5787
3169
6259
2814
376
3997
1394
1104
2402
1420
6190
2719
744
3223
1223
2038
429
503
5422
3123
4718
2496
817
3222
2124
3391
1593
5667
3869
5944
5737
1764
4101
5950
6482
247
4485
5988
5770
3693
5868
5316
4071
3136
814
2664
4521
5366
1936
528
4095
1380
4212
2677
3368
4430
6036
6716
6832
5064
4190
3710
2493
6791
1562
5304
265
2623
2656
415
389
6411
4265
3270
2416
1387
973
2686
1569
845
2127
5398
1890
5934
3388
3148
6537
5921
2162
1997
5771
1232
6286
6184
5709
3863
6404
2837
198
6638
2658
1937
668
3947
4685
3560
2632
1980
6176
2309
3662
6037
842
1432
691
2491
1320
5149
826
1297
5387
2917
1171
5949
5089
3823
772
5198
2995
4469
4073
5592
6800
1146
3244
1296
4187
4471
5209
6747
255
3493
2947
854
5915
6944
4264
5958
3817
5536
3904
6486
3277
6254
6205
4438
4070
1200
3265
4507
1956
4323
2915
188
4636
5947
2060
5908
53
6516
6614
187
1154
5518
2569
5283
1767
4585
1928
1612
3150
1032
3720
6575
1074
2158
4491
911
5148
24
6712
2961
4971
6818
1738
5894
5268
5383
3008
1618
291
3692
3699
5430
3960
3278
6885
906
4156
3755
1753
2269
5910
6086
6855
1144
4256
6728
3557
2285
5136
2048
1658
917
32
796
235
3357
4952
875
659
1626
4866
3185
4853
2039
1774
1177
4793
49
2668
2237
4388
74
6253
3768
5330
1647
3274
4726
3343
2650
1810
4173
21
3829
1080
4751
4255
2516
1131
2718
558
6959
3969
380
1886
579
1609
4314
5043
6675
83
6155
4541
4235
6114
1661
2991
5962
6272
2141
5482
4218
6290
1002
5337
4018
2037
2325
2807
3032
1772
2258
1482
2723
4820
6615
2685
6328
1921
3301
3931
2360
4938
606
1386
2347
2150
5591
647
6364
2776
3754
6590
6878
6886
2504
3670
2191
2471
3883
947
2810
6510
6892
3962
3216
2967
181
2026
5479
2210
6662
6079
3076
6794
6030
3625
2929
4863
4377
4295
486
3188
5394
5281
6738
6324
4992
434
4542
2501
2487
632
5413
1447
4316
3984
2485
4539
4027
2097
6387
6099
2406
5156
204
4819
4617
4786
4771
5163
4733
904
952
3716
1395
6553
2120
6927
5583
918
1727
2188
1038
2960
2389
5395
2964
1393
4140
6321
1989
6631
693
1231
2541
3483
4493
4628
2539
4085
2391
3262
4299
3982
6154
2744
2245
3445
2923
4680
2183
1424
3753
2572
2675
739
2826
2614
2557
5502
2421
561
4829
6258
2757
6183
2498
4861
6925
6493
5236
3458
4566
4606
6140
2717
4573
4758
1472
590
2126
6681
5912
3704
760
5816
4409
1914
4809
1560
896
3450
4704
5596
6004
1611
6843
2998
331
6250
6026
5794
4883
3743
3193
4900
1601
1895
1187
4965
5826
339
615
158
1143
5572
5848
2688
2046
4147
6359
4954
1438
2836
6071
1779
5004
6025
5378
6500
5372
3778
3618
5676
284
4281
4547
616
6351
6416
5556
5472
2267
5452
4244
2730
4389
6969
3502
5177
1319
2131
812
2165
5242
1889
3001
2578
3431
5685
6133
459
2232
1186
3392
4844
5774
1967
4953
1436
4250
3506
4437
6539
3694
1636
71
1842
5439
4080
3143
2293
4701
4732
5401
6125
2830
6198
5074
6837
2645
5006
1594
2464
4126
5046
209
3421
5889
3260
4834
5459
6175
6692
2976
1826
2590
3102
1719
3775
297
3082
5633
396
6600
2853
2702
4912
1350
588
5263
4848
489
6919
268
786
5189
6701
6432
1433
5457
1262
3106
1159
5588
6939
6341
6271
4177
6847
1903
6335
2611
4013
6656
6282
4990
6230
5951
2147
2733
1667
420
6671
234
2922
4625
3708
5906
2024
4439
5590
6445
2352
2560
1731
28
6713
6923
1026
5307
4973
3006
6949
5407
3761
2358
1036
4475
3810
4616
2533
1210
2567
5011
6197
2222
6006
4084
6041
1469
733
3477
3389
256
2680
3909
2887
5895
6126
6276
364
784
4618
3870
980
1932
6863
6034
5803
717
6073
1513
4408
5399
4924
3122
1039
2387
356
1615
366
4460
938
1563
2145
1832
2957
1066
2367
6677
5630
4889
1958
5722
1384
1295
1938
2489
2425
3411
6816
3534
729
3729
5575
310
2322
5219
1542
3071
3640
3405
2453
2410
174
4814
2155
1089
961
594
2246
2488
2098
3536
1600
4260
1703
6228
5249
5182
4782
623
6088
774
5602
1481
5359
2253
1165
5504
287
1191
999
4422
3132
5642
6664
2370
6839
1487
1575
1126
5036
1333
3983
4766
2777
2523
1798
5828
1982
5144
3446
3452
798
2946
322
5533
5347
257
518
4382
4008
2811
3299
6013
4647
1555
357
3800
3041
3269
1376
5542
103
448
6322
5321
441
3661
1283
48
2261
2596
2748
1464
4806
803
3398
6970
3466
4800
3656
5644
3039
4781
1624
1217
4659
445
1314
1802
5580
2548
3639
4624
828
2203
5288
1323
1797
844
3742
2082
54
3436
3935
2217
2951
5270
946
5601
2403
394
944
4394
5367
6720
88
3360
5235
4978
5489
5221
1476
2198
5978
5174
5726
4714
1554
5671
461
4846
324
437
3457
5415
1725
2033
4243
3328
6342
2241
78
2149
748
648
2092
1015
5025
5038
3944
5696
1133
3793
2034
542
3992
206
4436
5226
3872
3711
6693
2263
6012
5595
3696
5255
6905
2025
5873
4591
5579
912
4895
5564
2898
985
3991
4520
2522
5408
5078
6778
5000
3396
4463
2152
6178
5331
6483
5519
4216
764
35
1830
2305
4276
5648
951
3455
3232
5840
2461
3263
1218
726
3732
1202
6129
6146
1328
4425
1884
5041
3687
4343
1751
6534
244
5190
2652
3230
2784
1587
3677
5620
639
2385
1927
4742
238
1071
1252
2600
3048
2674
484
2437
2251
3701
3862
1193
3728
4321
1112
4164
4690
6174
6640
133
76
3046
110
1752
4313
3400
5410
769
6796
6870
3439
3783
6132
6781
4449
1512
6727
2829
4464
2613
5804
3114
3449
609
5967
5661
3403
2653
1536
5427
3627
6928
2292
4326
3807
6597
2196
636
1397
800
1766
3583
186
1158
850
1426
4663
994
3727
453
2159
4960
140
4698
534
868
312
1848
3198
4209
1872
3971
3779
5778
5789
87
6613
869
4558
988
1061
2334
810
4426
2715
6317
6394
2054
3999
3988
2353
233
4670
5299
4705
2703
2276
4596
1511
3707
753
360
576
4604
5434
2904
750
3990
5435
2974
6334
1940
1355
936
4127
5926
1147
4672
4327
3860
5278
1773
3083
2363
4482
3609
4722
638
3535
2804
3340
5541
4188
1838
722
1341
2540
4918
3615
5195
1354
3372
4261
548
6410
2975
3544
6603
4110
6092
4453
2010
2808
2910
5355
3815
128
5165
5574
2042
1629
1141
5819
6189
1947
6194
5677
5982
5339
4523
127
6717
3489
440
320
4447
1645
5338
455
6642
99
5248
710
4864
6505
1878
1679
3940
4062
5718
3638
2320
2608
6152
3972
5150
3491
5303
3424
4171
3233
762
1527
822
4908
2215
665
426
2138
431
4495
305
2091
3399
1621
5997
6056
92
6235
922
358
4986
1828
2184
6589
6016
4550
1253
417
2903
725
5717
6160
5349
4233
3369
2398
5258
2930
5120
749
3289
1304
6487
3496
2676
6971
3667
5119
6798
2382
1785
6433
1413
3334
4182
451
5963
2928
4423
4904
6005
4375
3866
2689
4842
6488
4434
4474
2521
2338
6584
1704
5317
4308
6941
2983
2467
5021
3070
6278
1169
3295
5673
4711
1162
4755
300
4277
2651
1705
1103
4320
3180
1347
1913
852
1398
5876
6305
5437
6224
2455
1235
5563
4429
3929
2255
5881
3977
900
137
6914
3203
3024
789
4496
400
2769
2906
2223
2105
4089
109
343
2424
307
1299
1633
4226
4154
2843
2094
4544
1360
968
1294
877
5820
6846
65
3084
1351
4097
5032
2177
3669
5211
4428
1096
6658
1730
2546
3672
5088
5646
6622
289
4874
5129
338
6090
3799
1519
5215
47
5363
1474
6531
634
36
6204
470
5352
3393
1791
2284
1811
5448
3384
4393
5171
1402
1243
1441
6472
3879
5369
1570
3018
1920
6234
480
1702
2090
3363
4075
5013
3333
4808
1509
3885
4011
5693
6124
1073
2939
4435
5384
1720
5853
979
1789
3531
1110
3350
311
6965
5123
1613
567
4278
6390
4911
3254
2585
2143
927
3784
5246
5609
2027
3812
2921
4002
6526
261
664
2473
1152
5042
3177
2538
3657
2364
2568
4526
2832
4969
4395
2470
5871
3970
2587
4997
6943
2118
755
4640
236
4185
1157
5217
2616
4880
3723
6280
131
2994
2431
3967
4247
6684
6911
2208
6926
939
3248
80
2315
1996
1092
6708
1710
1697
4451
2861
2914
5096
5390
5662
5856
3827
3899
2053
1783
1768
3279
2972
3088
3255
2128
4907
4996
2086
2725
4972
5419
6845
2111
1924
5256
6620
3854
5903
4529
6952
3564
6817
2240
2884
6425
3037
6663
5996
189
3725
3142
3876
2809
6399
2422
6922
881
3552
2399
5697
5052
5672
4709
2890
398
1172
4199
3580
5188
1564
3770
5608
862
1602
6630
2714
3572
4012
2407
2482
1247
6091
1521
3284
2897
4468
3887
5907
6062
6963
352
6212
1514
1900
4570
5442
1607
6901
5531
4584
169
5586
2373
6470
6467
303
4531
5705
4333
4931
105
1457
1452
3003
4679
758
3752
5887
412
2328
5197
4363
4677
5121
2379
5555
2873
6815
2619
709
1477
6420
1533
402
5497
3521
4364
4882
2273
3608
6827
5185
4286
6936
4920
1430
4935
6805
3121
4001
2291
5806
1198
4103
4896
190
1557
2726
1984
6721
6672
720
6156
1057
6078
3462
4734
5779
3713
129
2012
3009
6001
871
1839
5698
1894
3167
3665
2227
5012
1470
2372
5924
1898
5313
5953
5414
2401
6222
5460
6185
4754
4828
2472
5532
4921
1339
2007
2458
1548
5992
2743
1317
5483
2073
2570
2228
5194
2565
678
4135
3207
5765
84
5134
1999
5358
5037
237
3948
4621
4532
4958
582
333
4288
5754
819
3688
1859
5204
345
424
2339
6606
6379
1522
3074
2920
222
5809
2780
4167
3377
6376
1794
2384
4047
5617
4204
3234
2859
1985
2907
5374
1205
4817
4843
6251
413
3852
6007
349
5812
914
5865
2463
780
3137
1084
3195
5152
4553
2213
5473
2327
3826
5880
2579
2754
6743
4702
199
3298
3978
6853
4258
1525
4784
6577
4851
571
3600
4813
2172
34
3019
3362
1301
3808
2113
203
405
6825
4170
5584
3064
5659
4129
707
4088
785
663
640
6067
6054
1935
2058
3717
4538
4638
3614
5250
1747
4662
5980
2692
5017
6429
2927
3190
4009
456
2405
981
1591
6135
6226
2872
4487
355
3087
1553
4594
5781
3789
1211
5229
3941
3189
6581
633
1018
3417
4477
5373
6932
3351
847
592
585
4984
521
4575
2411
4959
4221
5810
482
1003
5704
1644
2948
423
932
3281
2820
6972
5710
6269
3690
4078
120
3821
829
4862
6475
6145
38
3906
5496
5060
6806
3568
2670
4556
3261
654
4957
902
145
1696
4804
5682
3407
3606
6210
3444
4906
2439
4319
4257
1739
2847
3228
1957
874
1922
5117
112
1499
1733
5808
3409
5610
3851
4991
4903
6220
6123
607
724
1746
2483
3965
2666
296
1854
4292
5094
5315
5199
982
4946
3543
5815
5040
1291
4172
6029
2816
6142
2080
2016
1906
4933
926
5428
1585
5233
4540
6869
6144
6102
5655
4252
2628
2618
2350
1571
3634
2308
2799
2515
6784
3658
6527
2511
292
3395
5015
4562
681
2919
3766
6530
6200
3856
163
3073
3367
1945
6702
4139
1565
1285
2871
2505
5675
1306
1812
2763
5744
1711
5310
6950
6857
4361
5240
2959
4502
5716
3830
1912
5893
4893
4743
2610
6858
316
1546
1960
4037
5344
409
6517
2221
37
6150
5847
6456
2564
3161
3591
547
5666
1622
3476
1500
2740
3797
4486
2099
6362
5375
5619
6068
5743
134
913
319
2771
2465
1128
2815
5230
3786
4745
4138
6850
933
6840
603
3702
4280
1419
3110
4614
3249
4232
3507
5860
6766
5736
3809
732
4331
3308
4063
314
3331
6879
741
4871
5297
3310
3643
1552
6829
1867
6080
2627
1732
2667
6238
942
4168
3214
950
3843
5289
2414
4222
6667
1708
5071
3067
4850
3818
3882
3957
570
4213
505
458
6706
5681
3468
6881
2324
212
3593
3527
121
4791
1230
5445
6119
3751
6267
5128
4283
3919
3054
1535
4506
1055
3115
6898
6373
1000
3679
2250
4040
4191
1617
6349
1822
3366
903
4790
5179
4998
2943
3126
6303
3242
6377
391
1099
3790
6529
4152
3511
977
81
945
1170
4902
3746
5141
5823
4301
892
3825
2852
1095
6336
543
2982
5247
2381
6489
5729
5238
2481
5429
6426
2638
3651
1098
3418
529
4772
2179
6550
6864
6891
3227
5381
2355
1139
2510
6151
4107
1318
1883
2544
2502
5364
1180
5798
4716
2603
3756
5080
5183
562
3282
19
1072
2107
1517
2665
4116
4391
3517
6715
1825
1775
6473
2075
6106
2343
4549
2100
976
2932
4750
2394
4692
5640
6136
4956
1343
2109
3112
5494
5068
893
2433
6179
727
873
3238
6678
591
1418
5033
2252
1192
6423
5354
6874
5899
6596
5732
5019
6538
1893
3599
2329
1769
3305
5130
3762
4949
5514
3724
923
3920
821
5232
2860
6314
6275
1892
5180
116
6219
6514
3283
3131
2386
2977
1183
2056
6617
3571
3577
2698
5658
770
123
3548
3478
2944
4611
5956
6357
743
2842
2341
1762
5411
997
5342
6187
5340
1416
5333
5138
4106
1537
2606
6822
5158
2798
1278
1135
4985
5101
2214
4189
3042
5103
3015
1580
1684
1300
1345
4315
3901
544
890
6047
2076
519
2005
1583
628
3187
5785
4159
2135
6859
6422
830
5214
2694
4100
1687
3472
1681
2968
6771
5687
2494
6240
16
788
2055
1589
4010
3104
241
692
4615
610
5098
5499
4192
6213
1918
3315
5351
5239
6903
5210
2954
614
6327
3683
3518
1863
4165
6651
2880
2190
1805
4230
11
4725
816
3611
3945
3680
5821
2913
3257
5053
5952
2980
3291
6223
5244
1335
1599
602
4595
527
5948
6746
3025
1483
1623
5842
1841
2316
6576
2020
5751
2490
2537
3649
1361
3824
6953
3313
5892
5838
2063
4868
2691
669
2450
3622
3542
805
4064
1907
3028
6754
2750
6571
2789
254
5140
5897
4305
5093
6268
5051
537
6121
1737
2160
1140
1013
6339
3718
2555
3915
4609
2009
5113
4620
2649
3910
5382
3401
3058
2850
1808
2377
6074
4442
4014
5462
3974
3621
6704
6797
5175
4279
4892
5205
4555
5927
4860
5308
5560
3010
3923
2121
2088
6208
450
2981
1017
232
799
2123
4246
2580
6947
3050
4765
4309
4697
3453
444
1788
2756
5257
853
3307
5118
6683
970
2468
4211
4193
1033
4961
3149
6161
5350
2629
3332
5269
6525
552
1370
4696
1722
3497
132
5379
5368
6147
1209
1987
4376
4756
1051
2508
4045
3676
5438
2281
2524
4359
3235
5914
974
5480
5605
2663
2209
4947
4404
5768
1532
3845
6480
2104
5403
2602
1498
6051
2311
3777
715
1919
4414
2788
5772
3780
2916
3044
3051
6756
2142
4731
2834
941
2751
3698
4412
2479
6323
5545
4588
5746
2941
4427
5530
3093
5213
6637
5054
2584
719
2895
3359
2019
1125
2169
1417
5292
6875
3292
6660
4885
4472
95
6503
6346
6406
1362
5456
6586
3252
1882
6384
3346
5959
5841
5154
4835
3302
4125
541
6604
344
152
6876
2856
5173
3119
6940
4888
598
1227
269
6397
1019
5725
4329
2885
1221
5326
4241
1220
42
1655
6307
5901
6957
807
5106
4675
6633
3379
2137
5839
5201
5968
3355
5057
587
1216
1349
1671
5090
4740
3612
2556
3979
3492
3408
4223
3451
5056
5393
2307
2758
5164
5087
64
6572
1366
3166
1459
4144
5863
5208
2724
4979
965
5423
3541
6418
4015
5783
4683
91
2566
3147
3022
1694
5104
694
5267
5632
2302
3303
4053
6543
4637
2164
5026
6052
2684
2909
3792
2881
6186
5184
4607
5100
6557
2542
6888
3182
4282
6262
5553
151
6511
5477
5670
4368
4207
1777
4776
439
6502
1856
2622
5357
5713
5769
6043
1966
3811
397
2110
435
696
3946
5441
4096
3370
1939
1188
6598
2707
5517
2369
1101
935
1646
5137
1531
1718
3519
6673
5311
3533
3397
2669
3623
2654
4217
6283
5465
6193
485
2599
3633
3714
