177
61
205
69
6
12
162
253
227
15
255
167
280
51
72
109
148
100
60
45
223
139
99
147
41
265
14
159
172
143
186
168
203
46
183
178
149
2
246
43
193
1
194
102
141
130
33
25
85
76
252
138
131
282
254
54
208
277
179
146
151
47
37
28
64
276
71
239
266
213
65
214
81
192
128
182
108
121
77
56
129
9
248
55
211
82
207
42
267
209
163
273
189
249
272
257
86
80
38
245
268
171
123
250
40
161
158
92
145
231
48
264
58
164
181
190
217
18
220
271
126
91
226
197
21
153
206
118
201
24
132
39
247
79
22
243
169
219
241
13
228
120
50
114
75
165
212
31
251
73
222
156
17
275
103
4
283
284
68
198
104
124
185
3
235
44
11
105
94
84
26
259
112
23
127
215
95
119
5
98
234
133
238
157
256
160
278
195
62
115
200
180
32
140
96
10
196
260
36
89
66
78
57
74
232
117
237
191
242
221
202
142
97
27
134
270
87
154
240
35
261
269
216
188
7
53
63
59
233
