25739
9411
48252
33255
54695
26392
11458
26726
30563
38218
9867
53580
51362
25231
24185
25772
25153
10964
12098
40918
30736
14348
33562
54899
22342
51131
40675
30758
58608
11028
14404
24178
58712
54122
54246
32735
32920
9903
54344
51157
11893
58577
31017
33227
1169
10185
24602
15921
11244
10268
32650
15946
33187
33437
31300
9756
27954
54575
4106
13259
10758
26317
13913
26138
36064
30965
24092
13783
45233
48809
9425
41431
10146
52263
26611
33065
33135
9745
52332
26439
2321
12775
23994
11371
14324
13011
12995
52011
40719
10792
1142
12956
26309
27499
26465
54840
12253
32990
13606
25290
26767
54003
25396
18908
52205
12757
1094
1298
12622
38382
54195
25125
31914
31166
24316
24719
30897
14478
54150
26114
33373
12334
24532
5920
33280
32800
12753
54635
29835
51226
10706
51978
16323
26233
51837
15887
9906
54388
11891
12905
54881
26409
54313
51647
58657
15730
51366
10388
25130
10699
25168
13605
26072
51699
52179
32850
51134
51300
38365
11769
40954
27628
10181
54726
24797
53989
2044
34712
19957
12138
51187
54834
9753
11332
11283
24812
54310
24874
31135
55003
13642
58439
10447
1127
26242
48226
51971
32661
58414
16349
26534
13402
11491
1099
23873
13658
13734
31290
9739
9956
58610
11344
51299
25366
51926
24279
38346
31296
58433
19877
22339
24879
12911
38235
32918
54964
26154
23950
13005
24802
32987
14205
51543
54567
13499
20305
31043
30904
52164
11983
10570
54533
11798
53584
13651
41006
11261
43889
19787
9539
13694
1141
9878
51498
32767
11357
30704
10795
20311
30794
10713
18689
11485
11592
24346
19927
25072
27941
36048
31314
25244
33246
12529
54047
30916
12440
32667
54770
12562
5935
13057
26453
33580
32885
46832
30806
40962
52039
24160
48808
19929
54444
40979
54209
58633
45004
33701
4152
11833
54469
31311
15736
10026
9927
31267
15941
10727
13669
13819
12881
26429
6013
13568
53944
26190
14405
13015
34704
32654
33047
33256
25566
1145
14124
58720
26773
9434
54120
24905
1972
46720
32988
12269
26320
9491
12329
15863
24345
48327
52201
31015
25923
5985
58495
10827
18888
27978
10171
51772
12857
13257
58510
32865
51170
33053
52104
12969
33221
40662
11341
38340
26356
15847
54532
23868
14315
54547
11793
9613
48752
54046
54124
26054
12021
13835
33567
25549
32838
14248
35929
13255
24401
11787
58546
12265
10527
26213
11548
10464
9910
54806
24857
24747
13265
54433
51588
10722
13697
9531
54234
6486
11957
25580
16375
12669
30800
4125
25264
48742
54535
33542
29819
24212
51146
12480
12358
13516
34462
51693
25024
12504
24576
32277
10118
9455
53694
10734
26750
32662
11923
51501
54155
13741
54450
53907
5721
25192
12029
54382
33514
51210
10591
5667
14163
51483
48757
23906
19936
11241
14490
11262
9951
51630
14327
6001
30924
58524
10569
22773
11932
26293
30937
24533
25009
12447
54499
46756
14496
54763
38678
14313
19771
41479
12256
58629
46829
26056
43849
51744
15873
30906
15956
33188
10389
58558
25182
13329
11378
30551
10484
18894
6516
54627
52014
10310
26078
24748
52038
31280
54614
1260
14168
14429
27693
30799
11416
51279
46770
10508
14743
24153
26524
34710
9930
29818
13470
9485
52069
10468
10110
4374
54827
13134
14287
24256
5984
26000
13508
26511
10647
25939
10955
25520
11022
51729
26218
11367
25531
13959
9875
10765
30962
22781
13306
11018
52248
25974
25138
52330
9879
25460
43876
13228
54936
27971
9822
14089
26341
10539
11632
14265
33124
51402
13996
10431
45224
54175
33010
24172
24699
33333
33328
11803
4382
40690
25425
13175
26270
30826
10542
30822
14726
40751
13686
24661
32821
13195
25211
30566
14502
53676
52277
26358
25082
14636
15920
19885
46461
41000
33149
14026
54839
9842
19933
33587
25442
25462
22772
52299
14084
58594
25663
10274
12246
12117
4143
54282
51608
26365
22788
33190
26285
9653
51644
24241
9476
4153
10974
31301
11613
10055
11886
41460
51482
12462
12708
13498
26267
58489
24828
26730
52158
54907
26703
25547
38261
33169
14055
24317
52010
54091
58660
9999
25915
51153
10092
54063
13813
14748
26333
26785
9963
25954
40701
6550
10712
12962
33408
31229
10034
13142
13356
48302
58711
10437
13423
32627
48316
14183
54153
54939
58501
10654
51665
54004
30600
15890
51263
11392
31049
11867
9895
24479
4471
27533
14037
12686
52004
24786
26648
19795
13595
5968
14147
14468
24113
23871
14053
6507
24715
32240
24335
24937
9407
24954
25046
26461
31034
51641
30953
11859
24514
12723
54637
11428
25306
12870
25436
53825
51650
24140
13989
24468
53023
11360
11902
23982
38396
4102
24240
24083
33414
51141
9831
12323
10534
41471
41430
54345
58669
24774
10014
54564
13757
25769
11791
14155
14346
33482
30735
14310
10701
47601
58612
10773
13648
32849
40950
12841
18903
13544
41468
2060
34475
1153
9556
5976
12699
54965
53644
32844
10080
5948
46834
46763
33528
26625
11954
12193
27551
10247
10671
24815
33477
30990
41003
24030
12037
36072
53753
11329
51771
4043
16380
54144
52347
54019
46459
15743
51273
22931
38364
9762
31289
13865
11649
30819
24105
34711
27503
52404
24903
54116
30838
1095
30775
16331
6554
10780
24198
27659
51301
10168
58425
10749
12740
53789
52197
51220
40715
10662
25052
33294
27695
58572
9643
53999
58607
25220
12099
11313
54482
52090
23931
25210
26659
26671
54261
26067
13947
26384
18697
58606
24817
11661
51122
10801
10234
11351
14427
12089
10024
4493
40998
23899
13274
51983
13993
11387
6527
20273
12262
48739
11257
36376
24386
11530
32839
51595
26548
24182
12663
30578
14361
10556
30710
11017
54307
5881
12441
24948
33163
11914
54108
12491
58648
30682
33253
52203
13821
53609
51475
11875
11995
51883
33530
40741
51769
54204
30892
10560
13593
4066
25916
13745
12320
23926
14376
25132
12828
13537
11645
32940
32831
53658
19769
12979
38673
13906
14029
5932
10196
11294
33592
19906
4099
9638
32945
6002
33165
53837
13748
41485
23975
33440
26794
13267
13956
58666
13384
53761
32614
54942
25102
55001
1953
10329
52047
48202
1151
18702
15755
25809
40653
24740
33007
38359
10480
26174
10601
32944
25706
51928
24866
12408
51161
4145
9251
10563
12555
48307
10378
26292
24099
52169
33460
25110
20291
26641
14110
30786
24157
32951
12375
24716
54125
11552
11366
9924
51437
15934
12783
13774
53659
27975
26464
26654
52311
32592
24582
33694
25213
14204
54785
22913
25495
16378
48278
27963
30921
31061
11253
26459
25403
13790
24243
33489
16330
33311
31046
54710
12130
4368
51995
25232
9633
38240
58626
33235
24019
54033
51481
10254
54010
11584
14644
54729
26113
24222
40953
54956
10267
24501
11027
30851
24490
11235
2092
12437
30945
12948
9503
51420
27669
32730
10811
26019
54405
11576
52156
14233
12007
48239
2332
24046
35970
25364
1098
31256
24138
13040
13965
4456
13164
29926
1121
38230
40693
53048
24077
54734
10457
34545
10510
26250
20289
53728
48777
12484
25504
25967
51138
14293
13453
54694
13952
11617
23913
14458
10707
13304
31121
12026
26824
31013
4072
12673
11268
26353
33565
30700
53610
11972
40945
58380
31106
13545
24856
22756
52088
12305
34558
13609
33525
58547
51585
54765
5751
58507
13094
24655
25051
30654
12842
12579
54833
24313
51616
51385
33582
13018
13262
1128
32725
54991
9947
12511
52294
47598
25510
13359
58476
26259
51269
25464
9810
52040
24010
53594
32888
14195
6512
51335
24974
32840
1114
13206
9417
58363
48250
30633
38688
26552
9441
14104
38383
12477
32980
13352
25390
10631
51610
25874
48205
54923
5908
33402
10612
26492
33710
24640
53703
30839
47689
9949
30835
13806
33300
25314
25478
43866
14232
14380
52058
33099
12033
51545
5674
33505
31315
4489
51233
54811
30790
11782
14218
26157
32869
54251
51839
52191
25612
33236
22932
51624
25437
13636
54534
54545
52184
24040
54774
5697
9763
10136
6493
9621
41488
40946
25667
11318
13118
27638
11899
51695
11467
32670
23866
54225
36043
26432
24250
24229
31128
51599
16324
58642
58691
9610
9996
33167
13977
54822
54369
51959
24520
14649
32862
18909
14247
13647
40728
33377
54717
12268
31175
53910
26591
11558
27940
51912
13201
26493
19884
11800
12538
12258
32740
33105
58715
12057
48280
12022
51799
13880
10368
23993
25328
14373
51411
33511
11252
30964
14028
5880
20297
54103
24008
25910
11802
25950
9254
26507
4094
13316
10745
52312
24890
30727
52272
13590
26211
13302
38395
12023
51535
12005
38278
14504
12685
32892
45021
13279
32597
14264
54825
54007
51782
27686
14129
16309
12624
52225
2085
13982
10203
54460
54891
40734
30728
13795
40650
54327
41473
32626
30683
33310
54036
25142
54308
4129
1118
33469
27656
11775
10533
6000
13365
10047
51820
30784
51762
54854
33019
52130
24899
9797
53937
52122
2344
13310
10018
11355
38257
32594
48234
22705
52266
26325
33048
22937
33050
12209
33588
58454
46727
41429
10420
32717
52258
9728
33114
11340
52313
51500
51321
53604
33003
10673
25829
24755
13571
51095
13223
34717
14480
36391
27679
9819
53047
53757
13532
24554
45236
16344
24590
33520
13894
52137
31101
54691
12474
4363
51617
30699
25083
54711
25773
51548
40929
26111
31171
12017
20280
52146
25295
33558
54259
40667
12096
12233
26799
13298
9872
47360
12188
1952
6563
12100
13191
24566
52042
54143
53960
31093
48761
11350
32827
9525
53897
25774
25931
25151
14736
9618
14306
31903
6551
25592
15885
13804
53682
26612
32281
51397
54170
58527
13915
11480
54418
25086
9982
22919
51731
30803
11402
10297
33397
30663
27548
24794
54427
26208
5902
11652
12199
26449
30861
15951
26620
13419
19934
26431
10078
52141
25108
15942
32868
27641
30774
38277
27639
12416
24541
54848
33571
54517
33416
31090
33084
51960
13130
14481
40963
33433
26131
25053
58509
58468
54396
33083
33375
10278
34534
13744
26684
32665
26375
24765
14156
5958
12938
53844
51311
51217
54255
18882
33336
6553
15880
11962
13848
11874
51734
11810
24023
38685
30594
54727
48259
25899
4191
10573
14109
32737
6497
33000
51139
33412
14337
9492
9270
53893
54491
51147
32804
13668
27702
26555
52336
51119
9920
11565
53809
24310
48792
11434
47605
12822
58406
19901
13563
51373
15690
32760
24482
31161
51563
13933
14430
26782
24404
26774
24862
12411
14483
25128
52249
44947
25933
53755
12283
9545
12569
58699
53988
19941
2345
10348
26784
10427
25238
33045
54458
12629
53740
12786
6495
36061
31033
54660
26104
5691
24389
9511
11873
11639
9912
25754
25519
53938
15948
51438
33223
12882
54447
54410
33216
31288
10750
51494
33017
30980
12293
40925
2098
26254
22708
24562
10608
58628
18696
51250
15870
44009
40975
12741
14254
32954
9995
30850
26124
11079
48781
30912
26271
14040
16338
53784
19920
5669
53945
38698
9547
23996
54349
54104
54612
58437
51900
12710
52243
25216
12720
26336
51514
53821
51137
23924
13785
33564
24789
15853
32656
32674
19750
33141
12433
9409
54294
25575
51974
26586
9733
32825
12211
13476
10545
58472
34523
2329
16353
32691
9893
58579
14746
4115
24972
12598
33129
14417
54076
24707
24516
33455
13540
12476
54901
30661
32686
14633
24402
12924
51591
15712
36102
12712
5980
26257
31071
45239
48815
24302
32660
31317
24939
24682
51711
38375
13986
32593
51544
25345
29825
12221
33118
26693
51287
25255
15859
15732
10021
25909
10493
54156
13450
51166
24057
10577
54835
51993
19767
34542
24690
24911
58595
30649
51811
9900
32947
52013
54194
40691
19900
13820
40965
9250
32634
14713
14487
53815
31117
25093
9490
10125
10735
24115
24685
10963
4121
13962
14393
14214
51654
58408
23915
9458
13684
25360
54353
51396
25707
48315
12549
24933
12472
24489
54946
41426
9645
2326
25716
33060
25994
12780
13816
53733
26539
10718
10336
32681
13193
32960
32283
22918
11814
58420
25067
25905
25304
51441
13791
19947
33556
12363
23917
26296
11860
13101
53646
54937
13428
24210
25062
24284
12763
6503
34465
31186
51596
10763
54384
26028
12202
54312
12692
25743
19758
53716
11922
25614
14255
13186
1318
25137
54348
12639
11327
53720
2047
52101
24109
31244
48223
26472
9736
26194
25538
58518
54847
36098
25681
10071
25976
41478
12827
13261
12926
47602
12755
11566
25343
14102
51949
18893
45005
25287
9259
54536
33438
35975
9396
14658
10621
25836
58515
58539
31118
51712
13467
54477
12231
2103
33092
15938
24940
24658
14097
54677
54106
10152
4035
10135
32961
54902
40957
54197
24540
25321
31086
54740
22927
30759
52073
18911
9986
24152
25790
13326
30847
27553
32769
11014
32757
54604
33797
26470
52089
25405
54381
33398
13070
13997
24054
54520
54319
9630
13542
24663
9246
32641
44005
10212
31201
58492
54548
32729
38249
54146
2045
13008
54002
24636
12094
54846
4128
4147
47568
10766
53860
29919
53922
11523
9501
10744
24215
48268
54807
14466
33291
13934
5971
23979
25572
13761
25001
48329
14208
53744
31213
30979
13988
15864
25430
54099
27560
4140
24480
32810
13334
54340
15694
53946
25012
26362
14501
43865
13036
14282
54401
43822
10440
33052
24509
58407
25656
13922
41415
16319
24963
51687
12445
12195
10015
36089
33288
46716
58581
25713
54397
26172
41455
35959
12935
10509
12852
53788
13984
54176
10119
54585
11934
9864
25273
54751
33152
12853
36059
27545
15739
25860
52072
14191
33057
33046
5661
54457
14460
24718
51530
25422
11067
54766
11781
24149
12610
2053
13796
27558
4051
6017
51903
30769
9890
13226
26435
33509
25163
25457
51211
9720
32621
10023
26808
10126
15925
54205
10777
10249
51836
14180
54757
30546
51874
44008
25990
33387
51259
33577
33128
53765
52310
51296
53050
36373
14309
25584
53785
13801
22706
30984
24163
4370
26605
58540
53818
40971
1969
58724
54152
25310
13322
27977
48227
11952
32655
5740
12059
16370
14095
51579
48245
13421
11432
30607
32976
54025
54202
10739
53711
52286
24264
40698
11273
13074
31492
15868
25574
9546
34718
54724
54133
9800
11319
12687
24839
30707
58409
30673
13093
19942
47677
19772
11483
34709
27658
33076
24840
11429
51944
30825
19897
30967
54643
52145
5907
13797
45047
30656
12263
5672
27689
54954
25339
38243
14493
26188
10669
52108
10285
24989
51861
31075
47387
1125
24593
54066
25178
30604
13251
46758
52105
45223
54922
12984
33691
27640
12394
32842
20309
22776
14434
10981
12245
9456
12297
51643
38679
32770
9726
13832
32979
11010
10655
19891
20282
19871
13566
31087
10279
52063
33695
12967
10167
13659
33269
13753
2347
52024
51991
11301
19773
51436
26382
25768
12627
40909
51489
51686
25736
55772
54887
13481
29922
32658
12173
11446
10604
58623
51818
54915
15955
12963
51603
43803
31239
52045
22709
48802
40702
33026
30559
10151
12656
11423
31042
24186
12642
25801
25755
13598
54158
23911
40658
11839
13102
54882
27657
38696
36058
54325
25212
47589
30644
10411
9802
11779
13425
30562
12107
24849
11595
53589
6009
54192
58548
5981
52188
54026
25944
25048
58550
58561
29802
33481
26556
27956
13724
10041
33284
54489
12121
44925
26851
25702
27547
14051
13665
12294
13167
9528
16343
26361
38224
34708
10953
27655
10486
24024
31917
19914
51275
26683
9267
52200
11792
43827
51594
13001
33201
15950
43873
51424
54208
12431
6533
54403
26342
31047
54524
26312
33125
10415
26013
54386
25850
27539
9534
54488
58393
22326
27948
54163
13029
26796
24665
14087
13887
31276
11770
13393
26269
36045
6524
24231
14377
52306
24075
30843
24484
10790
25608
13733
4172
4113
12506
32970
54832
12604
10262
10115
30854
14499
11292
5933
25496
44013
33563
13138
54360
33312
38245
54127
51569
27530
25735
16373
36060
11507
10395
10567
10197
30841
25141
24259
26379
11060
11311
10403
5722
44011
30828
4367
18883
32238
51317
19889
14157
31203
33278
54605
26034
1959
54328
13369
31178
10747
51604
14215
52405
25013
10319
26682
27517
58601
10238
31270
23856
13828
30991
24960
31190
24893
9605
11263
13190
54656
54502
53843
12613
9637
25855
24766
5724
11277
13623
13209
6028
51316
12387
51770
24686
10681
11442
10512
26478
24944
2090
24864
32982
11618
11827
12774
33004
12703
14017
11820
30789
26764
32832
51942
32609
19960
24563
24233
25008
58620
32644
6024
12765
6498
9642
25374
52066
51784
51555
18821
33593
10610
25984
54667
54951
30701
13163
47685
53795
11482
54685
11915
31305
53578
53626
9390
12744
12975
9901
51360
48213
26423
26359
32633
58511
11035
6504
46423
25749
13239
25092
54658
9922
14142
11542
4164
33195
5945
51245
31108
24214
5690
46722
41002
58484
24060
10642
13940
9505
51186
54145
10222
12991
27632
54425
32835
9260
24573
48750
26207
6015
19896
10363
4074
32977
24129
9512
14085
10571
14012
51587
13039
12759
25444
58456
33078
54893
13378
58603
53894
12479
2061
26120
14418
1101
51337
31156
30557
25322
51540
12682
31021
6552
33396
10005
13980
24842
25601
51736
54608
48311
26542
54478
53838
13300
58709
19956
12648
10191
55002
11834
12466
33153
11490
40664
26672
15933
22784
9405
58688
23935
9913
51124
40711
14227
26045
25112
52244
25336
44020
24824
15869
25785
40996
24781
51419
26221
25045
54168
9972
51798
25503
51400
55017
20285
13765
53852
41469
51354
26196
24725
25358
13895
32816
27516
14637
25554
24067
26074
1961
53993
11537
36094
25979
51442
13599
29573
53742
26235
25647
16321
19875
10503
6008
13107
32620
10117
58396
9828
54967
16316
33079
10235
13826
54380
53895
11916
11545
24736
1950
4195
10326
54347
54911
10121
6523
40759
51666
51792
13264
24235
25653
53933
53579
13420
9970
10160
51388
10166
32872
30999
4173
32884
40968
58717
54514
54419
33441
52241
12807
33519
25920
24298
27663
40934
53655
25796
11308
24324
51791
10372
9977
32914
52136
26734
30856
51348
25302
14718
48236
10367
24754
25299
25032
54541
54513
11280
52027
53982
32144
13062
9604
9634
14077
12602
11456
13910
12210
54330
26720
14237
48818
12544
36076
26776
2353
26447
12040
13305
54914
12109
58545
25700
15940
51418
24281
24964
52094
51869
9749
26458
12271
58536
24739
54462
40670
30952
12951
53724
10131
10798
19898
9446
13411
25159
58644
5967
9904
34705
51619
9257
25787
23957
55769
13367
12913
5689
14339
41004
11391
26222
24127
14714
31100
10066
46426
54864
14016
47688
32647
25199
25004
26128
25454
52223
11383
11809
54682
33353
24098
13385
10017
10684
11021
51260
31327
32829
13838
58424
40654
22935
13767
24036
10584
24793
12575
13342
30671
32720
15945
51766
10226
9256
53987
25557
31241
24912
51393
32818
12711
34457
26414
32671
58374
25035
5906
4183
26790
40947
54984
13493
54057
40948
10615
31304
58505
31278
9961
11657
9497
51984
40695
10046
27681
54343
54222
30868
13335
14294
54083
32828
54908
53977
46754
32646
36397
14304
52033
53619
31297
33419
54098
10216
51962
10826
25877
32227
54073
54362
51941
40921
12668
30797
24524
27546
22786
36065
29826
26436
26793
24572
12735
27559
25971
24693
25935
11869
54590
13798
14740
45237
33088
12481
43870
24994
16314
12344
12257
24009
11990
26551
25733
33430
26399
19909
40747
13809
14363
40952
53613
53772
54052
1152
54363
53592
6027
54737
12901
13283
30560
54634
9521
26263
13363
27627
9442
31275
18704
33447
24177
24601
12482
53606
23939
30581
33422
12383
44940
46768
14096
4467
11471
44929
18895
53735
27528
10837
36381
35943
4383
14182
33184
45026
30804
26775
12592
10740
11352
22355
26536
14654
24947
20288
24758
51896
54039
13454
24328
31036
14193
51367
26373
23962
13432
24133
13831
25056
33156
1126
48767
10626
11826
51813
4156
10116
24850
26016
51280
58362
52348
33323
52262
51877
36055
11011
44951
25558
5888
24649
38279
12222
54217
24506
14256
23961
10476
54201
53692
14211
25239
31319
10991
11935
9495
51531
26595
32279
9472
38248
14266
10385
27950
13179
25559
33400
18817
2068
5951
41439
26702
13108
51510
32663
58658
25615
11393
46724
51714
24749
45034
51821
33700
29832
19911
24880
38247
48216
23937
11926
45009
25540
48276
14209
54281
13237
52300
14111
24193
14263
4123
26568
36052
53800
33479
15886
9851
25085
30602
11505
47385
52078
13234
11455
14498
32623
25956
23986
4462
34719
32811
51270
11002
14710
26147
13104
29801
54527
13983
40752
10455
12589
10823
9948
33219
54955
32771
12353
9799
30574
25643
10112
12697
6564
11931
26564
12921
10723
54474
24101
5695
33338
33492
12155
36388
4447
25119
25115
38252
25646
26499
26770
15865
26017
51751
12626
30687
38271
51902
12282
9907
1160
24487
33340
11404
54549
54023
14186
33496
11836
32952
58727
54720
9935
33800
27644
12422
9518
14456
54037
15700
51730
11395
51908
13115
34537
9413
13225
10537
33212
24069
58650
10261
51406
54578
25856
33360
11470
13712
9834
58469
13710
26050
12362
31324
10032
58656
9734
9607
51672
24497
54479
24124
33503
33267
13460
48222
24018
13484
24560
31173
13799
27946
53602
4083
12858
25020
11956
25164
12013
13951
26148
25481
13521
25764
25833
36046
51288
11254
10283
24934
32715
12767
38369
53801
25941
51227
10424
26711
10961
26200
48796
10313
10400
26345
31428
10076
58687
14724
54692
30846
24916
14169
24983
54278
24203
9530
51440
53697
53625
12919
13034
24672
54624
43820
10788
26294
10192
13652
23927
33569
12326
32959
32613
15718
4189
51879
25729
52215
11784
58697
12859
52288
13256
24319
13293
1136
27666
32916
24038
52123
26667
14148
33501
53797
26709
5996
27965
13350
12752
10806
48275
13150
19895
52303
33218
54165
25069
40933
53640
4380
54454
24326
5738
26649
40906
48799
51198
30961
27544
12970
30858
43825
52410
5928
26699
13361
13083
26209
54837
13827
33395
54053
40990
55005
15909
26798
54529
58665
48319
5918
51586
38669
10049
58635
25133
12131
12128
54465
31207
12726
5728
32871
13784
24289
13017
51726
51840
25376
58597
30982
26434
24045
24522
11074
47594
52207
54511
26371
13589
13129
24697
14372
11958
9792
14004
11326
19753
26783
10635
26571
19952
27652
15923
54080
24232
12643
32243
13768
26158
26619
11390
4176
41410
30583
54392
51735
24772
51660
26661
51947
25292
27688
11949
10242
26011
13737
12933
58559
58478
10206
5760
47682
51597
14648
33299
13575
25380
58565
30986
11023
14643
33182
4117
38234
33301
25516
30652
22926
24744
19761
12244
20300
10478
54747
54879
26445
38231
51253
25908
6525
9652
25391
35954
24770
53706
52102
13520
52142
51173
54968
11538
30667
12034
58739
32930
26193
24855
25719
58516
54888
12428
24979
25512
52032
11616
22783
24704
4448
13103
25636
24224
54051
58422
13010
26494
25044
10417
27520
29815
54193
58738
24587
9436
13704
12776
54268
9793
19745
54933
40721
26195
52003
10449
6484
33302
11247
25356
31018
36090
26694
2327
12315
13752
35930
9779
54075
11843
40983
5681
26118
24838
38367
26844
11295
54550
12666
58624
14463
11811
11588
13562
25680
24269
14635
11600
27667
40717
33464
53630
26610
14181
14360
31236
12988
24407
24909
54067
15698
31037
10184
5883
10143
52111
2052
11006
48308
10665
10065
41452
11623
55000
33297
13245
12835
10051
30848
4136
32847
25347
11251
19751
4465
26779
54273
58514
54042
10572
10159
19779
10381
52149
11965
25521
54035
19765
51925
32883
54948
51724
48294
35978
54254
25327
53890
48783
5986
26744
25992
10477
4181
12309
53593
13607
1951
5936
22761
13874
26713
53779
54157
53670
4459
32622
1137
12004
25441
40891
6515
30884
10982
51527
51678
13766
11447
32939
24886
48822
14154
13925
12219
58366
52305
13793
30997
9729
25256
5731
6522
54054
9527
52119
26606
30689
24142
9484
25254
1148
40898
12946
25621
22774
24674
35946
13541
10461
5706
40692
11272
53713
11848
6539
52226
25117
12879
24644
12770
51996
6534
58386
13438
9554
14326
51887
53704
31110
12825
26161
51499
40660
25565
51690
26360
58622
9451
14634
45051
54213
15713
54924
51208
10754
24499
25737
33145
11525
9845
22785
24216
40674
33279
54981
5709
45221
11938
58402
31105
36393
31282
2099
1949
15728
15884
25821
13842
11656
26753
31189
13110
12184
38700
20308
10793
40981
52174
4068
13451
48803
20307
53961
30887
10211
53637
12838
58708
26428
54199
11546
13448
53599
10317
51565
1316
25539
24528
52221
25936
12658
5910
12240
40932
25623
9504
54365
9821
54910
24244
16345
26547
54207
19873
20312
12631
26849
40936
41409
51495
4362
14002
10992
4056
36387
12239
53607
26854
32672
48771
33226
58723
51145
12541
12235
27958
51694
53829
14261
51293
33461
10323
32630
53746
11539
13159
15878
30576
25381
13059
53904
26318
45035
11410
11837
14751
48811
30712
26701
23958
55770
32941
1132
26419
27555
52280
43886
31098
10479
26656
13517
53924
6514
31439
48264
52283
54341
14314
13122
13716
10650
53662
58567
12483
13199
11581
12317
1157
43824
12568
33038
53796
26404
46752
51331
13396
24985
24473
54493
19925
11636
24915
4381
11349
20310
5676
33276
25934
23909
31152
51493
4154
54722
10490
38699
41001
51625
11557
40896
14149
13339
53729
33044
33186
46427
13773
33139
54134
12054
24656
25190
12754
13889
54623
24194
54030
12730
11379
31023
51264
10743
54816
9249
51549
58735
9855
16371
33425
5915
12333
25897
9421
13427
11009
1314
54644
52275
31489
13695
54245
53636
25604
10096
26451
33170
4359
53638
2088
9952
31025
30787
25483
53615
54031
54971
14049
14433
32928
24047
58419
14391
16374
16318
15752
13494
30617
25866
24183
1123
12732
33293
9532
10667
25261
11316
10666
54468
22920
25194
33071
4458
30764
34549
51754
14269
24848
51325
31164
26797
10127
2102
52282
58640
1134
30872
5668
9980
40989
11551
24969
14099
48738
10008
54528
12758
23972
31134
33575
24027
23964
12749
54164
40974
16347
26142
5939
10613
25055
36075
24710
51272
58416
26126
27676
51240
12664
25480
12800
51407
33271
52350
51323
13250
25123
58670
33238
13252
38701
30715
11785
13860
16346
10972
33021
52029
9816
9908
13622
51276
15747
26002
52307
10396
32705
4036
14253
35931
51286
30834
34514
54257
13749
26059
12200
10451
47590
10040
53598
51378
1112
25977
12355
25791
33436
51199
1971
13938
26473
57679
10832
25237
6529
25078
14116
51127
25577
26768
31320
31040
53923
33258
55775
26719
15952
40927
24965
10057
33364
12931
30680
14173
38267
9650
12112
31206
36396
26036
38255
58457
4122
32950
15699
53717
24859
54622
10360
31246
51546
41444
26338
44015
47586
25824
32682
53600
46760
10373
48753
12888
24585
58680
25187
10370
51447
25167
1310
12429
36049
25021
58494
1300
12777
14479
31123
31142
12525
38704
10802
31208
25407
25980
24921
11630
31148
25865
51159
11324
9447
5987
51529
58553
15702
13340
51749
13924
26587
13850
14303
12113
45240
9919
46753
10645
2082
54402
1119
20283
33030
12407
19958
13857
51946
24760
52062
5956
14737
18832
40694
51722
58602
13597
11583
13436
13413
25938
53762
14140
33205
26102
51123
26537
5991
45012
11888
11901
11975
52334
25315
51986
9622
13581
12346
51524
15850
25611
12457
11073
10061
25969
25438
27498
38233
27653
2333
10643
15711
5747
9620
20262
58418
52022
33006
12047
26626
53804
18820
31204
51889
26386
25529
12151
48775
26815
24150
47386
13789
25000
13049
24498
30881
5761
24711
35936
13409
30726
14086
10988
13722
10013
51249
4047
51485
26258
24481
33379
25389
12148
24220
52408
10414
34513
25670
52067
58700
13355
4449
25582
10275
15900
10252
54352
12850
11881
19784
30770
24119
53920
11361
10769
25628
10130
12125
31048
33058
11069
51315
13412
13994
54237
14484
14412
23908
16326
25812
25720
1957
54640
34530
10603
33142
24737
10002
13725
26354
13382
11381
31083
54926
31298
54579
13728
10998
11911
40735
13620
26079
23921
44019
53612
11056
11841
12837
27526
9841
53912
30610
10195
54865
32280
5982
54749
45044
38268
51684
38380
11883
12591
18889
2048
51235
24164
19879
10553
10578
14136
15725
11562
13862
33074
54675
24836
26546
30717
13917
53597
6541
24741
9917
51413
24059
54191
15936
26162
6557
29821
53786
25555
24325
33404
13045
58555
4360
51128
51982
12843
12565
24106
12014
58440
27968
53778
43859
11535
25562
30553
31196
58618
24221
10809
14114
41435
51142
13435
11830
12048
10199
14383
51256
54337
10602
31279
9449
30922
9892
24042
51352
26146
24595
53738
24995
24858
25895
32642
26297
45019
10985
58388
12288
11457
10134
51466
24285
40724
11452
25870
25655
1976
11766
26642
25687
14756
54661
48231
51521
14021
12064
9782
12862
11323
25280
33066
9509
53596
11900
53693
44007
33275
33171
58673
30947
11529
48260
38270
52255
14464
32876
13415
25342
14288
33383
13037
52295
34561
54957
13366
48788
51620
40964
51601
48805
18898
13632
54800
9649
10661
40987
25332
25807
33591
41413
11051
30802
1299
27500
19924
12273
32758
14161
26762
54236
58471
10976
27534
52050
12024
25725
19743
33506
54723
19886
11929
13967
26249
13144
4480
25105
24032
10098
13301
36082
26688
32638
11862
54385
26295
24743
31448
10227
14728
13718
24116
30969
11500
54662
24291
9258
26411
13754
40955
13351
30773
13038
14291
24892
48235
30577
53995
58617
14730
27635
54432
14246
33198
54929
20299
9850
12570
26413
12614
34701
48793
25819
23968
19778
9381
40993
11265
38232
51553
20261
53985
24906
25534
25723
4054
14058
33115
24867
33077
48305
12802
48233
10391
12872
13931
13750
26754
10101
10813
11438
33252
12205
25747
41417
14474
25501
58692
10564
35944
54383
41418
11988
11877
33137
30946
44932
26144
38341
13949
13353
2350
52140
31308
24505
33795
38677
54559
24403
13338
13358
51228
32653
12847
5719
25891
53918
58462
33557
18827
58686
1964
10768
51383
31255
14467
13389
12091
32610
22766
10218
13006
4378
24991
27511
13882
31264
24169
33127
26044
13089
30761
53814
14639
33561
43797
53921
13974
47362
9454
30932
54530
54688
58733
9974
13215
15944
48323
46830
9976
38262
12665
9609
12502
11044
4194
25530
15857
12831
54804
11808
33801
26487
54996
33008
11594
14007
24187
32923
11474
26852
5746
31059
48310
10460
35942
16379
24775
54431
25502
5919
54172
26437
25393
53964
13794
13296
14091
26651
25489
13204
26349
12915
10969
10996
54274
36067
47584
18815
12435
25493
4169
19926
10627
25814
40745
11865
25101
9435
52298
32652
54998
54655
34706
13442
14660
12208
54370
38690
11004
33357
22757
14485
11532
24094
44942
4093
30648
51431
10350
10094
14362
12398
30973
33417
25091
13586
54131
9415
24662
32875
31284
54389
11001
48273
51511
13087
58368
51961
6030
26281
30874
53841
25174
48785
25551
14199
58541
30905
24086
45235
13020
51371
11306
54997
36369
26630
12619
31326
25171
13314
33581
54506
58356
13323
54703
13756
51497
54949
26139
12352
54241
20269
34529
24159
12191
26567
52162
48247
51680
4127
29920
25704
48295
12012
13276
12126
52230
13548
32631
10559
14488
9865
18822
33570
5925
51708
11005
14103
24126
41446
43881
24472
12304
24076
9883
10132
25701
54716
11468
40890
24527
51989
32599
24659
26635
14351
25359
11857
24787
33324
40720
51845
12742
24287
38689
53783
25803
30734
14159
25650
24283
22704
5759
38258
53749
9612
26433
14137
33534
51504
1965
54361
54094
25776
12662
13844
54472
14221
11260
6536
25869
10737
25940
30898
36379
14494
30558
25209
51901
22763
11496
33483
9424
25676
25544
52021
5926
52236
10258
5963
4062
24001
33369
58397
51760
24245
10731
25573
53715
11479
11238
12996
51221
25968
32994
58713
14146
32697
12464
25946
25802
52115
13943
43821
9450
11868
10676
10425
51667
53776
33225
10401
12982
9398
12519
36044
25587
54786
33540
11643
11961
1168
19799
26103
51621
40762
27687
5897
54889
30674
54286
14175
10704
15851
53935
33157
11655
25991
33442
13235
12201
43812
12836
23984
9535
33526
9981
26638
9422
14048
25561
26022
54826
38702
33583
11269
30763
4499
33134
14735
11335
26603
25221
13319
10351
9414
10491
53793
54224
26331
54810
36378
34458
38226
54291
30569
48257
24266
58636
12607
58693
14432
4126
32843
11780
18886
19948
26234
9835
26628
22752
18711
14270
53752
52254
9804
26173
51964
12851
33374
41456
13055
30660
13549
12226
33285
14043
9992
26740
33260
13942
54206
54351
10999
33243
51202
53996
51745
26698
12056
54253
14431
12756
32814
33086
12839
11821
33485
58434
5737
5905
25793
51931
25883
2325
25672
51973
38353
51212
52192
43819
1259
54551
10288
25196
54510
41448
10692
38275
24568
12169
4186
9244
25423
12132
51878
26838
13033
12990
52046
9625
9928
34721
30686
25217
33712
14462
10561
51817
4096
25664
33358
51855
38354
52239
12111
2074
26153
13051
11599
5744
12634
11805
26238
14661
4192
48292
15709
54759
14187
58465
5885
54296
24117
32768
48324
25122
4453
54045
54689
2079
13824
45228
26266
24339
13127
52006
25077
25546
25227
43861
58369
23973
40967
11415
1130
51812
10290
33303
40723
12747
1947
24694
51806
51302
51399
51314
46719
9766
26040
54912
10343
14742
54071
9419
51435
11835
25564
33230
12683
51668
26076
22934
9524
41428
51675
44010
51341
58533
12456
4161
26817
10519
54092
27961
36400
10271
13294
36399
9884
14273
9515
24262
26216
26055
13139
25666
31159
27674
51904
11307
24555
14752
14100
5884
2091
26850
12118
26757
52151
10163
24209
53747
31195
12150
31091
19918
51891
11986
33467
14342
14250
12715
47683
43851
13214
40905
10516
51870
24791
36368
13119
26668
25818
55018
54950
54975
24202
13810
12964
25201
13683
10157
13047
31209
14203
25792
48269
24144
4090
31942
29827
14279
25511
51261
12081
46755
10469
40727
13902
26504
12115
12409
54945
25960
32585
26168
25433
13390
24227
14018
24107
51786
12959
54960
51642
13178
52250
12028
10729
26859
54248
13149
58405
54919
48277
9651
58730
36384
51682
58447
35938
26279
24692
54777
33132
10025
52214
10327
33487
12254
2083
13434
14093
46425
30605
52150
26805
13808
14336
9759
38335
10646
12276
13273
33796
26415
10636
13090
24651
58491
48749
12455
58653
13060
51330
10980
54690
54680
13849
53781
32851
43813
22769
25741
54097
10082
33309
10629
30592
13858
41484
54111
25470
4468
29566
10968
13672
11413
25513
12790
24920
52082
10499
4166
30669
40742
11503
15749
13410
26705
32228
24924
53696
52025
9470
14647
30696
10771
46429
9757
11403
40914
10355
20270
27650
10965
26170
26724
12359
18887
54860
13113
51398
14503
31069
52412
10807
51164
53939
25560
58631
9798
14267
4162
31054
4496
25039
5741
13506
27633
54171
24949
58493
4492
10236
10299
5960
33274
26241
11495
54061
51213
48797
54830
25996
33465
25472
10339
9957
12704
32882
10174
25711
6517
2058
24306
32864
24870
18836
46725
41443
13535
30657
9829
9818
12999
58513
15903
33061
14130
30570
10359
33133
9725
45048
31172
51758
13282
24929
51819
16322
14223
4482
13557
12403
51892
54518
24584
10782
48328
9517
54028
14395
54905
33242
54565
33001
26284
11771
27550
13105
11807
10732
31132
13583
15720
33202
51421
12070
53827
32738
51278
13068
13514
19953
14364
1104
1264
19782
26481
33119
10020
52175
33434
25303
14719
33468
1979
13123
32927
30895
14202
53911
53898
9721
33164
54886
12085
15715
24188
51350
2051
33394
38366
32278
16335
2078
20301
10786
12393
40973
38330
10277
12086
5671
54791
25786
24391
25698
26286
26650
12564
38405
45015
13845
13971
52189
38397
24851
14459
32826
25550
9635
25886
9480
58664
4076
58643
33444
11550
25408
31238
16376
54484
29831
52183
54844
46769
11046
25486
12884
52068
6496
33376
33696
2311
10764
53660
25506
54676
52059
25982
32766
26247
11070
24889
12764
38342
33013
58375
53940
41480
25363
11783
27506
14369
51230
13550
13173
13805
52165
40669
12980
4486
30829
51155
54701
40733
52079
24834
54699
26417
33550
54821
10719
10565
44936
15896
52120
24282
30873
32983
14738
13935
46761
13881
24790
10006
26846
19789
14411
58530
52234
13405
25813
58444
30941
12890
10794
33456
25416
33036
11034
12097
9741
52057
24706
12124
10175
24804
13565
32813
52009
32957
26756
26737
38691
13317
12958
53049
26789
31020
48791
13896
25387
25973
11960
11374
33014
24543
30928
32726
13856
25206
22791
54339
25484
10990
11342
34551
51894
32719
20304
58651
38370
12680
30955
58411
4039
5717
25036
11264
33473
26509
51581
31947
26440
13414
25354
26452
25581
24167
15858
43878
52037
33424
26788
14170
30692
19740
51934
11369
11448
47680
24469
13120
1948
24087
33270
54000
14371
10595
51863
40683
9391
30596
5978
18703
13260
58365
12044
48217
58742
38390
4138
34720
52186
33113
10205
24712
32696
12412
25276
31257
51790
38674
53851
26855
25415
11928
30591
10052
14046
15689
54595
31058
52002
24598
58654
26541
44017
58537
54813
33547
53739
27957
24689
24154
38373
32733
4193
6014
33306
22354
13649
6549
54904
35955
54021
38377
13019
51852
53857
10408
12212
12834
54016
33158
24990
25683
31218
41472
18824
15705
26369
14054
29828
13645
20268
52065
54188
27649
25307
12166
33055
10465
25284
10986
18831
33319
13053
24975
51117
51480
14345
27654
24666
9433
13839
34466
30833
54815
54181
13496
12364
12142
4484
13601
12228
26718
12528
25114
16361
54084
33426
26217
58614
32925
31202
13634
58625
12993
11950
33330
54638
11375
9265
58655
4111
41475
25507
24236
25635
54015
30853
12390
2324
34516
24061
30676
24761
48274
22917
54428
52338
5730
25633
54943
14472
12430
10663
30549
26025
48221
10466
48313
58427
25179
48772
9847
30679
11612
30588
40713
25970
58399
19950
32604
9825
27684
26109
5990
10435
52324
51197
14108
1301
32819
15879
14354
1307
12157
9408
54429
5743
51590
51242
26807
23989
25029
12425
52416
52190
33572
24091
58671
24321
54223
14113
54200
54809
32942
9814
58600
22778
31240
4474
53654
10056
53969
9395
54130
6544
12524
10825
41476
13181
14385
58410
24819
58535
54298
25911
13030
33037
26268
22700
51849
14185
48248
31292
26853
48810
10423
24175
51906
51718
34478
11879
58383
52316
11578
58743
25896
40966
13270
11863
34531
51561
4033
25370
40904
24181
25817
24483
24545
13027
27967
41425
24688
12413
10334
36099
9623
18694
47359
12174
13800
53970
54159
9529
12616
46721
4034
5955
30614
33508
13291
14283
24643
53994
10409
9475
25064
13399
1129
58428
54670
13618
11989
48255
25468
14641
25532
51319
13168
52232
31177
58575
32600
14152
32812
10710
24405
33023
12945
15682
54693
11832
12539
53858
53695
38265
52273
9787
10085
30624
10293
13381
36069
40659
33155
10077
30681
52293
25797
27532
51842
12204
26366
32276
13764
25978
33106
33028
11924
33462
54311
12119
51858
53906
2097
51130
24908
54582
14000
33204
30628
24757
23916
12929
58667
36093
11380
12793
24734
33069
24895
5927
25252
54641
9813
52170
26116
11450
26053
13403
35972
6494
54086
23952
26758
25365
10264
38372
35933
25147
24290
53777
58477
9750
13380
4058
9548
24280
4103
16336
33543
11386
22787
13373
30959
33111
25270
33529
11279
10453
45024
13730
12242
25157
26622
32859
14375
14165
12159
26530
13721
33351
51557
54570
10637
25269
24805
10272
25106
10186
38244
51627
12717
51219
13126
12147
48232
24518
24639
14640
48272
14052
40707
12377
54364
52403
25693
24307
26585
58649
54424
24703
51933
6483
54678
4135
24544
31237
54243
47600
51238
26680
19945
19922
24901
30985
11953
11648
9467
12342
52144
9722
10497
12182
13128
13979
52204
53919
4091
24503
26441
10281
45028
15958
25088
26110
40726
24709
26033
54728
25427
58481
23872
20264
24705
26843
33239
54707
25678
33429
13923
12203
13751
24093
9647
13905
26596
53812
25738
12855
14069
27661
31157
13243
58482
24763
32861
51670
10209
10500
54538
51914
33296
54078
14262
5665
54845
51622
51306
58490
12939
33228
11981
54475
51429
13740
40755
33401
12651
10301
53929
24925
10241
52202
12106
58538
58557
20290
52245
11789
9806
24898
48246
24398
33240
20298
26579
51824
55774
58582
10494
25825
13091
33131
20278
25607
32949
38336
12878
58463
51151
26123
30911
27943
13471
48215
12806
40767
13769
51389
25175
12410
4133
33384
53836
10407
25783
36096
25695
52253
9997
25631
14396
51381
26640
13124
52216
14374
10674
33104
32584
11042
13546
54652
48770
11488
48812
54542
10644
12369
51508
4479
30584
30849
26023
10387
45046
2064
24095
25657
2070
13641
11561
26427
12902
11461
10804
24558
11421
31078
54775
53698
23903
34459
24255
24300
35976
33723
33211
51206
24493
51793
48299
10688
12670
9794
13345
38344
51648
1954
25945
30960
24492
24654
10694
32590
32962
54632
38401
53760
41412
51651
34533
51355
10496
46759
9801
12649
54173
30938
54989
51558
24017
12031
53648
54877
9624
36105
26156
38237
4088
54182
14013
24660
25084
18808
25927
30792
12883
54783
31139
24397
41422
10687
33082
11812
38676
35977
53986
10483
14003
22357
58740
13477
11767
51222
1974
14628
31151
2076
24079
52314
11979
2080
48206
26377
46766
47686
51357
54913
25907
13670
51970
29834
24137
26647
54841
24970
24332
31904
18890
54927
52417
32716
54178
10558
12450
54336
10418
12586
13337
14328
33458
24517
53678
13072
53943
33478
45036
54625
12032
54704
51349
51344
12997
13374
22360
24863
31310
11396
9385
13588
25337
4182
54422
13042
15737
58542
18812
10442
13771
2081
30731
51339
25293
26645
54831
31194
40942
13527
54780
24263
13691
51750
1313
15849
26604
52240
2323
31063
25761
4057
4487
26549
14031
10304
10462
5677
4377
45039
25169
33033
33574
2314
54594
40956
30896
25479
4073
33457
32856
13759
13679
25218
13992
33432
25242
19741
33545
24902
54900
13177
54135
12928
10294
31309
9946
24296
26344
5714
40753
48806
9383
5921
11889
52319
33325
54509
5900
30625
54266
26225
13518
40972
24638
27665
10104
11364
33308
30579
33463
51953
51310
2312
58569
53679
15867
53949
25842
9608
40680
4149
1034
13854
51162
13286
10975
33237
14471
58731
26400
11903
15899
26814
2069
10284
11362
25007
51308
24322
54300
26410
43804
14243
12587
11418
58461
46420
53642
51445
23934
12389
13376
13064
24531
53826
24488
4081
12531
25402
26324
54539
51592
2313
5923
11917
11948
14477
14292
54230
13401
51719
12360
11065
10605
13160
9882
58382
53774
12247
1167
52118
53932
13775
25779
12762
32858
34557
47604
13693
23929
4041
4476
51547
32588
54918
30778
12904
48819
14060
12347
32617
58479
58519
25966
31088
29927
53979
14629
30918
11642
51247
26169
54459
5917
12116
51425
24820
24807
32239
5678
51862
10606
33012
10349
24476
12803
52247
51444
12868
31032
53766
12966
13440
33507
25983
31002
48751
26787
1266
26514
32648
10042
14134
25634
31113
40917
54713
58499
13643
51848
10568
12746
35981
25455
9846
10544
24865
10574
26666
14312
31490
41416
51237
9388
15717
54034
25183
12547
33234
34554
25248
25658
58470
25771
10107
25333
53888
12197
54973
53992
24253
30781
9768
51797
13705
10970
43817
35941
11348
12260
54368
52143
30601
11469
58432
24988
32989
10430
13944
26778
11445
24594
14353
10429
12739
24835
26346
25661
6491
54552
26205
12813
30615
26280
36375
10164
13698
51239
51160
40676
2071
4144
11872
33251
27518
53926
24914
58710
26282
13028
32795
23857
13911
33423
46458
13972
14268
58453
26339
24166
9931
12571
51833
30823
10228
13052
52343
45016
24044
4185
25420
26037
11333
33093
52031
51143
31084
54553
12705
12718
51387
51309
9502
31442
52345
54032
30902
24721
51907
12810
33544
10971
54288
9770
9838
36070
38357
24780
51843
58591
54592
58741
33123
11498
10342
12674
5750
54455
53665
43826
25541
14115
35953
54126
13501
19961
25410
9877
45218
12025
12292
9894
54346
13483
14331
26592
12688
26393
53758
9523
26500
24687
12930
48220
24671
25401
26527
14379
13603
54107
32931
26052
51834
26264
32985
12535
12102
44927
48746
30550
13154
33475
13288
45003
18835
33370
33024
31094
30714
9616
52413
33386
30935
58357
40706
25810
14196
29569
24192
10111
19904
10830
19921
12521
12873
55773
25788
54577
16341
27692
10074
24053
58361
11615
12724
14006
10220
15928
19888
51706
13478
40673
52107
26239
13238
26273
10004
51911
10344
18813
34469
11870
14397
31120
54507
12443
30791
9514
11907
31181
54828
54299
10819
11465
33040
11591
13229
33244
32675
25770
33051
25563
26593
48214
52418
32837
12817
10208
11553
38389
12510
14401
12655
24821
24485
48794
10033
25893
33716
11282
52099
13075
54354
51248
46419
40763
13368
10320
23942
11514
26274
25236
26856
18710
40912
53819
12087
23970
41433
54992
1162
12392
52048
51184
20277
25249
23936
30977
26482
24691
33290
24063
31273
25887
13165
12224
9785
26300
27637
54453
12444
6519
27538
48293
32684
14486
11412
43884
33713
13503
33056
24798
1159
12512
24777
24574
32226
35971
2042
51484
9945
41010
53751
5995
12820
10507
13709
14019
13624
9796
30879
14627
9429
53601
12451
10321
19892
9387
14356
51701
4365
12501
30777
14213
11586
13706
51910
12630
25524
18688
26695
51225
12864
54861
13480
25590
10009
54639
12672
10997
24225
9403
26455
24168
13978
26621
12310
1113
58523
10122
12153
24257
14631
54857
13065
52256
13812
26228
25228
40708
25705
51154
4049
33699
25535
33191
10668
13292
12559
54263
22753
20281
13147
24552
14392
24208
12737
13394
35924
11876
54292
54784
14652
31130
12621
54359
30713
13417
13344
54375
26508
13469
26599
14657
10821
13674
31243
26692
48242
53653
12133
54183
30948
24132
25999
24334
2040
46762
51192
25240
12874
33355
11502
33286
35963
12321
54871
12875
54593
18690
4084
25131
38349
24513
24234
31252
33552
9832
54303
24247
12709
51506
10219
53732
41449
52269
53714
25834
13497
5998
4379
58737
48224
48262
19905
33277
11597
11994
12638
33070
13564
15860
13416
22777
40900
34716
25373
13489
54645
9839
33283
25831
26521
51746
13114
24068
38331
32834
32809
19744
45045
10198
53855
26291
9448
51653
13991
4046
26512
53936
13328
26583
9789
25144
23854
12345
10097
12076
33162
25843
25952
12264
13457
58702
13285
26042
58395
10309
12515
51899
26639
26582
54555
54117
30920
24207
27535
55006
24043
26446
10244
13524
26792
13628
14733
11433
58497
12380
24877
10619
26388
25066
31277
25297
15738
13515
12156
27501
25871
26577
54859
9392
15913
4477
26108
10475
5696
53790
24108
26584
51631
16357
12120
51502
11614
12019
12675
13336
13462
12348
30988
13786
16362
9771
11376
11604
24696
58689
35935
52185
13085
40696
54985
54301
26627
52124
14198
24992
12584
5977
23901
25714
54987
33337
53908
54355
9248
11076
10376
9410
30783
24228
2067
12267
11968
12582
54610
58647
51880
25576
33367
12468
12830
24675
13472
53657
11297
10394
26391
26262
12778
15889
15681
24968
14172
15750
13859
51822
31945
33470
27497
46431
12280
10700
29572
15919
53769
14197
43855
9268
54305
51414
13430
54371
13109
24026
12920
12530
54574
23997
54049
9386
20263
54601
54211
38229
19768
51606
38391
58438
51635
25777
51461
1256
13240
54417
13719
26609
12427
24907
5726
22762
12751
12261
25406
25491
5961
29833
25618
54983
33032
12020
20294
26328
14139
34456
32727
43810
52411
31183
13552
26576
51193
12372
32943
12833
33281
40913
5999
14275
51568
36371
38280
13224
41434
25662
20286
11637
31126
24831
54573
40984
26380
27642
6022
10072
13708
54456
13078
11299
1131
1106
12331
54090
51703
26367
54374
52172
40902
51674
2086
10214
51916
13327
40935
25868
13968
4137
11788
12914
14078
11913
5903
11628
54487
14045
10399
36367
54776
29836
12596
4369
11075
48748
53835
13377
26081
43805
48201
14201
24486
26004
53629
13853
33532
45043
9496
48326
54149
10549
26070
51985
5946
5992
24081
54521
11317
52342
53978
11494
9252
54494
2320
11942
13687
35932
9473
51136
31076
14158
30882
25152
11959
33178
48737
9960
26305
15746
24500
24647
52071
51805
4130
54868
12381
34526
13551
14222
1262
33248
58719
12548
33690
12469
45025
31193
26073
23991
51748
25766
4385
19955
25620
32926
9854
24745
4384
26155
40743
11524
11526
13182
33538
24103
11559
30795
54416
13556
27537
36390
33409
13475
13146
44004
25875
51829
38253
24048
12286
19951
24784
27556
58549
4045
9393
51430
54995
32964
58728
10153
11964
10678
31010
11066
26115
11585
18879
13287
33341
32602
52208
25148
6020
24888
38242
27964
57678
25640
33147
30820
12788
33317
12574
40908
15695
9923
54001
33261
9941
5692
26466
52352
27523
30732
51850
32966
54819
12216
54787
9557
53791
34556
19882
13811
58659
24078
26712
1135
54978
25331
14366
18705
10308
32948
54085
13189
14022
54072
43867
6542
10366
25246
24411
40677
51468
11817
51742
46460
31258
6501
4455
51191
26813
53756
24538
51554
44939
25158
12635
10088
30788
13884
12894
48789
24729
54712
13700
26159
13479
11654
24542
31185
52081
25767
48175
36050
25089
25090
53668
52100
13157
23865
40910
25528
48228
13776
4079
10263
12137
14334
14231
40958
35951
25627
53699
41458
24122
9811
10231
26519
25882
13084
14659
5749
54187
16310
53616
10210
13398
26634
27979
54226
26444
13999
51864
5682
2059
53916
15729
33168
30818
32956
31253
31449
32992
25673
52274
54295
11304
51713
24096
16311
12887
10456
24997
54603
10371
32929
24197
13069
25107
12647
5899
13758
26554
25418
52257
9394
13872
41427
25135
53725
24976
53807
33793
51905
33448
25251
29790
33368
58578
10641
51952
24410
31247
58426
11435
14059
10513
26185
30981
14126
54589
22361
54463
10158
13077
54062
13485
4490
13677
10260
2096
14212
45014
26420
4452
24822
26149
1296
26198
44946
54320
13096
48321
33245
19762
10402
58573
25889
33576
9724
5909
4494
11325
14216
25763
29816
12773
40663
2095
58705
25955
31443
54275
9245
48238
25154
52159
52166
12341
38368
19757
6502
11427
24337
33327
26122
30966
40976
30842
31944
51932
10369
32833
12177
33471
25578
24580
13463
4075
15696
10702
26722
19783
24246
12448
52152
26021
33335
24004
53634
10393
54334
11822
51412
48821
13400
54437
53848
25605
15691
18906
25624
11768
53586
41483
51303
53588
12816
26106
54903
32734
33391
12676
11842
51576
24556
43869
48754
25884
24596
24303
26543
26227
36081
14338
12250
10183
54790
54407
6506
54005
31916
13936
33107
9740
10100
11266
25689
11522
10022
10328
10515
54132
12636
40760
19899
14470
14358
25204
12815
48288
22916
52085
24953
30864
54961
14190
32972
51209
26823
51281
10685
51156
54725
13315
54741
10799
31227
12977
11030
36074
25760
52337
9731
6006
46767
26538
58359
18830
24025
41453
19928
9732
45222
10834
13653
52195
11081
13364
26163
4086
30824
33203
29829
51638
53627
9859
12488
24844
12612
54598
54232
24297
24006
14125
51214
24779
4077
10180
1963
11043
33586
26187
33073
48795
54434
10248
10383
40922
24796
14098
24123
4104
31003
27524
58661
12088
31431
10498
11045
13196
25165
54293
12552
53620
11486
12400
52167
52327
4473
13216
14005
10428
11449
25341
25015
4085
25717
27691
5942
52177
10979
24477
33176
12989
51702
26743
54781
54616
13904
14320
58371
24827
10448
26330
9942
46772
25346
26424
9984
26351
9617
54056
1263
33059
5707
15714
25037
51328
13823
51923
30933
13212
33388
32640
10001
32867
52113
24926
34713
25006
33346
30913
51207
10204
19752
25432
51759
13372
13221
30641
58564
13465
54473
54029
58442
11354
35940
33539
14428
53976
25451
11941
18706
11894
31155
18687
13058
24507
19747
51605
26327
15706
25028
15854
9474
12313
31274
11078
51455
9807
51844
33378
53951
24294
14297
12270
24273
46838
10089
12660
54077
30655
10253
35937
2055
14319
24251
25382
22912
25026
25010
11627
52181
33421
14153
10063
31433
51372
14249
12158
11363
33399
10649
58473
25109
29799
25822
19790
24768
58604
26675
40714
33179
24959
24683
35939
5703
38361
13003
9987
23983
4139
25872
51478
51841
54314
40994
52148
14350
52178
10800
14027
52235
40999
25619
40716
10345
11575
24271
26032
54496
25185
12829
31199
58621
54606
32801
51410
11974
53953
25475
13681
4134
48744
25080
14749
12898
38683
31167
43845
10128
25675
32764
30972
30590
24408
33363
51827
24667
53901
15881
25622
4454
54687
31026
53775
25471
24936
12652
26422
14082
26145
9866
24530
26515
4078
30989
40718
25429
30831
25386
14176
52318
25139
41482
58645
12768
12500
24536
11278
52287
23853
16367
24037
24653
9538
4483
4165
10029
31302
24982
18834
25330
26623
43808
26679
25413
52121
40758
53721
13162
54329
25275
25143
26471
16313
24219
51929
35945
54587
11411
12617
12909
10983
26624
13587
26348
10658
51462
9869
51657
25497
11622
34455
33304
5882
25569
58598
25477
10716
14415
25751
51564
54169
12973
40678
27672
54515
25858
5663
54824
51188
51229
10652
54264
12478
9619
13277
51626
36095
13455
14359
31055
30785
23870
51919
38384
11582
10518
10030
1960
24946
9553
11567
32807
30885
2072
51284
31122
1161
22340
30983
12449
4044
13395
54218
14455
51491
26495
2331
13574
31012
12641
6007
11831
14166
54947
51492
26219
5752
51652
33480
25203
10504
11286
35948
5742
26714
12736
54743
13280
13444
9989
44937
54648
12925
10789
25586
12459
23900
32986
30768
12721
51347
51727
11237
54148
12694
26394
51753
12298
55776
36088
13888
24646
25926
54572
5704
19770
26589
25399
24875
30631
6485
11845
54805
15731
51815
9958
9471
26544
13242
10708
1315
58592
30697
35966
14632
36079
12090
24014
9723
31222
33484
52131
14739
26670
27696
10492
45027
53656
13308
11003
12172
26462
26352
9916
13570
27699
51517
15915
13426
45037
58634
4475
25134
54818
38374
34548
25435
11276
25522
54735
25533
18897
52019
54445
33380
25469
9462
26370
19792
19910
34532
51808
53832
12238
52076
19908
19919
11607
58698
31111
9978
24650
19935
40699
11284
32601
51376
27683
45030
24928
25449
9469
12556
53631
9836
4052
13166
20274
51446
10548
4105
25103
25042
12922
33389
12696
14290
11774
52126
58467
10742
51851
26385
11497
30642
14259
52271
25795
24309
13131
54872
30870
54705
26460
13404
30915
31114
32963
13886
12796
26319
54315
33512
25505
51831
52246
32676
35965
15906
25995
24195
12814
10149
12566
11052
24950
12183
10179
31051
51201
6555
25617
10951
1103
24846
51649
24308
24884
30616
12750
9428
24752
29568
9453
51318
25602
51886
51972
14389
26600
12237
12581
10223
41008
33002
13281
29800
58387
10562
26134
54980
11397
11314
26506
10142
54932
14056
51368
45008
12533
26569
11347
14106
12550
12844
53585
30923
54109
10485
11939
48813
4485
35952
12134
31057
38404
12366
10594
15912
12278
26706
58360
25017
27507
26847
34463
19763
51189
12865
48270
38694
30571
25589
32694
32709
12557
51334
10817
26229
33522
48208
10446
48820
51882
25712
16360
12645
36100
26230
32723
25096
51167
9852
5896
15939
25156
25316
43847
24338
9909
12046
24852
32999
9870
10087
25965
10736
24184
58585
32975
31129
54797
14422
12419
53859
11536
52020
14316
38227
6019
20271
25318
12295
5658
26396
10778
51307
10598
51795
25150
1109
13210
36042
18826
10660
10129
58441
51291
5725
13635
25368
10664
54558
11921
10472
54885
40700
53928
10000
54526
54631
43801
13937
31165
24301
40915
31263
31441
32242
25828
34707
45017
33009
54569
12661
38345
9954
52061
14440
51876
30587
32657
4120
12198
14732
15897
51486
32824
9990
58613
54761
51196
24143
2319
32933
52213
30670
4364
25669
26629
19764
24189
25649
52155
13046
26068
24052
11547
54123
51338
11777
25804
10330
9998
30936
11853
22358
30561
48266
24818
13081
38398
31080
14745
25832
13723
15916
24173
24475
25412
24268
9540
58370
53664
26171
36395
53917
11365
24066
24887
38228
32866
26669
12983
26687
52242
24657
43828
12220
13877
54069
12339
30678
48207
13616
26302
26474
11544
51685
25018
58466
25948
10364
11400
19796
54591
11489
51612
24923
58526
4168
25400
14651
11596
34470
32618
9641
40939
33449
11852
25075
53824
14064
44931
58694
26340
13932
48743
58394
25746
31099
12583
53948
13522
11885
52055
13577
9713
25597
31079
11844
2322
54008
27944
24384
24700
10547
54212
15930
52237
26800
40924
9404
13331
15754
11511
23928
12860
30582
54038
19774
51118
14014
58587
54443
54480
36383
25394
40931
34517
54808
4481
58662
27962
38400
25913
31077
26700
58448
24591
30618
25688
31145
10292
51589
10600
25784
12854
48773
14244
26322
43800
58554
25853
16339
11424
35979
24022
35969
41440
53684
12795
51951
14317
54633
31295
26151
58459
9896
54762
9880
24830
13169
4067
24342
48209
51516
24727
10346
26745
38394
12644
1306
30705
52210
11466
31168
11501
12104
12442
19917
33173
26332
54756
2340
25215
31234
58588
53798
54745
33794
2073
52407
14715
22767
9402
5733
31176
40736
54588
13778
24471
40737
48300
51125
24919
2328
33326
35980
11786
13558
32922
58415
12597
25571
12473
54426
31150
30840
26597
40940
1319
51144
26015
19797
54162
24467
26407
10625
15926
30942
10441
12892
26540
13885
51427
24726
38681
26503
33711
4148
4048
12266
41436
51467
10307
38222
33692
14206
32965
11285
38256
10245
11966
13726
41459
16342
11408
24841
30852
54977
54244
25005
13504
24549
30993
19880
13861
31226
10109
12932
38672
5922
26573
16333
53955
25567
41481
51448
53669
30620
4109
10761
27504
54836
25349
14015
51764
5716
12960
54449
53683
1317
10949
58674
43863
10058
12072
22364
31060
11331
9431
25319
33590
51613
25752
47596
4158
12357
51523
51271
13779
31104
24679
24676
11414
53614
30556
51380
31187
51814
26721
40725
13156
54642
51340
53603
51629
38347
24388
12114
14403
32880
9717
10828
12368
16332
30733
12534
51600
54250
33697
53576
23976
9479
23920
14240
51628
12906
33080
25691
26397
53984
54673
13490
13946
24088
31214
53705
11619
26448
10114
58531
14754
12779
24315
26676
13657
34473
11563
54333
9615
24007
25594
33390
51456
44002
9439
51533
13086
30593
9266
38684
9873
13868
51223
54647
11640
48176
10529
24478
24537
31228
52018
9627
26240
25595
5762
19930
51096
10155
14425
31125
4116
54651
10340
48320
31024
52043
24567
9426
26165
10201
54803
51810
13650
22359
15733
12241
23923
26533
31216
24600
4131
5662
30779
9520
14192
25329
51583
13631
48817
54177
54430
25120
54869
26189
40710
13161
9950
12405
18885
32848
11077
25494
10365
24084
35950
27959
25781
5764
38276
9628
11647
14210
12998
4178
52198
54260
4184
12700
51550
15707
40705
9646
12141
25176
58706
26406
5673
10240
36054
12171
22755
30927
9510
24336
1257
24788
10178
34464
51274
33250
26301
24681
45050
12546
26664
54562
2348
54483
58652
1968
11997
25972
10640
24155
58389
24742
23951
54306
43854
2346
10530
33110
13332
5755
45234
12725
10398
12794
22332
14300
24031
5705
9824
25864
13762
13901
26801
11554
25583
12573
51158
24331
13116
10973
31254
26484
6559
41442
33490
25989
41445
32806
52128
55004
12330
13916
15861
2056
46835
52301
12487
25509
20296
14340
14729
51433
31035
33091
12600
24571
51909
54441
51752
2341
30917
12522
26403
25409
29571
26816
31044
48229
13604
25033
19938
45226
13002
16348
54892
32668
33130
10291
33189
25732
23981
26276
33516
9962
14036
30611
10717
31200
25901
11389
31038
10753
25919
9898
14723
40928
51265
11384
22928
32673
27554
11969
14105
30580
41414
31430
26402
25198
10075
12144
47361
33194
54754
30636
12436
10589
12542
11878
25639
11912
12050
24635
31027
25654
13125
25038
27953
33450
32761
13600
12543
13016
24341
52012
9737
10265
45242
30943
12678
54101
13153
32853
9881
53803
12489
23995
33798
51767
10404
51327
30693
54059
48762
26759
24515
14388
25525
13437
24110
13446
52030
26760
32659
30801
5912
25463
25904
24180
51992
5975
33566
26732
31005
11999
15910
14344
12503
33183
9420
12558
13825
45018
24396
11373
51768
13742
58517
43880
33298
26780
51936
14381
26572
52222
25351
33229
43852
13220
24399
25745
10586
20275
51169
24637
31179
11574
48766
52217
12069
14421
54185
10221
13263
12382
54990
24652
10505
13207
54110
31915
26132
19759
40995
13841
32612
2330
33272
4470
13891
11602
15716
26614
47358
51255
11621
16369
24381
54242
40765
4460
13630
24599
10356
13528
13975
10150
32759
13673
22703
12379
4150
30706
22760
30798
52080
12936
24581
24015
14081
33799
54167
11024
53759
27643
13371
26012
12507
33362
30572
24986
51921
9965
14284
13843
14370
10237
10730
32707
51890
18814
26848
13531
25625
40754
13928
10354
14712
9755
52335
19944
32680
24070
47595
26206
11992
11858
33150
30621
11305
48325
13004
4050
4101
20295
14753
51614
24382
25456
40888
26350
12129
12312
9955
25189
31224
32704
54732
24340
18910
32815
2339
53954
9727
9432
58568
19870
48798
10815
12190
33348
26467
51268
40951
20276
10752
24276
33347
58675
9384
9921
51930
10622
10333
52163
51224
12328
53971
5687
23946
25924
10634
30866
19954
53688
9764
51470
14138
31271
31141
30978
13112
22921
41463
14257
54669
52084
26232
13080
54856
13890
33446
13392
24669
44935
32722
23963
32685
26516
31211
25417
10682
27651
12818
40649
38402
32917
52056
33381
30647
11359
45220
25900
51243
1096
52008
25943
24843
48286
5659
24885
13117
26007
14066
27540
24039
10405
9636
44926
10067
53701
54400
12900
26418
51218
15875
24191
15693
13505
51322
51520
32846
26290
10421
54525
12401
51663
12588
6518
51669
11493
11039
11887
25794
51121
33554
14384
54342
13289
53773
33089
12791
45225
25369
24217
13950
26457
53787
25892
23999
33531
25049
26020
33415
24395
48330
25816
32683
31162
40656
5713
54048
14365
22758
38350
54138
54227
58734
12808
36382
32955
54739
54082
11388
25160
33090
6511
10495
12082
10525
10471
11825
9452
1154
51408
12426
12554
53677
23876
12849
32636
13050
10463
38379
45040
30634
33443
12229
12492
26191
12163
13278
13099
14011
10200
25962
10958
53833
10444
10952
30949
30968
12846
14239
43877
12215
12505
22929
51999
33197
51283
44934
30877
15843
48322
48747
26469
25721
40688
14228
13026
34544
54272
6499
13391
11937
26483
34521
22701
12160
51439
10738
26184
4040
25465
26558
33452
54744
26140
54220
54630
11555
15848
12272
30871
54189
10672
10797
26477
31265
24312
10141
33393
47679
24275
10829
24773
13236
13375
24277
12811
26376
30805
25170
12067
33322
26531
9549
26303
26164
53950
19876
30666
20302
24996
27952
25579
25730
22759
51574
51788
45231
12460
13899
13272
51236
22352
12628
40892
24854
12781
25800
6479
25925
5679
31089
9926
10820
29798
25881
26039
30645
12985
25034
25191
25537
25352
12869
9983
38680
23949
38273
12605
51717
13696
26046
26027
9772
6535
12284
10156
26287
26244
24147
51324
13780
13702
12318
58430
32996
10814
4107
11638
11302
11909
40977
52206
12417
26804
43799
13837
58364
13727
36092
25906
47593
10520
40926
51395
33316
12058
10831
26715
10182
54664
23987
26243
5964
11515
52194
41423
24005
24861
25839
12536
14118
52095
24034
20279
4171
25753
14076
11430
26311
54772
6031
19777
13561
15917
12497
11927
25278
11437
53736
30608
11339
26803
32698
30971
24816
54764
14020
54467
26426
10628
51825
29824
1143
13486
24082
30675
58729
54377
27675
24179
10957
25459
41420
22353
11059
51875
31293
30992
12560
14435
5680
10003
31004
14236
27671
52110
12075
25642
43888
14399
12367
14251
10721
11020
12406
24645
53737
24764
33497
22771
33094
15895
51673
25124
54421
11289
10438
10528
11320
58520
25709
30855
26822
10614
52097
24810
26298
25223
26505
52049
9550
32711
54287
10202
51646
54271
12376
11346
34703
52074
24347
18818
33292
11040
10324
12513
51570
45022
14500
26735
25250
25375
12000
54999
10632
4095
36057
46723
11631
51471
51454
12423
51915
13615
53930
41486
58725
25397
14071
27685
51865
24708
20284
25756
54412
51450
6487
30606
16327
9988
38223
53820
31328
25140
12809
53990
36370
14023
24474
25257
54198
51645
24146
48801
12167
11982
33392
12404
30665
33510
12287
51582
10812
52344
14642
20292
26781
12161
10189
10154
9629
25325
13536
33268
48243
52127
54289
9657
27527
14721
11662
10653
6526
24961
31245
10358
54476
4065
33031
9747
22362
19912
43862
33313
11626
1967
24065
26408
32632
20293
13840
23941
24226
40731
4055
29820
54982
44949
24267
10575
51859
53754
24847
10069
24148
15704
51277
26580
33034
32700
13907
51656
24409
10416
13573
46464
54413
10295
53768
52023
14305
11037
34723
13121
30695
13246
5994
24265
52227
25613
14278
12594
5952
30613
26038
31259
24525
33345
45032
1107
14217
25458
29795
13920
25651
9606
11058
12787
25542
9397
10027
14741
1973
25446
13539
44943
54379
54615
24962
26820
26476
31291
31266
24980
5886
14476
54621
54013
31143
52138
14184
52402
12845
24293
25181
54543
11816
29792
32891
10609
51415
2094
10193
12308
51351
51363
13092
25694
54636
13271
51681
15740
6540
13807
51562
14426
54659
15722
10698
54141
54415
12826
11947
36107
46717
27647
25476
26261
13211
1312
26430
26289
5893
34460
51140
27552
46424
15719
53708
35960
24945
48800
9761
24731
58508
33476
12498
10259
34476
32893
51632
32874
11971
31242
24930
12192
32677
51732
13957
54706
25184
58543
10108
27531
53743
40960
9443
33035
27966
30899
48297
10207
53649
25079
10331
14083
33385
13847
32628
6537
24546
51950
58400
24211
33568
40732
10546
54324
11763
30836
54537
12391
10760
12438
30698
26082
33120
58726
11603
14061
41462
54161
14234
24987
51807
25266
6505
11790
13918
33018
30940
9994
51503
34472
24785
54814
12981
9498
11016
53913
32587
13507
33151
25857
46418
47567
22770
51528
58378
9614
15703
40941
53632
24823
38376
54065
11054
11659
12745
10106
24170
32699
30619
11854
12693
48283
18693
24242
26490
13500
54755
54423
51241
14341
30638
54326
13579
9507
31434
10443
14409
2043
36101
10816
34468
1105
52041
26535
52054
9751
24808
4190
26710
12748
33022
54024
11762
54894
54174
33096
33719
13596
25259
27664
53618
25641
38356
15842
14189
19798
58423
9444
51453
58474
31030
51710
31095
54963
51401
13482
14242
24860
25097
40893
24050
13219
52323
16315
33095
51943
10341
38387
54721
12689
25281
54731
54404
24218
30622
10511
11345
15943
13014
13755
31306
25362
58714
25022
2084
13772
10977
33536
24882
30650
14424
15710
13985
18907
27510
13424
19746
14398
33548
13998
54736
33159
24871
11849
26299
25942
33537
53839
41432
51801
11512
25682
26416
25338
36386
45033
14321
24199
13675
30914
43883
9648
31019
26696
51375
34722
24141
10541
10467
25267
16366
25245
53734
54855
9457
26810
12766
10555
40740
58681
33553
54674
51464
24156
1977
13387
11031
5701
14656
13097
9966
12987
12274
32724
11925
24539
58385
54793
46757
51513
24470
11838
5911
1261
54752
12733
14441
14438
13738
45238
10531
29793
26615
25398
53782
24145
10597
25059
19887
48780
25552
33148
10648
25953
48244
30956
38260
26689
9743
4198
10796
19785
18819
5914
10580
12388
36380
11259
25863
33109
54280
51416
11660
12396
47582
1140
12734
12176
4188
31085
1110
53623
51838
13720
5732
29823
38219
11601
23945
53823
58355
27668
23932
48256
27955
2075
26559
24205
30878
11249
24223
51282
13654
12942
58619
36106
13466
10338
13770
10384
32799
10623
52060
24508
2335
32678
25596
23912
33214
25568
5710
11063
15902
18698
12940
31149
25087
30888
12186
12289
4118
32981
5930
54719
33350
15735
13713
54629
30998
52157
10379
58736
13585
25155
11519
11356
33263
24161
5940
9460
26578
11801
22779
24943
14407
11422
13320
53915
54561
44950
11977
11651
25665
11407
53802
25888
52199
32968
25758
58486
12577
25903
53900
26731
12285
24811
26717
54586
25129
44933
52270
51290
24089
10588
33493
58571
48303
10038
26480
12927
38358
10298
35962
26644
54958
12105
25074
58605
12701
24333
25286
32635
13926
10255
12178
6480
12373
52093
30780
51935
6510
4089
14414
54748
19874
51602
24559
12415
54409
34715
10273
12136
31039
25742
25439
43872
51873
26601
25353
10481
11650
12707
24502
24526
10093
27634
10224
36063
10675
24511
10165
58498
52052
14482
54789
53719
24304
26077
51469
32736
23904
38355
51637
51171
54626
9837
33500
54017
13834
53689
53909
14750
33513
30903
12553
13963
26463
52077
12679
5965
24881
10325
25644
13584
53022
11484
24564
14400
4478
6481
58576
10592
34453
40923
27701
9856
25258
48301
31163
41465
13560
5656
12713
43864
53666
41474
14299
5916
31232
24320
10230
51720
58562
33075
26727
53685
24878
13145
11919
32935
10576
10239
18700
51857
11288
30837
10725
10767
31913
54481
11993
30929
14378
34559
13140
11082
12719
33029
12625
24491
38352
24343
51860
53983
54867
10748
51997
40687
54452
54136
54523
51895
10335
58403
13567
13875
54395
19883
13241
51194
14655
25260
38686
30776
51295
10689
54490
12154
33100
54323
36084
26806
2354
32608
24809
13354
51150
20287
40907
31231
38241
52016
58716
26795
25599
52292
52308
53767
27508
9742
11358
13155
9463
54411
12910
51893
54357
10473
11406
24011
14001
11478
54179
52291
4371
26708
31312
14722
32710
30957
9783
9840
30612
45243
24978
13208
24735
14117
13729
14090
40750
23898
46837
4500
12950
25116
51417
48253
31070
25598
25111
10406
38682
25023
9862
11943
32595
25113
51975
27543
12296
2334
24206
27514
24286
10315
53845
13578
6490
34539
24400
13324
35926
10633
10756
33282
51692
13194
30595
24795
45006
13269
24553
1305
11256
54906
11303
33072
13553
13136
5698
1958
12590
11861
47357
58599
5962
12350
5748
13964
16356
13692
9844
54184
34454
25388
13534
12301
33121
26532
9508
12918
12395
9767
24020
30637
54972
30629
36073
54738
32639
58695
13202
10690
24642
25173
26685
15892
51463
9658
54074
31127
33241
33005
48778
5904
54087
51956
25500
1304
25283
13063
41421
32895
51190
53643
14050
12782
9849
10474
54160
24673
54387
48254
51918
32803
30762
54196
53810
54596
33233
26117
25744
10337
51474
31205
10176
24080
51940
12972
54799
33439
33491
10357
51115
10103
24510
25186
54870
19742
35949
31016
32919
14286
34550
26763
32958
11504
11441
25392
10380
11951
58450
24174
11015
30857
51422
25949
10540
9748
14495
15891
30909
26220
19949
14277
23897
54420
13818
25630
26663
30690
30630
11290
33334
51257
54696
10993
30626
30890
51830
10296
54620
54581
54934
25734
9932
13525
9714
53663
11579
43858
32598
9255
24941
13655
54671
31316
54817
26304
25453
24738
23905
12593
46422
32796
52015
26716
12968
10079
24832
25094
1120
10011
33578
26857
9888
11041
54708
27630
24918
54597
40748
14645
45041
13945
10596
35923
13852
11840
24118
40686
52035
9827
25355
54233
14489
25780
14638
54505
12338
24090
10256
4146
58570
1170
27512
10105
20272
51659
54393
32936
25334
4196
11419
10808
6532
27677
12494
54262
51391
31137
54239
26288
12885
11829
11828
12508
40944
22790
25311
26653
32879
9486
13617
54853
12654
5666
51526
33573
33504
10709
40682
13908
34528
36097
33714
10774
41447
14716
12823
13815
15721
19775
24751
40684
54795
33551
40920
25808
31269
58455
32245
13148
13456
12453
5895
5753
11293
25224
54442
54698
36103
25180
6012
4180
13703
12475
24799
16372
10007
30640
31943
24012
14289
33589
4114
30876
25350
53891
51203
11064
14410
12572
31249
11970
51611
4497
12062
33213
18892
19932
4097
16337
33515
32651
4373
51465
10536
13878
11794
25629
54466
25986
13717
24973
4061
12349
23953
53639
6016
51246
38274
26421
14224
46765
10062
12194
26691
13054
26253
40970
15724
31225
13082
11270
12003
25057
10728
24311
51451
48807
24801
25588
40889
12371
27662
58512
25011
1108
2337
31008
48755
26674
12397
58503
14454
26003
15888
11933
12893
14465
19788
54843
15688
14033
30907
51698
58552
13662
9406
53686
24668
13629
54508
13217
24800
1144
54269
25296
10439
54376
9953
51345
13071
23851
10084
33273
9655
25718
53710
25188
26343
44006
33020
24496
30974
10543
4069
54666
25326
2063
10422
25127
25728
4498
32860
1309
10060
31096
54166
33081
13639
54471
25065
33287
58637
13032
54796
10434
33210
12667
53690
12060
9925
25545
36385
13447
52276
25372
11892
54858
24393
11797
38334
30987
26167
26617
13533
11855
11417
13009
13689
26755
26368
14307
33206
40651
26265
10257
51577
2343
54686
51390
58560
12314
26398
11239
10177
33217
9541
26127
5718
9775
53903
33161
5685
22363
25727
51358
11569
54602
9500
12992
52284
11477
53856
11895
32703
12943
54044
45049
14296
31022
13701
13743
1311
32718
58676
24935
48776
54011
51888
20314
26381
14177
40722
11664
25616
25214
33413
26112
54068
12805
31154
24670
12181
4037
11071
18880
11296
26736
13627
51897
26412
45229
5754
55771
32649
11242
26777
26812
54210
24261
32890
58641
53624
14329
23974
22765
13397
11517
54874
38392
53672
54571
29925
14492
54544
12637
12079
9555
5756
26337
26733
54113
32731
51394
9468
25710
58616
13048
54027
40930
33062
5970
30908
6508
54277
30555
58483
45038
58589
13688
13621
44003
10123
11804
53799
36080
13836
9944
54850
10316
45227
24121
54700
12934
54897
15954
18828
58464
12856
33418
13205
43860
2336
24767
31144
31067
5736
26677
23992
52001
38703
33166
12608
47591
12760
40949
41408
11440
32887
30867
25928
29822
40991
51966
53972
32624
41411
10630
32991
10517
13919
11312
26502
12490
13100
38246
33175
54580
35958
24002
12526
58401
10390
14075
5941
10305
13299
10693
24305
13699
47363
10068
52017
24021
33318
10746
12895
58446
13461
52326
4469
10172
6561
58392
13851
25172
54501
25414
1258
11823
30869
24981
6011
33521
58630
24248
52034
12009
31014
13025
53842
12486
26486
15924
51803
32886
13349
53727
24201
13431
52224
44941
10686
35947
15931
38363
47681
12903
25043
9399
25885
33098
25638
11343
15744
12053
23954
52285
54022
13830
54849
12789
12302
23948
30573
12657
31136
22331
25014
51633
54318
11510
12954
25357
27973
51683
52098
13233
31147
48203
12337
51452
54925
25031
30925
12424
32688
25929
9632
25958
25041
26841
25957
54941
4160
25731
12702
12001
13970
12863
33321
14107
14653
12135
54928
46462
30926
54649
47597
24072
12516
11541
14323
30772
25591
27945
54115
10822
51832
32637
5979
26071
14335
33016
27557
14094
54081
38697
54878
52265
33445
51496
32616
25626
54335
15882
25324
12093
11029
53748
14367
33068
24547
15852
26186
12055
18811
26252
12609
4450
14413
11646
38388
31107
13325
48741
24318
15914
33546
26051
25288
23852
41451
13132
24722
33698
15753
51994
15741
6023
25697
51472
12974
45246
19776
26255
24958
10450
32596
13185
38266
51361
10322
31447
13137
12947
13357
11425
26043
11475
40666
32823
53896
32603
5653
53849
33331
33247
9389
5988
31146
5969
34538
33342
54014
30963
25862
25482
34702
14024
52086
12065
30623
43807
31045
27502
27682
32932
40744
12045
24162
14382
13192
13619
58556
32995
46839
33117
5892
9868
12971
11815
10048
26550
16358
24565
48218
54095
15697
11890
12659
13914
9544
45241
2054
53605
12698
11568
52339
26308
15922
12493
54875
51593
10552
53730
34524
10215
24323
45230
54531
20303
12601
58532
54373
14386
32924
53635
10170
58563
34522
15876
30585
38338
9522
30703
10538
41407
12041
43882
32946
13231
31011
19794
31153
38378
23947
25593
40901
22780
11534
51664
52297
40671
26041
43818
10593
12671
24074
13538
33329
11353
5957
9738
12036
15846
51634
25016
1975
2351
13098
33160
23943
44014
26130
12356
12772
9967
10120
40761
58404
10833
11813
13948
15685
48279
14188
25291
30554
26747
12140
33027
33049
9934
45031
14041
54767
2104
54041
27515
11049
2093
25282
14461
18900
43875
14144
31133
25230
10064
16340
13487
54356
58707
25782
53958
14167
51981
10691
11897
36068
30931
11462
15908
48314
10535
24003
24258
31074
51473
51312
25205
40903
11310
13953
52112
10787
26150
11236
44938
33231
13408
54358
24112
10070
4457
38381
13594
53805
54773
25606
10557
33382
44012
10161
12944
16320
11884
54240
51945
14390
15894
32938
11978
10781
25879
24200
23869
54715
11309
26821
24073
11255
58496
46764
41466
9777
11338
27700
30865
5763
33517
1980
46417
52238
14162
14473
52415
9746
26210
25361
32701
12291
58373
9644
12690
24049
33087
25431
32993
41419
14402
32706
14225
9493
26590
4151
6556
32689
46430
4059
53846
12002
24589
10514
25543
10303
9659
54768
13897
13660
52211
51853
10314
30646
26443
25671
58679
31158
54302
29837
11258
13088
51743
53709
4464
13297
12955
13898
24732
9551
14387
58672
24466
33154
38236
24392
54628
58668
13592
26766
12421
26497
53973
13253
24813
12578
26387
13554
11370
26842
31210
15856
34535
26681
33122
54154
58696
24829
30635
11368
48211
24387
25789
1138
1302
10213
12729
9964
26751
53681
12299
52064
14245
31235
6546
32692
52289
32669
14475
54646
30793
23919
13612
18881
9400
15686
54823
51459
29923
2318
1956
25556
4071
51234
40988
12861
25548
44945
13309
53991
23874
13445
25099
24677
51152
33792
41477
10776
9795
51871
18884
10232
25508
30894
26553
32615
14009
25309
38348
25987
13680
53840
12052
15726
26374
15949
32619
25040
10188
34515
24967
52251
10550
54390
12108
12471
25003
13198
23967
51809
13892
14194
9719
10836
51342
31321
2041
53641
26631
26024
52160
47687
48786
6005
51231
52139
26725
26557
14318
10169
51787
25959
14333
26364
10607
9744
26006
10611
9843
24390
24249
10019
24951
43809
13591
52109
51607
33584
25377
26746
40980
25253
33356
12123
24876
14276
32997
11420
51723
40982
10194
5934
10824
16368
12332
23959
25070
31065
51689
38360
22764
31322
54040
10266
52252
26513
51262
33466
13543
36104
58704
25937
24730
10506
