186
263
222
228
89
182
9
73
38
85
178
23
215
78
333
20
249
36
355
205
231
314
241
309
230
94
101
375
202
167
80
110
183
8
326
288
318
130
401
325
143
211
99
317
305
141
44
342
384
389
159
197
138
219
361
399
320
351
115
104
136
196
233
165
379
382
65
383
58
83
106
281
171
252
286
15
156
301
221
137
225
321
135
26
316
353
271
24
237
13
367
356
349
86
373
81
329
385
17
45
147
289
177
360
12
33
280
67
55
200
352
3
108
377
327
84
21
198
166
387
213
344
306
123
132
40
338
61
341
335
300
107
392
313
56
334
154
54
217
274
232
302
42
265
149
299
184
168
370
37
236
62
30
139
310
2
374
50
128
176
153
261
51
60
117
258
70
39
109
348
158
248
10
350
364
257
203
340
297
179
25
260
259
246
175
267
395
224
354
5
125
133
238
68
214
390
96
290
199
1
204
208
378
226
191
29
146
368
245
134
319
150
102
88
278
210
253
269
235
19
362
157
105
32
188
131
69
270
363
163
311
307
66
53
359
264
140
223
242
277
72
87
255
187
174
75
192
315
77
164
90
76
393
343
71
27
394
129
365
397
119
49
63
193
162
97
207
256
4
396
371
95
347
160
332
295
391
279
0
120
218
195
31
41
201
127
282
239
206
336
64
122
285
262
181
234
16
57
266
322
43
339
28
169
346
144
330
292
380
14
357
18
402
190
324
74
118
240
212
151
124
48
