10483
11585
5304
1758
4742
2899
5491
2946
3974
3152
6950
5881
7591
8327
9917
12266
7682
6705
11880
579
1492
1003
6877
12304
6742
6754
5339
11726
9208
5949
6241
5398
10769
8668
6008
9774
7736
366
6276
5402
4876
8193
4869
9964
11488
11608
9044
11352
11257
10928
262
6169
9982
738
1755
447
1328
5836
10857
5213
5465
5937
10697
3135
10924
2864
10287
5880
1459
4839
11027
2857
9247
1298
5643
6936
9702
106
10154
3117
252
8643
8911
4911
7193
7613
2085
5790
11182
5214
1652
3365
375
8271
6002
5384
4495
1535
10298
797
3443
5904
6966
8546
3012
10191
2255
10767
6026
7318
886
10016
4347
5245
11320
9438
1261
11071
6396
953
5519
7
7904
6017
1669
2394
156
3808
3865
3762
1584
471
981
11538
3710
847
3515
11268
6512
7017
9985
3895
9367
2793
740
10981
1236
10690
10927
10992
7089
9874
6835
8689
630
10665
11139
6764
1656
11531
11281
9253
7014
10830
2103
3744
11370
2182
9846
9563
3501
5584
4177
8031
4901
4267
9262
10260
2318
799
10261
2714
11325
4718
11051
11643
11651
6840
12316
7110
1383
5358
3095
135
12242
11450
3985
3782
5889
4890
11894
7112
6263
3335
5946
3902
12229
8741
4046
6439
11280
7107
683
5359
10238
4777
2168
10472
9473
3153
1151
11832
4296
978
4311
3118
2502
40
7763
12292
806
6759
1540
4272
8576
5278
5749
1907
12335
11936
9468
10289
7182
6552
8003
11497
6731
10785
10118
2227
10818
11495
2652
1501
9391
10280
11652
8354
6132
2685
1224
195
7679
4331
6326
8807
5502
2985
2144
704
9201
6621
7450
5271
4431
11025
12036
9610
11858
9190
4563
1118
2650
9654
10674
9475
12021
9457
4035
8840
1106
8362
3918
3076
3750
10702
3627
7990
8412
3048
654
11008
10668
6486
10762
10894
3891
6709
2772
7338
9900
7177
1316
4445
1278
6893
9324
382
947
8177
9398
4449
1389
7146
9327
1060
10777
3191
8894
1310
11290
3194
7897
12315
2906
529
10197
9811
10963
1318
10126
1477
5350
2669
9320
3917
5848
5182
22
5631
5406
1245
7985
10131
11595
8984
1635
9442
4286
4641
7184
9666
5131
6076
7255
10042
5558
403
11523
9572
25
3572
9834
3949
4915
8673
6747
4153
7905
10685
7964
9273
2162
3002
11505
3768
7363
430
10305
12102
9564
3116
5158
52
6907
4039
3404
2976
11498
9087
4633
9392
7237
5528
6128
8899
1597
4688
787
6166
7198
6721
4004
8904
3925
9135
1011
2883
7034
9857
2897
11762
4111
1796
10439
7491
2417
1819
1873
3866
2332
7565
4570
491
7545
3025
7391
7423
5719
3966
8268
5674
4746
5991
7894
11792
5000
6409
10373
7158
11567
5480
988
989
360
5609
912
11457
755
11341
9701
1054
2226
6019
1880
7189
9139
7086
8308
9080
6648
11261
2078
1323
7279
10175
3843
7411
4526
43
6252
6970
7716
3399
3510
2941
7212
9348
5446
292
10531
6959
11854
1164
11376
187
3226
10885
7849
1794
8727
1285
2986
5082
5543
2015
5123
11656
7447
10012
7844
652
323
7412
5435
12136
157
7801
7734
4867
4354
5647
9424
1624
2880
3210
4922
8783
1254
7081
11428
8777
9903
1850
7778
3326
2413
523
8288
4914
8134
6345
349
2236
6265
6200
6833
850
8631
12239
743
8114
9603
3493
6043
5592
10969
8258
1135
8764
3022
8669
2001
4151
11670
10075
6040
6616
11979
8672
3111
5152
11781
12339
892
8652
7259
11434
2729
12238
6888
11019
3345
4536
2694
2324
9516
4490
13
11470
3590
4276
11921
4727
5549
10159
9183
11350
9126
10229
5428
2764
10555
7367
1157
7139
1071
7661
4617
2250
2426
9155
12256
7614
6874
5208
6205
8779
8710
4215
3753
9592
1628
5546
4522
10724
10355
10575
9434
5453
3642
5080
2152
6402
3524
4476
12331
4427
6061
3033
9332
6975
4120
7915
3561
12056
6168
9283
913
1390
10333
8566
5287
2607
6885
10123
373
9361
4304
1991
10452
6579
4675
9806
3340
6735
4107
4456
12311
5771
11612
1518
4325
3836
2659
11447
5438
1933
9123
1315
6045
8228
7473
8712
4949
4963
7266
6991
2868
896
10569
1356
9556
1516
457
2481
2149
9049
7147
9599
6056
6786
11095
12144
4057
11695
8387
7227
5290
558
5967
7764
1094
10530
950
1464
9908
11540
3769
5589
1125
8992
7046
5943
9665
1041
9681
449
4002
4717
10421
5202
8810
9704
11869
1152
8731
701
6167
11673
6175
12068
4090
2351
655
12372
5140
7512
1650
8752
1001
9288
8071
11580
11553
7601
2471
522
7256
5192
11382
6831
8636
5540
6518
11611
8044
10023
11438
3684
4882
9983
5400
11674
3198
4489
1387
9508
9722
8160
3436
1889
204
3251
4203
5096
10484
126
8052
7118
5211
12064
9319
9244
3889
3415
8931
6424
2073
1694
1099
10717
11522
3747
7345
5535
4682
3394
6963
88
9229
8989
9408
3513
7780
1971
7502
3423
9904
355
3948
8456
451
1587
9079
5009
1898
5662
2231
8844
4908
2492
4852
792
8480
535
6408
287
7485
9589
12148
7804
980
5235
4443
2730
6020
8048
10466
474
10539
7861
5224
9544
12137
11742
4105
5781
7523
5016
11355
1415
3298
8458
8183
11961
2558
6147
2435
2358
1701
3485
3301
8895
5613
11173
2127
4337
6615
2217
11489
10997
3017
9719
10378
11307
5100
8225
9104
9967
7588
6869
11629
6606
3722
6429
3938
2786
9196
1105
8512
8180
4545
4640
7128
1166
4967
2233
12303
6611
11311
10836
11340
11337
3512
8212
7932
282
8588
11046
1727
1141
9269
3071
7730
5463
909
2361
2553
9376
12070
2449
4961
4831
8256
11806
3234
8944
8276
11200
515
246
9314
4874
5563
1809
11153
10930
3055
6156
6813
9294
12351
7577
1068
12110
4037
2254
1847
1257
7045
10861
4275
3531
7971
6015
826
10498
2715
10967
5732
9471
12353
4769
11730
6506
9357
5532
8776
4927
10172
7720
5343
6123
5242
10157
954
2625
8988
9537
10015
10136
4656
3408
6908
1563
3122
10152
8317
543
9147
6010
5787
7153
5870
6666
10675
2556
11474
10208
10162
6872
4721
591
9791
11677
3089
10457
184
1802
9505
6187
1418
1924
5219
684
5190
9738
9974
12252
9624
11542
9045
11984
7029
9875
7681
7966
9664
7175
7364
8987
1258
1181
296
12273
6758
11562
2980
100
5653
8352
5450
4824
8125
3165
39
4073
4484
6837
1150
8319
3574
9242
7251
3981
9386
206
5248
23
6074
8068
1146
3065
7253
2460
5381
9379
133
3544
2826
9832
7055
2736
235
8755
11990
2921
6021
6569
9570
7526
2012
2474
445
4725
12312
3315
10308
2997
488
1690
8942
2386
5992
8145
5525
5258
1045
6592
8781
9858
9179
4845
11402
5374
6458
7711
10166
7833
750
5231
11399
6816
7769
6782
6862
4098
9838
4615
10588
9916
8314
613
9369
9132
531
6646
10264
3584
10656
12318
10639
9217
8413
2398
96
8646
2275
1498
9133
3653
4917
9118
4898
11387
7946
10494
9115
8540
5961
6847
5109
2456
8433
9698
11199
8488
9036
2995
3192
9385
8711
3397
7573
7793
5478
4274
3519
4703
11610
11075
9462
11053
11103
11446
10610
2536
6331
4185
6906
1314
6688
3812
9022
2782
8218
11829
6411
7436
5295
4420
11857
6571
7943
7005
154
11091
5966
6090
7303
6415
2142
6451
2645
9488
3906
10581
7518
7336
514
3564
10995
5111
1282
2755
9615
2160
3424
12008
11867
7856
1534
8491
479
10666
7011
11420
12197
3521
211
10950
3370
8364
12183
4929
11808
113
11479
546
6262
5159
2395
8486
528
9536
5808
6063
3244
645
8240
221
7457
161
251
4047
4315
7270
11096
2741
7042
4528
4402
4636
4828
6381
1366
3969
3053
1633
4830
4849
11518
5913
9547
2833
2689
3062
665
5926
3421
2944
7085
2832
9893
1039
7556
10490
7817
7160
5958
7709
1546
8575
2609
4293
5057
10211
10736
614
12244
3275
7397
4616
3634
8748
4321
8625
5466
2644
8996
2874
305
5162
12037
3026
11891
1122
8955
5133
11849
1787
4122
2523
3626
1764
8194
11327
10921
1484
4137
11507
6083
10823
5417
7183
6879
4983
7439
7725
12184
12319
8127
8155
10259
6373
3367
5604
4320
10621
4356
5929
7846
935
11964
6997
9913
317
1191
268
12354
2279
4368
8714
1871
4364
192
4543
3073
3350
9587
11902
8774
3477
3603
3534
7786
8468
11892
3077
11935
6993
9029
8409
6934
8010
11601
5594
10652
7151
5687
12338
9541
4819
5484
4524
2662
7103
10700
2319
5281
3091
6455
3338
9062
10877
902
6905
8395
7353
1016
4183
5607
11885
2259
12227
8389
7399
1034
3492
5617
11288
9174
7463
10684
8536
9725
475
467
2539
4711
3215
8939
9465
9052
9267
5782
4642
10496
5892
6416
414
11797
4396
4776
3332
7039
11277
8283
10248
6301
10883
5238
10384
2504
4904
1469
2278
378
5766
2516
2090
10006
8981
3798
6568
7451
3707
8008
8353
6699
3150
7078
11789
2135
9481
11157
5557
10889
7847
5046
2451
8315
4093
9840
3638
7170
4214
5289
12088
5888
12369
213
575
7163
3179
9819
1988
3182
11678
1478
6437
6561
8241
10352
1409
9277
1791
5275
2928
10679
3806
1343
1767
4255
9168
9352
4771
7115
7100
8301
1741
8386
1985
5033
12077
8026
1609
6386
472
10915
11753
9638
9542
5574
985
5945
6964
1421
5910
8392
5603
4532
4144
214
4180
1753
1760
1451
2267
301
11336
3416
2362
3682
3862
8890
12257
9074
1306
12179
11107
9148
8091
10426
1134
2744
10746
9742
12306
3566
6440
1863
5101
1086
7839
8796
8006
5508
4161
6604
80
1479
7959
8278
2920
7216
11328
2260
11232
11715
5753
7866
9617
4385
994
8742
11516
7996
7757
11181
2202
7234
6703
2639
1670
3295
4424
1893
10615
365
236
1673
3023
10241
5201
4631
1144
202
5195
7407
3597
5346
11142
1942
4119
8318
6152
10625
967
2475
771
6120
4970
5451
583
12163
9642
11839
331
242
5959
2959
11243
9605
9993
11825
608
2693
11942
309
2579
3060
6653
11701
828
495
5454
2325
5702
9329
7930
5301
3962
5011
10404
4630
10905
4336
6773
6800
10236
3246
5789
10216
8761
1948
45
11033
9776
3687
11123
8872
5560
5665
3697
6603
4433
9667
1840
10369
3647
3319
11477
5135
6753
9119
8648
1466
577
1110
37
8925
10083
772
6470
68
7862
1222
5383
512
6716
11149
2570
6780
8945
8061
2510
9737
453
11513
12301
7466
8452
10562
6849
3535
10402
1789
8310
3307
10363
4838
10001
9219
2787
10567
8074
5322
11594
283
7999
7404
2312
5241
4788
526
6918
11081
7084
9474
12032
5581
4598
12220
2248
1116
12264
8994
1770
8848
2315
5170
7468
11432
2960
3613
3931
10036
2328
2818
8879
5483
7143
11048
3560
10277
5531
2232
7061
1506
5915
6669
481
3160
10079
7724
1345
4740
107
10882
10862
5401
10593
2251
7012
3945
8578
9942
1033
10385
2422
3639
791
10984
11634
11279
8596
7813
4455
335
7024
9621
7670
656
11582
10973
12199
1858
9510
8451
24
5115
6953
9299
5072
9906
4836
12191
10957
977
9899
1026
3388
5552
7775
770
5930
9895
8849
2230
10891
1821
9960
11105
9795
6270
2962
2525
9532
7503
12166
8657
6031
5559
12279
7945
8015
5479
6459
911
7384
7992
6914
7301
1124
8105
10989
298
11758
598
11774
2101
9131
3668
9005
8676
11893
8408
10556
1923
9042
3752
10318
10341
6343
7455
1490
11568
3093
11427
2007
870
4400
9193
900
8851
8830
56
6649
10478
7465
6542
8687
1521
2266
4932
1935
5878
7872
7642
2112
8161
10772
6948
6636
3786
11741
559
12097
8110
2193
8581
8756
10103
6515
11090
11259
5923
1745
12245
5951
5588
387
849
1395
7054
4302
5975
6652
11911
6111
1779
8617
7597
11692
6692
3720
12211
6947
2050
10673
7953
11237
8580
247
901
2244
4106
1309
5441
7991
11614
5668
8532
3919
4505
9950
8138
11613
5124
4625
11015
2389
4761
581
2214
10922
7043
8440
12362
10833
972
845
10224
6267
11823
7574
5990
4349
6532
2463
10252
7643
9230
1429
6099
4210
8978
10372
10574
2489
9886
3665
4977
3035
9925
132
7035
2239
103
4674
4916
3611
2486
663
7889
11286
3706
9506
6749
8004
10879
2472
1342
6801
5718
1128
2271
11235
4770
5503
11440
2518
9350
11437
10820
2107
2468
4892
9973
1653
5107
9057
7921
12034
5735
4409
3364
1269
540
6769
1966
2916
3991
2310
554
8316
3264
10003
352
6503
9167
11034
3540
9807
7226
46
1126
2269
9588
9315
7349
11405
10142
2391
11099
544
7963
9281
4668
4256
1339
10573
1486
5555
9103
10754
8985
8874
948
11985
6677
4984
8282
3242
9027
7690
9268
3693
4104
1905
9988
7524
5886
6783
2129
11266
4467
2128
1932
11367
4945
790
7998
8208
6517
4577
8772
4664
11174
4928
12129
8882
10587
12002
6999
10185
7522
7245
6846
8380
5649
2216
8683
10086
7796
10825
4546
10651
3652
2458
10403
8292
6234
595
7791
10975
2263
5767
6030
1870
377
2774
8384
1185
4686
2710
7962
8706
4313
8149
2907
9851
11494
8056
9966
1887
3474
3615
12248
5921
527
2253
2352
8749
6594
4097
11194
11386
11914
9575
9011
7167
3175
3654
4775
12345
2178
1657
10174
12004
888
12162
2605
6707
1156
389
11999
6170
991
3097
2647
2432
9410
7484
5126
501
1360
8439
7789
10845
11478
10188
9384
1357
1422
6329
11464
4386
3344
10735
9328
8548
12152
7497
5669
1147
6084
1007
5629
8661
8507
3173
9870
5371
7978
517
5460
1621
4562
7510
11822
3824
299
2500
5163
811
9783
11004
7102
10982
404
4820
5127
2551
10561
7308
1195
1006
7652
4346
12134
1857
11112
10802
8096
9009
3422
11597
6644
9802
11640
9478
8335
4340
5895
11888
2189
6982
11148
6960
6881
8187
9207
505
10850
5675
10111
6066
10389
4289
6307
9955
6103
11928
10721
8369
6974
90
2091
12173
10002
11528
112
1172
7845
3313
10396
8845
3030
11429
2170
785
4370
11866
3159
1129
8171
10960
8773
11565
11465
9723
6493
8377
4600
11957
11690
7686
9214
1881
10417
1133
4371
4879
9919
330
59
6068
9165
11718
6743
748
949
3371
10618
3954
1112
9236
1329
2559
5644
10454
1765
4399
5407
940
3646
10485
6392
11949
2081
5143
3199
11401
6114
11345
8517
443
10532
12140
3144
9583
3168
10691
622
5264
8999
3083
7797
8758
3780
7026
1909
10601
3670
3486
1196
4188
5833
1225
584
9390
9600
6450
7161
1231
3956
8692
6215
760
326
11779
7828
2438
2707
12203
9485
11878
3369
3410
5509
11205
2593
7246
6204
10542
11029
9437
4940
2697
9156
1175
1951
11396
12062
9751
4436
142
10612
4250
9311
9489
7332
5121
6194
11536
6956
2008
8623
2356
5086
3794
3731
1723
7402
6857
10536
11502
11140
12214
9975
2575
11226
9715
861
7648
10713
9335
2749
4589
6815
4014
3988
1974
3901
4417
7691
11735
9419
10847
10565
2522
7377
6133
729
10635
4512
3045
3838
2302
8921
3845
8213
1938
4593
11369
8467
12133
10564
3130
6472
7781
4223
9313
1567
3285
4357
7609
4547
2308
7071
5409
4663
9528
1854
1012
9579
11359
6543
2957
10775
4179
5405
4897
9659
4027
6081
10180
795
3589
3497
10212
8356
4441
350
7546
8404
611
8801
6087
7337
1541
6352
6347
1287
4000
3859
8603
9232
2200
1237
3282
9801
4044
82
2879
4406
9306
11185
10712
3237
1769
9694
6320
5365
10543
5660
9597
5737
7576
5864
2224
2276
9788
3784
661
5739
11883
1678
11407
9804
7240
7651
3982
9576
10461
12222
4398
12280
10445
9837
12232
2804
8954
9835
5587
250
11624
1515
7899
8853
8628
342
6116
7292
1398
10430
2317
11924
2010
803
3978
117
6726
11113
4259
1790
421
5029
2295
1788
2902
3568
329
3514
624
2863
1696
4743
1920
4138
7330
5199
8246
11981
809
2194
6057
8963
10822
477
10705
6259
444
9724
6297
2996
5038
2320
12202
6474
8725
11703
10988
7884
11251
2210
10069
5993
1420
7876
4292
8767
8850
6951
2540
1719
9421
8102
7410
4172
12234
61
1407
6388
530
9105
2098
6403
3795
7886
9613
10127
2063
6741
1430
12329
7207
2465
7335
9630
11161
11639
11768
2682
5884
5106
1606
11005
11431
392
10251
3216
2732
7835
6136
5690
3829
6875
6871
8743
279
1589
1891
6807
11589
5307
9682
1939
11649
9143
11284
4885
2956
1886
3803
7656
5965
2298
2517
409
7446
1703
9451
1093
7389
4697
11300
7586
8558
8490
1560
7152
8257
5677
10161
4128
4880
339
10844
687
4991
10689
10701
11558
3839
7621
10332
5688
12356
2698
6192
5956
7625
9380
821
11124
10904
10511
7808
2549
2604
4208
9039
9555
1738
3878
6389
666
7802
1527
1832
1980
10638
1953
6203
10222
4564
7776
7166
11009
419
6027
4007
867
5447
11929
5154
4950
10694
2011
3067
9513
7983
2301
399
8442
9848
10900
3402
10527
1922
3718
1080
1410
10263
852
9321
11650
2331
7328
3433
5008
5073
5040
3869
7378
7687
5610
1965
7370
6839
5796
11525
933
1091
2565
6855
439
7155
5550
6071
10806
10401
10415
11041
10522
9760
6656
10510
10071
689
11389
5927
9619
12115
4309
3113
5600
10040
11443
4883
8046
2247
7806
11920
5157
2737
10579
3208
2507
2524
7421
11642
11976
12147
7181
2843
4001
1102
8503
6401
12296
10230
5812
3333
3096
1321
1438
7654
9343
6452
8891
1265
11453
4620
11750
7956
2065
5887
10458
677
7290
1427
5017
506
7857
891
2534
10420
11596
4244
3595
5285
10906
9448
4283
8870
10622
6149
1496
7199
2615
11623
10194
9752
7745
5037
10540
5342
3366
2520
5413
9781
10926
9203
10095
9316
6044
8813
8516
6979
9670
3308
11203
5056
9160
10502
2718
11212
6634
11720
5382
4695
7997
5232
10890
2062
6013
8406
8216
4841
1020
11092
11838
3407
1718
617
8200
1902
6448
7535
7438
7191
4281
7341
2061
8399
993
11848
5832
1085
9353
7858
8938
2925
433
7113
10446
1302
4878
11154
4381
3049
1203
4690
10268
1688
6165
5952
9636
10538
3746
3518
9826
1682
10766
9181
1262
442
3946
5538
4314
754
6955
4833
2223
10419
10302
3185
10998
5130
3232
3677
8291
2509
12098
393
10896
7190
2918
12119
12366
6777
2934
216
9285
8799
6372
4422
2601
11117
2816
9266
3211
2450
1836
7853
9432
7762
1500
8990
6000
3418
3669
9278
6086
7422
3980
6593
7409
10405
1663
4374
8152
1884
5149
12141
10046
12146
5093
1717
9656
9958
8033
5504
7501
1386
2526
12082
3507
6250
9932
11230
5399
4921
1333
8585
1763
4665
2205
12145
9535
4951
4886
5901
6232
2981
11068
108
879
1855
3034
11079
7530
1317
7749
7666
4248
4394
2931
3740
3658
11042
6860
73
3180
5114
541
2620
9822
1744
4851
4171
5314
10412
7194
10958
5194
5694
9400
1200
5267
11418
1259
10733
8391
1713
2273
3200
166
3157
3791
6127
2371
2940
4801
7286
11868
1555
4733
8626
8224
3819
5220
3176
8430
1308
7379
1177
3796
9866
4333
11521
2885
8980
4621
7053
669
12069
6551
11346
4221
7619
11084
12358
6348
12093
8834
12107
10076
9100
5871
7130
9790
10731
291
8461
11038
12118
9558
5872
10657
7291
9578
2006
3445
3300
8858
1861
9761
836
9014
10285
7949
11746
7150
1543
4982
441
7449
2829
9113
2439
2241
2846
9726
7867
11056
1685
3041
10356
9552
2728
643
6273
7381
997
9394
10871
9892
5636
1036
8328
6471
4163
9012
6796
5412
1247
5809
2041
2392
8324
10956
6318
11968
11322
2484
1355
7254
10974
4148
10473
10047
2727
2372
10239
5257
5161
2954
7931
11411
4212
6279
5652
4730
4807
952
877
946
10616
2670
1391
7134
1631
8564
7721
8609
1161
4614
4712
171
1799
11644
9301
11493
7475
2561
3576
5230
8070
4024
2808
9734
5511
8251
7329
2568
12243
9951
1508
12168
11706
9596
3376
6095
4744
6364
11445
12181
2763
4123
5477
7548
7989
4279
7218
6355
7120
6070
10953
5485
4720
110
7302
10062
11356
8436
4894
1739
3290
11442
11731
7641
8828
2409
8696
361
5236
4580
2973
85
2890
3414
8822
10505
8332
9944
6105
8786
12016
5311
8078
11143
6524
8745
1325
6694
4596
11484
8323
9405
2687
9302
7145
4980
8590
9347
2201
4924
7295
490
2121
2571
1276
2695
7176
9688
5650
4136
4773
8948
1489
5863
4416
148
6539
4291
11265
1073
6788
1423
1565
9853
6195
11067
8394
6829
2482
3249
5212
6927
3825
7278
5869
5191
2146
8424
1568
7413
6567
9293
7713
1574
2157
1294
8563
8654
10901
9909
8529
3324
1815
9995
5064
7525
9749
4693
784
10972
6958
11828
6456
12225
6107
8856
7868
9907
12013
1217
10107
356
8943
4237
11050
8416
5849
737
1969
3995
5541
2290
10681
12337
7262
10903
497
8320
4918
9233
8330
8129
3549
4306
9938
4739
11127
2048
5777
4277
5087
1547
4827
11150
11908
11745
376
3743
3553
6802
6909
919
1793
2853
7674
6808
7202
10571
8690
9896
7513
9553
1221
6290
1023
6658
2138
5834
1586
2908
6464
9620
11234
11216
10209
5656
8726
9744
7261
9412
7471
7644
8841
3075
9891
11991
5282
3604
4437
11993
1869
1697
10892
8701
2110
4358
5225
11391
7599
10602
2873
9261
3700
2590
12066
6853
1008
6312
9852
10867
9947
2654
10395
12139
10872
8469
1660
6382
124
5305
5110
8739
4741
7064
2473
9149
4453
9567
10269
3471
7995
7805
6280
1728
2405
929
2031
11569
6230
4623
3657
1399
2578
3081
3926
10316
4055
6229
5751
5014
3830
2124
3063
7680
1446
5986
3478
7701
6702
10649
2675
11913
5547
6785
11728
4328
3773
384
3158
8379
6223
4764
9199
12100
8847
4472
11186
3458
2668
6850
10351
11776
455
9628
8437
2972
10187
3320
3047
4494
5387
9992
5843
934
10137
2047
7213
6157
6018
9669
4216
10606
7461
3046
11170
11335
5533
4173
11749
8913
1334
9641
538
5570
6442
4064
8245
10946
3322
8472
4190
1074
6608
1000
1031
7979
5625
10436
2998
10614
2771
6023
12
6863
1376
4673
6162
4434
8855
2989
6573
2003
6745
8273
7479
2148
5330
5745
6036
12161
12367
3086
1373
6078
10306
3084
11512
10902
4297
2147
723
1393
11590
2722
6919
1552
3283
11274
671
10366
11836
10140
8763
7877
12189
454
5185
4404
9109
9141
10203
7416
762
9151
137
10053
7706
7243
9690
4500
4367
11680
5197
4299
10038
1142
9940
7768
4608
3893
57
7066
5561
12254
11506
12075
3877
801
8081
63
12334
5303
7222
194
1786
4774
12198
2040
6122
6236
551
1896
1461
7533
4834
6125
8898
7521
9056
7553
3082
2783
8500
5708
1165
1121
11342
5798
8
9758
9227
1674
9275
11524
4823
4755
1104
1242
7047
9748
10144
1614
1800
5118
10035
9251
4810
6198
2909
5294
10488
7774
1844
10292
2870
3355
9221
11177
9803
1305
5576
8611
6660
5757
794
3623
10375
2221
5763
5122
6537
1139
11798
11744
7699
10442
12258
4588
8334
11709
3716
8614
3608
1115
8463
11571
11648
963
11890
5685
1083
3487
6271
9633
4943
3229
5249
11557
4511
11202
9433
6193
3103
4994
2912
3816
10275
4704
1883
2713
8188
4762
1627
553
4995
12153
7062
367
4942
10087
7710
6393
1775
12120
910
8305
6865
5696
2839
2256
5299
325
697
1605
8740
1519
5032
10598
1465
10763
11344
10860
4021
4667
11719
8670
8825
6670
10414
259
9220
1241
12320
1622
508
3882
4238
9373
3413
6368
7018
6530
7079
6713
8572
9420
968
8097
8499
11743
10106
7289
32
2343
10427
460
2599
11210
10858
6072
11354
245
1204
4227
3380
975
6510
10634
275
10931
5522
10897
8120
8784
12236
5664
1610
11227
4681
6376
1414
3058
4390
928
10296
2768
2673
12006
11659
12357
2364
5112
8184
9108
9850
4019
11933
707
8470
11291
12205
220
5841
44
3233
764
4099
4075
4658
10491
10554
7395
1017
11206
10720
4317
9494
808
1994
2004
11992
6797
10411
942
10359
7684
10646
4888
5853
3220
569
390
7272
5150
12108
7519
8019
11333
4091
8570
7414
848
1174
2914
7165
10122
4586
11061
2476
3996
10577
4629
10091
7073
8182
7453
7570
10272
3351
8863
341
6763
7230
10632
6428
11417
3915
7784
7223
5596
4944
3628
7229
2381
10438
813
3804
6174
12012
7136
5090
6961
3304
11278
4491
8555
5091
3741
227
6898
8100
3162
2958
2841
520
4089
955
10874
11037
8286
4937
7015
9446
1365
2499
1641
2614
5334
3039
10749
9894
1028
9189
2992
4990
773
12298
3480
4750
1273
8583
5810
922
4550
3610
7481
2220
27
9706
6118
7636
1067
4218
3228
6339
8196
3904
5642
2759
10753
12286
6600
12132
9377
2150
3287
11365
1963
1732
3346
9637
1078
3372
12233
2198
7362
6605
7554
4439
3126
10826
10422
10364
11349
609
4728
3577
8143
402
364
469
3363
7312
4446
9753
10011
11896
7117
3873
4251
9675
4954
2679
9034
2721
4844
1271
4566
2529
9175
4868
5655
463
11178
2686
9389
1998
2345
1475
6164
4442
10317
9470
9707
7022
6566
6441
12090
10081
6211
9035
6449
10838
12158
1194
9545
2898
7988
1075
10933
1502
1615
7830
1578
7627
5291
8418
9769
10400
4568
7874
8190
9968
5362
5897
8233
9430
3164
2984
3470
338
3156
9668
7428
12212
580
3621
586
3119
7566
4676
1528
9176
2493
2576
9254
11554
2071
4202
653
3940
6303
6557
8730
9650
8805
6201
5529
9180
2235
8655
9679
10271
11424
8641
2854
6665
7587
4319
345
7892
6054
3686
3892
7970
6012
571
8030
5083
6994
5659
1198
1326
1894
4517
9051
11454
12259
2370
5471
4199
11236
8953
8768
12210
4094
6209
8524
8526
10516
11198
3043
3979
9604
11946
5716
3434
3765
11757
6227
10462
4992
9534
10433
725
8865
2999
8598
8226
6949
2762
10755
986
6718
3027
7148
7394
10744
11790
8819
835
6337
2459
5715
6281
3456
11207
7569
2849
5333
11276
10320
12265
1705
4559
4855
1693
9060
2919
234
5527
65
267
6734
8007
11794
9431
9504
2054
11319
7096
6
4701
9976
3297
10295
2246
11559
4575
4225
599
5181
12020
3550
11943
1350
3779
8092
2847
1987
1704
11146
8050
3822
12300
8591
10297
2181
10453
2306
10173
8381
11671
10708
2477
5890
7429
7952
10916
1341
11313
10041
26
11917
10578
2747
1550
3975
10301
4654
921
3446
10620
11423
6275
10200
10432
3641
3171
10258
1010
4969
3479
1668
7581
5142
1263
503
10334
1805
2035
675
10780
958
9018
9779
8946
4865
1117
10504
2274
4048
765
6751
6395
10368
823
8983
3321
6541
3729
5501
10370
3331
2421
10644
4355
11602
1698
1510
4650
1460
4045
500
8530
8738
7097
3426
4487
2185
4825
7507
10094
6583
4835
11771
5015
10954
1692
9961
8322
3903
1962
6529
3876
10517
3294
9616
4653
6505
11023
10499
10165
12186
2896
11072
7344
11895
146
1982
1136
9456
432
7187
10293
11747
1348
6059
11862
2942
1244
3585
4789
5876
5456
10678
11952
9956
4015
10065
3984
8280
4154
1215
75
1404
3737
9765
2936
128
7777
7620
10039
1581
8312
4465
8919
10698
4605
649
4412
5874
11662
6995
10813
3142
8479
11615
11012
7094
1458
8896
5216
8708
5794
7685
9990
10397
11138
5764
9662
9581
7639
4230
6819
7127
5373
10032
4590
5646
7434
5585
9184
8422
10840
8736
10508
4646
11269
5858
11169
2901
10595
5619
6985
4204
4573
10962
1835
1480
12025
4028
7755
9177
5909
10977
8619
7717
6812
6977
8294
6356
2348
1507
8663
8465
4201
104
3003
185
11184
4194
7002
7239
4182
6490
5002
3104
5260
212
6225
2342
6895
640
11763
4737
5146
5654
8247
1385
2397
6050
3826
5253
10779
8471
11219
6181
3360
5947
9054
5332
11519
2353
1264
1926
11687
11049
7765
1379
5336
6184
6868
4534
8699
7359
7122
6916
11989
11253
1488
9878
11448
7551
3270
9265
6627
6746
11801
12053
7603
7180
7875
4803
9729
10141
8401
190
10986
6238
8771
7702
6926
2119
6285
427
7879
4652
468
7197
10718
11147
7787
10884
9031
2174
3239
8023
5578
3818
688
3311
4581
5823
7009
11039
840
11622
3219
10061
9228
11171
6560
4798
2515
7578
2809
9962
7460
8425
1872
5217
8811
9569
9756
3184
6765
8941
290
4300
4709
5416
5279
6687
11767
4056
8937
8029
2176
5050
8682
9877
9188
11351
6101
2949
6257
5075
2945
396
2289
256
5583
10752
9943
9449
12323
2354
9856
7851
6443
1532
7408
6483
8612
4791
5375
7782
5714
99
7903
10311
116
8900
634
7204
7310
1522
9623
3667
5349
6930
3976
9952
9093
6983
9772
2927
5457
9965
9280
3044
10851
2827
1917
4863
10680
6172
11842
3867
144
10506
2188
6011
2541
11347
6996
12063
4719
2429
11275
6719
7798
428
11098
12104
12278
6321
11271
8169
10710
6910
6675
9128
8462
7637
7038
1266
10469
560
4076
1047
11694
6554
10759
1504
2483
1904
7514
1284
4896
2383
6305
3788
5639
829
6925
11055
6540
4497
4301
7751
5205
3260
10878
8072
9644
7487
1864
11239
10056
8679
8615
1411
1659
12150
741
12330
4792
391
7087
695
7106
11915
4483
1936
7660
7069
10650
10784
4209
5313
265
841
34
11815
3993
4270
293
1853
894
4249
1138
6444
8063
10245
1402
4294
11555
2765
10653
10936
207
8374
11760
7822
6353
7688
10246
1454
1523
10215
6249
12126
11482
8502
6942
10326
10719
11581
11675
1280
7594
1127
1208
4486
7689
9466
9764
7912
5315
12313
4794
7358
8109
10291
4142
7767
6255
1672
4273
7225
11548
11795
8812
7248
1456
3841
8498
4377
10078
5736
7575
1925
3129
4677
4126
3676
9825
9977
11847
1526
1520
2087
8022
8237
10961
5034
10354
9463
1961
4211
7172
1759
6096
11378
6866
6614
386
9237
1828
10677
9543
11576
7271
1219
5754
12327
1095
10102
1275
3546
8969
3102
6374
8715
10456
5615
3
6841
3715
6039
2600
5747
3309
11748
3029
10723
1975
435
7123
7159
8174
3681
6944
7659
2631
5094
11164
2293
478
2608
10031
11045
2177
4981
8242
12112
4687
9375
2805
1463
3018
10682
1065
12010
2444
9660
12309
1983
8313
9197
9649
11176
10715
12052
2470
257
9524
9859
3538
8146
6920
10150
5856
7737
4891
8832
8111
8219
2742
6300
6221
7520
1856
8329
2624
9855
11006
7761
716
1711
10474
9216
12059
11752
4926
2032
1351
2820
2309
8252
10307
346
12047
11583
8481
4109
3848
3105
8093
272
4468
2434
2649
4747
7348
3271
4859
8666
11997
532
9929
2887
7141
7357
8684
7543
2635
4226
4501
9291
3992
4103
3557
1995
3525
7617
4986
7360
5868
10206
12015
4639
11460
5614
4647
4503
3107
6969
357
12073
2935
4802
10028
10205
1113
4430
8057
1710
5148
9986
9317
960
4972
11636
747
3695
7263
7707
5284
1108
12193
1638
2738
11877
6148
4815
3558
853
11875
6327
10925
3472
7558
9075
5429
9716
3586
10338
8593
3662
8893
3811
1646
7264
9805
1239
3498
11793
3673
2480
10179
7082
10449
10920
10290
6752
1644
4651
2424
5623
8723
8173
12065
8191
6806
4114
10465
4576
11074
10099
7592
895
10751
7154
2760
8325
11514
8163
6126
627
549
12175
6657
1941
3387
3257
6311
7516
2574
3247
7101
3357
5657
5882
9345
2552
3738
632
3685
4454
6548
1511
4195
3815
8734
9672
3323
6231
9693
4537
9800
28
5955
12127
3864
9073
5261
6480
7584
9798
8665
7007
12228
5877
10489
9170
11721
1472
3582
7975
11931
1450
3476
6582
5883
6144
8892
98
10265
3085
9450
417
4507
2461
7832
2137
9130
5345
5804
1878
11939
3757
4426
885
1186
5648
7462
2280
205
8674
7563
1931
4387
11672
1572
570
2400
9423
8431
3854
11228
1441
1910
1212
337
2882
1593
8709
3649
1307
11865
11900
4821
11373
4030
6601
363
499
5948
3261
5857
1162
1612
789
9307
12050
9458
6789
9963
6911
5250
6427
5553
6962
5678
10330
12270
4645
8554
6900
2257
11397
3054
10781
2869
6239
10526
7104
1092
10129
6080
7579
11030
3374
6421
9010
2469
8977
6390
10849
3281
7882
10914
10727
9142
6051
4376
597
4092
5821
105
3726
7883
4968
1474
10821
11954
5081
4732
2072
7186
10406
1830
9767
2544
9363
5624
1268
3989
3734
6680
5200
7958
9655
7918
10655
11221
4020
7334
10799
1590
1849
8803
7244
11318
9957
6332
3115
8455
5368
10171
3494
4628
8634
2953
2467
6817
10132
9687
8917
12009
9129
9663
7928
1712
4960
10654
1032
9522
3439
9359
1304
6454
8211
786
2234
9393
2027
9927
155
3696
7705
9486
1665
9116
9454
6180
5302
10232
10240
2052
1993
30
5998
862
11011
4923
2240
4053
11310
1811
4127
5137
10360
4627
5513
5776
6077
7929
3587
7917
5168
4966
4816
11647
8846
6827
8638
2033
1281
11044
1768
9222
2583
2044
825
6528
11302
5989
9425
87
1449
3303
10104
3074
10932
1754
7321
7557
261
5468
3131
8035
9862
8260
8473
6757
1571
5068
1707
2206
837
6886
1943
11736
12060
7657
12340
5026
5761
8878
436
8973
5906
1749
4603
12235
9274
2603
8487
8602
4113
5803
8829
8116
4012
1851
4862
4168
2025
9612
418
3243
8000
7834
10109
10460
7733
11323
10597
2028
6526
700
11129
3061
4217
7926
2683
1014
11024
7941
1977
9360
9949
2971
8300
10085
642
12241
6100
408
4578
7469
1714
9551
8130
12089
3517
7016
6190
8034
3868
9397
9816
4192
177
6336
1751
12365
4141
11363
12099
6700
9309
7529
6426
8744
8428
5505
11702
5325
2141
14
7000
3417
9697
7420
10346
10745
7589
859
7517
6602
10013
4996
6391
199
3529
12255
5692
8556
3832
5039
3124
2554
5481
6647
1648
6988
3223
9905
1369
11080
9436
5742
9912
4069
3894
3913
7346
2029
4006
3790
4335
8303
9260
4669
7974
12247
1959
8355
4793
1601
129
12151
3121
7715
12218
9298
11421
1503
10529
11777
10064
10481
1539
6485
11874
715
7109
11886
11918
904
8236
8957
5679
9136
12207
5826
9847
7972
818
9428
7178
1958
692
5724
2140
1274
5978
3580
10074
10605
8059
8650
11977
8759
4240
7132
3262
6235
9212
7448
11393
5982
9887
4366
962
3354
6233
6351
6191
11710
7750
1677
698
6163
11180
1736
7293
9295
11965
5097
1491
2336
10671
3766
2019
1777
10143
295
10070
1564
12332
2105
8794
8599
5760
4379
10055
4813
10495
12138
4506
6928
7602
7635
3358
9150
9406
8195
5396
11679
1223
5065
593
11843
9843
9202
10669
3450
7315
5277
4026
6607
7741
7640
2283
8513
3419
5053
2322
874
12178
11468
6598
1283
10459
4243
12149
7435
685
10640
966
319
3437
8038
9703
6213
4699
7981
2213
10664
7965
8021
3411
2930
7383
1293
446
6003
2506
3932
11483
11708
5422
4384
3218
122
5605
4657
1089
1810
1081
11940
10756
8935
3429
11759
2895
2795
4931
7605
5084
10637
4956
1973
7313
11546
6171
9069
10771
6545
3412
8544
7568
7228
9705
11799
903
7126
2464
6220
5548
4341
637
9933
6740
11208
976
8378
10803
7392
2643
5641
7811
2656
2626
615
4893
5223
6410
1950
703
5309
10647
12180
6224
2068
16
11550
1839
8766
6025
12105
4870
3688
6298
7667
2030
4604
817
8798
4078
3703
11480
2401
4624
6467
6725
5879
7712
5105
2780
2987
2638
10852
1937
4971
3833
9979
2448
9250
5616
6772
3195
5671
9571
7472
8958
6981
303
8099
181
130
1747
5759
12124
6462
11383
4611
8366
9414
11575
8054
5539
2800
5376
1699
9881
10758
9632
10880
8884
4790
10135
11159
215
5166
3814
2203
4959
11751
1338
11599
6932
2733
416
7790
149
9627
10990
3269
10097
2586
6576
11410
2175
4393
12204
3701
8274
2955
6407
6475
2350
5393
9746
6599
278
8967
5089
5606
6698
1752
7401
6185
7986
2734
1425
7444
266
11132
1137
1577
1180
7493
11366
8141
4326
5645
9785
114
5103
12165
11425
8606
6618
5218
7947
6226
3396
694
6890
11863
5768
9786
3050
9533
11441
10551
9033
9594
6264
696
10535
8293
11190
7933
4460
539
2637
8604
5979
3273
8234
2655
8644
3267
9336
6784
2013
6580
939
4766
7077
8620
9388
7655
1311
8148
6818
998
9418
6197
2365
4332
6245
2933
7305
3937
11353
7200
4088
10112
8960
10572
552
5934
11031
5983
5566
9023
10183
3728
11144
11115
7916
7121
10195
4560
7739
726
12349
3694
7881
7027
11586
3010
1072
7927
5756
4542
745
650
10022
11811
12067
2151
5935
10739
10340
4165
158
9653
4607
11000
7934
11983
1666
11830
4016
9775
2862
8382
6848
2359
10552
7070
8170
5987
11298
8722
6216
9459
10343
4110
1724
5379
5893
10706
9941
8733
6878
8020
7355
9661
5676
2495
241
965
4264
7645
1735
7322
1730
8903
10386
1630
11685
883
6032
2058
2455
5283
7382
2120
9213
1359
10424
5964
9609
1187
4087
3212
1709
10134
1999
8454
8760
3565
1374
6678
9356
4895
8373
3921
1620
11295
8997
8724
8662
6843
3468
3066
8705
3651
4822
4170
10513
4084
12219
11738
9712
11973
72
7065
1232
10993
8045
10342
4461
8365
11166
7961
10730
1649
10066
4363
8179
3169
7567
657
11889
8154
3714
2368
3699
9959
2095
5041
5347
10801
10940
53
6896
42
9519
1197
9238
4298
4278
5818
6791
8820
3392
6214
11040
7907
7728
10627
368
5492
2118
10288
6006
6626
9643
3447
9025
1814
5709
4955
9264
2788
1901
8277
4767
878
9415
3530
11783
5912
4850
8961
11152
10133
4551
7057
6069
7920
1879
10337
8221
10283
3754
7580
4853
6922
3451
11481
9351
8923
8113
971
564
3099
1432
4930
2831
2132
7837
8586
10947
179
9185
9607
8017
1331
2543
10068
11775
3317
3756
4724
1021
11587
8119
1934
1655
138
12164
2950
4408
751
7498
7044
12014
6500
2618
12209
2531
851
7924
1859
6706
6504
7940
6732
10864
5684
11471
9095
5183
11698
2706
12041
6738
659
3614
4514
7923
4205
486
1381
4760
9926
11467
8920
12038
11916
8901
12035
3036
1911
1288
8397
1556
11473
7168
1057
5902
6210
7646
2528
2323
11871
4993
7618
2115
8645
3181
8464
8808
3005
11377
10227
8660
2938
401
5898
498
4919
6121
308
2678
8337
6564
6159
12277
6007
1807
8510
10266
2282
589
10267
6109
5820
2596
2850
1216
2387
822
8482
8868
693
6655
8299
10617
6952
3123
2046
5758
11392
10875
8678
2000
3622
6858
8126
1192
9205
4906
1549
3883
3140
3924
6610
6268
710
3098
2466
2084
9514
7268
8162
10918
7631
11066
10358
3336
4782
9091
4887
4108
3452
5045
11859
5917
10600
9290
3637
7571
6309
5222
3674
1384
4066
11707
425
1629
10374
10463
2799
3959
2990
2443
3463
3977
10431
3905
6196
11028
4008
3599
51
3341
7319
8250
8254
10898
8398
9407
11372
10247
5875
5944
8986
9582
4689
734
9889
6304
11520
10519
2651
2970
2117
2380
2281
9483
7211
709
1766
8368
1069
3015
3704
2830
253
3899
10722
10164
7508
7744
2840
7752
11934
9491
10515
2508
1440
1915
11036
2719
7694
9304
6453
2966
5565
4063
869
5972
12299
4806
4753
165
11627
4324
394
1211
10
6525
4979
10609
5418
8824
5389
7028
5800
10790
11765
11125
1158
2363
4470
10594
8886
286
10120
10348
3145
8520
9731
566
10537
1226
2746
7224
8541
7937
6479
4805
9566
1700
410
11962
6489
1279
11807
1618
1639
3087
1734
8637
4817
11814
7950
4757
5209
12011
11577
5968
5733
4748
101
9297
6531
10479
8363
3698
6693
5025
600
9626
8275
585
3291
6842
1188
8877
8533
7955
12125
12130
1335
4613
3069
7174
8947
12194
12029
1289
11010
11060
10590
9631
12295
502
10380
9107
8914
3725
8342
5681
6527
7843
9378
5265
5925
7634
8907
3240
5907
7282
8600
2521
10582
1295
6536
3377
10281
4622
5969
353
11955
3080
6913
8815
5705
4432
2113
2700
0
2333
11213
11151
12045
12195
7440
4579
1804
4310
9548
10810
6294
7157
2218
4729
3072
8751
680
9346
12039
2964
5391
1626
545
11696
11739
4881
6461
3038
12071
2382
11831
4474
369
3719
9209
10983
2436
4131
606
9898
11357
5859
8082
674
7766
941
5792
11317
5151
10253
7612
4492
9122
9038
7864
5425
1537
9517
10985
10170
6832
6334
10843
2173
1573
3464
7611
4875
8667
12260
3051
4149
388
2270
1725
11860
10999
6691
11133
5564
10115
1954
6641
10524
11870
10448
620
1167
2828
7265
10987
3941
5462
3960
6092
12237
5099
6323
4350
12143
9284
6547
4714
2566
6586
9915
9884
2209
10834
4228
9071
2143
6129
6183
8640
11126
10017
6365
7356
5706
3100
10923
6208
2671
6992
1733
5085
4976
8087
9387
7283
7486
2416
3523
473
5108
10284
2842
10125
10965
307
3276
5658
4795
9053
3542
7179
778
2133
4032
11064
8421
7664
3774
2403
8357
5894
7210
6405
12370
880
5738
2761
5813
11076
11287
8537
9134
8565
3961
4936
4234
6804
10776
10774
6055
7443
3748
1756
875
67
4242
5386
11444
5445
6546
6744
3533
2888
7816
93
1990
7354
12049
10429
8627
8861
10699
9897
4040
5312
7919
4096
4438
6398
2108
2036
5939
5795
9200
3855
12325
2265
2420
10455
9842
4059
4535
3238
3259
5569
7456
8358
10994
10497
6161
7388
1015
8123
5487
9102
4117
11617
1970
7496
9863
3459
8509
9503
6188
6478
7020
1517
4260
5499
4920
2334
10128
10058
10470
5156
667
2977
8802
10124
6131
5070
6876
7124
8789
4612
5104
8769
6160
6383
10839
9526
5472
6563
8144
5855
4610
5051
11509
12113
11906
2485
5916
12269
4388
6009
11316
6463
8647
1928
8837
12200
3009
11229
1022
11267
4837
6633
7676
5449
5136
9639
11835
11385
3907
10670
11020
10945
5829
10020
6251
466
10329
6492
3563
9256
4380
4518
865
12302
625
12057
1533
4464
11241
6207
4343
4846
1956
5963
5188
6854
9757
2680
8066
5520
11543
10729
6499
1529
6794
9358
1940
12176
7948
4540
327
2785
2860
4352
2545
2195
29
7616
2399
9000
8290
4196
9114
2665
8966
8090
347
3007
8880
218
11805
11433
670
2005
8419
1048
3844
9777
10976
2878
2145
9067
4832
776
2171
5918
4515
6460
489
11400
11664
1986
2153
9064
7454
4287
10970
2338
3730
10440
3551
1428
7944
5496
3398
10944
11089
8360
2111
2316
10996
5204
8933
10464
6708
3405
7297
5515
493
636
2563
2735
10138
979
11449
612
5814
5544
2648
4316
5189
9312
9562
1848
9498
6314
681
3230
4236
8124
4726
6587
8506
3987
7299
7673
3508
5210
1388
6628
5572
6809
843
3453
11304
11638
5713
7942
6110
3151
8747
1716
1375
917
5221
2082
5640
10182
10325
2932
8949
8950
11332
11556
383
4403
5296
8862
11604
5755
11826
12003
5630
4933
1868
1781
2238
1826
2672
3912
7500
2580
10716
1070
830
1277
10234
641
12263
8721
10160
7895
6736
7855
672
660
11254
11078
924
9063
11315
10410
8047
2982
9735
8737
4079
4025
9455
461
2039
9733
4799
7311
10757
2097
3562
2988
66
782
10683
4606
11188
513
2512
9817
6477
239
9231
1636
4999
5999
4583
11846
6632
10817
170
1643
9337
9292
4541
10934
10025
1654
8910
10580
1748
11960
10286
9028
2801
8857
9032
11375
9789
11487
397
5433
8285
920
4414
9443
3886
7662
5618
9691
10725
5957
1680
7219
7418
5734
876
9460
11591
180
8336
9997
2022
7249
6079
8151
4477
11273
12271
3353
6189
10660
2881
2299
11683
4034
7814
11786
8889
6883
3736
7431
6672
3406
11816
109
9674
322
4375
8621
7528
7984
10383
10178
8150
10110
12215
7195
10607
10667
7164
11724
9043
219
12283
9727
1199
7622
3705
10323
777
3186
11733
6544
8750
8835
12261
9844
11937
6384
11408
9396
10082
3475
5022
8297
7398
1795
7987
10829
1604
3692
11856
31
521
5942
3588
8166
8528
438
6622
4783
4373
7607
11348
8186
8333
11136
4877
2264
11390
7878
9614
10949
10941
10398
2441
11570
6075
3555
12192
5865
1371
11982
9467
9055
2588
9971
11035
4478
8594
3349
588
5507
10371
5031
7477
5976
1890
11296
11626
5370
1545
11881
11852
6729
10520
7595
4011
1538
6005
1412
12190
3527
8073
10629
4018
7467
2775
183
10619
175
4353
11189
5582
6313
6299
5530
1737
5635
3943
11137
8584
1319
1912
3636
10077
2666
5255
7936
4738
4164
4866
7052
8075
923
5165
11697
3616
11077
9676
10033
7273
7427
10327
1130
4539
8206
10748
7058
4440
11118
658
4778
9521
7393
3632
6880
1
10533
8519
5364
4705
6423
10837
5280
5772
11052
5476
7343
10310
9880
145
9342
10233
6639
1250
11263
2479
2891
10876
5941
9245
11927
10471
11810
1579
831
11827
2487
11422
12103
9928
9923
5988
6859
6357
10514
11901
10282
3751
4303
9287
11872
1600
2268
7037
5273
9560
5432
4939
5778
4763
1740
12262
11
6179
10525
11621
10734
510
873
8573
1968
8009
6097
5512
8265
9568
3272
4231
2016
6776
8698
9546
2414
3379
6556
2993
8441
3001
8700
7340
1960
5286
9845
1557
12019
6419
4071
943
3245
5348
10611
1027
8697
10659
9530
8117
7821
11904
2660
4884
5802
4860
300
12268
6150
5621
3655
4900
3347
7385
9192
6828
11769
10169
8624
7649
7185
456
6141
7242
1473
1611
1050
3183
2340
8716
11515
996
2753
6668
1906
10254
10709
5995
11658
4435
5628
8060
1530
7140
1946
5164
9953
12342
10416
3671
8788
7772
8535
1617
12289
12188
6971
3858
11413
3177
518
7387
1808
9721
2428
8069
258
7424
5119
5355
173
8064
1603
5272
5586
9413
7201
5176
1598
3881
6064
9127
6986
8344
10177
5994
2892
3078
3250
4372
10367
10599
3511
11729
4100
9125
11980
5259
9257
3312
9496
10911
8483
6684
11106
926
3225
284
9743
10443
9487
3265
2915
4253
5686
400
3052
1252
6701
10113
8875
11796
10024
7672
351
4219
5970
1876
6851
12084
10795
7638
6904
4031
4557
12185
8266
3375
11887
7108
854
3971
274
9106
5933
6899
8340
5835
2385
4680
2228
11220
2123
8932
5256
7692
3735
9818
8338
5392
9445
4934
11436
10088
11834
3031
1148
9144
4067
7482
4751
6375
9787
10145
3059
4295
2711
12042
11787
2136
5801
8852
3936
3643
1801
2155
779
12174
8974
2708
10257
11374
79
6272
7604
5806
1024
781
8527
1111
1481
9121
4391
6016
11682
572
12121
5573
2739
2300
10534
8860
11065
6106
816
6903
1303
12231
2245
7464
6728
2794
4618
7658
3381
1729
9310
9608
3108
6308
9736
3885
11183
6206
3163
4447
9771
12005
8551
8543
224
9981
5117
9422
2572
9249
8106
4407
8790
6218
9696
1548
1607
3733
11224
10848
3362
4157
462
938
4191
691
5184
176
3594
9998
9019
9824
6902
5193
2641
8055
10054
10379
8339
210
4162
644
9864
10623
2277
11722
10512
7068
3057
1154
2653
5598
333
91
7969
8136
450
7001
9580
69
8926
7863
1169
10980
6052
11922
1397
6399
8076
8653
4280
3378
4050
9383
2965
9686
732
2533
9140
6989
9021
3532
5274
9939
11700
3792
10570
1599
7032
9730
7131
1524
5052
9272
6244
1312
168
5693
10214
7006
1945
2215
4858
945
4698
8272
10116
11476
5741
1984
11193
3624
2562
3772
7890
12308
193
2692
11773
8691
9759
3390
10221
10811
4786
8754
10467
1256
10468
2425
3870
7908
4648
536
3664
10937
4049
5717
3888
9338
7010
8435
8121
3000
10309
5475
6803
3758
3204
6864
10158
494
9399
164
11704
10051
5861
4758
7729
2023
4282
415
10139
11014
3278
11218
7973
10641
8574
8359
11967
125
8367
3526
10812
6048
9186
2237
6884
3019
3491
6522
7327
5691
7541
8746
6581
4684
2303
9861
7606
3884
4246
6138
5860
5300
12307
7173
10067
1084
5239
7277
11998
5473
5357
10870
2423
3742
6473
9692
9989
10096
3635
8414
6438
10887
3807
8176
2292
999
11197
11727
1525
4504
4903
270
11330
3193
4707
8426
4796
9152
9763
1806
5536
767
8002
2530
3908
4415
8429
3509
10365
2538
2983
9629
5042
1025
10738
8995
1292
10315
362
6370
5173
6931
7324
2346
11714
3325
9426
12051
11959
8991
11360
4555
8906
6882
11607
5021
6535
2415
2002
8457
10929
1944
5517
8495
5442
557
6650
10098
6795
8131
9305
10750
9584
6342
4473
2070
11850
5020
9464
9793
6385
2249
4077
4305
9493
4584
4359
3516
9984
8423
5634
5174
3745
4065
5
3166
6435
12169
7770
4362
10737
5095
3286
4498
3462
6112
10278
7386
8800
7241
12142
4187
9040
6894
7671
6380
592
973
6845
11003
2034
5845
6826
4556
10350
3197
6663
3713
10827
11899
8688
9154
5638
3520
8434
111
3967
7323
2791
12001
5012
846
7819
8217
8108
11995
7653
8975
8525
3849
1743
9124
9554
9648
12355
3427
5455
1290
3188
1119
5580
4239
7051
2408
5061
2858
12317
4070
3079
9720
4644
10856
134
4574
6710
4768
11301
2335
11784
11956
10010
12368
4361
359
11162
4905
3236
1002
9289
4736
1246
8095
4759
12054
10662
7247
4553
6534
6810
6511
10798
6420
2412
4957
3656
11606
7403
10951
12361
8732
6750
2769
5054
10262
2724
10800
5980
7125
10695
1818
2636
9224
4710
2446
629
10642
6620
483
3856
4691
5419
6667
7445
5458
2445
9937
1514
3578
7129
10704
8839
5523
123
7746
8951
820
7365
2418
4683
11788
12114
240
7203
10220
8597
2242
7650
8514
217
6597
11167
159
4585
3420
10199
5750
8568
5494
9550
5452
9867
8168
6822
5905
9879
11657
3922
6609
9099
1731
11958
2917
5731
5018
839
742
4222
11660
7560
4290
5885
10101
64
9991
2819
4130
83
6682
2327
8778
1837
6661
10661
5308
1592
11211
899
405
7590
5672
2453
6760
2871
9574
10742
7693
9646
6277
9511
10541
5431
1096
5366
1888
2632
5229
3986
10007
7352
431
11534
8383
11469
618
537
4609
115
11242
7116
9382
2159
4666
2923
10792
10237
6067
3011
4147
8642
6696
6481
11903
4102
11262
12285
10686
1695
3911
5524
8867
1613
8567
927
11102
7747
4508
11192
5226
2355
7735
11978
2691
8248
6825
6237
2657
1957
12155
605
5740
470
2974
2758
77
6676
151
10486
5055
5326
2824
2219
8707
6727
7050
1778
9001
2021
918
2491
5319
3783
893
1062
1209
8137
8534
5537
7794
12321
7960
11414
35
4247
6269
11717
4847
2161
10000
11661
2627
2629
6338
6406
2564
2503
887
6612
2088
8718
2038
12364
4003
5464
3401
7095
3528
9499
12291
1159
9120
10503
7538
10018
2430
7629
5919
9371
10842
6253
8871
9755
4488
320
1671
8243
7281
5178
9930
6613
1823
3923
3503
6222
12096
9282
3787
3689
12055
705
8508
6431
4023
8873
2798
11938
3457
3887
8613
9417
1340
5775
7396
11539
8181
6034
1978
673
5940
5030
230
1291
8202
9453
1435
8924
9234
6889
84
5680
7938
6104
2677
12061
1846
4595
3280
8547
7542
5356
2427
10968
6377
959
8192
4871
4160
3440
11637
2815
2122
8780
12333
1554
8016
5497
2457
8816
4197
3983
6559
6436
6404
6723
9602
5847
1774
6941
8306
2991
1452
3640
1715
7977
7320
6315
11109
10793
5924
9172
5440
6434
6575
11770
8979
7812
7405
7390
2045
6635
7419
11681
5252
5928
9657
8098
5744
3356
10207
4947
5134
3860
465
196
1077
2822
8633
6088
11303
1797
4626
1380
4178
3928
1182
1798
5495
5128
9557
2208
1497
6897
718
533
6714
1061
7726
8261
1773
5819
8719
8504
11326
4458
1623
12106
4826
9096
12328
4723
20
6260
1862
11250
9182
4530
10225
864
2075
1558
1908
7785
8295
264
95
289
5293
626
8883
1955
8550
7156
3872
2511
565
2207
5329
9501
7373
679
2288
11817
5712
3174
6295
10009
1243
5074
11756
10893
834
10073
6923
1107
8562
1114
10863
7695
6519
9402
2813
3148
9590
12117
2211
9750
1689
1551
6501
6792
1899
11223
1462
312
10676
6134
2366
4962
7549
4549
6685
9090
10313
2628
6584
6340
6748
94
5426
2089
5067
6153
9821
4010
7114
7852
4899
8579
8804
3828
4565
8284
10592
9717
9823
525
6623
6319
8396
1576
2894
3702
7914
8582
2642
7059
12275
3359
9085
1299
5663
1253
5234
11547
4554
8153
4241
7214
6674
5323
2388
4235
8818
9318
4594
11950
12206
6037
9591
11853
7888
8253
1055
9279
1468
5780
12201
7951
6873
3441
11699
7913
10741
10444
11592
11404
9440
2876
9634
1608
1189
11309
315
10149
9084
3201
11778
5815
9924
1171
9831
9934
8485
9836
8827
8402
6502
9829
4411
5363
4998
4184
186
7196
1493
1972
1845
8717
8371
11272
7458
8053
6549
3813
2975
621
8806
6921
3777
7829
2910
4481
12087
10509
3556
6830
11406
10935
639
4159
5263
775
9404
7993
2419
3955
11969
711
9296
8610
2756
7860
1059
739
8018
9452
2294
6367
11312
10547
10052
2406
842
6887
5506
6570
3997
4521
5922
9362
7552
4029
4912
11926
7470
9111
6820
10807
10100
10568
7708
574
11566
7374
10507
9403
3138
5779
10631
651
5306
313
9593
3395
6762
1382
281
3683
6715
5003
2114
10034
11486
4499
2646
1324
3021
4661
1553
11766
6681
2187
6004
10786
2825
3648
10048
458
3942
5268
228
6173
8728
7209
6177
1358
9065
5251
12131
12196
8459
10688
3629
11430
8410
866
5427
5932
7425
3302
1120
1210
4679
8178
8238
9330
4496
10119
464
11381
8956
8720
9812
6001
6998
7269
11155
793
5862
12160
2684
7873
10408
676
11085
5243
2770
6711
7478
5626
4013
11666
6202
9922
4502
10912
6176
7304
8831
3391
2018
2767
4592
3842
12157
5385
802
1332
4421
8589
2535
4061
11837
2060
10482
5423
2548
3834
763
2490
12344
8560
8220
3767
4124
8139
6065
3252
8157
5805
9252
5725
12028
7994
9263
3348
2077
5721
5661
9480
2856
10853
6119
9652
6394
12253
3850
10550
11083
4140
10865
6341
7742
2519
582
8051
12182
1058
7842
1575
7600
10146
6333
7703
7013
4307
11533
8702
9070
10190
2611
3776
9611
11101
4466
1750
2024
1408
10196
7871
2712
10428
11593
1782
33
4997
9987
7758
97
10603
6243
6558
8936
6361
6491
5147
6414
223
11620
2344
970
7169
4713
1046
914
10089
8142
4462
1691
4475
7623
5141
961
9671
8390
3504
1100
7954
633
9476
11088
10624
1897
2442
6186
2326
4842
12080
4787
2262
9539
273
9921
11308
7133
10021
7105
6035
10027
4213
1640
11882
4587
9048
12240
480
5627
8159
11579
10816
2313
11948
6062
429
1090
2705
6091
9695
10393
3789
5474
7698
1168
4987
9911
4448
6219
5047
9195
5132
4643
12111
11864
3957
9740
982
774
5327
1531
2807
1683
11426
3064
6484
9323
1437
10228
9980
5900
1780
2066
8417
6117
4323
3037
1952
10063
10250
2720
6446
7820
1583
11087
7258
3800
1875
7714
11073
10760
3389
12076
8478
8205
11953
248
10586
3483
6430
3541
3708
10913
2337
6248
10362
4700
6984
7836
7267
882
1536
1413
10645
2272
11600
11526
9839
1989
9395
1976
1742
12246
10978
11930
5169
12348
3431
3467
7031
276
8346
1634
9187
3536
11855
2569
487
6737
7030
5633
9699
11204
610
2837
316
2109
6247
7040
12224
1447
11361
496
6805
563
2043
2994
3650
3569
10773
11379
11248
2037
6135
7441
9435
5852
11541
8115
6761
5920
6155
8959
10910
2781
3288
10314
6945
7848
8427
3109
3965
10591
2690
884
3274
758
12159
4660
7564
11510
2789
3990
9918
9169
11247
10249
3146
12347
5489
8694
9502
7371
11439
9461
12217
8607
9137
713
6038
11645
2814
8927
6317
8165
8622
2924
3644
11574
8388
7296
58
7284
8214
10832
9490
1559
10304
10413
10692
4207
3970
11108
5353
2696
8680
7668
1400
310
8094
2099
9577
5341
1313
2717
646
10493
4261
2305
9047
2154
7880
11761
9007
11663
3539
2134
9658
2542
11535
6349
9754
6733
2225
12276
2454
995
6302
119
7547
11873
11013
8797
12058
9
11578
4731
11840
7825
163
5891
10392
5720
2165
1866
8552
8934
753
6978
1443
4808
5179
10778
9902
4523
7494
3028
7488
5092
6422
324
2792
7205
9689
4082
9068
10955
4941
1914
8158
3268
8037
6124
5203
10841
11258
50
2514
2180
4285
1207
11785
6834
7063
1542
1240
2379
10563
10584
3352
9258
8497
6328
5783
1860
11462
4265
6838
4694
9058
4266
7891
7372
1201
10939
964
12341
6335
7859
12346
7369
6629
1038
594
3552
6917
8474
6028
10382
7036
332
10279
11179
12026
9910
6972
6631
6811
682
4220
10908
9366
4965
10388
11415
9206
4814
6324
804
4158
2852
7865
3593
6240
11988
6912
4254
2806
9497
8632
3207
5516
4637
7527
2411
6292
8843
6322
1838
1213
3874
6778
12284
6350
9849
2125
5177
6137
9685
8203
8629
3964
294
4480
8298
81
2784
6595
7074
10909
3851
12030
17
4948
11691
5996
915
8269
7540
147
1417
9255
7800
1042
5602
358
2803
731
5372
7238
11975
6296
9409
11165
2598
2375
2505
8445
8762
12249
484
11653
15
7624
9365
55
277
3014
2867
4848
6935
3306
8279
10114
10553
8971
2968
10226
2681
8112
6565
5743
5729
2866
5707
1179
5077
4112
2059
3601
7957
11191
437
10819
9138
908
3490
3620
871
10151
5198
4582
815
11970
2496
2229
1471
2252
1401
8209
8505
7004
824
10626
1238
7280
2407
4781
3607
11104
7722
9814
2913
10198
5180
4964
4121
12048
5153
12251
7647
7815
3255
11398
6041
3761
8222
10764
548
6082
306
8444
3559
10952
10948
5704
8172
6310
9368
7893
5950
5534
3999
2311
47
7809
7788
10814
4245
10381
10167
12226
1354
1347
6145
2501
3933
6637
11215
11572
7317
10566
3314
11668
8905
10714
9531
1043
3910
288
6102
6495
2183
7583
6140
11598
6093
6432
1813
4450
10399
6371
4734
9046
4602
11032
6258
9820
7911
6624
10658
2674
3846
3090
11588
9868
7683
311
178
10163
855
10148
9901
4493
12078
8005
3755
11380
5914
2156
4812
7561
2757
2329
4051
6523
3430
11256
9945
3554
8420
8538
3203
4509
6933
5172
9708
2179
2904
6344
1330
3202
12297
11910
944
2619
7976
131
255
2369
1512
6254
12154
5482
4909
7021
2360
7417
556
10394
5486
5338
3570
690
10583
3217
4268
2884
8077
11419
4345
8062
7099
4022
2347
7138
11201
9854
1300
2903
9270
7257
2377
7232
7351
9006
7663
10029
827
2080
139
2396
4115
8135
4857
4925
10628
3432
5461
9416
10907
4085
4745
2623
1676
2547
8659
1842
1160
9235
1018
3602
7841
6261
12128
547
8522
203
6154
7149
2330
9549
10321
4716
2817
1981
11314
4889
1570
11713
6108
5144
7753
2752
5196
6781
5903
10037
5318
6487
7840
5310
3296
6954
5394
5227
11111
6664
12322
2969
6790
8791
9117
3241
10693
7316
9833
3473
8477
2929
4348
11740
10186
6387
3209
1824
4662
5001
6589
3675
5344
9002
7350
10244
727
2067
8559
12282
11245
160
4989
8476
1131
5240
3606
8287
4829
12223
7505
11343
2440
5842
7235
6940
10425
4338
10761
7250
8040
6651
189
1431
668
2573
5207
285
5160
4058
4116
1337
10450
11222
11907
12109
11240
10783
11909
9072
9211
440
8545
10201
11532
5317
8267
11409
8618
4146
11813
9059
8058
10917
5711
10938
11737
9873
9017
1580
5390
8321
8704
9110
1396
9728
6425
7810
2699
6466
7048
11145
706
249
7910
3506
7754
8885
11289
10005
3305
11334
9709
2821
9622
7901
9097
12187
6286
7628
11573
1783
2592
4423
2952
724
7499
11669
9841
5611
9540
6755
9171
7231
12324
2014
3328
7375
7906
2859
4369
6142
2096
8785
5237
120
8403
6212
7092
619
7306
426
717
10959
1483
4189
5408
6497
8204
12326
10223
10846
3929
8039
8489
11618
9303
733
9344
1865
1220
6659
4428
1255
2676
9586
11667
11214
8207
7585
10409
6861
8735
9020
6022
4463
2872
2658
744
8028
746
8348
5839
8521
4482
3465
5960
1645
8993
1448
86
1149
4451
4974
3189
8553
5321
8916
5088
6867
8351
9089
10256
3968
2410
6354
8671
10050
9248
2594
6482
1145
5125
9334
11987
2577
8350
11069
11016
1930
3575
11135
10273
8930
1019
5048
10361
3373
10376
3958
8915
6058
4722
7480
1229
10437
7697
7003
8639
10189
1588
2851
5785
10866
5873
6596
5415
2384
4988
8592
5667
2790
8042
1467
9680
1419
1647
7298
511
11693
