10267
17409
40941
33242
27768
17829
37148
56377
14527
46028
3177
30343
8303
43117
43290
28490
61542
55269
36034
26945
28079
7748
61556
62515
42269
37558
55678
35442
4273
17949
10303
53066
31840
33333
58533
58505
59253
11239
55744
48012
46696
43390
23402
21664
29370
25821
51553
30256
40625
53446
28476
41547
43086
40924
41752
27335
42695
50186
24395
53617
21315
40759
53438
29436
53504
3121
43307
21639
29265
58022
58401
39766
45007
25918
53830
13527
43673
28791
8393
15978
22734
28820
28066
58912
27922
11259
5880
28328
40778
43049
52007
21675
6085
47098
41148
3201
39782
57823
43578
61580
25434
28094
26878
16014
21679
60514
9168
8232
53083
40932
55631
53548
60608
26922
43448
29236
28644
55054
28164
34315
46023
12974
53432
62498
55596
22484
31661
13455
55331
35423
5040
28567
33002
47558
32248
19881
54653
21653
38308
43897
60685
53595
15959
53568
11276
54612
40772
24068
10155
27953
53449
57795
9438
41137
10507
53232
41263
24398
60668
32995
24128
49736
58791
53646
33503
5008
46366
41675
47103
29149
55034
33464
4270
35231
3209
33017
56390
1582
61461
36020
43581
10149
53245
24203
56962
55222
51856
28603
41418
28463
55589
62547
3427
37515
3941
60650
15252
5117
61450
21612
39836
25501
29407
26951
29398
62580
46410
32873
17412
40484
28395
33435
53077
15982
39447
9388
21695
24117
39814
35960
40469
26103
57306
46404
10908
14506
39763
46684
38340
55628
53093
34132
13456
18906
41764
49755
22271
37505
59528
41443
59327
33022
31166
53058
27754
19264
53631
55221
27234
18622
42244
27951
62347
44624
52097
7741
55108
32816
40657
28257
28242
25456
14534
51934
46464
43239
60688
14711
11260
33161
21223
38255
43268
13402
39442
3409
56399
29170
27784
5844
54656
17420
60378
21227
17860
29677
55726
58020
53817
15223
4468
40453
4264
28492
55761
41927
43463
9382
53431
30617
8387
41101
55554
40591
7742
7729
57130
27600
7697
43037
29678
43212
27952
43286
9479
42098
1319
42546
32755
51017
21735
14381
27939
27658
28040
4252
27467
6081
37513
43813
45793
59635
62668
51802
53075
42590
42027
43296
29471
1562
21614
61468
8305
27257
55319
22728
59538
11056
47913
35408
17445
48382
15114
28856
31063
13462
28330
19842
50270
55565
48370
41158
8280
59260
42208
8251
43689
26911
18894
41853
42050
41526
39771
34317
15128
53507
13573
33139
55120
27690
32726
13581
9701
43541
25847
27907
46611
46722
5318
55543
62816
40457
46562
62657
28814
43437
56977
26082
53063
21633
61440
41874
27701
61579
28496
40795
28110
28296
51453
12996
11069
51900
27522
53241
28294
36027
38406
54993
60376
38022
43128
5043
41727
41933
43264
59575
41942
45816
8233
2107
62339
41770
8189
29423
7801
11304
7760
56992
14528
46521
33183
27573
56961
51928
48335
15732
53167
43328
28469
46518
41759
2032
37221
27742
43712
28521
55179
5077
56718
53100
42531
58899
9398
28411
22737
23833
55167
53811
46017
58005
32667
19855
4222
27864
61464
15133
58403
42163
32844
43098
18611
55736
55237
53663
12863
43478
31062
28417
15116
59617
11089
41293
25817
58934
7693
39527
7687
42522
17417
27758
3463
41392
28454
15147
15996
48400
51726
35440
34333
43438
43074
34566
62536
21595
15165
56383
3212
44450
53354
30641
37483
1557
53445
27505
53600
43481
53494
7684
47166
55571
15739
3503
31879
28029
32688
7707
53694
28186
32912
41009
50189
56211
45814
42299
63036
46398
47195
41142
61570
10211
45071
62696
53217
28902
23587
14518
4487
41563
33145
27455
25422
19847
52045
39788
52228
21618
53095
5051
46067
63182
53221
35385
28402
55544
43900
42570
58000
51791
21328
21678
12945
14552
31370
43524
50198
41367
1631
34515
41139
44618
37164
13405
19249
5888
25479
28500
49832
15970
17374
13008
10294
61446
41168
22508
46568
26914
21724
51428
54376
41288
5896
15142
39508
60423
29159
16006
5883
46508
44608
4202
44596
27431
35237
34569
15426
17407
26894
21733
7737
9455
33165
1296
26938
39538
57504
32977
32732
51898
31375
41956
25950
9675
62618
28410
27252
5736
1624
53416
42066
25226
42696
55733
46617
13510
42773
6064
58916
52718
3474
56204
55275
28031
39873
8382
8224
25201
30225
21665
10283
10254
60645
8346
9183
15418
10911
41545
27019
43236
51833
43179
40595
29093
43301
27892
31156
30626
55302
29219
13565
24480
53101
45847
36143
55650
19307
26991
55330
50169
40959
55184
40785
55760
59646
56183
4978
37175
24469
25200
41828
58388
26961
50304
41466
33228
53667
12909
12937
37525
41689
9160
52101
4947
7781
13553
40683
57518
27890
60640
28564
21305
53279
8304
43490
13492
4467
53785
63280
42054
55599
49742
41381
15741
36127
14379
13559
40711
55312
17831
58794
13420
11076
32483
41612
18883
22706
62354
40597
39550
23422
60622
33102
31094
55604
41911
29432
29146
11241
13582
53721
2031
43512
5041
55109
42178
58523
43538
55728
8261
19484
55311
57429
53261
4950
29796
33107
7746
29414
37476
26879
26864
7840
61602
25247
4480
56401
21684
41622
42779
26611
19967
29229
51805
42077
55673
1564
42994
53045
29638
11295
13544
41397
43091
9184
22273
40815
7841
32141
52014
21310
18763
3136
28080
55405
57790
8235
21658
53089
7779
40996
32841
35411
63214
55256
32953
55680
60639
27837
40608
49741
4954
55681
61592
61553
33338
34581
17851
42075
41355
40525
21598
28464
29653
25266
8242
41482
57530
53723
48212
49805
14374
55149
35377
32432
33120
29499
41344
27857
37190
23601
53238
41184
15196
51563
55455
24400
25947
37564
46018
46032
15124
29258
44990
50265
41422
42744
37480
62544
55452
19867
21654
53517
28344
10147
31673
40777
1644
40379
33585
28862
27921
59668
43062
46482
56205
10320
61560
28939
43358
43527
37207
41483
23393
63271
59649
57105
60672
41191
47079
47196
42966
53809
55260
21613
54404
3501
51994
55064
39865
27841
8348
43522
45789
15200
42153
46444
22488
35234
59618
42640
54594
3485
38335
26833
27827
15138
28388
57103
19479
62651
27033
28212
33607
33565
5329
18746
10144
6076
40502
40823
42613
15826
37518
10915
44473
44415
43340
32058
10158
41333
10251
42294
27869
18751
28816
40673
32640
32434
7839
57415
29383
42735
19971
43563
57654
55288
38000
29501
43046
37475
39871
58520
32647
41901
53546
28590
7710
11060
28494
28221
37464
21608
43534
27054
26943
1566
43596
27045
29481
46750
19356
14758
42766
28385
32976
46686
4462
26817
62346
41301
11092
55536
25431
62361
43353
55100
61424
12922
12955
15417
27483
43345
18756
15184
9476
1179
11289
27759
14543
28801
11051
53164
62590
33312
59524
28097
42743
28070
28348
27464
50233
30761
39513
46030
12987
30610
30638
14372
19235
27355
28819
53285
28263
27270
57809
62352
21631
15825
55446
42121
28887
9471
3478
13526
40824
37163
28444
1651
28334
27363
56381
50232
40368
26992
42149
50152
29510
46016
53405
28072
17376
53409
29399
28341
26080
43842
45842
62543
5715
53452
55684
7827
27396
51440
57119
33336
54400
43420
43471
51118
33174
32686
45062
46448
42291
62790
27823
14540
40495
55115
25956
22546
27597
4207
22738
28030
46682
14353
62689
53736
35238
29368
55294
5120
21287
12903
53194
57110
53770
9190
19997
17537
9498
41819
15151
53055
15126
52712
35441
19289
32723
53623
49821
26835
10512
40365
34052
49773
55036
28554
8349
27498
43488
62516
43314
22284
60402
27684
28138
40763
41962
10168
60598
41792
46704
48022
1589
41672
59559
41772
41908
21645
4272
62558
58732
40432
5714
55597
54989
33534
8246
13507
53096
40645
29272
14755
62358
33500
29213
39850
32879
19859
22278
30358
14732
55139
40604
7653
19996
21606
62775
13033
56428
17861
50206
53585
53573
60614
48207
24126
43364
41992
53184
17449
56418
60625
32819
21313
62356
29303
29233
39475
5055
49752
29327
49817
55703
60590
19992
14716
11086
33064
28233
43893
45073
6084
32091
10245
27222
35974
61603
33542
7818
41840
51998
46490
32859
27046
53687
7828
32728
25453
40439
3199
32905
32586
32428
28404
24100
63208
55234
28055
28946
17882
27422
26946
39851
53248
10276
31379
21607
33337
42007
48355
30253
30366
53482
3480
34493
34574
19308
44605
62577
28104
29208
55645
43406
9458
17932
61586
27372
27749
33050
4274
19972
26996
29311
27227
1655
22517
47081
3507
13459
9171
13398
47937
31665
27514
1620
17406
49799
47575
10319
41553
62586
42977
55473
28414
28422
43453
39478
33466
53741
44436
23569
63151
41121
30347
10285
58885
62637
42979
43500
24069
32741
31744
27057
27351
48025
1579
41097
7771
27244
51795
27815
37167
28964
45818
43489
27826
53262
53540
51890
23423
25929
40754
27871
21702
31742
41749
28012
3505
41312
53511
34509
6036
13468
55572
7821
18736
29321
39855
6074
28866
3130
24413
56421
8319
9470
51806
41183
32089
35434
21368
27692
41166
30620
32236
7721
57995
9404
14753
26968
63140
50274
41902
42707
57417
41518
26912
59607
37490
52013
43429
27383
47504
10225
10204
41500
29240
19358
17929
41665
40920
1639
54988
40448
13416
19291
5861
17925
28879
25943
32960
57793
55095
42333
40967
29433
28894
53486
37249
51437
42283
51864
58024
50990
31439
18759
54620
59350
48341
33007
41376
30606
37193
62368
42159
28007
3491
30355
33331
43573
40475
43095
37140
43551
31373
10178
31731
27998
29166
32760
57797
40661
53042
40911
4307
28875
32237
17485
40675
57994
40447
29305
13563
28479
31730
61588
15166
52037
33105
9431
25199
28106
41210
21288
3489
41190
53508
58032
29288
11054
43069
55653
24085
22526
57125
53090
15187
41163
40642
56402
53411
59656
46622
5016
42516
57111
7699
39491
49774
27870
15833
46484
40536
42690
15219
25426
9490
8204
28800
1188
50293
41212
27308
28461
5330
43230
55688
43451
33049
19353
22492
55759
6039
33193
43380
28434
59619
4472
41115
53403
23561
55325
46401
2128
6051
32713
32491
7720
15113
62369
43045
50243
28076
9192
33441
58327
4276
43811
28872
32482
62784
55587
15960
3152
53185
58915
42681
32992
28364
34469
43691
27821
48356
29643
15185
29568
57532
9683
27452
32780
14731
63143
40487
21644
44620
53829
53051
42216
33171
53255
42023
10269
33006
21707
41558
9417
53780
4987
8366
28888
15988
49763
42268
50301
29196
27807
43668
40641
58014
35220
14567
54365
22290
29558
28266
62703
1596
33433
16011
36021
43709
43337
62476
9412
4981
28210
17520
42046
13478
28610
50158
41385
23852
5035
47576
40988
37502
19480
43491
19778
14589
33119
13029
55264
8373
55063
56723
46754
57822
41870
37531
59587
11287
26109
32165
46524
57972
43484
62471
28897
55196
33351
43150
3462
15262
19868
55104
42629
10919
51780
29564
59642
29115
16008
27669
15123
35426
21247
56966
55077
54587
4477
30252
27822
31170
15727
27923
28532
53772
42217
45809
46749
1572
5034
3173
57802
60687
31386
63224
33164
42554
48339
19853
19315
15419
25932
9671
10905
51925
54591
29369
39767
55127
53419
4448
8292
29455
40786
32909
8379
40476
60629
21688
28501
14722
21690
49725
62628
42006
33241
51938
44857
46541
4285
54369
15148
51535
41130
55456
42623
28952
29388
48369
22483
53644
41556
42517
17521
22804
12900
43326
51002
19998
51725
55727
53481
58795
41651
54663
52103
62491
60695
41784
27881
56379
3456
53205
32869
7736
43566
10324
17534
10176
27898
42565
59667
42689
56389
43354
19258
33229
59637
41997
29278
4455
19256
40512
10916
33405
19267
4970
45858
33590
44452
6050
49820
31670
18718
43384
51784
29416
37237
27649
41775
41447
40460
27904
33149
8216
4489
10261
5865
31165
29410
43713
43229
49707
38427
53492
63145
31682
42514
41552
21258
23550
49754
58515
61438
2027
1742
42251
32821
21685
33552
50302
28152
50287
51838
47076
46558
35722
38250
31666
47077
14577
57521
43352
26963
50223
42063
36145
47468
19884
57098
40779
13410
39553
17838
32140
29151
46534
9195
58393
52050
15140
53471
11050
40505
10296
40520
39479
52234
49824
41204
42614
52708
29107
15261
46364
19839
43222
39482
26511
1648
10167
27268
54427
24132
39435
34154
41490
18772
1976
43363
28854
32189
17522
15813
58883
35696
59329
14385
56222
28508
55541
39798
28059
33554
27745
33349
51099
1218
32933
11026
7682
61582
32758
24202
28051
14386
40573
3946
58395
46774
8252
12979
37559
27743
15247
15265
42544
13039
54593
60631
28245
9191
1542
4949
3190
12891
51853
56182
22732
37188
55033
35703
43248
56225
42980
5723
53052
28963
27200
50238
53676
33510
55562
21650
40658
40610
38010
55417
23560
41742
52267
47499
50244
60609
1971
11074
32833
36050
33025
33033
23605
51760
49724
41425
10152
32785
13476
55403
27285
17525
24101
62363
41492
28468
41834
43141
31455
17540
46578
25232
62661
29562
42145
3960
53795
7654
24131
13444
40580
41610
42642
27699
28050
17888
51977
21309
1540
13499
28789
21282
53657
28130
4457
18630
57503
14756
53592
43112
55220
42550
62506
58784
5107
5012
43371
36108
29239
32786
40801
32863
51922
62514
53714
42637
27329
62608
60386
47343
30640
42167
41999
26944
41272
54375
12854
62512
31091
37146
53469
1207
9383
13457
42080
17854
37219
29442
42252
61460
28316
55641
28405
43365
54381
56186
27035
50284
32697
25215
42031
59596
3446
61559
19788
28180
9408
16002
31367
23553
54384
27039
27448
43376
1747
49822
28311
6075
26500
54402
3497
17954
43609
60643
49672
15149
33550
59674
8398
23378
42701
1586
46465
28425
49706
62473
50254
3112
11036
22493
27497
25207
17542
33039
27575
32986
27893
11080
55713
3492
14383
41003
46372
32167
62646
40703
53613
32969
30251
42257
62605
41432
26521
32722
39853
15834
22536
33576
27236
4495
33514
53810
13414
53160
27855
34155
33353
41931
61573
56385
34473
17453
32876
41382
41966
39534
4282
55548
48397
62496
23877
19975
15841
41570
8220
54618
55583
9391
24082
21295
54398
57831
48208
41502
43595
1637
7652
5103
41897
3942
33167
21714
29356
33074
36039
17462
31841
29659
7675
53584
46504
55145
32845
22518
33411
40570
6040
62765
36044
17450
4203
26533
50987
57528
40620
43331
29121
26623
32581
32435
54401
41549
37201
10899
34075
53662
57662
53244
13584
28273
27434
40800
63024
33196
33140
51432
19983
27254
39793
3138
42758
27581
51556
56425
53485
27441
37210
17850
11067
9186
33116
51124
19774
35962
27047
32615
32481
55012
19286
23375
51899
41236
15134
56984
5096
32818
31868
27842
29201
32971
9693
57497
1657
55235
28168
41340
42989
8215
42741
27844
62353
58527
28172
5901
19311
27215
28885
28535
19288
44858
42174
19773
26916
41347
28403
62776
52790
39526
17430
16012
41487
47922
32922
45851
36141
29228
40612
1581
27988
42093
15163
41237
27863
37507
18754
15241
15849
40688
39517
9433
14545
17937
46369
1574
43143
28054
59529
42978
44449
44987
54411
41895
28270
14719
14566
24047
33732
19298
55313
60677
13483
59566
32427
52275
37255
4500
43809
33060
33513
28852
44595
43152
53170
5124
51970
15995
61596
41631
34472
14526
23370
27681
9389
43444
27660
3423
17837
27647
29811
32655
37178
60599
11302
12963
50317
46559
53729
55236
33524
63141
29465
26104
21682
19991
54385
41507
38321
31364
62766
42765
4229
13044
25227
46494
54370
27248
57307
51936
62569
33089
5081
28268
7764
47577
12857
40529
24401
27437
56188
37537
47618
37566
42259
41613
35215
39811
33473
45806
32947
39500
59579
43700
42051
29203
29280
1603
33131
55166
47180
53450
36128
54356
14750
19214
28304
53598
28551
51531
32478
4498
27283
55609
18747
21221
19342
22743
24066
2123
24048
33098
6100
28943
27586
5119
28629
33508
21634
53222
29085
25983
3458
51846
27799
17919
12934
51779
32490
55558
46692
55244
8357
47612
43137
28810
59357
27698
1555
29452
43159
19989
47616
29111
43299
42253
51537
44610
5024
3956
25210
27480
42094
62462
15217
55665
37473
56394
7672
52711
23895
53032
42336
45841
55019
33151
42992
4942
9457
42044
5722
40585
9703
12997
9706
19285
28359
41917
27883
33191
53190
41858
23588
35370
27255
63173
39430
5037
42776
42737
15980
3186
27384
18752
26642
59572
39805
27439
41323
1212
40366
34072
17948
41186
26816
59624
28283
29100
33598
48007
29285
21637
35379
55402
41915
14746
1970
40483
8206
27364
42653
55285
3125
33207
36124
1229
11098
35393
27395
5086
63221
10233
10187
44470
25208
51837
28527
63176
1312
39786
25964
43016
41941
53206
5127
27950
54431
34141
19265
19259
28251
19862
49712
28416
27571
41843
27854
21365
36047
41406
14718
42733
29553
51888
28277
55226
15736
42315
4231
41197
43470
41306
10301
57513
34573
19275
14715
19268
28377
49728
13454
61565
53639
28507
54657
7805
25419
27666
51889
27978
44589
57109
28134
39820
43104
41879
42523
53724
42100
27867
28786
27580
53056
54407
43461
28292
55576
28177
28436
43023
28529
37998
13010
36132
25436
35211
5019
56203
41201
4484
31678
8333
43410
29637
59620
53719
56422
33018
28561
43240
55442
46516
45781
30739
8307
43278
28548
27697
42566
43308
28577
52280
33209
27391
41814
35368
25919
9475
9708
4961
40821
33476
44579
40434
54642
7735
23407
29843
32870
37565
29125
22797
15816
27002
42498
11305
43602
51826
56950
28044
61449
29514
41503
53103
51990
43205
41104
52057
3171
60647
40693
54980
17916
34148
1535
40946
22522
62652
58025
7795
27595
42250
61422
21732
59535
44445
14356
31077
3408
15105
43548
39518
43118
35968
9173
32862
55418
60587
35218
2105
7708
11271
33150
39556
26536
1553
28635
10200
23604
39834
27379
30613
10913
27860
42219
30612
38252
58779
40473
58509
27964
1556
48333
53786
27691
62566
49769
29173
42042
31454
19349
19276
56226
43200
7743
26913
54354
42008
44944
51430
7762
33708
35375
37487
50988
18884
55606
27432
34077
42738
53554
32711
41239
50159
28249
52094
14377
49691
50221
29351
61470
13024
15174
58780
60619
51879
22528
40424
44617
28298
48190
52041
33234
62539
40758
31093
33543
39497
43068
27686
27578
55281
43452
58011
47567
61576
12887
29108
27901
17889
38047
18758
32967
27942
39778
11041
31163
61453
46633
18615
59328
42290
4313
61455
52086
23377
63362
32624
42673
53065
50155
43097
29636
33080
30263
46545
21326
7763
9446
42703
15168
15256
3416
1213
41156
25204
62528
35405
54667
51561
8375
41278
8247
37216
43388
50211
28019
23559
27011
42086
42076
35437
26899
14371
17863
41242
28616
40761
19866
40435
28339
63364
53831
55332
37459
27354
14720
32049
43671
8386
28572
29271
47609
53250
62694
42686
46034
61456
57517
53503
22291
39843
28218
28151
33194
41820
26999
41002
56954
36131
29563
59639
4492
61597
29110
26964
32673
55162
27520
29227
27000
51901
45850
40681
32979
27253
4956
51924
9419
54418
30619
41440
33053
1214
27428
2013
41808
5125
28182
4256
2115
40644
33178
17875
32906
25813
11279
22525
49747
42183
54983
42210
37251
55422
22796
53360
52108
10278
51562
38254
8212
18728
22516
42666
53079
42316
58929
41607
55443
15144
29468
43042
35201
40812
32492
49758
41985
58919
23397
53807
43899
53838
33728
57432
41537
29349
26537
29484
4259
29306
44941
35698
44460
43597
48015
42277
55175
46409
34062
41674
47994
56965
8391
9672
3145
27930
55440
28502
41480
12878
33122
4496
18764
53094
28253
60513
3952
55008
35443
37494
50291
58543
17955
28269
62589
62568
59629
49677
41791
28349
42501
60417
28844
33557
19879
47498
41457
46701
51810
55444
28291
21329
4237
28520
29486
27858
53105
27602
26535
26915
41557
42510
41889
32834
28126
32972
30614
20005
61407
62627
43819
27356
42115
4210
25476
26995
29457
18717
52093
23385
12867
42775
14523
53618
29492
62658
28594
28004
25235
48001
13019
5869
33465
12910
40818
29663
5111
12895
27862
19838
55698
34496
49834
27288
49796
2039
57101
62602
17517
41606
21245
9503
30351
62525
33420
38330
14572
21259
26994
40964
13412
21726
60510
22538
33030
11256
2025
41930
55243
5863
28904
27797
25962
1739
39472
59355
27475
58914
28853
17400
59349
27932
21589
28376
22361
32080
19869
34494
5044
53675
52269
13586
54392
26519
62366
23598
10197
9698
63175
22747
29134
29554
17881
59671
39794
57099
32635
53025
28276
32678
57996
11025
28915
41287
5887
43053
46500
5735
28456
42780
55098
1191
47100
17867
41848
1554
10143
3198
40618
14563
3403
3452
27882
62464
41303
42715
9423
28039
25211
53115
59660
28081
18723
51819
1210
58792
17492
28847
40429
41773
50153
28329
15267
53289
50202
61447
19284
47466
27286
21734
50309
27774
58405
33521
33485
29394
42555
25423
14351
32763
41262
1643
56371
29552
25450
29178
1738
55666
36123
23568
41780
43574
46608
53229
21351
42293
41983
62480
10514
58888
56375
30349
32662
27444
42232
59542
41560
43662
60660
29494
27311
22524
43603
50997
27566
48167
44439
29267
17923
57829
25485
31360
50277
53110
7728
60603
53695
32888
32894
31430
13479
57816
39474
28228
47581
32251
28105
43523
43241
17476
4225
57133
29549
19865
40663
42694
7661
6094
28971
17488
27024
39530
7674
32955
7758
47990
42095
50166
24044
30625
28250
55535
53454
39522
4220
43513
50281
8321
53152
29513
8376
27673
49683
29547
28352
39440
23403
1307
19337
52819
14536
55745
45783
43007
4996
41626
9163
43115
51023
49825
42171
31164
55661
37179
4957
40746
42226
55116
22739
46536
40560
28025
3137
40615
43423
53776
42500
7716
5832
33530
10304
55056
57100
45853
41431
46411
12928
43274
51875
40498
14551
3204
61413
41980
5004
33211
37165
2023
59541
1301
5126
26998
17984
41736
39840
41463
41260
28260
42298
42571
13452
43391
28256
55041
31366
47941
55618
28821
58328
29319
41455
41458
49685
41007
8198
35723
28956
57114
21229
32744
57830
11293
29185
52060
17398
21318
55089
26877
48347
50288
52723
28525
28489
14736
14550
33230
17494
28397
29427
44446
34571
18908
28591
50253
21663
40917
52049
40531
47934
62581
26507
28630
29154
53092
11251
30737
55247
40596
57832
4263
59608
46777
7740
27435
29682
35395
32659
13042
19287
55674
33601
32978
27266
58726
40418
1205
35431
55206
42999
43001
1617
51916
6035
48342
11064
55225
62463
11029
27202
59652
51761
59591
3444
49815
13509
13567
47582
28447
55686
33573
58886
29853
30257
37217
42015
47170
52823
41495
28650
41932
41357
24366
56199
15115
50160
42533
28790
28091
28839
61410
58519
21599
49732
55463
55174
17847
4958
42040
13475
42606
51931
27596
13566
41587
17384
37526
41096
39808
32716
41219
43902
18881
47918
33544
28969
43237
40509
38261
41668
35414
10306
55568
62490
41575
28307
41555
11283
33177
9395
15989
32898
49786
28579
41923
33310
21249
33326
51800
11040
17980
43015
55398
37546
45066
26903
59342
7778
15135
60415
10156
63039
46452
15173
14365
42774
53544
14747
19245
6069
27755
8383
28022
59522
17899
42223
10270
45798
28869
58538
50163
59358
43198
31079
53341
27456
28560
41807
32750
43270
29495
40955
23603
9414
41912
56724
22353
33726
32899
7658
22364
53441
48357
13046
46655
19854
62675
38019
46580
33522
45834
43892
52820
46460
35396
59332
43356
4302
43417
27688
53228
58889
43282
7819
51560
60381
53050
62530
46618
29147
41208
22811
35400
3139
21660
41161
27196
12926
43320
18762
62337
17467
37478
55068
12961
43507
47187
46048
55483
28285
13411
44471
24417
17856
51894
42243
49767
27269
3951
24483
5325
33317
19323
55445
45000
43381
41454
26905
62513
33056
37248
48372
27481
23389
35702
9450
59537
40760
55649
43571
41111
62815
53124
58330
50316
15132
28409
59556
9666
40662
41094
10277
4303
31175
30607
23390
27289
35378
29347
53767
44992
37560
17493
37245
42275
8327
1744
32585
42089
55683
33221
32855
43252
36126
53140
13435
49687
26836
53656
57780
22541
62489
26988
8241
5726
29334
43319
29190
43130
50225
13403
19977
32690
55672
40659
41597
18889
51544
4284
2017
55471
47090
55021
14376
1317
33725
4206
8306
21286
53412
17418
8271
33176
43670
15974
53572
51545
27787
46362
27510
36118
33329
40569
4975
42558
28927
27010
59547
30231
4286
3465
46470
37182
53253
42628
28602
4993
5857
27275
8255
41395
62549
41238
43815
42995
23399
32665
24088
11093
27369
15218
59335
53340
42053
35246
3147
37143
61465
42985
17855
55138
13522
32735
23401
33307
25492
46037
13048
1621
63269
41195
4948
17504
25940
53282
46477
33008
31741
43896
50264
14727
28321
55121
29254
32939
53565
34562
31877
20010
58892
14378
39476
57493
53369
30762
38313
28303
28613
8288
10248
43044
28371
41174
41975
5903
38442
27338
17920
41958
19306
63282
60651
38322
49791
23400
27345
29417
53769
25243
22748
1224
23556
41535
30632
18900
10313
27404
42699
29850
44625
21336
51997
18755
33431
5866
10142
27696
13524
60670
27582
51543
12991
29333
33707
55239
55151
28243
48021
43020
45792
41733
27817
4490
52705
27777
45784
63147
41202
29572
21243
50263
61594
43454
9506
62772
33517
8301
41638
27050
52237
22534
42260
27292
45827
23392
25437
42636
60387
28530
3140
1571
55462
5858
19322
59670
54640
26920
8399
28896
23599
31748
33223
28899
40968
22521
35397
33559
34517
42203
54416
62572
37469
3208
43477
17877
13501
29676
53119
23540
47084
42603
41175
27374
28477
49804
29474
39487
47615
27492
27511
32961
12902
41854
51930
41450
15157
26896
42091
27016
53489
52801
49684
28795
51789
28544
7681
24466
4258
42679
22354
55560
25236
4453
41192
46610
1311
39877
21241
25261
27022
3203
5725
21615
41789
10214
53406
47080
41536
28381
27572
46554
27346
27462
59598
53653
29449
17526
10220
26956
24122
54419
43082
46027
32990
28870
32174
28362
54382
4465
24369
29365
53520
60641
9691
32238
62782
43197
15119
8342
47366
27552
28837
8285
54360
63340
32617
43054
56987
15998
24104
46523
12962
29195
53815
21255
41811
3486
35406
49810
62372
31680
43350
55315
42214
41164
31400
43065
13437
41561
3949
33126
28369
3962
41252
29177
21677
55615
33535
5074
62701
29397
52236
34514
51818
42627
32139
59640
42739
63142
55061
43035
9397
54650
25250
4291
57805
10321
21302
57977
43413
29094
41815
1173
32156
38446
32702
29300
15179
39490
22286
43562
63212
39461
48378
59675
1588
62767
27205
41229
31081
61568
24087
32163
53798
53210
27975
6090
62791
14565
27413
45003
62461
43663
24036
43579
27902
27835
29477
44461
62494
17930
52706
46365
29299
54432
53771
27981
43162
46408
45787
41434
41424
41366
42059
29671
28458
28009
60665
14547
32055
31751
3162
54399
59565
51533
40510
10312
25498
24404
4216
15191
62639
42057
43483
28393
53669
33488
31726
59530
19215
19482
57989
41530
62596
51892
40956
28309
17864
59653
54643
26897
47611
28085
52720
19303
57811
28047
41284
41735
53525
28804
51442
32779
19340
53692
3515
19837
52818
53036
29214
33474
5056
21340
19224
3401
45799
33439
41861
51769
22707
13408
41154
26528
53121
28147
15832
45796
53574
17490
29353
56969
42963
32228
62729
43043
39846
46607
42712
21235
27371
28465
29426
32689
33502
32956
58506
10159
55758
55663
51813
40532
14582
24397
47094
45777
39445
1973
5072
24468
49700
13574
40809
33117
30261
33553
61432
62601
13002
28615
50183
11043
39549
14352
52698
51836
62592
33129
11079
28264
28486
28394
41351
12897
10157
19477
13422
53599
47188
40647
19301
57782
54662
53153
51539
38310
14525
10208
56986
17970
42064
28125
55659
41282
58028
46550
28247
28811
27651
28052
17944
58730
56988
12860
55627
53523
41401
59339
19486
18891
18773
48189
43590
39473
41593
43575
54410
62613
19325
42563
24049
29848
27333
57510
59533
47560
15743
19270
32958
62509
26966
27845
22547
18726
46373
53028
33199
40831
30341
28601
46061
42270
55096
55085
15211
41898
4204
42575
61415
33316
58522
46501
15821
54426
41356
7651
40380
42150
17835
51434
41781
53531
23589
7694
33556
55450
51456
15847
50173
32645
33114
62526
3133
26972
39838
1609
53834
49720
47926
55667
27217
13515
3945
58895
27009
33204
51559
46064
13539
38435
7791
53200
17532
33088
53607
3179
12899
53590
3165
3195
45844
55168
28127
39830
9496
32924
27665
60509
41868
35965
56416
4497
53268
51792
53672
41214
25427
40699
57990
55298
41285
23394
41110
21343
53351
45815
62643
3123
56210
46055
19785
59249
26625
7774
26501
10898
29249
40697
33293
46666
29647
15139
62679
55110
25444
5719
29345
31082
5018
24374
33509
3196
21265
55696
15162
53336
13518
53059
42605
62781
43246
24108
37496
3114
10199
8279
55079
53035
47087
31910
50176
8312
28637
53127
21701
7724
51868
26525
55126
53583
61600
58399
1610
40421
41643
42539
62468
35224
52828
46535
59606
57529
32907
30339
31361
55250
41232
60421
28355
43181
57792
33059
33029
49831
55026
42081
28160
27828
46021
51720
43221
40369
55055
47478
33170
57496
41765
42624
31075
15971
35964
60389
43533
26113
41837
51855
28803
7734
55766
28384
41827
30615
55262
27479
25430
18621
28604
23415
48396
17870
13023
55094
40656
53030
53725
15249
47106
27064
41354
27527
37552
42279
23372
53666
28832
15180
32830
4995
29082
55756
27031
26814
25936
17541
61444
24475
30246
49818
28116
33327
5326
53571
43814
32927
47617
40636
47470
5850
38329
21715
35181
37250
5066
32987
3490
27231
6059
42654
41411
12884
41754
26486
14508
4952
56958
8225
4239
33455
11087
29425
5833
53640
27197
26923
33027
41008
27243
53226
56943
22551
11100
52053
5080
12969
40707
42112
32727
52714
12901
60408
18738
55621
33579
35247
19875
46606
10151
14583
33294
28308
41711
20003
22753
42068
16000
52035
13556
19231
53804
53328
21721
29412
17945
53567
27959
8400
57666
41380
33179
1320
17918
24482
62774
26909
19883
15848
41539
5881
25930
17872
41343
53236
26869
58905
62545
27825
24114
41365
17464
27570
43521
27891
28638
53726
27865
41794
26908
21248
43005
12998
40545
62690
1209
42702
46062
48367
28392
58927
41723
16018
62709
41603
27348
27938
41246
41921
57987
49756
21251
23547
46481
13532
43383
61459
51011
31728
38007
39809
26628
59573
36119
3513
1594
27944
27996
33075
16016
43076
22535
63216
40820
25941
58532
41666
27577
23834
33233
5033
41957
56180
43306
33046
41129
41516
60595
55393
48200
53358
28539
59534
55020
5906
33026
28163
7665
16017
12875
28580
43329
40601
11273
27026
55430
7668
14571
15965
29652
43519
1604
7733
33733
10232
55303
53455
7799
25234
58013
46370
42147
46723
4228
43169
32675
60582
28017
40474
41290
8201
41945
11057
44440
15177
4300
15118
63276
40575
42328
17472
29548
32737
22750
4268
28053
13572
53230
31095
41413
55051
17960
14570
4951
43711
15239
41339
55088
23592
27362
49709
12929
27342
15423
42164
55709
23404
28485
11071
4290
3494
41205
13489
51974
48337
26890
17477
12930
5015
25490
40700
41551
36138
1305
46575
63042
44426
14515
59562
56417
42020
7798
43257
27427
34134
40950
41182
30721
55212
5718
42742
41948
7731
17469
62502
39547
42969
56174
51822
55538
21306
24090
17972
58500
27641
58507
51025
55550
42687
3958
9466
33461
2126
55395
10901
5328
42155
59594
19269
41253
17429
28865
19863
17914
40832
10164
51909
52032
62478
40985
42584
4266
8275
42634
51768
5000
51999
28449
10907
41805
45822
43418
46614
38262
41686
28916
27970
9177
10504
54631
24370
26502
47099
51020
1595
11084
19320
42990
19260
22520
8230
29415
48379
61417
21280
18911
27564
27478
29396
27485
51980
35392
53425
61454
58508
45069
33346
46043
26523
43387
6054
49748
53727
52008
33032
11038
13487
28214
58021
12992
33130
26885
41006
12924
23831
15170
62507
43111
41620
31363
55251
9500
41126
41618
7826
29287
48199
31452
35435
43324
39434
27579
27672
27530
53603
56947
7695
10513
48213
60420
42200
50992
5025
51783
55141
49696
7662
13558
28187
27646
43706
25823
5712
27761
10521
37185
10239
51891
11281
32756
27779
18910
50241
55695
1737
51986
19257
60635
32993
47476
8267
35386
31729
40465
56202
28200
26503
26522
46751
27868
29139
43078
10258
35446
53691
46609
42612
28608
41469
45795
57993
28205
29218
11062
36114
5112
41506
59613
31919
56951
30264
24373
40949
4260
37177
33137
28504
41510
29646
41218
25262
59647
28881
53738
62759
8352
27818
49827
55740
59610
37488
40568
55241
26543
8278
42265
33560
33533
18742
57505
26875
39471
61431
58398
41810
29377
41522
42188
19845
29431
27943
29283
27935
23541
54429
41474
55479
22363
23580
56370
22289
44597
42678
29171
28365
28199
44441
47995
10510
17936
37176
41710
55084
43552
45999
22798
53080
50999
43089
57428
27489
2112
51821
3953
5132
11292
28099
55010
28812
43038
28057
59564
10910
58783
4306
21723
5099
62330
29406
50297
42747
19318
57511
41494
18902
27763
43509
5323
41147
48215
3144
25475
15828
42213
49814
59627
32721
29198
49792
43457
60690
52700
26831
17924
41616
13560
45846
42526
46031
46629
51015
59621
32583
11255
39551
26872
5317
62551
5116
43567
55739
63084
17907
46540
27006
13436
42540
53460
41709
5321
40446
41279
28340
27645
19297
41261
28867
62619
53014
48403
39826
40481
23572
59552
1537
27910
43347
9406
37500
9165
27556
55467
34136
9696
17533
1592
53487
41435
41731
40694
55457
55042
26861
15993
62474
33445
43404
11235
32998
41198
52072
47355
42107
26925
39875
63274
8273
41693
15819
30365
29315
11022
9497
43254
14592
29282
56400
29438
27831
15112
3105
43531
51778
29362
27501
21341
3132
42569
8364
55171
28378
14738
15983
27751
32913
35230
43083
43077
1615
42635
32742
31320
33415
38005
43186
32854
33290
60621
60419
10210
32757
62678
43349
45797
57978
62726
41124
18733
33128
53424
23386
29124
23411
41320
14357
17886
29367
22276
5011
13547
21356
28480
25269
59561
17385
55258
39821
15141
13562
43071
52274
32144
7785
45794
21596
29191
41716
25429
47932
27912
52085
17905
22506
37482
56719
42722
60391
27590
51887
29101
58908
17922
21228
41386
29217
53510
42577
10182
53263
42012
46746
33121
60429
48002
62647
6098
28324
39833
10323
34512
63150
26874
49674
41393
62377
53220
28174
17372
5017
31365
41566
41720
27927
53575
5073
7686
46447
53443
55608
4201
51843
42137
55475
29223
29204
53836
42247
53246
19873
26813
43231
10920
8254
33538
62470
25953
53522
25240
40445
48376
47088
27695
47473
39444
33034
58008
13020
40993
23883
63028
1611
27336
40514
48380
41714
31152
42647
27643
55208
5046
28254
29077
39453
46053
28798
43525
24412
53183
34142
33483
31173
13555
27449
9508
25816
32983
57789
41352
33148
55320
43415
52797
27650
30608
55742
40670
33425
10226
37238
62697
54636
51996
59664
55016
41361
30354
24064
62656
19359
29453
55015
43318
33058
24115
19334
4485
7732
23562
9453
43508
28850
41414
51993
45817
43265
3940
55191
40382
17909
51897
26643
9405
46058
40480
51834
61541
60588
15202
55082
27700
40454
40530
41907
14507
41599
40456
33288
55200
29632
14524
46514
26538
47193
13528
43302
32487
21680
47071
8318
55240
62695
29256
58932
9432
10136
53457
44943
24043
52273
23363
61458
13022
29679
27806
52725
41673
41223
6065
55633
46721
40639
28935
52113
18741
21628
55413
40629
32914
8266
41615
47357
38333
38445
41803
27747
41093
53551
17958
40436
25425
41493
7709
40539
23584
51444
27848
17975
62760
29206
5856
41119
53407
43394
32916
40664
56978
52827
41369
42131
5733
32852
59601
32164
50205
21646
52833
46678
47992
40606
62504
14578
15969
13508
51866
28627
46647
44587
33354
11237
43572
38017
60628
5087
63025
41740
41481
47167
1180
11261
41863
25220
27969
58731
7831
27663
42760
28517
53731
42165
46397
41571
28071
17507
46039
52787
53636
28011
23574
43890
39804
40607
55397
2043
32738
17531
33015
22809
28612
37158
37153
11078
24129
11065
42630
52794
43377
35209
58002
11247
22515
28063
55482
48214
59560
62583
40794
21240
29379
55648
57301
43018
10209
13011
41368
1219
52095
37461
27472
15169
24074
62535
26627
27846
10170
40655
47096
42205
33580
38012
60673
41259
48389
42096
43589
15807
14373
3425
33078
42713
21293
53690
50279
45065
41324
12981
40910
7669
2018
42524
39772
24405
5059
29855
46615
32973
31456
41984
10242
33016
34068
28261
33226
16001
14535
62636
27042
41943
13045
63044
55685
51910
25454
22352
42560
33062
11030
58733
34504
42055
42770
4226
33206
44433
63279
42553
27055
22754
53225
51915
17396
56387
17979
15737
10184
13471
10215
29207
9174
21369
41429
48166
44422
51448
43486
5845
32660
7775
53026
53597
33428
29294
39552
26524
55043
42070
46652
38438
41636
52005
13407
52704
26518
35973
51464
21648
10290
8309
56193
8191
21266
22287
50240
51462
55183
28931
53181
53112
24396
35366
51028
28150
41691
38331
17415
55598
4963
25814
3412
63339
23543
55112
33303
1612
53777
38311
43008
32901
29109
7679
62811
62693
10160
41001
63035
46627
35700
5846
27210
21324
22519
17844
26615
41591
3210
46664
27558
21342
31677
61412
45843
62663
28374
63037
60661
33562
4246
32054
29400
13415
21337
32951
41496
59643
55432
27060
7702
61451
62485
11298
32835
43442
28967
43171
40386
28558
3178
29290
41871
50222
43450
52244
44429
41702
55180
33494
41309
57414
32749
60649
59546
1309
26886
57991
58724
18765
33547
37195
42097
3431
42608
41690
28898
10914
48338
23388
29250
44419
27773
57437
43013
37141
25922
42160
1175
12980
33085
25948
42254
3155
26870
32628
19225
28075
42038
54981
55135
30738
29247
43611
3193
37503
42983
29507
29092
52047
53111
55723
17904
39539
63215
55706
29078
46605
42002
35413
62591
30220
19233
47471
6089
13399
62364
33504
33168
43459
21260
28448
11250
38260
27370
17380
19253
33518
1585
27516
28626
25959
22357
43577
28466
19781
3194
25255
15806
53806
29470
32883
41203
27040
14574
53187
53357
17544
43607
43009
33113
39806
11299
37256
47182
48385
42177
27568
39452
10191
17474
56175
53686
7830
9416
10918
34065
42322
41909
27382
41698
32867
29342
11032
26948
25229
23538
56195
35214
55280
11290
45804
28354
28045
41850
31870
57976
41919
56194
52349
52098
1623
5115
41319
40667
32627
5123
26075
4955
8263
33711
5320
60382
55647
32748
43715
28345
47506
52788
12971
8372
1741
52073
40438
35242
27933
4456
28258
46020
33299
26639
51121
53801
50154
33489
33315
46742
16019
14366
52351
27504
33057
19220
5078
32739
30249
55233
49693
24418
5064
27368
33031
55715
14568
40918
31876
39468
17983
58727
29512
42327
3211
40963
28528
41405
29569
24120
46063
62606
46687
54423
55058
51790
4223
53542
14590
33205
41005
42611
25984
40808
24056
2111
27214
53422
5057
46625
21246
50157
28842
33434
58334
59593
29142
42620
37522
53649
46531
43039
39558
13423
49788
1539
4982
55209
42287
27018
55147
55575
36134
21594
3174
46425
49829
58524
43317
38049
37171
41326
41388
28234
19968
24072
27005
54588
42967
54413
10154
33054
37462
60636
42495
32868
27350
55047
52074
60409
55013
14387
9413
35192
24078
17382
27563
55091
31684
32691
17481
27598
29384
14709
14368
25433
10287
54619
53426
9162
15109
13418
43456
55725
40708
41826
51876
55230
47619
8229
41920
39845
29114
29295
43839
62523
28379
4235
29104
32900
4488
2110
11042
35193
3496
33020
27917
34511
26917
35971
41318
55284
55626
40376
13005
42580
27386
43812
61577
48216
40951
33166
32762
28649
39515
28262
36117
29651
47066
43151
47610
42143
37149
28430
41459
28323
18877
22792
46051
27750
51439
11048
24077
42325
47354
38257
46529
40793
13588
42968
44577
27074
1570
21666
33491
32692
54644
46530
33424
6093
7807
43681
26527
27258
53490
63275
14538
47073
29310
4969
51881
62531
27279
18619
55081
42745
33296
45801
57128
42632
1646
26644
55643
44438
29443
28038
10506
52114
3184
8390
39768
39827
54585
29460
12931
37556
52695
25933
39462
42318
28555
55185
53031
31672
62702
34563
40678
1650
33037
40466
37173
39493
37155
53658
42170
42334
41171
46564
48004
21638
29405
40672
27263
27766
34055
41713
27359
27284
34507
39874
14516
54671
15164
26541
4314
53577
53227
51558
13400
33633
52278
47993
53735
41987
55282
44994
46689
36036
27276
40362
4289
62728
41266
28086
8361
39458
52107
41968
29103
3483
11275
29846
42308
10295
49704
31909
9684
38433
53410
29194
60663
11246
32954
42732
41336
47500
42759
28286
53621
17874
53476
4971
17913
41757
19880
39866
3472
13016
62672
27838
7689
14541
25815
34568
53145
1308
42241
25445
41567
6058
45805
49787
17463
15259
43325
25218
33154
45849
38424
5129
3504
53087
35694
28115
32875
45058
28230
29571
37132
39443
46486
52709
28225
40826
15264
55007
30642
53524
1969
24083
25206
47928
55735
56720
29126
56942
21624
34054
21716
39496
9387
14532
29815
29193
27417
53679
39521
51026
27265
28598
27488
30634
40709
51814
56215
32694
56427
10175
37230
29335
53537
28936
49743
44598
39507
29357
19331
60581
42532
31745
14384
40830
53212
43256
22355
27995
42599
47495
13425
53237
38421
62625
46565
55050
16007
24073
61466
32981
12913
47086
12982
15207
26828
19355
50311
54658
55293
46041
62717
41855
55660
28169
27879
32931
11257
60412
46707
21720
41135
53417
27242
13448
12960
19329
39505
62660
17890
29192
25251
17880
54599
55301
43598
58926
29088
40938
42541
45820
58902
42723
43837
39839
28220
24113
9401
17926
40923
17378
62674
42638
40687
48196
60604
43075
3402
28926
42547
63179
36142
54601
53239
61549
1743
55439
11270
33289
26967
39429
43398
53275
55065
53175
42307
41629
14521
18629
26863
27820
53685
3506
38251
51973
10924
30611
37529
17841
51541
11306
60377
34500
55062
51555
25214
28302
61552
53215
33069
59581
5870
51719
17894
30237
58544
5322
27786
24403
28024
27331
50259
41959
41825
41091
46557
9676
29237
41498
55465
25252
10235
14531
32929
45856
26498
13568
60398
47367
57516
40491
43426
19222
45068
28537
63363
40499
21366
15836
51775
28938
54627
54615
56220
42996
42300
42511
41100
8401
53204
44590
43321
56216
28859
41833
42595
41541
47477
25926
25482
41572
47469
15829
4461
18716
31385
41200
39801
50194
18892
35367
42581
26539
46509
25920
1222
46367
49765
46395
41479
42184
43226
18774
17965
48334
53179
53243
28563
40640
42643
55044
40621
41379
43901
32680
53788
17443
27442
29648
7816
29138
41928
28092
9710
55547
32430
5716
27494
27056
39761
38314
32878
21642
50303
3119
27274
55612
19963
42317
44459
31380
8355
56167
11288
52233
62350
26926
4236
26620
28274
33300
30621
10522
15175
31065
1552
29181
3405
17846
15984
42157
2012
55722
54396
43386
29339
41806
43096
41527
49726
14740
41146
40538
12859
10141
21673
27204
42176
34578
54641
55131
37553
33210
29418
4469
10516
40803
41696
55122
29490
41515
40750
28907
43344
28021
29122
27767
63180
56982
62785
29135
31457
43435
31362
41867
56382
4968
12949
45772
19227
42618
15240
19787
27406
9390
46563
37224
55072
25960
38318
42036
43449
41700
62534
60615
51828
14586
60607
61590
10201
9694
32161
8208
54397
28068
31749
53529
45808
27339
33146
55053
48340
3205
34139
37470
53131
30732
28619
49784
29320
27399
49772
12889
8205
19848
28000
1618
42286
55662
5049
4449
28196
15106
35380
14717
40762
29662
1647
22730
19981
35383
11068
22553
27271
13443
42161
42181
42976
28578
7811
34466
52048
29165
38264
43063
5036
9396
41844
5852
27235
37156
33412
55066
35191
45861
15967
56960
62778
14726
41876
55574
27424
59589
42529
13516
27397
55586
55309
28438
62588
42173
43357
14361
28215
27225
28241
60399
53193
9456
21327
27694
43129
12894
55210
11027
52063
33515
13542
33469
19878
1536
12920
5729
53433
51976
5839
27593
41108
5898
54415
17908
1599
33480
39841
41345
43606
28922
57653
40928
58329
41991
44468
57500
56968
17978
32886
51096
28858
59657
31153
35207
62563
28807
53610
61555
17543
40942
53108
17461
32173
35233
17827
55142
49716
40788
23381
40589
43495
39879
1172
42295
3439
3476
41831
7783
24096
43084
7678
59360
40979
28838
21273
41383
55717
26635
27013
13036
4479
28136
41439
38009
18880
31837
63267
58499
51882
55238
21627
27360
27792
13007
18885
43372
30218
10236
28827
4288
27334
7704
51823
54632
21292
19776
53635
40995
43251
29475
41950
43103
28944
29840
19357
41128
54655
32679
46699
60512
3153
59262
62541
42772
62699
44603
32740
43599
11238
51031
60689
22552
2040
51878
46522
46025
29673
59663
23384
41890
60613
27367
27007
17966
62573
26622
27407
32683
5102
19255
33345
3407
26881
48217
41986
14710
17974
29084
60425
43675
41106
28653
44997
41133
40952
58402
35179
51926
32618
33597
49690
49678
21710
57499
50305
52806
27476
32782
13480
8323
62650
58924
36046
53235
46396
50167
32703
56391
43515
47107
25239
33236
39523
13441
57820
38338
42721
27457
53109
33239
38415
35245
27689
25435
60384
41963
46674
43400
51918
34468
28802
55024
43174
28103
43029
29184
26491
4211
38439
21689
42274
41389
33341
7766
28023
1204
21304
43199
48204
17405
50168
62567
42688
1642
40802
22793
5882
30245
53533
31679
15246
31319
19343
47998
6079
27819
23593
12890
19299
35186
60674
11063
22596
34467
9688
9439
46613
42332
27652
41277
43012
7701
30336
56981
23894
30723
31880
26901
33591
28113
15226
51445
24050
5893
3509
10272
6099
24204
50260
51797
50257
28313
37215
53024
62783
3104
50998
62633
17441
55038
30629
26837
32964
8231
29561
32892
6083
13032
33208
10163
60411
28611
25462
1208
26829
36028
49681
40378
46756
28217
35436
50172
33600
28191
45055
12861
32849
27928
28835
56959
35200
8345
7719
38413
53730
51975
43683
53129
53528
28137
53768
19216
2020
8203
44622
54389
55261
58012
5003
23412
8392
33724
58729
28474
62704
41630
63206
40653
33421
26614
32836
55297
15228
43836
9689
26895
1226
62622
28796
61601
41970
49760
43106
42508
43271
33063
40548
7786
41695
58918
28036
56728
51772
52002
10260
42633
54602
61427
17524
43544
17515
52091
22731
40927
56217
41258
29263
61566
50204
42034
56420
40578
25248
3502
13419
43165
19263
21261
33079
4499
28281
23366
50285
41529
27028
41878
50195
32664
56213
27072
15258
18735
55731
28175
37497
27385
15127
33410
55634
59345
37209
19302
39536
8265
1577
49759
53688
62552
5727
62645
30235
4242
33001
27212
41209
45790
17956
33106
15145
28614
40518
23889
9507
6043
19783
54628
54635
27513
27956
41734
10906
1230
41103
51905
46537
56207
43281
55670
27241
33067
14587
17511
60666
11243
33568
37474
37135
46004
44599
17933
54614
56159
36112
57120
56407
5122
13495
41554
14557
28335
57828
55552
42067
41489
51870
41300
41359
43514
1231
42682
28095
28543
38434
43202
9460
41676
41314
41609
43139
38008
38256
3459
37243
1215
12973
9487
42162
2036
61416
28855
53812
43316
3455
29478
63270
46624
29346
18714
35180
19841
5895
29444
59348
7806
28903
54380
39533
31318
56415
14748
62669
26975
25443
24057
7750
17377
17873
41573
40682
52055
23414
43178
22544
27425
27307
32614
34073
39449
21661
22496
57304
40452
53195
15104
3500
38263
13451
50289
41330
33453
17962
40919
12972
41712
54425
33407
11272
23577
43464
28166
28375
62510
43105
15198
9169
32743
25958
29503
10212
23888
28942
28120
15188
47921
43003
53091
42284
41421
29565
7650
24081
24103
33090
53251
40764
55427
55164
7691
59322
17931
10221
42113
56983
63222
40799
28244
30262
33536
41394
53134
43702
18624
4218
57982
53693
27887
5730
52038
40416
26953
40925
55273
47924
19876
24062
29505
53634
43696
28618
32908
42698
62671
28320
50271
61561
31738
42111
62632
54609
29095
51752
35204
41436
43120
42000
23594
46473
40648
21625
53442
19850
33571
52106
41595
12853
12952
33449
51912
46663
58504
12876
42135
44456
23838
56722
34577
54395
50269
12870
62355
17390
60630
27201
21617
53076
33436
43336
51718
42228
33011
53448
56395
28315
43462
46403
30348
53647
37514
17439
32890
28511
28512
53495
53197
17411
46517
17375
24408
59532
3146
33495
50237
42010
39797
43405
28391
57501
21320
37512
46510
59558
51435
33099
57117
46619
39769
26617
42175
33231
62777
54639
43233
31732
40811
45836
48008
42962
55658
50208
40617
19316
4310
25461
43238
44421
1568
42138
47183
49768
37222
40991
15233
51429
54648
29136
52242
53046
60592
29235
46489
48364
15167
46503
17893
22362
4304
42256
57814
55291
29650
45001
8354
13541
46747
62713
30628
56994
40948
28157
52832
28785
28360
24467
26515
4243
50315
16005
28651
21698
53740
1575
53778
42245
59597
53015
27066
42301
11061
25223
26939
51010
54362
57134
39852
41916
27321
35176
27810
30609
53779
47358
43060
27493
42187
6060
42141
53176
8269
62769
33212
53209
57515
27430
62497
3959
46583
40822
17857
27757
54659
42981
50219
4200
62522
53040
63218
14749
58526
8256
55289
59586
46467
6063
59625
28941
56374
44467
19985
55057
42659
40702
35430
27861
26532
27664
41109
62691
48003
41153
53578
23380
51803
13491
59554
2131
33308
46672
51723
41722
55229
37516
30627
28240
23591
29106
8350
28093
54665
53654
10316
53333
9459
18775
59263
43697
15194
3430
61435
32999
43235
5060
19856
11286
32792
53364
53614
44584
53839
29509
3443
15972
3498
3142
60404
12921
9185
15107
63172
53493
40986
57983
33052
30219
55584
28188
46519
26936
53271
42749
41141
3134
1310
41967
24116
57508
51847
6038
32880
5877
25254
11075
29464
43690
1203
24038
5711
26941
33605
42323
44469
41708
47178
21278
27262
8325
39446
26958
25931
48014
29454
41243
41669
33072
43343
56165
23570
42032
2014
40600
43594
13482
53440
27999
28035
43466
51007
10298
26866
49811
5032
59622
32828
7671
13486
54420
46496
17410
53604
37168
41199
32155
27052
30223
19333
52245
55143
32935
42988
52697
40567
47091
42564
27895
33577
41790
29430
39780
40660
21236
40387
9424
13485
38258
62676
49746
7768
29324
46493
15986
41399
22279
37162
59525
17440
11242
27982
54607
41396
62768
27985
55326
32962
41577
54605
28399
27601
29483
10309
46009
43517
18899
29158
39790
56971
55581
43348
43192
29541
40666
7773
4230
49803
19478
43214
24368
41590
32861
15214
33589
32865
40787
33045
34506
44424
3197
41437
36122
18766
27765
55323
34067
49826
63031
30250
51859
17473
55646
42784
21281
27337
32837
61423
39441
37472
54616
28453
43425
9702
40999
55195
61426
28418
32963
42004
12943
51920
17982
46626
19986
5058
42769
40528
46574
27785
51546
37234
58396
25484
42035
1315
17967
44432
41169
38417
27929
33356
43147
41473
26111
7802
46429
53202
32158
42281
19241
22800
34502
21335
41452
4209
40521
52036
37485
55040
21298
8297
22805
52105
41786
57495
40782
29150
39477
33124
37236
39433
27980
2109
52696
53782
6097
30720
27365
28014
15215
56430
57424
17432
41249
19219
53633
25916
58501
28571
53451
10228
3511
48011
19995
10243
26634
21703
51811
13018
47914
39464
43057
9504
59641
37554
29467
61605
55689
45056
15973
41311
43294
55692
43136
53430
17830
33532
62604
55449
41010
21222
41745
21694
29374
62519
13430
55178
13429
40462
55231
52011
27203
37240
40549
17951
28305
19857
9681
56185
33073
40704
42310
5009
56967
32952
32941
27872
35420
28841
33118
12984
56162
42709
35403
29211
3181
60385
53783
47464
43026
4301
9403
19352
53605
1232
29364
39466
29317
51550
22481
38004
9441
45860
46457
47915
46011
35699
29188
37160
27685
56993
40479
53616
53427
53182
59666
27508
27795
39531
27237
43157
55106
47580
62527
59672
41408
26900
15263
41275
24371
28545
43692
53781
55595
51757
19312
55152
43154
51758
54412
27017
3435
27829
37203
41149
58333
27496
38422
42725
3122
22501
22503
18613
10926
61419
40500
44451
58404
8368
43215
7761
63174
57783
41230
54353
15997
45859
11268
53642
63026
29570
32794
1181
9384
12881
55404
21345
27250
8394
36115
43434
55270
62475
27811
60511
49828
41899
28531
40628
29354
43284
3176
29665
41881
42651
41092
48210
9442
56164
15251
26984
46703
41953
29143
47613
47190
40935
42582
42271
43244
10282
17834
41165
55434
50199
40544
29419
58023
33344
23607
27032
21672
37563
53680
41477
38013
51865
27843
43124
49757
17397
53258
3400
28111
42600
43588
27465
26904
24076
42525
27769
32053
31743
17911
53819
53823
62773
21317
47169
59588
54629
51547
53286
21597
4248
4232
13003
46450
28162
42296
48191
42561
26950
27482
15137
27376
53196
28101
47192
28576
41929
40622
51809
40431
47083
31750
27461
24410
56948
53472
12959
27900
13030
41172
32154
43411
17518
54610
29380
29434
29498
13543
21729
15242
15181
17435
27859
36113
55111
62582
23565
28972
28235
51872
3965
47365
41370
62453
27414
14728
1593
13514
56963
45004
42717
13440
15120
13569
53717
27506
43698
41732
43332
43479
42102
62626
41273
9485
14369
43667
42229
33115
38015
62349
59576
2033
36049
6091
58518
53223
22500
36120
23854
42227
42073
53418
57788
4999
41747
17836
17917
9430
14559
28184
14370
62631
28202
18626
12957
28133
28001
28541
7808
58018
43397
46676
46480
7738
29657
53060
3418
42649
43028
27897
42726
54992
23367
5886
41601
29424
27409
3113
28503
22480
29242
27071
36041
27490
21362
43549
37510
45825
32820
5050
54624
51753
41926
21610
42535
51540
27392
14530
25474
43393
28041
57824
4476
7765
43666
50224
42756
51839
41519
26830
32984
28211
27559
40767
52694
62716
40921
25497
41244
35372
28192
19966
38253
11101
26517
27429
53822
33160
29681
27471
18907
15831
27866
48165
5090
11083
6055
50290
5836
35195
43259
28363
26102
5121
5118
42144
22495
43213
53043
53764
59545
59569
32621
59655
53207
27744
21279
30255
40542
43255
52089
62579
41338
43568
12978
28822
53356
41256
53161
32636
21643
39537
43374
17950
47935
9472
57800
15987
7670
29328
52822
41583
27989
17483
37186
40989
41756
43333
30359
16021
1546
43362
35225
28290
35975
29402
15205
27332
23576
55611
28462
29446
53765
7726
42762
29445
12944
56160
28886
53684
41170
29542
28958
18768
3426
42662
25849
37194
17840
55699
21619
41857
8240
33541
55561
14741
50249
28077
29137
40384
13500
27873
4984
8221
33414
11046
21623
26921
59585
42242
41949
5885
43072
33220
18627
32431
39514
23896
42670
41846
28632
10146
43385
21220
24079
42001
25196
26618
57303
49753
29175
23396
45811
52824
9175
55639
50197
14522
28440
5319
10253
38339
10286
28840
44591
26892
45060
56187
27880
31871
28794
46577
41423
37517
13426
29428
40364
41299
3192
50296
28284
28226
55737
9678
62561
50314
62720
37244
13433
24042
25272
43228
57102
34131
29200
43193
19999
27809
62517
52081
11081
57524
10505
49699
56208
51006
40630
7837
40561
32674
32152
19305
41914
32684
19292
40504
42997
43511
42139
42685
40774
1195
30238
28633
53122
22810
29128
27233
29447
36125
28289
22803
43079
56725
8210
43330
11266
31176
28049
26867
27662
27553
42716
3475
43110
41642
62667
22755
27282
42512
41726
61421
27220
41565
60659
27889
30371
30345
30230
40381
42037
46487
62472
31086
33244
21360
18904
39510
8214
21731
63223
41661
6033
3488
3948
13592
41906
13571
14510
40909
9427
30367
40555
51911
17539
41582
9410
27856
55411
46673
39498
41523
50193
1975
5728
53085
34580
24039
53682
52786
39470
28003
21626
41159
55716
42668
56373
51932
10135
9426
10318
41979
46675
19339
21355
40554
32710
7656
51940
33093
53816
55481
53057
56221
55406
48000
19234
3172
12988
45002
41875
43263
27499
47186
5039
51929
37144
62584
10188
3442
13427
52235
8260
41102
48336
10246
16013
52785
55669
19982
60626
60684
4253
48206
33012
50180
17509
63170
13517
42755
45830
19843
9488
25495
55249
33546
55551
45779
38431
5860
43592
57440
42751
19217
27209
29376
33339
4250
46511
42264
9674
8331
4199
21358
4464
19330
35444
29373
49790
13409
33036
53143
60657
10186
4475
28314
31162
12932
35182
1547
23410
52701
56716
28118
32937
48390
32666
44455
31085
1202
27680
52243
39463
11264
43080
62466
41951
28518
41291
35222
56177
21593
49710
25500
29633
43682
43677
44464
41514
54652
33709
12862
39876
8338
12939
53154
55553
28255
42024
51883
41433
26987
55687
10249
27249
42601
53803
1616
43436
57661
17480
1313
62484
10139
38447
3156
53671
45054
51557
23373
15808
27659
1551
29148
48017
46010
27840
6057
42631
27228
14529
42319
43585
18713
33092
12914
26962
27062
27319
33222
55182
21700
42224
53157
41751
40587
28139
4294
6056
28620
51786
41245
24110
42714
40975
41877
15156
17508
43493
35219
8194
33217
17858
46556
46026
42198
59590
11033
38411
14533
49698
23881
15243
63278
56376
42186
42192
19218
43309
10252
42202
22499
43604
55232
48354
41763
27260
9707
27908
36032
33731
57813
43081
26812
60652
42578
48193
43401
32871
54668
39494
55605
37534
42757
32166
37142
19775
57664
53278
37252
30342
19782
55458
8315
58004
54361
1190
55154
27526
43610
54660
41453
29118
21655
55637
47104
52067
28350
27992
19324
26621
28287
26873
43430
28574
19266
10308
39542
27388
25260
43412
55732
41377
40685
41181
55009
27803
4964
33021
18618
27794
57412
15990
7677
26934
46683
4208
8360
32923
53668
40375
32858
56161
25258
33097
29844
22752
32896
49816
42971
41152
55023
22531
33159
53107
41960
29281
40602
29336
50161
53423
15963
21659
28297
7723
45854
41217
51886
55254
10198
33460
5897
30244
43279
60606
21728
37197
29245
7813
28599
43243
36111
11039
15427
43273
50216
48392
39795
41880
51845
27764
62537
29079
43540
62548
27327
47069
22744
6042
14560
11308
46056
37504
41662
27470
29392
30740
23891
52829
12883
53512
43516
27954
14729
59563
3468
43090
42499
28583
55217
8371
15231
32644
23582
39486
50209
60388
46651
19483
27322
7780
30338
19295
28190
53071
43040
53513
33238
8222
10297
29573
41849
30362
31158
21289
59551
41888
55189
13446
33586
43526
26910
42551
53266
4262
33458
42675
44428
21354
46546
37501
41226
62559
27293
23567
55299
42607
21296
46421
53366
29220
28906
25946
29187
41776
25937
34074
49692
25820
50239
49735
41900
29409
58540
55590
33592
25455
46656
28389
55300
41728
9159
37544
17898
55757
32975
59340
53173
44852
33014
17876
28829
32991
47923
53526
28818
27440
7706
28843
55242
10923
8362
25951
53556
42309
56974
53773
41586
26512
28643
49775
39854
27256
47191
38334
57812
14757
24098
59616
58510
24099
19278
49718
12941
42586
51019
28178
10224
46752
53813
43148
41160
28368
55601
42736
58503
55137
15201
46054
21349
53349
5840
27326
62659
10307
4275
4946
14573
9478
29076
42240
10322
42568
21687
41924
39448
27816
22487
33558
43312
29544
26884
27281
12933
31683
5731
17528
62780
14752
25253
28596
21629
55148
46453
62593
14514
48373
43166
43323
39835
32778
36121
40987
41543
32052
22490
42052
15121
52703
26629
24367
43067
54604
29854
24055
4454
13467
31151
19221
40449
55259
27312
50248
33706
43687
28793
29389
9167
3413
43209
33127
28027
29275
53149
53062
28056
10195
19858
30631
29670
19984
11085
26078
56396
38440
4241
10192
8268
17457
41407
43382
48348
28905
17487
41136
44462
41835
60392
32891
55087
58931
53330
8195
28893
51983
53362
26608
58884
30247
22795
26929
27531
59344
46472
39548
7776
23571
36129
27599
43474
28407
51433
29083
59526
17896
5067
42700
52004
32936
35205
40810
13014
36024
28165
8328
42179
26115
52096
43428
27756
31080
10293
55272
29202
53368
29560
60379
61550
47184
17900
15844
63144
40960
28231
57129
17968
50283
4491
52722
39779
27642
39787
49723
32730
13434
54590
8244
21272
42305
52793
32622
28232
17413
56405
41715
8367
28868
42519
41576
48386
1550
42235
4991
51801
28441
14580
27195
62575
46548
61457
57509
19309
32239
13001
60418
44417
54600
30616
37498
56730
10917
27976
51534
10234
13540
53049
62540
19976
8226
43537
31920
55048
13576
22270
37463
33091
42288
43518
36135
33111
19993
38307
43036
57527
46706
42230
29838
46035
43554
55652
42986
30340
42169
38436
27788
60675
42130
28472
53331
28301
42261
5738
41989
53199
1645
27760
41400
42134
15182
24092
42527
62723
22512
28523
28648
48358
9178
21234
21257
18616
39844
1302
32252
5720
17433
33225
28595
19351
35390
5873
51799
26064
41114
38414
42282
52003
32817
39776
2124
10227
32725
17912
26510
28156
37192
11031
27909
46776
50191
3469
28446
46458
27458
4976
3167
28426
48218
41719
54409
27557
37254
43680
55724
53081
10928
55129
41206
46502
27961
40705
27814
10207
58391
62481
5052
12907
53198
48377
17902
59543
58904
61471
19293
22527
28112
43369
38323
55763
41782
19338
59654
53267
56964
42218
40383
39825
43061
41412
41885
15994
47341
31383
27453
53054
15840
26540
11274
4983
41838
33548
28455
31869
35382
10165
41471
57425
32759
33423
31746
39781
49797
18896
13035
61551
11099
29555
1656
26907
18879
40696
25237
35439
54645
17428
54391
10177
32988
42754
42585
30357
28824
3447
40691
41982
21233
40789
41918
27853
7815
62654
9489
51981
9448
51030
63211
27752
55128
56170
33507
1196
3157
50256
28318
7712
53147
42016
28919
40419
55460
53534
3947
13026
43441
56411
23886
47467
43550
33448
46422
15122
17828
53120
41841
37528
28884
53664
46533
43810
62610
52083
7745
27679
54363
15158
32915
55268
42129
41391
5023
56406
27782
29645
37220
33240
56972
40915
8356
13602
39557
58734
3202
27051
28642
4271
10173
28282
2121
25447
28918
54383
14549
42083
48194
57781
60394
29439
40461
60618
38416
2120
9484
32942
15209
41688
51005
5082
28965
41122
24402
15130
50179
53624
42652
4960
41123
55592
10150
60627
41255
46014
28109
8316
60656
43414
54637
44434
53346
28400
29366
27824
52270
15245
42538
62620
1182
37520
29248
46443
54373
46419
49739
40572
56996
4463
60637
19290
59550
27410
27591
8341
17479
26985
42236
53361
58406
17981
4249
42626
61429
25955
46451
56419
53260
34152
9429
33404
55028
62362
28367
9469
41497
44607
40619
44623
43547
53408
42639
54592
42074
57127
1654
32746
33038
58539
63152
29174
43189
17934
39760
27044
12896
21316
44463
60597
8274
32613
5834
39432
40524
17455
4451
34150
5854
9711
10317
28546
43838
13587
49749
33197
2021
32234
53796
24080
19254
1563
25924
19964
38432
28412
28351
48209
41193
53501
29182
37161
61595
21256
45819
46015
15220
51455
33061
46412
38443
32494
49751
32619
47102
43676
32719
2129
40638
59602
54649
55306
9180
42573
46424
43359
17444
41341
40780
42778
31887
33342
48360
29144
45006
37521
19987
17527
21239
37550
43102
9474
13549
43051
51436
53461
26494
28882
40680
32235
23853
41667
7660
55656
41177
28452
5085
8262
1225
41952
9477
28654
53763
57433
28513
8397
55045
40962
32172
21668
2042
1625
44444
43024
42645
41353
4278
41328
28443
28921
57106
41893
11267
40467
28799
62629
37212
46677
7769
53799
7796
21592
55616
53478
41750
11073
29129
52043
34145
60644
36030
53612
43032
21719
31747
33155
29277
54357
35189
54991
41286
47607
3128
41138
43494
33083
41334
41491
9451
55566
63030
33051
17393
44604
51452
37134
27915
38336
44616
32160
21294
49750
26997
46005
44948
28005
43559
52100
35208
17985
3457
27753
47501
39796
55103
40939
35389
25271
32083
27408
15428
9179
24375
18721
62511
27693
59583
3957
53622
4297
45848
31664
21730
27059
41486
37196
40609
17946
62533
55476
41748
8388
62505
10519
55283
41465
25470
5713
28267
53259
55707
17460
50231
36109
27532
29482
58900
58027
27065
55632
13028
33081
32187
43669
24477
50275
27198
28358
24075
42982
57423
42072
59555
46748
54355
22497
27223
2122
15425
53276
57498
5868
55671
44995
35966
15155
14544
43600
41769
28419
5100
47475
24109
1197
21662
40756
53456
10179
62538
24472
49729
28934
48205
11277
29797
28201
1206
27232
57097
42124
53180
41331
21352
44612
59256
40947
4296
30605
28322
46691
25441
39863
17849
27748
48168
62479
10900
41872
21600
47179
46661
57825
19271
34518
46427
41768
40806
39456
51902
52830
50214
14513
62493
32588
55046
31368
27314
33024
37538
19240
14734
3961
58009
8378
47472
34133
40371
27224
48402
46632
37486
51441
22740
1974
29352
54597
41904
58537
28153
56384
24095
38419
60380
56200
19228
57660
54634
37211
26506
49714
63225
27812
27524
24093
43101
52789
53661
27030
28237
26624
27529
40796
37547
27549
33109
26534
49727
47176
9421
8234
29422
33561
40516
51861
21601
62328
32889
51542
39847
41683
58782
51848
42503
46680
31675
53097
55132
28587
48163
32170
59354
24121
48349
15208
42597
19319
29654
4205
13590
58898
39431
27037
61575
43605
42509
37561
32904
13012
7809
29264
4470
44466
24399
28060
41150
51737
27380
47342
43378
57526
25219
59592
42154
29842
42106
27500
37225
46604
9465
42201
15837
19277
42026
51867
28585
41316
14511
46671
6087
15817
3481
44621
41809
26932
46566
32825
1567
61441
43366
29234
55069
53135
18897
58781
30630
53201
43138
22335
53808
62487
54621
51774
21705
7698
41296
15192
41657
29546
14363
62624
41196
28370
29316
2038
40686
27966
47939
24041
33213
28423
30637
11301
32874
55705
40929
28332
6073
53148
54359
3108
59628
45828
28891
13498
45061
33529
32253
17502
41441
13413
57416
54417
17871
40468
12947
10517
32668
33705
28559
14539
25468
62565
7793
41842
51842
5841
41484
26640
40455
49713
27324
34474
53224
28124
27261
17952
10273
41633
53496
24479
1185
27377
43194
26531
12871
60681
59343
28179
29268
28343
37511
41978
57777
28209
7718
50165
27836
6086
7767
4299
12995
1559
40980
5083
9407
54603
32709
39862
42683
54388
27340
32717
17465
35210
36038
28219
55324
7772
55296
20008
57663
28337
19780
33501
13417
55203
10222
17973
28484
7829
7824
43058
15966
9669
41721
27906
18749
46492
41292
53126
47502
37204
21602
23416
41594
54608
38428
14742
29145
39765
10229
29117
22507
46407
32429
28356
41845
29649
32734
17915
21725
8336
29262
60516
28131
55067
47920
32425
17379
41509
33563
63038
54584
55738
9182
48391
52240
7788
6034
1560
60428
43269
43576
32826
52110
23575
54664
43520
15992
42674
59644
28805
44593
49695
24094
49673
11091
39454
32920
41375
39880
32959
17370
23555
17495
25819
36023
5065
11028
62718
58541
1198
53284
8353
61445
42748
62379
54986
3514
11310
55263
13552
51987
15835
62600
1972
9409
21621
40827
41779
5053
10153
5859
56941
47101
26954
27555
59540
34564
12893
35695
60375
17416
9662
45821
1189
10897
27027
42049
13004
36137
62345
49795
53696
17431
33493
52826
27438
13458
59584
5734
21699
55199
62495
27528
17403
55080
29435
49777
46688
9695
54622
47474
30229
41448
53627
41000
25209
28306
30369
42292
62594
40511
35232
36029
27507
1636
42740
40459
53497
43093
17423
40515
55252
55469
43701
29359
27656
27004
43088
59527
40488
1576
43220
32932
13596
28519
27987
43447
41501
40490
11059
23369
31171
27400
58785
63277
51796
40557
9463
23405
37228
13580
43293
41972
46698
41325
2127
60691
46657
53365
62341
35384
25938
54646
33567
4234
30337
41185
32815
43510
47185
5106
9700
2041
23368
43160
62360
12916
25225
28920
40755
26931
27421
41335
54377
41774
44420
40937
53256
47175
59626
47614
25432
53290
21299
41862
42781
6071
8294
43555
23383
41538
53234
60623
53233
41602
21334
25477
53821
40971
53359
21357
37138
55690
16022
46431
32918
40551
44983
56197
53580
56952
41851
23892
58793
23609
28809
57973
39525
60610
40632
17470
37549
53332
63227
49823
62764
15744
39856
27067
55228
26516
5131
55159
9704
41679
34064
26883
41562
41670
1211
25469
1549
21727
53802
35394
29276
17425
41113
48005
47168
8313
22749
51454
41294
53218
12953
23882
13550
46483
9449
19242
43019
56176
33520
41485
34579
53150
44855
60654
53651
36146
21669
4280
41105
51873
42022
51895
28516
29485
26497
48361
38420
18878
41472
41398
4224
1628
28617
13421
32921
57420
41998
26083
2106
62714
35206
55436
30241
45800
55594
43498
55420
48363
28634
7822
32677
33094
43133
60395
32847
33440
53641
19874
33047
17388
25222
42320
28299
11303
34144
32846
27949
8257
41637
25264
56990
53718
40784
15742
3163
42528
7754
46681
17486
43100
37246
29102
41304
42119
27588
43183
43368
19481
44614
42665
15734
18731
32157
38317
25822
46393
27973
41194
28317
55194
21253
25496
35374
58542
11095
40748
21708
29231
62333
33042
40669
13503
18740
1176
6082
40768
17437
62344
43006
59326
39775
63217
53158
19852
55133
42998
10193
40804
28473
11052
32895
37489
55327
34305
29666
48006
53509
17969
9440
26942
32724
28845
60406
32623
53683
21323
15977
58728
50312
11278
22485
51785
21616
42087
52054
51740
39502
62725
24473
62662
29260
32910
46066
53570
27589
21238
32997
3187
15740
46547
44592
41965
53172
43351
28639
21686
51884
55654
10271
41176
43469
41981
36136
1304
43164
47559
29480
27361
43587
41250
33584
11296
1968
55614
53814
51849
8385
63207
7836
53277
23545
41578
23421
43292
33157
14754
10138
15979
4985
10196
5849
53274
60396
15131
43335
42258
53344
28437
28204
21652
33506
29363
37232
25439
41112
55556
58035
33103
42753
25224
27644
40506
14737
41940
4482
39861
62465
8374
33013
43373
46057
35226
55271
41778
21276
59323
24125
44582
42556
28008
23597
21717
57821
42768
10275
32634
55161
39509
14358
58031
39819
52058
50184
12950
9170
63146
21331
21711
44581
4233
41264
25241
63210
29845
25213
39437
27454
28018
22794
27353
53462
41922
14360
27294
18757
8281
41513
40752
29511
28114
55086
53824
28506
8250
49682
8369
55464
57817
32658
46038
40535
1235
27411
17897
27366
35202
54368
27446
33409
51738
10174
58530
32246
9712
29337
55177
41925
32857
49733
62603
62365
17489
27036
27832
55585
52825
50313
33134
32928
43468
33578
50201
39832
49686
40565
29312
57104
2116
33321
44443
62687
24106
35235
35381
43187
14569
26888
2125
1633
4990
21348
4221
45074
34572
1622
58498
57113
46052
56179
41213
32930
53547
62359
17977
45773
33216
42609
9385
27934
29674
51773
33143
5075
32240
49778
29132
23884
40943
52792
35398
32090
29155
60669
3448
28851
42003
18893
27772
29502
25961
50171
13464
48018
39848
29371
54394
21353
53678
33163
27418
27875
21284
29081
32670
41659
33490
17538
26880
54364
53082
25466
28913
7789
55113
57794
19239
27569
33551
10904
52033
61411
46659
17959
29243
58796
58529
42206
5851
52707
43113
28487
15160
27789
45857
60617
34334
22489
9661
42530
53174
38018
43431
46405
3154
40776
40953
33450
62351
55278
24471
55035
9502
50245
30350
26509
28037
42658
43342
29655
28312
13536
28229
53553
26891
57520
51458
53264
17499
49819
46653
27554
43304
7797
35410
54990
59638
21674
4292
52268
22358
13027
53334
43327
30236
29469
51013
46495
60515
60624
33237
5108
13593
61562
27790
62340
53047
1234
41280
59539
42974
50268
29456
48350
12993
43092
43190
21350
40973
21647
56944
19237
61599
25963
28566
55201
60416
25488
41580
29116
42672
29493
27469
1569
21269
28149
43004
26116
32654
52713
24123
41993
43530
35178
4240
29387
27994
53538
45059
9486
41220
43283
41856
12938
46741
18729
18725
47916
7803
2015
42276
53353
28390
33110
13047
53123
17963
29298
32974
53606
10238
57657
53475
57506
7792
33306
41295
47067
41744
41281
32940
62557
32790
60678
9686
27946
43432
39784
34471
32761
32085
23552
10206
26952
55613
42534
26827
54596
29500
9483
43267
43322
55170
11077
28353
50991
4965
49802
32582
29812
28652
58511
27808
48203
27791
7823
48398
51443
55246
39529
9697
41664
26981
29307
52069
55197
8245
17516
44448
60591
52010
47181
52799
53464
56368
29496
15238
41738
43121
30535
21314
29543
42734
51018
17471
5020
5130
29401
46420
33574
40385
55428
22511
46630
28084
5063
57438
55090
51759
51862
62542
41222
17438
53818
53488
52000
46670
51817
28957
53629
45067
13546
46042
39868
57992
9428
51125
44859
15999
10927
27936
25499
40913
42970
13512
49701
21630
21641
28505
41886
58789
23608
50236
43303
1543
29330
44586
33218
15827
6078
3207
37491
51832
27576
40594
60694
26940
39802
41635
57826
61442
41419
62597
53272
41228
43245
8264
34151
52079
43175
31071
21722
11049
32944
41894
5128
43275
29429
3118
28600
19790
61436
45810
33432
59330
5324
47095
41887
26619
28372
28499
17529
40775
53038
43300
28497
34149
17394
28828
52229
59673
32247
27433
55224
51988
53805
59531
45778
1606
33156
9157
17928
6066
43298
27805
42661
14562
13594
55214
55295
12925
51722
41107
42548
60667
51022
42710
54633
7690
41646
43131
32632
49689
35243
42238
19332
56989
40805
52795
59648
14739
58882
26526
29488
28034
58535
35221
29308
46029
17895
46539
3148
53549
17478
21242
27780
40616
29238
10903
51830
41605
45802
62488
28361
35391
57131
42019
31740
27592
8228
53535
60680
15244
17466
15230
3116
28406
42520
63135
17426
28597
10247
9673
38332
9188
17510
29205
14542
52699
13577
45782
13465
24414
13538
58903
43059
27211
4959
50252
24419
37530
4481
56991
31076
33575
40458
28338
46560
25228
43710
29199
46476
4305
10161
1187
43048
4214
38320
28428
13037
3460
26505
43305
33413
53465
43685
41707
13506
25205
21244
34576
17383
53532
35701
31667
53615
20007
28556
40513
27001
62787
3158
40807
42239
32056
31369
53566
8332
55466
53792
4298
52266
33245
18888
40571
40813
41145
4261
29304
7747
24484
18617
40501
28962
3450
14375
5071
29156
59553
29506
51762
27014
26980
53473
29361
27521
42975
3404
61433
22356
33566
22494
23387
40958
27325
55156
55318
55215
56172
37183
55401
25198
34335
8337
58920
43280
53144
12908
41632
26112
29087
8283
26106
8291
46570
5048
6101
40485
45057
40563
42125
41308
62786
44425
56178
31378
21339
1583
27584
27061
5105
33185
39792
28421
26626
40990
37229
57439
15964
54669
57422
28010
51552
6061
26811
23371
53832
53453
7833
42497
41934
62374
25460
34056
12852
4483
33478
41910
41235
33104
33587
32493
56388
25845
15108
40527
34153
35412
33537
6092
42297
14558
43025
43487
54406
41270
12869
9444
42222
54379
34063
22545
31161
55155
55257
57132
36045
33065
25249
11103
39540
55563
12864
53044
3106
27207
19296
28880
13049
28797
45005
32851
59582
33511
53732
61409
17530
46621
46513
57658
5094
39543
55470
41247
54611
10262
28450
26919
39867
43249
17501
27874
62722
53543
31084
5872
30248
33417
29660
44600
1227
55075
7832
46050
60434
27567
29286
28624
60692
29090
28380
33200
55169
41216
50226
15146
53660
28937
32887
42592
32943
1223
62686
55022
53288
49688
12951
17414
27402
30258
10921
63341
25217
14581
53280
13525
9399
53833
62467
57818
41892
44414
53415
28925
58921
44854
13535
15254
11280
43816
13445
14355
42728
54623
29289
56426
39495
46695
56423
60648
3451
40677
31669
28815
29358
23566
41804
32082
12948
48365
15991
58531
51449
27585
35963
42655
53188
51117
53414
59669
5070
42782
19283
23579
24415
40633
34508
55099
42335
7722
27073
29813
44609
43695
8335
32088
19314
28945
27746
43010
8389
41821
27012
13551
40797
32081
37535
62546
7666
51840
41267
60393
52282
25268
51771
1641
51939
13554
7834
59353
30370
8238
35373
19232
55255
41402
60400
29255
41847
13564
26971
32227
32842
57523
43218
33487
21591
43127
9392
43473
34499
41427
21300
28223
44988
40577
53048
41663
43114
53142
18620
41456
41611
59257
5890
28386
29341
55567
9464
39512
26630
59651
42657
9699
37539
17887
37213
42504
7751
55573
41476
52059
39480
27955
14389
37200
58521
25491
32685
3433
33035
10300
41644
62576
39770
37205
27259
58502
28877
29244
32661
42610
42196
32646
55557
37527
28098
43582
23830
57531
42663
29839
26876
17910
32051
40543
28272
62469
2028
42267
56956
21370
27387
53797
25197
11300
27574
25848
26889
11252
11066
38448
53601
62524
33497
42763
32426
33545
62684
27473
53625
5879
55216
41444
51831
62556
26887
33004
51917
54405
52721
57442
59251
15227
45852
62332
41298
28279
8347
54661
29656
43375
43396
34565
52034
28547
24051
46454
28265
9668
7817
62664
55559
26636
10509
27401
46456
27247
19980
35184
1608
14585
14556
55484
44996
46662
55619
24111
56163
59571
61591
28562
29274
29189
28959
14576
55071
28584
28102
29222
57525
62707
28836
43443
43608
51982
43686
28860
35418
5113
27416
26105
15176
17500
13561
27426
28475
51863
46616
35415
56409
30233
13449
5327
43184
42304
13038
24035
27023
41614
57980
44984
12906
53648
53474
13000
60583
55092
41656
13493
2026
5876
42136
63041
28185
10314
4473
55423
9690
48387
58928
53339
41120
14714
27648
57785
55118
40576
33142
55636
28892
24112
38006
59661
43000
28526
15748
35236
3432
55157
63032
42148
17884
13017
43168
41276
44615
61585
28073
42221
55073
62520
41268
62680
11034
48346
38312
43297
10189
4988
50185
12879
43047
22533
1561
32699
57124
33348
24046
27398
33505
29557
32488
3477
29140
53074
29340
55267
41818
46040
53630
10266
49717
52693
41449
8329
40944
25934
43033
25446
40828
46423
10288
29338
14588
41596
43295
19346
62789
33697
46520
11285
10169
51788
23558
17953
44457
41704
52281
38249
41358
50220
21303
50235
53413
42752
9494
19361
59632
53169
47936
31321
45791
47068
24478
52812
29658
43684
18905
63136
27655
42005
12970
40590
43022
10217
34510
37157
1590
31160
22498
46426
40533
46667
53467
10240
33330
51782
47356
43591
55014
56431
57502
53527
12954
9400
55461
9680
41788
34058
59252
55400
28917
22491
10263
62521
13537
42984
3411
32682
25489
49764
46363
8314
32486
6096
42030
52809
27583
40478
52279
2037
28549
41095
62483
40961
52061
51978
42126
50188
18903
35433
27984
42711
35177
59264
13575
39803
28082
53516
55078
37187
5092
32866
35194
19779
27885
46623
3499
31736
49738
53737
40372
43261
4992
52241
8213
32781
1740
29675
41823
56201
14553
28207
28932
39436
53189
22735
43311
15846
37214
53677
25420
9454
47089
28908
27783
49708
56995
42302
8334
12956
15830
52724
55593
55610
61452
18898
36031
53463
42588
27317
37567
39499
55607
23398
5900
34465
10140
53348
29816
61463
55114
55424
51554
24086
41829
28319
4977
29403
46702
43310
53479
37242
54638
47620
26609
17935
51908
57519
17927
45831
53125
28132
12936
17421
52044
32084
62609
41546
29640
46755
42705
57126
46679
46582
56219
43458
54666
42973
60410
41315
21270
28203
24119
6049
12983
42151
22280
24130
55018
19840
7759
54654
33068
3434
25256
43272
24034
14591
38315
25935
50278
42650
53790
38328
26986
29230
55468
58906
15183
29461
18623
51021
62681
41802
41428
42043
11254
45774
15199
27069
63220
13424
16004
54428
28148
17447
45839
29326
15976
9482
52230
41327
50242
62616
41173
42664
33602
35369
17451
56184
53626
47364
59609
15851
26832
12942
11263
53146
9505
55602
41542
13439
9393
42552
18732
19294
40649
14725
12911
30635
29325
24107
39483
62649
46459
52088
42641
8370
7756
27801
27445
41544
42199
15143
40430
53128
40556
17424
37484
28195
25493
41162
22274
18614
30759
30224
62677
33084
41337
57984
21667
30623
1186
5110
1300
62708
55714
28460
29350
9663
53114
59570
26959
62492
53073
27267
52104
43125
60594
48368
46007
13570
28239
27515
27963
55160
7700
32705
58896
55477
8197
15234
26495
28310
43421
34301
32616
4251
22550
28483
61581
37542
41812
11072
31088
10171
31873
46006
32638
32831
25428
60683
15250
42777
11053
27034
27199
38266
44853
41404
33482
27941
18748
27280
46468
5022
5737
32843
52277
9452
28197
55253
33162
30534
49809
42604
27512
46491
60383
63226
42220
46002
32733
53027
52076
17506
5079
55213
46455
46441
35421
23554
31382
33634
62342
19282
48393
27315
12872
33358
43845
18770
40829
42204
33297
28222
62665
46506
57796
48375
46551
28252
10180
33235
40507
44430
33481
51972
47606
28427
29180
41384
53774
5006
41725
51995
13533
27775
26868
21226
61589
4255
27272
8200
59334
33133
37199
46778
4244
32162
24058
45803
52238
22539
61428
37151
51937
28046
41864
45053
28557
33305
28383
44986
28911
27491
63178
44606
41525
55317
42783
30741
28078
28326
58790
59580
3429
19871
53421
28213
26969
5089
31074
32793
2119
41373
35424
33076
51754
5109
39559
53347
40564
53355
38407
59523
19280
3955
22513
42033
8290
38014
40623
27403
23893
27053
22282
27029
35376
55617
44946
40417
41140
60397
4450
46060
42330
42142
8295
23835
29714
43664
21338
30763
37540
10325
41697
58787
15421
8286
21367
42729
3180
41207
56410
55676
21290
45072
43699
47927
17505
21620
27677
53435
59676
37189
59665
12886
61462
42180
28864
53619
30624
28848
28445
12990
42708
32848
32708
42117
46744
23581
48352
42303
53420
1600
27038
22293
10281
46628
23573
56975
3441
41976
15811
10279
5038
18625
47940
40489
53338
37519
63137
53444
41623
22548
49766
28387
50192
56168
15111
47171
46399
17901
28873
49813
1199
27675
45070
17852
28636
39535
49745
28900
23418
43134
50196
33138
28424
60632
42194
29856
33086
46374
60586
26965
39878
53458
33492
1587
27986
32982
58786
21706
35228
11097
37241
10231
24052
51871
12882
28510
30368
27048
33549
41705
35185
31878
4212
27560
47353
16023
4466
37548
13009
23417
57123
62454
25202
62367
41681
41771
27343
19844
25245
24037
57118
22514
9187
42576
52070
27460
39785
29123
58389
12877
25939
52087
23406
48195
33416
17459
43395
15745
22334
55329
8223
14712
42589
31372
43207
53252
31431
6041
34303
55140
3183
43224
60430
32856
7659
45788
17938
57419
43561
1619
40493
5091
28861
24084
42646
62334
30733
12927
29667
18767
57436
33136
39465
41322
43313
27344
62598
17402
42234
13595
54378
21252
28181
11297
44458
51765
23602
62655
52283
30344
50217
27687
32188
19777
42991
32695
4309
27925
28883
7685
12923
42676
51532
28435
3415
39450
43480
53515
59333
43140
29551
61558
40966
8330
41746
39764
41180
32948
53211
33350
29252
8365
56372
27474
4287
27551
57999
55193
53820
13453
51913
52815
55187
26834
43419
42622
28553
41143
45786
3944
1217
29450
46003
23878
53102
10259
39457
22482
41241
52808
62614
32783
60605
28442
22359
42132
42786
38326
41988
57791
26979
29550
43560
28275
13505
51885
60390
57418
46012
4308
51461
46440
61420
35407
25203
7814
42280
32970
11045
25438
31842
29224
46400
58003
3470
28067
33419
29323
22509
42559
13599
28834
26947
8358
46532
40540
52090
29441
41532
17976
23564
24045
27316
37169
37499
12866
62370
55708
40936
43203
32934
53099
62331
40523
53734
31384
62634
51808
40798
41550
33734
42964
43146
39546
43142
31838
62503
8289
25954
28592
15161
35371
27213
33314
31450
58910
41600
7794
47931
45780
12965
43440
7683
43553
2035
56190
1967
44583
60686
30356
57656
27240
28135
39773
47507
5875
43545
53118
51812
41706
35199
41592
29209
33180
28808
19965
54393
60601
32087
56171
16015
43558
42231
57512
3508
41913
1233
41329
35402
38259
33334
61469
49744
46526
28533
3103
51016
41313
49676
12976
47574
59258
28910
3461
29141
46462
46555
47938
55591
43163
62376
29852
56212
7753
50273
17869
8311
29251
51992
53716
45837
40825
10292
43031
11253
55655
42326
50200
14505
43898
55136
9461
52802
46553
19784
27653
15171
49785
33462
57974
21709
40654
30227
14512
43177
50310
27896
20002
18734
27390
49770
42727
62813
42047
33442
33347
51115
28154
15204
55198
33291
51858
43034
42693
41488
60611
42596
12868
63149
40631
28593
46620
25270
62692
18730
19246
47497
41415
26637
58400
41798
32747
62640
28889
40584
4973
19272
53545
29164
6070
43427
53434
14367
41760
41687
24205
28966
18745
39816
8219
32706
29215
42255
4213
17883
59603
8380
29545
26924
15221
62578
57997
19360
53466
57305
59356
32050
19244
58033
15248
48009
41624
32814
38325
19336
58030
26610
38003
29246
27924
43064
24118
40957
44576
45052
29639
55165
58007
53576
23548
27459
40766
55435
55431
27486
39815
21230
33470
29302
34143
37253
44601
28176
41127
62564
28817
10255
42082
50218
55702
5045
43399
41640
27967
59250
5843
28540
62348
33055
1649
39467
4267
8302
19300
41460
55031
4998
41225
47078
20004
32827
30604
9176
39541
56173
27668
41741
10166
27894
53491
1634
28538
3482
55711
49833
32653
21657
11096
27525
27661
52066
28146
39469
32838
55701
46402
1193
5042
35239
22807
42972
37206
21640
40367
46065
26492
22505
40581
28373
25471
17369
8381
30736
32788
3189
35229
43840
33023
63046
15159
33446
49679
28033
27206
6044
10183
29197
41307
55542
61604
25216
43172
25811
43679
52284
43211
57998
17422
33195
17892
13530
19335
35198
62529
27503
53155
48395
23365
53505
9166
31681
24071
27251
14564
33202
25494
29314
25928
45785
33599
62553
55205
33313
49771
52285
42110
8384
32159
43011
24411
32171
28224
32897
35416
33325
25212
1548
53335
28498
28065
40817
51536
40611
51739
51903
28167
42263
9664
40978
22277
36042
55474
33403
3437
57981
21333
2019
55211
12912
60424
39484
36133
27394
21321
52717
53519
19226
32584
28914
26108
42122
5892
28058
11282
28347
1221
51850
27918
53343
13474
46584
58799
53766
42761
31168
36037
31169
50228
17536
28647
52052
42029
42289
13040
40613
18727
46000
56979
28451
53665
28901
41777
58887
1297
53793
15190
33005
42101
17845
41860
15981
41755
22801
25917
40916
9677
28534
57810
49800
9194
26978
43539
28002
28970
53156
10508
27905
15747
42680
17503
55399
27320
2016
11055
46507
55305
53484
23879
62724
27423
63345
55697
40994
28043
29385
61571
53828
29487
39789
55630
27974
50294
23549
3445
40583
53342
22275
55677
5848
60579
40819
40537
56397
13600
10912
28495
13583
17389
36110
40496
46471
52816
55181
17482
29119
31376
5874
14382
60662
40634
44465
62673
14517
37533
27834
55144
53586
32864
14546
47997
53552
57302
17436
43242
46571
19870
43030
55274
51852
33519
26815
53835
27226
28605
13531
23420
10515
37198
32587
59325
2024
1318
50162
54595
31328
57779
58019
28280
50203
55712
51724
29641
39857
62705
13041
56727
8192
14745
18719
5029
1638
55668
52821
53784
62682
59259
10172
3117
43227
41785
33172
7825
46658
35425
33320
33198
33516
55704
41641
17961
8326
51097
9436
17947
53326
12964
41729
17408
31451
19313
27378
32153
55603
30260
9196
12885
43341
5721
23606
43416
54598
45835
31685
43446
13591
9172
23600
4945
46538
63213
40586
28930
29232
28493
41274
45813
57116
61439
2011
39762
37208
19348
28831
42172
57494
39859
26499
27450
10256
13484
32168
56721
5104
25472
40486
27393
59359
42515
55478
55454
34503
44453
7680
11258
42616
19882
41234
21232
24409
3150
28570
41004
35445
40588
35428
7727
42537
56424
33467
51816
15257
28645
33539
58034
23595
12905
61593
21611
42021
46485
23578
57659
21632
32480
53273
13601
58933
55546
8236
55219
25942
27839
41438
28949
5013
53589
28509
34147
28482
40977
13579
33406
42615
43501
29105
35427
40976
20000
58893
46446
45826
19864
62599
40552
32877
42114
48353
59336
29127
60634
57819
39460
27830
15203
38055
55107
27682
59614
44611
33343
27347
53231
41467
23546
18753
32630
3495
53582
30242
41403
32787
18901
28481
51787
42120
41189
24481
41905
29113
33357
10148
42092
46631
52352
5891
37471
42542
15838
11094
14723
43338
28026
62482
29186
37460
40770
8276
29556
28013
13438
32903
27068
50178
17862
29161
28953
27804
59346
29386
53468
11249
33570
2133
12856
8199
3410
24040
29253
35404
25478
23887
53191
46685
39485
50187
13404
32985
51024
12919
10315
32925
3484
33340
7744
46603
43135
5899
13034
27238
32424
3120
43119
62554
62455
52286
41417
55123
27919
41144
27683
36139
35387
29273
33082
32642
43109
44418
25246
42669
62710
56378
40679
55060
43195
38309
44413
37545
53177
40442
33322
