2705
3388
3731
2290
4519
5501
2932
729
2973
3883
6016
768
5524
3105
198
6077
6667
5698
4363
5979
3542
3375
4610
2440
6647
4216
251
4371
4195
4369
754
1115
4435
4514
3256
3202
4629
6456
2579
3829
5518
4711
4255
3884
2241
4144
6053
4397
3786
6072
112
3565
3537
6736
791
960
1185
308
3290
2429
2941
4098
4001
2165
4609
6608
3124
5904
2657
1123
1279
2544
849
5831
457
712
1186
6730
3366
4741
5908
4015
4550
4710
6226
5916
1034
6724
330
6598
513
441
1227
388
2759
3574
2398
3792
2259
2331
6118
3377
6566
168
2872
2468
3499
3859
451
2470
2567
907
2351
2134
2441
4513
6250
6006
2956
6440
1106
2844
4722
6185
3240
3879
3369
2151
4735
260
4187
1251
341
6541
4398
2349
984
4515
5582
2615
6174
4279
5806
2596
6043
1030
941
4659
2407
5500
192
4487
2958
273
6102
3587
258
158
3948
2617
2739
302
4316
4317
4613
2793
4616
4346
6149
6585
2967
4331
4340
1153
2264
2533
2531
2397
2764
3624
128
978
6387
526
248
346
5905
800
880
5484
5929
4533
6128
3593
5548
5630
5655
3231
383
2355
1159
60
348
3076
3164
2733
2464
301
3036
394
6746
2925
2561
724
3755
2741
2774
378
5587
3742
6615
5625
6050
59
3221
4413
271
6376
4342
5676
3407
656
2695
5977
3235
973
3959
3243
4211
4378
4172
257
4740
297
5743
6083
5902
2704
548
6755
349
2769
3671
4153
4070
6061
170
6401
395
2809
1275
4700
653
6086
3316
3437
2435
2574
6063
1191
2325
3257
2871
4605
4269
1232
4574
4697
710
6477
3460
6626
3847
3262
356
3324
3487
527
6316
4135
558
6438
3378
364
4411
3040
703
1109
625
6337
4568
964
511
4475
806
121
6395
296
458
1027
4140
2752
2391
6163
3033
1255
1253
2554
5585
256
5869
93
6198
5813
241
3517
3416
6581
233
609
3937
4410
6561
2352
2542
5980
4048
2744
1248
2828
2333
3684
3166
2923
2895
3938
2374
2986
4415
4641
4355
3538
3252
6062
788
3832
459
421
3204
5814
132
2254
4171
2242
3086
3217
904
4360
3729
2487
6105
2694
3153
5649
139
3676
3224
4223
4734
4259
6761
6579
4095
5907
161
4230
6738
2994
5753
3553
6714
6228
2960
6056
4189
4142
238
252
4225
3802
3408
3096
3529
1241
5635
2633
2357
6553
4191
2350
3183
2306
2539
3349
5825
4601
6173
3039
3841
3806
413
1218
3789
1040
5653
6269
4706
6709
4438
748
6668
4723
6170
6275
6698
3809
5496
5695
3075
5583
782
293
2540
3147
3677
3567
1084
90
814
4396
5720
4471
5874
2876
4407
4150
4488
426
2370
1263
5527
1120
1064
5754
6055
334
6282
5755
1102
3974
345
2922
5849
5841
565
6005
4674
6434
2284
6039
943
3031
603
2329
533
596
6195
404
2489
6287
2708
3856
3941
6490
6012
5492
2386
229
3135
386
1118
618
2970
1174
4375
706
2944
4104
259
3210
6057
3855
6263
2635
283
1268
1116
4569
966
3808
2953
952
3361
6676
2631
6020
5949
5561
1131
802
2659
3759
6712
1017
1132
6482
2835
3732
70
4607
5495
3034
2975
6605
2515
6499
6729
6759
3177
5922
1016
3123
1272
5644
3417
5958
4738
1133
955
6735
2291
74
4028
5603
5944
4347
968
4708
6493
1196
3983
4267
2354
6301
146
5627
4007
1014
3672
6307
6168
6116
1092
792
3322
6627
660
6130
2746
1180
1226
749
1101
2235
2559
3182
4130
2877
5559
6127
5517
6732
5918
4344
1036
3350
99
2976
188
717
6630
1276
1208
304
4145
2384
2728
3504
288
1252
741
2293
3421
4436
4716
102
6596
2312
189
178
3285
2382
3122
4120
5504
4693
3748
6690
5510
6512
4537
2996
2423
5959
2578
5488
2608
6557
3852
4478
2761
805
3059
3523
2838
1254
449
6696
1089
3313
542
2239
4494
5464
6223
6232
6513
881
3149
6715
4595
1216
3878
1114
3265
3816
6044
4728
1240
615
77
2184
3189
4129
6148
329
3422
3288
2914
5651
2424
6225
6708
3367
4535
331
2729
2936
79
556
1008
2287
4190
6166
3750
2553
2618
4376
2564
3433
3867
3242
3993
3247
6019
622
1018
31
5948
6253
445
5973
3054
651
6545
5741
3572
3591
6369
5595
522
6470
3156
6125
4272
5723
3130
3965
4337
3514
3226
3412
1250
2283
1023
472
6261
3549
3292
779
2140
402
175
2599
2551
785
6311
6645
2794
1225
4390
6674
975
4093
343
4707
164
6549
2947
3102
2178
879
2507
142
595
3528
3685
6291
3302
6288
6280
523
760
2706
3710
3588
2343
2177
4162
725
2789
5602
3744
3084
3945
2586
5903
4408
4562
747
1019
2234
6007
5972
2465
171
6758
4178
897
6764
3049
2595
4051
3761
3860
3304
6443
2757
3365
2387
5893
2790
2909
5926
6718
3104
2583
4361
3506
1010
4334
5931
6592
3126
4067
2492
3073
2622
6558
1257
1065
2760
1004
3418
2795
5956
2826
5606
244
1167
4714
4527
1258
4555
3762
2863
1274
3632
3548
6694
6245
981
2775
6087
5646
266
2167
3055
6068
6744
3230
697
280
5724
4553
3960
3178
1182
2247
2532
1124
2466
106
4054
2316
3505
6111
4621
4703
6704
4636
2731
6725
6390
6343
3962
4034
3409
3268
1086
1015
3970
6584
816
2286
3557
467
372
3899
4388
2469
4017
2261
6243
755
543
2763
6578
6473
2536
843
5672
530
3364
1164
3272
6367
2791
2288
1207
988
2432
956
568
2700
2245
2566
5508
6114
6737
3735
3353
895
2401
38
1028
4270
3253
5843
4676
5936
2372
2309
433
2136
6046
3558
4027
2162
137
3053
3998
3811
3037
3423
2988
393
1006
3261
877
2873
2935
4718
2587
732
740
1128
2813
3905
2379
3381
2597
377
5564
3853
6519
4113
3279
559
933
2696
6370
6749
3088
521
6767
6722
6624
179
2181
3598
846
2436
5469
5871
4148
2330
4680
6151
3390
4530
4681
2473
3207
546
2393
4236
3926
590
4003
1221
4138
876
3201
4695
3703
2425
3168
196
5887
3746
929
4399
180
6169
650
6478
4383
289
2830
2308
4114
4401
6446
4116
33
2253
602
2376
3953
4046
592
6192
246
6684
2924
2993
3968
3768
1214
6610
6613
3509
3199
4521
4373
5654
2477
3714
1160
1237
2745
6310
3119
2321
5870
932
4611
1107
939
5932
4035
4462
2163
6565
3148
796
194
720
152
3814
474
4440
4030
406
6670
2985
3211
3976
6591
2965
3003
803
4643
2311
3627
2969
3929
2292
2585
3730
3556
2137
722
2238
6601
3300
2737
124
2942
3817
4213
6365
6634
2688
3212
2836
6262
6122
1245
4744
516
4341
4377
3263
562
5913
623
3305
555
3429
6235
5703
5704
6183
3386
3393
3583
3989
926
6084
2756
6279
4551
3722
2772
6600
3107
3726
3631
4672
3704
3985
6109
5645
1029
977
2984
6479
201
3438
2903
328
5680
886
894
2949
4400
967
122
6274
4044
6514
1184
790
3082
6511
4572
3531
4729
32
5762
2865
5735
942
2630
810
4252
4152
2529
736
3287
117
4077
3986
3740
3944
5702
3566
6022
2358
954
5481
3766
4180
2365
6590
4122
2991
3384
3134
6506
3191
2998
6014
700
3939
6013
4463
2904
2915
6748
875
6294
6248
3056
3532
187
2317
4663
2834
2475
360
1024
4387
2658
3146
6510
3454
3723
6196
837
285
4292
2381
4320
3223
4512
4339
1061
430
1197
6768
605
3193
3897
5822
4265
551
5877
2612
94
456
4731
662
4319
1111
2366
5909
3589
617
4181
3035
6238
6475
3536
812
4470
4464
4239
3503
525
3659
2472
1038
845
3984
5598
197
5728
154
5677
4476
2802
4608
4737
3658
203
2371
2751
2179
5470
3441
2139
508
4161
324
2173
111
4594
3380
628
6045
2572
150
2839
4624
620
2978
6638
608
6340
62
3570
6500
775
3800
4499
3668
4075
4163
4192
3996
4333
101
2693
4164
2509
3310
3571
310
2530
696
282
6296
949
6678
276
3079
4504
4014
4570
5543
3991
589
2494
2403
4038
5946
2534
5802
3547
6202
424
6693
1223
6449
6734
5551
6496
4050
878
144
6144
4590
569
2954
778
2722
6303
4402
5463
2864
3863
2258
2786
429
3264
362
3560
6602
2385
5900
2810
2591
1168
2396
4004
1246
3167
3923
3273
6580
6300
3734
2405
2854
3955
541
4249
4631
3220
2604
3074
884
4637
4154
6285
5939
692
6189
774
6270
6547
2336
176
2491
3736
4326
1170
3001
1260
4523
6453
6344
87
6716
337
6637
3835
5745
4222
385
3010
6298
6447
2860
5911
2859
610
269
3227
6254
358
5536
6476
4556
6621
4690
4133
953
2303
3434
3228
92
1108
1155
6582
4107
3664
243
2753
2703
4576
2486
4474
971
3229
4379
353
3371
4328
417
401
3951
2697
4727
532
5611
4251
6612
3559
987
2701
284
37
5539
795
2921
2322
2829
5650
4617
3051
550
3718
5678
160
5767
5882
2874
303
783
5506
6290
4266
1063
3431
2570
5520
3680
63
5924
149
4297
1161
4393
5927
6686
4168
4717
4212
3550
6145
6284
2807
888
6540
3862
4536
6538
619
838
3200
5679
6075
5920
4173
300
5652
1259
3709
2665
3218
539
2289
3584
2171
5819
4505
2911
5934
1228
2804
4730
3426
4460
3533
1269
4591
5502
5608
5632
3963
2252
2295
4058
1121
6143
5821
435
4139
6719
3128
6629
4696
2940
2285
2732
5529
3872
4335
3291
935
5955
4276
3936
2950
6286
600
801
4327
1194
2861
357
1098
1043
6448
2180
3152
3891
3311
4745
183
5833
2129
4175
2983
4332
2580
4119
2948
3497
465
61
3940
6616
4149
1261
6567
6488
4603
5807
64
3982
2773
900
6495
540
2730
6539
4323
2601
4619
3997
446
5832
3348
2174
6452
3630
2514
107
3922
6304
776
5511
96
5847
4739
2250
3215
242
3961
5761
4155
1026
753
3087
2952
3488
6309
4108
3457
6255
4137
4176
970
3854
3541
6312
3678
711
39
4439
3988
5981
6639
2328
3956
5599
2182
6617
728
3485
4112
4322
114
253
3216
2736
1239
699
4043
5605
5708
3248
4732
5717
2335
6004
5700
2992
5756
4525
531
6108
534
2629
6611
98
2471
2613
5937
1134
460
3294
3981
554
784
384
751
3352
2980
3395
2870
6742
4353
148
4592
2692
3892
129
2142
4596
3633
5760
2506
5803
3763
2141
2930
3873
3885
3432
4336
2740
528
738
2164
6018
82
560
4698
5636
5805
4055
3581
1003
352
6632
2848
2777
2482
396
3620
2305
6371
6100
3396
3516
5465
5486
234
974
3282
3975
4382
6017
2402
3274
6126
5842
2589
3251
3712
6700
6554
3890
6161
6271
6766
379
6701
737
3999
6445
3354
5462
6501
3120
5699
4041
807
983
222
3513
2847
6635
66
2917
1154
2442
6437
2801
3006
6555
2298
6548
4749
3665
2594
4682
985
2307
4165
764
6302
4220
3129
2661
391
2404
2427
4159
1021
2550
1210
2480
1075
1270
6623
2299
3410
6338
2959
906
3594
2428
1230
5701
937
428
3197
770
1202
5693
4274
3411
4228
36
6622
5953
2260
6498
972
4704
6158
2702
3562
752
3725
5768
6546
3061
3670
3125
6564
6705
3498
6107
43
5498
224
3576
6760
3958
223
3881
2929
2726
6162
594
4538
2537
6717
6503
1231
3992
6515
2699
4627
631
4215
969
515
416
4188
2989
365
2928
3326
3727
3966
81
3707
239
1039
4571
3315
4552
3621
434
6054
2620
2616
772
423
2240
3458
1130
5846
655
6119
5742
3669
2406
5845
2971
2479
2686
3815
375
6080
427
509
727
1044
4391
1172
6088
306
4009
5567
3785
4008
6167
2735
4441
254
335
3894
4742
1188
4330
885
4516
2431
4160
6241
1199
369
6176
5815
3830
2897
2380
3150
6675
6525
761
557
2898
3323
3455
470
4364
815
5954
3660
6702
6754
138
359
1192
6587
174
2588
6679
4358
6762
3787
2363
4623
3318
3234
169
4185
6015
2912
4517
940
4029
3196
4630
630
2409
2939
2143
5876
6184
166
5658
2478
3990
4526
944
4010
4602
6517
5826
4668
6064
6246
6247
2997
4096
657
3025
2945
4182
804
571
3738
3141
1022
6469
2377
2707
1011
1190
1277
5596
3749
4042
4102
3663
4068
314
3850
3552
5804
4507
305
5915
2901
153
6745
3293
186
249
6586
626
789
315
3250
4012
4489
2558
5681
3597
2625
76
4250
3555
2535
5816
5892
2771
6231
83
4644
2249
6104
4506
2462
6146
6609
2353
4261
339
3994
5525
5719
4324
5647
1072
1094
444
3739
652
3007
6727
6153
68
1273
566
1090
5487
6455
6589
2367
5950
2302
5661
841
6604
469
3590
5765
4132
400
332
4554
5515
4473
2452
4109
4575
4193
2389
1206
3205
6178
5444
3236
2571
6079
3741
6042
3713
2845
6273
2593
4632
517
103
2905
5692
1020
4724
2767
3208
4036
3619
5851
6485
6763
850
5694
3428
108
5746
432
3569
1183
2851
6049
5758
6188
4638
344
403
4238
3595
309
4052
5455
5467
959
2339
2451
5466
5709
370
3900
2951
4392
442
1081
3000
2842
1110
3530
3933
2610
4726
3887
471
321
6236
3225
2999
6741
133
544
898
4229
6317
468
3184
4620
3524
6230
6454
2449
5589
3357
227
3052
616
3833
4126
3276
6398
2360
4736
6733
6336
691
2538
1249
2467
5544
5607
5490
3585
5872
2919
4380
4186
847
5975
6021
3092
2347
3861
415
4593
6710
6038
6157
3834
447
3681
4134
6040
2602
4100
2513
3494
2301
3540
5549
4106
1062
4692
3886
3874
758
3743
6444
4125
6132
4750
268
6305
2364
3461
294
6070
4022
4089
705
3415
2369
545
1233
295
2926
4500
167
1176
567
3674
2433
3871
572
3515
2326
4660
3091
5925
4263
317
1181
2248
6436
3661
3928
6242
261
2823
2840
5521
3490
6342
2356
2995
182
3493
6341
134
6065
311
6229
3165
4352
4069
2547
3903
1083
2383
6182
3807
3307
3206
1156
3379
750
6588
3041
1025
1074
3987
950
3626
4416
4403
6266
191
6123
3573
4253
5581
817
3389
1204
6251
1217
6180
466
4677
702
2896
601
2832
925
286
5445
3848
380
3526
4503
6191
3947
3093
4671
3027
3931
4615
3701
5628
6059
1165
1002
714
2334
4273
89
1073
1126
5689
3522
6521
2943
3543
2879
5850
3876
6036
412
184
6562
6194
313
270
3057
520
6618
3801
3592
3507
4558
1243
4409
4384
4097
3895
6544
5673
5497
2394
3949
3430
5928
1264
2806
3329
3711
6687
2297
1112
6200
781
1201
1247
2434
6179
2662
767
6318
6442
3882
2584
6484
2338
4495
3278
6264
363
892
2603
1012
2556
135
221
3309
1117
6599
2852
2444
771
6234
627
6190
1267
3038
6177
34
709
4496
733
6010
2900
3758
3209
4166
2390
6201
2846
181
5706
3213
2337
127
591
3131
3500
6299
3151
3297
3440
3158
6689
6227
4634
3312
437
1129
3954
606
3737
4702
2426
5744
2698
6193
119
4099
6750
6753
4565
30
236
6283
6110
507
4000
6160
3868
2727
4039
2430
75
4214
4237
887
6082
200
450
2619
2787
5817
5663
5451
2408
3600
2598
3747
2565
1213
4257
621
3628
6067
4531
2361
4040
4354
2910
3492
3935
5662
4501
3930
463
2750
6699
6060
5763
3843
6224
131
3089
2946
3373
6115
5604
1222
4540
2690
265
4414
292
2348
443
5601
6187
2742
986
2437
2660
3155
4141
5512
4072
1067
2611
6073
312
899
80
2855
2938
4079
351
3214
3784
399
4131
4491
4665
3666
3875
2734
3306
2546
4088
1035
6120
3239
6681
4345
3561
6683
1122
40
726
5800
6685
425
6339
2627
3028
2378
3804
3705
5588
3042
3159
514
3269
922
5935
2560
2320
2485
1068
4179
72
2590
4664
3700
6368
6491
3715
2438
3320
5917
3851
3791
3977
126
6233
923
231
2344
5576
2798
3858
2569
5834
3284
3783
6631
4406
6497
2626
6047
5631
5509
2880
5558
1104
4508
6112
145
3501
661
6388
367
4633
4534
2388
5941
721
3277
6672
1071
5586
6281
535
3024
1187
3358
414
100
2937
1162
1219
6222
3459
2632
4049
6103
376
1119
6293
1265
418
773
936
3534
3586
3846
2512
2262
409
1041
5560
3283
3232
2811
5671
5584
4224
4268
3667
6625
3751
2805
2747
2130
2400
4573
3298
6267
3502
2966
547
109
2577
6295
5899
3424
5748
3043
448
1242
4687
4563
2368
3030
4678
4349
757
3296
883
6603
851
723
924
6099
794
6646
2362
4597
1082
3805
1032
2132
4026
5485
797
553
2803
3453
2918
2765
6451
2957
2445
2758
116
4362
5707
6747
6074
3978
3203
387
6559
3865
780
798
4669
2961
931
190
5660
563
3599
695
4013
3925
267
6688
6489
6268
1031
6320
6076
6315
719
3160
6156
4606
6008
1211
6628
6480
6249
4231
3260
3222
5472
4372
6048
2267
5840
4599
226
2392
2841
3163
745
91
155
3192
6697
2410
928
3797
4296
765
3577
4467
6066
1095
6765
410
2770
6071
2345
3662
3198
4733
2592
130
6682
6707
2563
5550
2373
291
1189
510
4747
5721
4016
88
326
2146
199
4073
4115
716
272
4059
4357
4348
4294
5751
4087
5471
1009
536
3946
1080
6186
3425
934
5540
4271
228
1105
5597
5454
5633
5839
5766
1007
6728
5483
4412
5852
5951
1078
5759
2327
438
1085
958
4564
5696
69
6289
4021
6069
1193
5569
275
1163
5657
3756
2246
2255
4158
3582
3520
4626
5491
811
3267
2972
4468
3625
614
6172
2878
3521
787
4321
6468
4404
2849
6051
2850
903
5726
6706
549
4226
4256
4264
2510
3813
325
6260
1262
597
475
3942
4598
6058
6520
422
5940
3385
2792
2493
193
3382
5537
3303
2257
4056
3188
2314
5923
3372
3544
4477
2606
3289
561
2263
5888
3094
6522
195
3752
5947
4559
431
1069
5578
6508
6218
2233
263
2581
734
6292
3844
6366
3077
3238
1266
3456
2319
4492
2927
3436
405
115
5535
965
4370
659
159
3355
6474
6147
3510
4018
4011
3351
1033
658
4748
3869
2562
3246
2568
6244
4037
4528
4278
6265
3090
2755
2340
4196
813
951
4121
4746
6259
6175
6568
5729
6159
4293
6131
6504
6505
6276
5801
3185
6450
1203
4622
2313
2607
3060
5891
4177
162
2237
143
2825
4217
4720
893
4437
2768
6620
4167
2543
2902
3798
3845
3682
1256
6306
948
373
4101
4743
6636
5542
3026
225
2628
462
3724
5547
3133
1224
2548
247
6181
2776
1113
3327
1236
698
708
5736
5499
1200
4673
5505
366
411
3545
808
2920
3157
4712
3439
4290
6152
5886
6695
4184
1037
3103
4234
3032
3308
6481
2474
707
2867
4325
6507
6101
4567
3575
957
2318
3495
1166
452
3360
4539
4614
4405
5538
6527
6595
2623
6494
4183
6472
6692
6124
3764
4258
4318
2799
891
173
5557
3233
4618
2749
6720
2169
4090
5930
2934
4589
3563
1178
4493
4117
1244
5623
3888
564
2448
4219
1229
5575
6081
4612
1046
4640
4280
4522
2447
1125
2476
715
1097
4685
946
763
5848
4699
1076
6220
235
382
2346
340
3245
6171
4385
85
6641
4511
6219
4169
97
3728
3286
2549
6665
4679
6155
5878
3258
2862
2634
5718
1177
731
4260
5449
2332
1127
5609
5526
1278
6441
6129
3757
5675
3842
6272
2796
5906
889
3325
3162
739
2856
3889
2663
4143
42
694
2664
4389
570
742
4170
6154
202
5830
4350
613
420
2138
6583
5516
4529
604
6308
4006
3004
3435
185
4666
4625
2150
6597
4194
4124
3708
2974
2490
6150
3299
3518
3486
512
4071
2488
2689
3009
245
743
4053
769
318
2857
3080
4247
2666
6197
2323
836
3973
2906
538
4635
2824
766
1171
5446
6644
120
6542
2990
5952
5480
6743
2516
5489
4713
735
3083
6009
3219
927
4066
4675
1093
799
6078
2483
3840
3720
1005
4498
4091
5566
518
2148
6713
136
3839
3387
5659
2609
3952
5461
3803
3271
3508
78
4667
3359
3108
1070
3121
165
6121
4604
4221
2144
6471
6752
3796
5705
4497
2964
3719
1042
5740
3866
6221
4472
86
524
6633
5901
5844
1212
962
338
5670
5624
5820
4277
287
2168
4118
4103
1158
2135
3717
6673
6117
3319
2300
6680
264
2172
2294
3706
842
2575
4024
2725
5978
397
3683
3406
4338
3767
4701
6277
355
4313
147
4715
2853
3118
5824
41
3391
4705
4123
3511
2244
3864
2754
693
5823
6239
3799
5482
4367
6669
374
6113
3957
250
3187
2866
786
2814
5914
2908
4686
3950
701
407
6594
5626
713
4092
6523
2176
4291
141
2808
5674
3078
3765
3760
839
3745
5976
3901
3880
4661
118
4023
1209
4689
461
3721
2511
177
3280
3275
5648
2691
3489
5531
5612
809
945
2545
1045
2453
1079
2582
4262
84
4658
4566
2748
2236
3870
5523
890
95
4033
4329
4045
3427
3321
5690
3580
3924
537
3849
2251
4136
756
455
5610
3969
3420
5656
612
3154
105
6671
3195
6237
3979
4356
350
5447
4670
3496
5541
529
123
316
140
3281
4520
4128
3005
6252
3623
6199
6739
5725
4691
4577
232
4725
4315
279
6502
3539
230
5565
4434
3241
777
1091
2256
2766
4642
67
3877
1205
5799
947
1088
440
6319
3356
901
5885
1173
902
58
6492
6389
6164
2913
1215
5503
6740
5460
4386
3394
882
439
5528
3971
4560
5960
2624
361
1220
4218
381
3546
3145
2461
5473
3753
3525
5600
277
5519
2296
2324
2685
4662
1238
6663
6606
6516
3629
2359
4465
629
151
730
2982
2481
744
4005
654
3568
5957
4490
6011
333
3893
6614
2375
848
323
3491
4466
3132
6433
3622
