70
61
712
210
688
476
655
242
190
48
774
427
347
590
709
50
4
28
65
909
563
532
290
575
93
669
373
516
155
500
1013
762
1039
840
988
609
710
925
652
731
295
1034
92
647
846
27
605
800
577
313
126
87
143
448
162
899
115
354
903
116
1028
266
811
493
672
384
785
394
865
238
146
580
685
782
428
15
975
173
191
881
1040
809
990
1023
960
548
33
808
915
539
43
91
581
884
643
312
425
683
663
529
165
88
421
678
517
740
798
692
222
908
365
62
429
325
699
535
385
1042
831
301
753
544
303
158
585
706
269
613
130
838
986
12
52
281
436
83
917
948
914
502
473
113
29
482
276
945
935
197
472
918
226
930
858
440
959
424
813
179
897
694
826
570
108
929
534
639
1003
923
555
270
750
377
593
368
404
464
471
192
711
341
454
486
794
654
483
362
142
1029
586
504
766
621
600
289
569
916
11
691
537
248
625
756
137
300
869
331
595
725
921
286
556
894
724
1044
999
495
66
412
1036
931
176
36
965
524
405
996
220
297
228
802
867
243
775
163
932
889
844
447
338
799
950
1033
82
612
147
951
807
934
255
693
408
527
196
106
467
597
875
380
642
557
364
985
954
451
410
77
791
830
719
102
1031
900
847
895
738
531
129
71
17
37
98
391
958
24
376
319
426
437
696
603
541
533
505
153
444
611
942
293
981
251
309
446
898
292
1002
131
728
465
715
515
1000
496
735
812
227
902
449
6
363
178
601
348
967
904
796
579
335
329
964
854
998
608
1041
834
148
850
156
626
913
466
202
433
888
216
268
896
10
823
455
679
3
568
1024
501
420
912
1011
23
843
443
351
346
188
668
528
41
670
660
972
640
7
386
144
656
765
140
697
114
675
485
635
339
525
644
596
937
14
602
754
42
507
308
878
1027
859
727
94
979
1
497
343
559
125
124
133
316
594
284
355
333
105
430
764
463
778
304
957
522
748
462
307
632
383
154
1006
199
562
792
128
212
620
152
64
814
273
198
230
356
330
790
90
432
866
21
759
772
513
842
2
978
209
1005
758
282
943
225
193
1010
240
402
223
551
458
109
22
970
747
389
860
578
214
700
326
839
749
460
95
718
995
963
314
892
783
411
78
58
671
145
183
393
887
891
991
174
868
135
810
250
200
397
232
961
971
906
836
390
841
406
358
167
745
271
484
993
366
1032
924
667
422
445
203
789
60
734
283
786
182
361
392
204
926
779
401
825
717
984
519
1008
636
1012
398
461
953
359
939
873
806
261
334
761
1007
817
236
172
327
494
381
746
503
658
39
606
418
317
498
294
103
618
966
265
849
651
848
851
350
666
387
633
468
955
861
111
239
702
733
267
713
322
26
944
56
992
1014
100
882
716
911
149
328
259
310
211
221
47
127
318
453
653
161
431
442
676
752
395
151
649
55
989
936
35
122
492
732
977
170
177
0
138
201
877
689
74
553
72
298
776
323
490
302
542
589
983
701
650
80
637
1030
59
229
403
708
34
53
564
536
743
974
1037
235
110
439
686
659
434
184
475
741
1020
101
218
159
189
419
357
674
337
755
277
217
628
435
121
509
949
489
175
805
352
1021
938
876
763
630
526
112
588
254
477
822
614
213
459
742
1025
160
256
592
1043
561
342
550
973
205
324
901
510
481
234
16
374
8
450
905
773
818
263
79
264
982
956
771
207
1015
452
18
480
797
546
723
46
886
97
296
705
1016
976
591
13
360
249
880
186
757
382
321
423
241
9
69
413
169
1022
32
409
38
388
631
927
353
340
815
511
1001
690
545
907
441
31
994
645
1035
86
96
616
598
582
969
107
288
474
414
44
469
1018
574
698
703
285
607
622
922
104
25
665
336
664
720
737
804
547
233
801
567
707
247
610
648
1009
315
367
695
920
673
375
274
75
855
872
543
604
968
379
587
615
540
657
