1156
4300
1455
2538
683
254
2301
409
2739
2755
2368
3606
1474
2552
2198
1879
3825
1269
1274
2341
680
966
173
4135
2963
4216
218
2631
344
1476
2191
97
2260
3395
1721
2022
2808
1978
2142
4010
1679
1918
272
776
4056
2884
1306
3007
39
282
1511
3821
660
1331
3305
3151
2033
787
2679
4114
3058
2905
2527
3812
3585
2190
761
22
1745
2401
4320
2923
161
3881
3298
798
2682
3754
1159
396
2500
440
2254
1008
927
1739
3106
1309
3466
166
2875
2343
3729
311
3359
596
2568
3343
4093
3553
3882
106
3728
3668
2516
2714
4084
1043
3048
1407
251
1357
990
1996
1142
657
4307
127
1404
2790
165
3564
1217
3053
885
3746
3139
2370
4167
857
1242
1972
3403
727
1498
1197
3419
1756
301
3833
967
1317
1200
2866
1327
3427
2799
2088
4009
3349
352
923
2892
2139
3799
3479
2701
2539
1430
3619
4075
557
1154
1364
2487
3421
2214
364
1384
1952
1147
4021
4308
614
107
2261
462
2603
1683
2533
2461
3891
1748
187
807
3100
2194
2046
3438
658
4200
2114
3352
2102
3578
1743
2
3008
3695
1027
2336
3102
2773
580
1594
3165
1775
1506
2572
19
434
3358
774
4380
1266
3813
513
1526
4105
3212
4231
1178
556
2495
1662
1491
1273
3707
2397
3220
2402
3520
3222
3084
1564
2896
1765
3988
2780
2871
93
2642
71
2073
2879
258
809
1108
2698
2026
562
398
3757
2379
1436
3196
1347
895
3257
1236
2498
2625
4249
3607
1324
2155
644
182
2742
2505
2833
696
1483
3346
1808
2977
2688
3654
2039
350
356
4362
1133
2944
164
2334
2169
869
1078
3605
336
3337
3603
1990
3823
1943
707
3535
4041
2691
2931
1471
3188
964
4152
4261
4185
1036
1542
1016
24
1074
3006
2961
1618
1276
1539
1629
2541
2735
817
183
1966
4265
600
3658
1713
248
1960
3437
1373
2865
1854
213
4061
3295
2472
1807
3005
192
703
1308
4034
3307
3979
4373
4325
2238
753
950
1581
1930
2466
2342
1469
622
342
763
1353
1420
3536
3071
3861
1741
3732
4171
53
4230
4353
4051
2629
1402
4100
3710
3837
3878
2119
1598
2010
2255
1815
3379
2761
2826
1283
2636
1946
1017
3245
1538
3082
1857
1533
1763
3426
4025
4057
1398
851
2590
372
3330
1938
3612
2717
1592
1295
1396
2282
385
2506
1954
903
3599
608
3809
747
806
2369
1726
3350
3632
4285
2864
2131
1912
1418
2789
2007
723
2525
1301
571
1250
1287
3993
2374
2096
2891
355
1686
447
366
1211
279
1901
3268
3059
2964
1423
1216
3444
3956
3560
1054
1155
3182
2113
3370
3669
2304
697
1320
3995
3985
361
1881
3482
3039
3804
3538
3595
3635
3368
1484
365
287
1609
1772
1832
2899
3505
717
720
394
826
2187
1113
2173
994
3783
120
2097
528
972
4160
63
4354
2692
4312
152
3957
4179
117
1650
2912
3193
3153
1928
1915
3700
1576
3786
3401
1325
1145
430
1762
2112
1646
1189
974
3902
2984
2411
1059
2536
843
2558
2786
664
3025
1365
1132
1621
4281
1556
2728
1279
1425
729
163
3301
2767
2535
1981
612
831
2242
55
2658
1297
4121
2670
2126
262
2934
1672
1787
1366
4234
2675
2935
3727
4176
42
1804
1767
2996
3955
2420
2725
4128
2942
2099
1550
1950
3765
1997
3675
1525
2490
1289
1806
2555
2080
1874
276
4342
1781
2409
4254
2138
1847
2932
2140
247
1300
3294
2829
238
3723
2176
2596
671
370
4385
3369
4280
2122
1257
3394
1565
1234
1738
4241
4192
2959
3852
1143
2616
1055
1604
1061
18
3831
1798
1649
1549
2051
847
3477
3942
2643
4022
3126
3888
3584
2681
3367
2040
1070
4348
1258
3440
1698
446
3543
3424
890
3725
2922
4147
1084
2788
3764
2646
3224
2268
1475
922
3002
2530
2710
1771
3355
925
2720
466
2774
2690
3215
4019
1409
3561
3697
926
3533
184
3620
393
3292
3875
1387
1138
4364
4134
1210
3032
3596
824
640
1351
1265
1861
3386
2743
1796
2706
3927
3111
3904
2880
2575
3499
2288
40
2380
2132
1702
2792
2252
3375
4253
2791
4104
3480
1417
1275
1825
577
2458
1503
3060
3363
3249
1914
1215
587
711
2463
1884
3889
3797
2181
4004
3208
2292
3129
3779
2315
3784
1635
3549
4184
877
2560
2503
2027
2585
2817
1243
3910
2722
3739
4235
1902
1002
4089
2507
2250
4172
3822
755
2853
2483
3545
2399
427
1924
1502
2367
984
4299
812
4049
1826
69
1945
4187
4001
3785
1241
2740
1175
3169
1399
3094
3853
3502
4316
860
4321
2183
2990
712
767
1222
3204
3123
4074
2054
893
832
1632
852
1925
920
1916
2356
4107
4082
3975
1170
3486
2522
3300
2566
2393
574
2145
3341
449
46
2946
2014
1821
2729
3537
2262
4278
3575
1259
3256
3004
1813
3248
450
2611
1285
3558
3637
3887
2042
2384
1788
3258
2352
3226
604
746
827
981
2515
2225
2640
630
889
4090
2748
1497
1413
793
1124
4068
3766
567
3460
748
726
3515
2950
3110
1544
881
1546
3716
4015
1731
373
3693
454
635
3939
2016
170
2895
783
2036
2627
1069
3550
65
1869
3527
2116
2106
1354
2550
1435
1909
773
150
41
2830
3534
3133
2389
641
1171
4351
3898
1083
180
2893
2351
3747
4372
4157
2582
1293
4062
4371
3149
2453
235
830
2579
1181
465
508
3433
4018
3132
3594
363
377
362
2723
332
4196
297
4183
694
2595
1776
3085
1380
2241
7
788
1370
615
1291
1617
4377
2782
2886
3949
2769
1536
1033
1883
2100
3017
3581
659
2144
1424
3874
2196
943
1262
3411
3554
2085
3168
329
324
3013
2604
2327
849
401
2823
985
292
3769
469
2105
3431
474
2086
4069
1829
1750
1006
1232
1328
4350
45
887
4081
2818
3310
865
1334
2109
2992
2570
2752
1167
771
3021
3896
870
3686
3672
558
2955
445
2060
2588
3131
4367
2329
1580
3001
1897
1660
2008
499
3965
1868
280
2867
1603
4109
3593
1102
2484
1633
1444
1749
2165
1953
243
3667
1578
3572
973
240
1751
2182
1543
2927
2220
1119
1456
1505
1535
1944
3027
685
1573
126
1716
1613
215
4290
2628
594
1820
642
1917
1931
2417
98
2620
1218
2235
290
2938
3624
3012
1176
760
2599
751
3641
1039
4270
144
3590
1030
419
407
702
1208
782
61
1876
2594
790
1877
4085
2556
1655
260
980
500
3950
3973
2207
78
2699
1742
453
2457
2396
488
473
3146
2151
2883
2415
3372
319
503
3704
3961
2475
284
92
3733
4095
177
1226
2325
2732
1766
673
1575
3124
643
2909
3577
4091
2648
802
4029
701
2504
4223
1920
5
1245
221
2649
223
486
1157
3274
277
2373
2440
4099
593
2167
2716
2592
896
1130
1249
977
1368
3075
3324
2508
1095
2459
4005
1448
636
2152
1625
3327
236
1508
2549
2738
1389
2137
3070
1185
3708
1333
4115
1720
1648
115
4267
3022
968
291
2772
1895
1653
4286
1998
2528
3244
1872
1863
1866
2216
2801
3642
1015
3862
1096
4111
3506
4122
1846
1165
387
2013
2365
1976
3722
2571
3200
1369
859
916
102
1180
3442
768
326
2565
679
1223
2160
1298
2802
2279
3613
1933
4142
700
1680
335
2664
1800
2387
3647
3405
2309
3576
1233
2037
4101
1330
2295
958
2966
3400
1348
1865
2758
1290
3329
4127
3093
1255
1645
3209
2072
2734
201
195
1322
2024
2162
17
3270
2617
1011
928
2633
509
371
2948
911
754
1709
623
3410
2674
2858
1439
435
357
3524
346
4003
1890
1360
160
816
725
1422
551
691
4146
1206
739
1942
4117
3587
1356
4106
3591
4166
1688
2657
1657
4306
2111
3814
2166
3122
4292
1934
3333
1963
4071
4236
1239
803
4245
4315
2837
1114
3118
1391
1485
1063
2208
2071
1315
589
4023
2518
101
2667
539
1937
2028
2569
2601
1995
963
935
2960
566
2313
2209
2044
3490
2762
1903
25
1150
3760
4088
2266
3347
2226
358
1695
552
3628
3737
1504
1472
1246
1531
4169
2615
2687
1659
862
157
2316
2157
3745
4381
1513
4375
2020
1338
1468
3622
1470
3143
3489
2763
397
835
3866
2913
2754
408
2593
3684
3464
2655
1802
670
1714
1893
1615
3905
611
937
613
4158
6
2296
1326
1844
2048
2759
1045
1734
1053
2492
2859
786
1038
1073
1842
1878
2902
1077
1358
2108
2730
4252
3718
1971
455
2082
3935
1094
3223
987
1303
1490
3470
3508
3029
2574
1395
1644
3529
1066
1682
1875
379
2989
1623
2406
2249
1554
87
4124
3232
3744
846
1048
3674
3602
710
2695
2546
4159
839
582
2623
2243
2606
425
2962
4195
14
3948
2464
3491
2093
629
3512
599
1888
99
1723
4065
1088
3092
2622
2952
3929
3981
8
3194
2041
1263
1786
477
1337
255
912
3525
4338
3780
759
2311
304
2398
1174
2903
250
3996
3688
3136
4343
2174
281
2919
1158
1106
2904
3977
734
1134
1058
2597
3931
588
2949
1850
368
3503
3267
2323
2965
583
1212
2133
2245
2303
1254
3735
1593
3313
420
2685
2434
873
2917
1082
1394
1434
3250
4203
3817
2298
4072
4043
2222
3884
662
502
4129
3803
4205
866
2800
813
1805
1547
1639
2338
2314
2130
2543
1849
1163
416
527
73
962
4272
2000
1419
2510
3383
1375
1009
3015
3521
4238
153
1355
2928
2890
3134
399
2705
2204
2933
2870
3636
2911
1103
795
603
2809
422
2150
1416
2976
265
4339
1606
2272
3233
2676
929
198
2340
2954
1195
1432
1001
1019
3810
1898
81
858
590
4066
605
2994
3763
633
975
4113
2175
441
617
203
2395
2524
2403
1371
883
2320
1457
2107
4096
439
156
1873
921
4048
3759
931
3496
970
736
1619
880
1948
4132
1827
4000
653
501
3526
947
1752
3696
1213
2719
2715
2545
1120
4345
1764
3773
2421
2771
136
318
1572
1626
674
1238
1079
3827
3498
2662
3559
536
12
3290
695
3266
1493
306
519
3555
2696
3933
2063
2017
3600
3573
1823
2480
1940
1321
3474
1131
269
3736
2983
3801
1782
2580
801
3699
1111
2553
2684
586
2293
1690
1010
2430
2673
1
2693
3216
2473
564
414
1268
1415
1219
1227
682
3623
2185
4188
4108
1666
820
2614
219
675
314
3148
1477
1517
2544
2135
1591
38
2019
1319
2115
1835
713
532
433
186
134
2229
3659
821
4060
2259
294
3381
2635
3377
693
2271
578
2233
2985
2554
3020
4210
4276
2737
340
709
1168
555
1068
2608
740
2065
1936
1664
2170
721
744
1403
2957
2882
2413
2240
3511
1607
1172
1149
3088
616
565
2610
2454
349
3952
4039
2001
3418
4332
1791
3050
2210
910
3288
848
699
3278
769
388
1376
3639
983
784
1067
3331
480
955
2921
3356
3253
3580
2781
1685
1537
1199
4150
914
886
1643
1392
4077
3774
2887
3518
1991
1624
874
1962
1577
3018
2872
1516
3286
3656
2986
917
75
1014
4340
1047
2718
772
3417
2624
3717
706
112
2654
3741
1064
4374
2600
1035
3522
162
882
733
3265
259
3471
1557
1736
28
1534
1947
850
1975
2969
2915
1299
818
1162
3342
4138
3501
3528
3815
2337
351
3997
1397
1663
2796
3892
2321
2278
1453
579
530
1207
3671
775
1601
2382
3309
4359
1261
756
1522
3276
1783
731
4331
1627
3964
2101
3751
2756
283
2090
467
205
3816
3406
2428
1270
681
2745
3275
2180
4012
595
2677
2709
2827
3653
4250
3974
939
4137
2494
677
4040
2236
3231
1652
3592
2034
932
1638
4047
3517
4260
837
10
1707
3412
395
3626
242
3701
3028
2455
1499
3019
853
833
2087
2916
3694
1160
3598
956
3614
1574
3446
1778
2275
667
655
224
619
982
1584
2971
1097
1492
1224
1661
2390
4055
2383
638
3640
2104
3586
1769
2056
540
3749
3947
894
2497
1552
584
2765
814
209
391
390
1225
1478
668
840
3174
2805
1152
3264
3682
2164
3588
264
1037
1703
1350
451
3344
3459
256
829
766
3547
1139
942
3393
4126
1939
3971
834
607
2089
3142
1382
3269
2874
1089
1065
2344
4027
3652
1792
609
1911
4013
3180
2665
317
296
1140
1521
714
151
3800
652
313
3963
1923
1989
1860
1454
3409
1956
3195
672
1958
1031
2652
4208
2894
1636
3415
2900
1921
3958
3646
3562
4201
3389
4076
3408
2381
1046
1466
338
1851
4123
1282
1602
1235
359
1467
2330
1789
412
3556
2766
2212
884
4151
4289
2811
3095
3322
531
4173
2764
4007
1072
1610
300
3242
3467
3108
3655
2195
1379
206
2386
1684
891
3509
448
2906
2163
1836
3516
3413
1099
1105
4211
3830
384
1599
2988
4006
1247
2557
976
44
463
169
1818
1959
2322
483
3510
1514
3724
1264
3615
808
3608
2264
1711
4143
2076
794
804
541
2419
2602
3255
1256
471
3918
2068
3500
197
2055
299
2123
4148
289
2768
3789
4177
3807
3024
1012
2753
2053
4341
1747
2844
3982
823
2747
1779
2136
708
1588
312
3402
2347
2626
3761
3582
855
493
1169
2816
618
354
575
2179
2663
2143
3740
888
2712
424
1128
167
2924
1722
3984
3026
1986
2630
3428
2287
610
376
4257
266
2702
2192
1980
2721
2009
214
3544
111
15
2021
110
1349
1740
339
2290
2639
2727
1746
4116
520
3546
1848
749
3685
2967
796
2359
2704
715
2118
1362
478
2621
3719
2425
2803
1809
4067
321
2918
2333
3067
2523
381
2375
2058
237
181
1304
1794
2987
924
1889
3090
3354
1724
1332
325
155
4288
421
3994
2982
4030
2821
3677
1515
482
2270
4219
2300
1400
3125
1414
2783
3962
510
4026
3468
1192
320
2205
1305
2477
1570
2641
4083
4240
3990
597
1667
4153
2358
904
241
4304
523
2936
3332
220
1191
2120
2253
572
4080
2840
3611
3010
129
3380
4024
978
211
1727
1509
649
4228
800
2283
2618
2184
2749
1870
1676
2159
2532
2471
2405
4204
1530
3638
3030
2125
856
4182
718
957
2999
1196
3755
3497
426
2057
730
2860
1112
2843
2551
4064
3730
3793
3445
1091
3173
1907
21
3160
3794
1372
906
4125
1173
2562
1853
1248
95
2251
781
547
3945
1342
676
3940
2442
2446
4275
3192
875
4337
4131
1568
331
995
666
2863
3507
3227
380
1689
1894
3791
2736
3738
1833
2529
1166
732
3016
780
2468
2981
504
1386
1793
4052
159
2482
3306
752
1620
484
2578
1566
1935
2059
3450
3959
2366
1967
684
3315
1640
3609
3425
4097
4213
2733
3033
2848
1790
3756
1445
4079
3644
2751
2973
2576
745
3824
2324
512
2141
1345
719
273
913
2671
1252
1563
2030
1512
3969
3601
3548
581
1044
1812
1313
3832
3926
1496
758
1957
1410
663
999
4139
2161
23
1201
3610
4282
413
1198
1361
230
472
1562
2448
1859
2452
1481
3312
3206
2412
2814
3565
1228
1777
245
757
437
1830
4194
2146
1323
3277
1164
930
1487
3374
1144
819
3703
91
639
1312
1202
475
1871
1993
3176
3726
4033
188
4016
4284
2276
3113
298
3579
4008
4028
2991
1735
1451
274
3625
1486
2433
3495
3712
3463
3473
4164
1799
4136
654
647
2156
158
3604
3062
3177
1489
678
4031
1704
3407
627
2269
1098
3441
2460
1754
261
1906
122
841
1841
249
1961
1122
3531
2274
208
1441
404
2217
3743
3357
570
1307
3552
521
4053
1642
2439
1555
2202
1240
360
3162
2877
3397
4002
3557
2239
438
2149
4296
2493
2828
1654
246
2703
940
234
828
1541
1146
2121
2273
2573
139
996
573
3376
716
2339
3299
2785
2979
2378
2930
3225
1828
3681
2265
1656
1488
1852
3152
3906
1527
634
1060
2003
3523
537
2258
2392
1840
3542
4357
1253
838
1260
1452
3371
4197
2045
295
1316
2881
2431
3493
1964
1153
2741
1910
2050
3689
4058
1559
3436
302
2713
2364
1691
3114
3777
1049
1115
548
1214
631
1882
3742
411
3366
3972
1814
1984
2778
2700
1294
1994
2307
864
4102
872
3494
232
811
4156
2110
305
1401
4328
3236
2465
1129
239
2438
825
105
418
2775
1125
3318
4145
628
2004
458
4154
2404
2807
2509
417
2861
1717
3843
899
4032
1520
3871
1302
2474
2708
337
791
646
1611
3541
4363
3120
1780
1969
2246
2429
2770
4098
3137
3198
4178
1567
2519
410
2804
1612
3566
1346
1123
2577
792
3826
3551
3420
2284
392
1148
244
2897
1968
4352
2476
1941
1272
1843
1390
3289
4283
3678
2098
1018
625
85
2035
2820
1042
2852
3481
1443
3492
1880
1367
2499
1891
3968
3713
3449
2280
1824
3340
2612
2878
1182
1050
4274
252
1773
3283
348
3865
2958
3808
3323
2317
2678
2834
2437
1344
2795
2083
785
1286
3031
686
2052
4103
94
4174
854
2937
737
1090
1605
3983
2467
687
3011
4310
442
1545
4086
2978
2436
3917
2838
3860
2422
3999
3061
1999
308
3221
2760
1585
3447
415
1381
2888
3458
3251
2908
367
278
4264
4220
2006
3539
1927
2974
123
341
656
2079
2410
2077
4140
2200
933
1855
2656
4246
2914
2660
3475
2158
3645
2707
1758
960
2032
3360
4268
1244
253
1029
4199
3650
1770
1733
2547
1343
3081
4162
514
1705
2177
2124
3630
688
511
2940
3631
4266
2856
2043
3117
1271
2172
2787
650
2215
1288
3000
2540
2784
1438
1004
4020
2354
1647
722
228
602
2247
233
2925
3597
2189
3966
3752
3702
257
1136
212
909
1281
1951
559
3731
738
353
293
735
327
1641
535
2855
2305
3430
1311
1251
1904
2199
2661
1433
2589
2228
1811
1886
3234
2653
225
316
3848
1982
405
490
2488
347
3679
4207
4383
2318
1955
1774
1628
3720
1518
3237
1761
4120
1590
4347
1900
1837
637
3175
764
3788
2584
3469
3976
797
2605
2869
1785
436
1631
3263
2920
216
2953
632
3617
1553
4112
3472
1161
481
2647
2385
3336
2970
4133
2901
986
2666
389
3314
993
1744
3758
1318
2613
429
2084
1393
2237
3705
2941
175
2391
1856
4059
2513
2178
4277
3291
2462
3429
3041
953
2049
2839
661
286
1669
2559
1013
1034
4042
620
2951
2683
1797
2697
2995
2286
777
1729
3767
2285
3388
1022
778
328
2968
2689
1816
2154
1458
2619
378
3661
333
3514
1184
1151
1028
879
3532
1460
2025
3439
844
2680
2711
3571
815
779
1540
2291
288
3202
624
1494
3009
2561
4225
229
1810
3422
2011
645
383
2885
4305
2319
2868
3089
309
2997
3317
1085
3921
1092
2168
3840
4247
2092
3345
1985
2813
919
3660
3776
2188
2257
3673
217
1267
3207
3487
3715
2686
549
2148
4237
3978
1352
1926
1041
189
936
1081
989
979
4175
142
3893
1558
1867
2193
4110
878
13
3894
1899
196
2757
3618
1753
2203
3339
1204
2746
1479
468
1363
2586
1310
1795
799
3453
2972
1450
1694
3670
1822
4063
1220
1459
2445
1329
2129
1519
868
2731
2147
3711
1973
2564
4298
382
3404
1284
460
969
