222
921
602
371
834
46
553
395
883
521
302
822
852
858
441
208
759
920
630
925
362
660
469
471
718
422
673
666
500
662
887
826
722
726
691
795
568
837
112
124
237
292
764
683
938
574
403
426
679
616
873
263
870
199
639
35
262
163
670
455
753
390
58
534
861
704
494
842
685
381
629
519
581
15
709
432
791
309
731
466
788
384
219
900
59
406
11
711
609
270
615
532
409
27
370
40
789
427
47
496
397
337
104
283
363
855
833
492
420
103
99
89
865
728
152
819
311
161
554
652
353
74
187
415
462
555
546
450
159
633
781
467
155
166
843
881
93
167
10
256
808
191
289
611
244
53
742
253
197
2
434
323
934
550
694
607
205
595
55
398
405
771
30
478
183
351
287
275
272
537
425
261
80
603
765
334
939
583
102
416
230
298
794
658
719
98
752
503
906
480
509
220
448
310
904
655
491
247
539
286
724
845
827
472
706
647
671
783
682
414
857
593
411
107
520
733
153
291
654
860
138
347
530
229
179
923
668
805
156
327
175
688
625
896
100
340
473
264
182
459
850
676
846
278
162
227
803
504
326
72
226
486
332
150
85
505
95
246
470
634
749
321
139
916
651
824
430
449
43
111
366
134
879
435
828
118
78
727
814
705
223
249
60
154
747
83
401
566
209
642
388
86
301
558
66
236
126
87
774
96
876
45
73
729
700
669
210
914
116
3
637
463
207
170
561
604
356
663
148
493
269
312
451
188
930
201
577
533
720
560
125
592
377
39
257
281
94
288
901
712
772
793
840
785
800
645
754
354
686
854
597
243
31
741
367
474
211
63
556
307
807
897
254
215
932
730
839
271
518
192
22
768
737
24
456
228
507
110
692
924
143
888
650
82
674
796
707
769
792
703
885
336
915
919
600
748
18
250
361
38
108
551
444
62
565
90
813
429
241
723
495
267
149
736
56
410
333
339
204
926
399
297
758
400
50
342
617
562
225
746
315
512
524
279
528
14
573
284
487
419
168
481
628
146
285
869
598
88
632
680
856
392
937
526
37
358
762
343
408
437
801
7
884
542
516
6
485
136
605
193
252
677
623
196
386
375
797
936
259
482
290
702
190
849
57
643
348
255
325
242
21
696
775
164
760
497
313
54
717
564
621
580
404
447
889
475
176
838
468
913
527
52
81
545
830
128
109
847
34
151
1
851
238
369
276
202
933
572
69
732
618
79
258
132
751
218
859
352
578
235
232
251
464
613
173
515
766
489
626
531
300
866
16
479
714
871
306
693
77
612
535
831
734
365
911
345
569
49
160
684
75
331
380
510
829
687
268
912
582
28
203
898
346
594
657
841
465
815
137
543
522
750
165
755
231
790
129
341
130
372
576
810
787
928
368
484
715
9
454
217
817
767
418
322
690
239
635
460
567
799
184
757
177
389
13
44
439
614
105
511
502
157
584
907
396
305
779
498
328
665
608
640
622
387
383
874
529
181
508
891
266
821
212
878
147
778
440
547
114
678
234
620
571
548
820
812
541
488
423
563
431
378
245
101
877
120
329
214
117
68
862
324
295
5
316
171
144
373
624
433
743
185
76
206
360
70
844
198
809
8
570
17
867
349
786
836
589
656
33
299
376
631
697
798
438
806
131
927
627
141
579
91
894
636
523
638
823
544
931
641
517
20
745
135
445
905
661
675
902
513
0
895
882
689
97
189
443
277
725
121
338
763
