151
41
183
156
26
208
189
122
169
87
17
40
101
143
12
202
155
228
219
51
211
201
14
199
59
162
152
139
164
119
128
95
103
175
222
213
195
83
47
9
167
10
207
6
220
16
191
206
141
218
57
49
158
15
27
21
91
8
142
54
58
102
77
129
53
135
181
157
161
176
226
185
46
190
60
29
178
71
18
153
52
33
186
100
81
79
184
138
31
225
82
223
136
37
56
5
210
84
32
227
188
171
64
38
124
105
13
78
221
137
154
94
197
97
194
69
209
217
3
115
24
230
7
22
187
72
25
99
233
196
93
106
193
232
45
104
163
67
117
172
107
0
159
30
205
125
121
214
144
75
1
130
88
179
168
231
85
43
200
148
140
108
89
36
86
98
212
68
62
216
192
180
80
4
127
11
170
92
114
224
61
65
177
90
165
215
39
204
235
50
