2651
4487
143
5980
6308
6355
257
2678
3644
4643
6026
6058
3227
3698
3363
5985
1041
3434
1100
3630
3293
4191
2350
6975
4553
3250
1091
201
314
3194
3467
6830
3284
611
724
146
3805
2136
2603
3478
3815
2398
738
68
64
6785
3316
1178
6941
3222
2391
6114
895
463
385
2502
3837
3214
2786
62
3702
6262
6906
3717
1030
3286
6826
4644
4166
69
473
362
2956
317
3534
2401
2979
4031
6234
2392
4458
227
2171
2108
2479
3463
6213
471
5517
2448
30
4114
4185
3775
6894
3811
6130
573
448
6128
2987
40
4456
5920
5556
2639
1123
953
6942
3392
3524
4092
693
2668
5791
395
1026
3276
299
1132
150
3764
1227
4383
4653
159
663
4239
3444
3928
2845
3223
3403
167
3881
3452
4131
5615
846
2488
1134
3311
6332
3924
915
4488
6172
386
2916
589
2677
2736
655
4063
2303
4293
2204
3476
5459
3616
6361
4068
134
3324
6828
2810
6112
659
3224
3523
3937
4734
3765
3267
2324
939
4443
6165
380
3793
2657
4253
3455
6903
2572
6051
2484
1098
3187
629
6919
5750
995
2936
3268
5621
4300
4156
2395
3936
2522
4033
160
4379
284
4706
4184
3867
6820
1084
6022
1066
620
604
2672
66
929
4575
4421
587
3305
2839
4555
3026
3636
3560
1131
2422
1018
3490
2626
3691
3044
285
3185
6039
25
557
2644
6098
5798
2436
4309
283
382
35
5645
2130
5619
148
2649
5937
3807
3688
4645
6771
4623
6829
689
4160
1256
398
2408
2390
2133
4161
1221
3251
4576
916
470
6865
5718
3323
225
6899
5493
5770
4044
6301
141
2385
4041
2910
3914
4287
2226
6844
2227
3878
3946
31
2089
726
4453
4233
2682
3889
4188
2520
3294
740
5683
297
4235
117
3712
4746
5969
2983
4735
6221
165
5652
3525
3178
255
3715
576
4010
831
4440
2126
6109
408
5480
4651
3414
3763
2694
4019
3896
2951
2143
133
6968
3466
4251
45
843
6802
4589
4434
5686
4263
910
6264
5939
259
3328
2727
135
405
2854
3303
3624
3489
381
2420
619
4639
397
58
4671
4561
288
2877
6397
416
1012
5946
897
5915
4259
4501
1102
6047
4168
4321
6215
3336
6857
3497
4257
6846
3741
2456
3337
3529
2110
2934
2403
4663
4667
6036
1174
5671
2717
3777
324
946
6002
1212
4559
579
5971
3397
2286
4180
3384
4509
3518
6886
4229
6923
6783
2898
318
2315
2724
2339
446
6315
53
2999
954
422
3874
2352
565
615
6059
2512
3233
3152
452
1223
3572
4013
3491
4547
2711
6209
617
2573
4700
533
5698
2575
236
990
6013
3719
696
51
3859
4664
3913
6144
6080
3791
540
627
4038
3347
2848
6276
3004
6796
2230
6356
2487
4610
4552
5914
3985
4632
74
1062
4490
3684
4290
5552
3462
3865
2248
625
1277
4249
3604
5936
3031
6803
3986
319
4313
4084
464
3887
4016
4716
2563
3343
5986
4192
6099
3445
829
6057
4270
5463
553
3643
5600
5649
2793
4564
3586
70
6773
5558
529
994
1022
3694
2106
3734
781
6227
3197
3271
2578
2617
2915
677
6043
4404
5651
836
4498
6833
4419
6799
5983
469
5682
3628
2680
6787
571
672
6274
501
6788
6890
4382
3335
3804
648
184
1274
678
5696
4317
5666
5714
2982
944
311
5691
2146
3254
4704
6146
4436
3002
458
985
3045
4543
794
6200
2491
228
3141
2194
21
4750
5993
6888
4268
6121
838
5670
1004
2731
3778
4060
6847
5572
428
6947
3366
6265
29
2475
4285
3006
4274
6309
3315
785
3460
1251
3342
494
4514
4439
2613
264
854
2495
4282
3780
5484
5730
413
4207
2708
4712
2840
3008
1013
2538
2107
5695
1069
2750
2706
2242
2705
4441
2349
2218
129
2187
901
924
6915
240
832
3301
402
957
4391
2945
591
791
3176
237
643
5976
3569
6092
3175
4510
6910
5541
4158
5553
2616
6801
2345
6001
6774
2700
2202
4286
4702
4703
322
3876
1210
5753
4502
3716
4248
3588
5516
3388
81
4546
2191
6279
130
819
32
4389
6060
3274
6150
3799
1144
455
3296
1133
3170
5697
5481
2433
2660
5533
4110
4352
2890
3730
6017
3802
2203
6786
3982
554
5864
2451
6950
636
3709
234
2214
2524
2454
4604
349
412
603
2145
6883
295
3300
4400
3627
3977
5855
5732
6240
633
5869
5813
1232
2079
2989
585
158
392
4277
2095
2625
4422
4087
2702
61
6124
4269
2952
3925
4025
188
3249
6319
2217
698
3346
1248
3868
4288
5712
2284
2774
87
735
4101
6195
482
4181
2776
3443
4255
667
956
2939
2443
3330
1088
2434
3564
567
2485
2681
4065
2265
3713
3812
2092
6014
6042
2169
2803
3570
898
3779
3920
4175
583
230
3729
2624
4296
4536
3655
1034
5973
5773
4482
6782
4222
3365
2959
2698
4403
4301
3472
3883
2903
2905
5687
1135
2897
4534
769
6914
4109
400
3991
4262
6966
704
3933
4129
688
4104
2388
6208
2873
2846
3473
2813
3654
942
6310
4112
1138
3331
3481
4170
3891
4605
2602
2699
4132
2901
391
3639
1002
1101
2393
3992
5785
6871
136
2992
3464
6177
845
5789
4271
2469
2138
71
780
4323
258
3290
2305
3563
6033
1001
4548
874
2406
3973
6083
1000
4306
492
2870
4741
6363
6188
3228
825
6967
937
1121
3623
6235
3401
6037
4298
3196
2215
578
3248
3442
4592
3266
20
3606
2471
2883
2746
3638
2780
5689
3362
3601
3519
6302
2887
5977
2947
4312
2494
1269
3436
5534
4242
6778
4484
3430
6364
4240
6204
560
963
4045
2570
6102
918
178
3381
2517
5650
4420
2461
3253
2091
1115
1163
6933
5814
305
776
4350
4267
2991
2483
2784
197
4205
2640
2445
489
852
5963
4289
739
2712
3875
1025
4544
950
6094
6090
3225
635
3870
4739
943
140
3451
3210
2295
6132
6233
906
3458
2199
4569
530
4504
2528
2510
2977
1169
4733
3803
2843
3980
6103
6974
3762
820
3918
826
1265
4424
2739
2675
3495
3306
2093
3387
6219
5538
1166
2790
2938
6851
4241
456
3833
3944
1031
3313
2650
2823
6936
2313
1148
1145
3739
6333
388
76
23
403
2326
300
3625
666
1046
2486
3513
2292
3375
3416
5978
3312
3325
3386
3890
4152
4535
3326
3195
4234
4266
989
1009
486
1140
552
1254
4342
182
1155
2806
3651
3304
606
5688
840
903
262
2384
1199
3182
2715
892
960
406
2412
4513
3190
4224
2574
3423
1204
4243
5790
4036
6790
3677
2792
694
798
668
4151
700
6335
3376
4500
6935
4042
4291
2246
298
3971
2466
4390
789
2243
912
3453
425
3760
784
5462
260
6129
6912
3413
3373
125
961
2344
6024
839
6049
3603
3398
223
5999
2435
4265
818
3869
581
5918
499
4489
4474
6866
3907
5684
6270
6832
250
4431
3283
6873
1141
770
4088
4107
6217
4386
3475
2667
2516
6192
2241
2322
3221
6795
5995
6061
1067
3533
3721
3612
28
2389
848
3426
126
4307
5880
3329
868
871
2135
4128
2196
3781
586
4387
421
4642
1278
4749
6973
3935
2455
3796
2844
4518
6223
1065
3405
6815
685
1113
6226
4394
6834
6878
5934
1010
4100
2415
2797
442
639
73
1168
642
350
5842
574
2907
1172
5788
2878
2386
2460
3400
2289
251
3341
703
3583
6196
5838
2568
4322
2778
4477
4530
3798
4444
233
4652
3412
3308
2294
186
496
4615
6798
3393
1179
1253
18
4163
4402
3568
775
4577
2377
2087
5676
2235
3207
6896
2860
741
396
6261
697
4637
131
2164
5665
2263
3880
4231
3561
4032
77
597
5540
5837
475
4320
749
4479
2128
3772
2960
4628
4447
304
6194
6320
4568
3731
3369
4480
731
2721
3396
4064
641
379
847
996
1200
4159
2809
244
6835
2249
4026
3278
2666
440
6079
6218
4311
568
127
6148
153
542
3422
3863
6972
3370
2200
2623
3854
243
85
6116
6211
923
5868
434
2824
6201
1257
3615
2830
621
4295
2884
1228
4135
851
3218
4747
4590
312
6178
2914
3783
3514
3683
1036
5673
4178
4715
4244
2198
503
6170
3605
5675
175
2662
5797
613
5447
118
899
2399
3585
2940
3608
4280
524
2283
2421
2347
3908
6838
1258
4250
935
2109
3635
2656
1109
5948
3291
346
3614
3834
5557
4381
2614
6173
853
2744
3435
5711
2859
2497
2348
5719
2981
569
5599
2407
481
6045
3787
293
6814
4713
2882
4061
4507
1272
2683
3327
2984
4281
3707
4432
4557
2127
1006
6034
4438
2238
6970
2190
5997
430
6025
1229
657
6237
6943
783
3193
2193
5840
3906
166
2094
199
6304
359
3934
6104
286
3685
6303
4284
5717
3836
790
231
594
4303
3776
671
3897
2957
203
3945
3454
687
5896
6110
2111
4097
5940
4275
2465
307
2879
660
6210
4711
4264
302
3029
6271
4040
2458
4621
2304
3706
2536
3879
6107
637
3795
3567
6949
2996
5771
3711
4294
1226
6263
3656
6050
858
940
2935
2995
3394
6280
5942
252
2525
2480
2501
6884
4608
474
2529
3310
2893
2354
5755
4646
3737
5738
4062
4083
3680
4698
1202
5539
303
4318
3864
1071
3209
2147
6893
628
3938
3894
891
4340
2231
4429
189
2577
4081
6856
5910
3009
310
1086
1094
3898
3527
5994
1175
5562
1061
353
4563
2239
3970
850
4066
6186
4710
947
2296
3522
4542
4165
3676
3871
6887
2080
4098
4658
992
1136
2714
124
4399
682
3817
2396
4573
3983
779
2472
320
6282
2896
2526
5672
2168
1043
1214
5911
132
4676
2941
477
1108
3417
3895
3900
3474
6334
4670
4130
538
2735
4157
1159
2684
5751
4636
2867
4134
2858
1215
321
558
4396
3334
2777
2950
1224
5614
2805
1151
248
3332
2647
4603
1127
6895
860
3383
2531
5494
4656
6198
1111
2609
5519
1158
2373
3459
4627
6868
6772
928
3695
3574
862
3976
2646
4486
327
647
6055
3905
2856
4397
4302
3579
4492
54
3917
6911
2438
161
168
5962
612
925
4209
3027
2514
1007
2648
2405
907
3861
2703
676
2781
453
5537
4194
1064
601
226
4228
5752
1040
6312
2368
4385
3409
4430
6875
3477
3425
6100
2868
5560
401
2659
232
6881
3005
3000
2539
5737
2374
6318
6817
3857
1167
378
4503
532
3862
6131
5692
4102
4096
5596
6231
2097
5836
1095
6793
675
2912
2452
3575
3988
6230
2134
1157
2566
4217
399
263
4748
2980
2105
3379
559
1042
2745
6864
5866
525
570
3285
1114
3247
1011
476
294
3899
2607
3682
123
347
6127
6087
2943
6228
2366
2665
3488
84
282
1152
2671
6224
44
2564
622
4622
1072
2743
2801
3678
2077
3647
3877
2307
562
2151
545
5602
1104
3648
6879
3279
742
2942
2449
5559
6040
4148
2382
5772
2394
3930
316
4611
1260
729
6880
462
6162
3975
4634
6023
1035
4635
420
3829
2707
3046
2669
5521
1014
2899
2748
5756
933
3406
3794
2266
6174
194
5574
490
357
4545
561
3378
2541
4493
3030
6792
4093
6166
151
5754
26
580
2775
527
2321
3149
920
2474
3431
3758
363
534
649
3901
3216
315
3757
6193
3211
3940
4113
4570
4347
2782
3652
934
4742
415
3188
2561
1263
5965
623
869
6053
3640
2414
1219
6825
4324
3145
661
3720
4150
4614
457
3215
3771
5536
2998
6908
662
6101
651
6836
6354
2747
2562
988
4343
3770
6934
2827
1279
2895
3299
3344
736
4537
6273
3181
1207
2411
958
2397
3733
2730
183
2310
2722
6901
6183
5879
4499
6937
3298
472
6905
4541
6867
438
531
3427
2611
4736
6922
1003
2293
6149
6841
1252
4189
3486
1017
2988
3967
3471
863
2892
2505
2140
6794
4633
3773
6190
748
1230
4660
6317
3692
162
6028
387
417
3839
692
296
348
5460
5669
3252
325
6872
4567
2340
4154
842
144
6241
6951
2383
2752
4182
4172
4245
2257
4495
951
6839
265
4442
2798
822
3919
3790
4616
746
2306
4256
5731
2652
2376
2804
5644
2253
2638
6281
3219
4171
4346
253
6164
4494
6084
3892
618
3186
3380
893
6945
120
4672
6393
5693
2791
2503
6120
6018
3374
4650
3437
3213
5867
600
596
6840
1209
3800
485
4186
2459
3634
4247
2476
2409
2696
41
3320
2453
6078
857
4593
5991
3969
3704
4067
60
921
3411
2082
487
3419
4230
5769
6897
2787
835
6268
1119
6314
4425
4631
6189
2800
864
945
6965
3974
564
3322
39
2260
4351
6191
2081
6021
5721
2841
3007
4641
2216
6044
2559
2381
119
505
5830
1016
3562
147
309
4310
2732
2994
292
2849
6306
3690
6106
2891
3989
4105
86
793
679
5478
1261
3281
4496
1023
4471
3382
418
4198
2828
2308
1103
2770
3968
2312
2676
75
607
4043
841
3769
1165
4308
6041
2400
782
2506
1160
4475
5479
6097
2889
2447
727
1171
2192
2131
6048
46
2654
447
3831
4232
728
6278
6038
6920
5555
6784
2865
908
680
4699
3432
3146
800
987
5895
2637
6855
2567
3277
495
2789
830
2990
4304
2610
1105
4147
5554
4532
5733
4155
6882
3272
605
2604
5561
797
5735
6086
855
6113
313
3360
79
6375
6853
3302
2144
2165
3727
5616
2560
72
4187
5694
180
3566
927
2464
2086
5941
6770
646
5535
6313
2949
670
4595
4029
2150
5912
3641
998
2314
5786
3446
5947
4602
6062
911
1225
5839
6229
4655
6316
608
3148
2213
291
2323
4169
6781
2913
2404
555
6035
5981
3480
5992
913
3483
3415
786
3469
2254
634
4459
5835
435
56
774
3428
4345
3613
6869
4630
3573
6357
6946
2498
535
3782
1096
6205
4574
242
404
2569
2247
2904
3784
4401
6311
2084
4203
245
3367
3922
5982
6089
6119
287
2387
6179
2621
993
6913
902
6056
4028
4476
1250
5829
3191
6818
699
4445
461
229
3450
6105
2201
1173
4454
4227
870
221
1139
837
2908
2513
411
6791
2477
2872
2709
3618
1129
3212
3184
466
614
193
2658
50
2236
6819
6877
6108
1118
4446
6153
550
2262
3701
4200
4103
443
4022
2902
2518
6202
543
4090
2978
6374
2733
2641
6816
6944
1150
2367
991
3941
5853
640
6206
3321
6145
2309
2948
4565
6175
414
3693
4674
6345
3447
4516
3835
673
6212
5520
3840
2794
2997
4506
351
5464
5720
393
650
5812
2886
3578
1216
1087
1093
4037
6971
78
3710
308
4208
4176
6095
195
3565
566
896
6220
4540
4626
6272
3024
6242
3774
3580
4675
4629
3724
6239
3470
6197
6203
1170
4236
3646
3650
3282
5515
3705
3047
426
2985
3345
451
2670
3726
3526
654
2885
2850
6181
983
3885
3531
5477
5974
6232
467
1276
6842
454
2734
796
2078
2163
3866
170
3517
2353
6854
981
3292
358
2958
3287
3987
3395
2847
2718
3492
1099
2297
4732
5865
2725
2378
3972
3192
1153
3438
4556
2507
4106
2228
616
3280
2571
17
772
326
3788
3714
2955
624
873
2245
1149
1275
354
2342
2112
695
4146
192
1107
6031
261
2866
2533
5573
67
5482
2432
2481
6269
449
1068
2319
3653
2713
1273
3722
3981
6117
59
3273
6307
3028
5653
2565
6902
2812
4418
5716
407
2737
732
2618
4707
2264
1092
4238
6831
3801
488
556
5613
2532
3407
5617
3340
2521
5827
631
2139
4538
2615
3571
743
4662
4199
4624
2894
468
2267
930
665
491
2431
3217
941
4021
3333
3399
3927
37
2871
3368
4162
1266
2716
3642
2661
4190
778
6185
5966
577
4099
4625
705
6948
2795
6797
22
2783
4395
4164
2504
4316
5690
582
4020
4491
2537
5601
626
6391
3390
3813
3915
5774
5483
1024
6800
1264
6085
2861
1112
905
2645
1044
4740
3814
4738
4638
4427
6187
6118
3932
5935
6091
3808
4299
3485
3921
3487
1143
5945
3740
2470
1146
546
1130
6939
429
47
4353
859
3718
980
444
4278
3339
681
6823
828
2811
1125
986
2500
575
2612
238
163
4696
2880
1180
5664
1090
4380
235
2779
5951
6876
3389
174
4035
979
5736
4354
2653
222
431
6182
1164
3766
2346
856
1217
3441
5996
6891
3496
5597
6373
3461
3622
2900
3270
3314
3150
2937
3003
5787
3797
2162
5461
4024
3587
652
1267
1220
4218
5943
3884
1073
5984
827
179
6003
750
323
926
6917
5595
4594
2852
590
894
1213
2740
157
3581
460
2863
55
24
4336
3679
4673
6207
701
3947
6054
6096
2663
3621
2876
2343
1154
4046
4315
5949
1262
3830
4669
4204
730
2749
4297
931
4572
3317
3198
2796
2261
733
38
3703
658
1208
734
3926
5571
982
4452
2244
239
2535
4497
584
3626
2444
2862
4398
3681
4730
2442
6016
3206
2090
4314
4276
5685
5854
3858
4744
1231
1038
3916
2515
4015
5894
6904
2769
922
1205
2083
4512
4337
1005
3465
4428
4179
5863
3361
3911
137
4197
4095
2379
3984
3979
4554
1020
2233
2234
547
2619
4694
5811
4481
5816
3728
6284
5542
3620
849
2413
2917
4339
5950
5897
4014
2874
795
4193
5988
2341
3882
424
4613
6918
5979
2113
6032
410
493
2141
3408
6267
6822
526
3990
1110
241
4348
2467
610
3649
3617
3576
2864
4273
6029
6122
2511
3674
2462
6845
723
2137
5646
2738
394
256
6789
5968
2530
4258
6111
2993
6347
4201
6216
6266
450
5990
669
777
498
2255
6837
3275
3736
4260
959
3619
4697
2674
5739
3767
3153
948
4455
4649
6125
5446
3633
3738
5570
598
6372
2351
2695
3173
4562
6126
3226
3629
3789
2170
2380
4279
169
6123
465
2320
3993
1021
3169
1045
3493
656
6916
1039
4606
1116
2842
3319
2825
1122
3735
4089
6199
4305
427
224
1271
2697
2149
2606
2325
3456
3632
4435
3418
355
3230
4483
3297
787
6821
6027
3208
502
3931
2189
2771
5518
5622
5618
6082
6348
3231
833
2643
644
2132
1124
745
2197
3235
609
6163
2440
172
4668
6052
2558
1106
2437
563
4183
799
3699
360
2655
4393
572
4111
949
4423
4223
537
2125
2085
4012
3657
2478
2953
3385
3174
4701
437
3978
80
630
4620
82
2369
5734
909
6775
932
3942
3856
2911
6283
4126
3809
549
4533
2679
5598
65
4531
6046
5970
6093
1015
2256
6222
1142
5444
6063
548
3171
2229
725
638
4196
1097
3048
3759
3307
4133
43
6088
4677
2402
49
4027
2523
2720
872
423
5989
4472
952
3732
4485
2855
702
3449
4261
6921
3697
1033
6184
4009
2372
3708
2620
599
2375
2492
6331
3689
3318
3696
5917
3909
4018
202
3673
4607
2250
4153
185
4091
6394
2148
3232
254
433
536
3377
771
2772
5713
6015
390
773
4657
5667
1089
4457
36
4508
588
1120
3645
5972
4210
4136
2751
3609
2853
3177
3420
5964
4252
2723
3904
352
4195
34
5456
4341
3521
6277
6874
4149
747
664
2419
2285
3810
4226
2316
6900
4450
1019
149
3309
5987
198
2701
2673
683
497
5909
4714
6143
5458
3838
3559
128
4237
6843
4647
2642
5828
389
690
5749
52
686
2946
4505
290
4618
2287
2318
156
2188
3631
6346
4034
3424
5445
4478
6909
1028
1249
3338
2450
266
3558
4571
246
3255
744
3172
4550
6858
4743
4640
2457
142
2088
4705
6169
1203
3515
4737
539
6151
3610
2719
3189
3816
2576
834
6396
384
3439
5647
4566
3675
3687
4617
1128
653
4127
2664
4539
865
6938
2441
19
2508
6777
6392
2742
2259
3872
6171
2605
2371
2446
4591
1032
3530
2710
4392
5715
3229
