602
2163
3766
1768
5359
1896
1117
954
2553
3008
2016
5355
5784
5415
3460
6189
6176
1785
5670
4615
2399
771
3354
2279
3666
2102
4663
1845
3726
4606
1575
1729
5423
903
2496
349
3050
6531
4427
3568
1772
4954
4557
2100
2216
839
486
5624
6414
3691
296
1637
5034
2128
5664
4478
3410
3057
957
786
1447
1275
5427
1220
5848
643
1737
3676
1823
2786
4114
6044
4480
3521
3220
472
3546
5994
5549
1199
548
207
1789
3313
3899
2875
5845
2785
4025
3351
2349
3357
3514
760
2061
5004
2741
5215
1088
1763
6167
2230
86
5795
122
2350
1734
1989
5531
2126
1341
4828
5548
342
5977
2638
483
312
904
4614
196
3763
5939
5647
5514
4417
2395
6014
1267
2859
3225
3558
4273
829
5979
3780
2324
1336
3529
6067
1802
2323
1548
5678
1246
1771
723
6472
5712
505
2361
3384
4722
2276
4744
104
3498
1685
5588
4680
2199
3257
2268
3784
2295
5697
5161
3408
5095
666
5799
584
2792
2844
2120
3863
3926
2075
480
2795
5828
5434
1247
598
5293
725
2676
4154
1509
591
1988
477
4223
4530
4309
2673
2138
4788
2165
2210
3967
2983
716
2400
2306
3791
6155
2473
5445
4159
5838
770
5170
1898
4029
1833
890
2522
6265
5813
4775
3994
1173
1198
6483
2955
5082
2877
4256
3115
5903
2246
3073
1774
6512
3427
4739
4119
6113
2297
4501
1659
1176
5634
4048
2402
3881
4529
75
1080
4601
5266
717
2913
1163
1973
1326
1860
1578
4242
955
6326
6145
5534
3515
1258
1971
3783
2232
4341
1390
5476
3668
4886
1197
5751
158
2433
2269
4675
4987
2112
1081
6052
306
5606
2144
4134
1513
2558
3390
2855
4303
5044
1879
546
4625
2686
1208
3600
3495
502
5212
2278
5617
579
3896
2814
2180
3063
1109
1142
5321
5477
6018
3269
72
5805
1522
5296
4360
3566
2334
5812
5559
304
4322
1969
5214
750
2639
35
1329
5307
5144
5114
5226
3629
5537
1903
1920
1795
519
2212
4816
5577
3082
78
5680
4393
154
1276
1259
3132
1414
2946
4084
4224
6413
2857
3753
1443
462
648
4331
1799
539
3288
5863
29
4004
3697
1984
5538
206
4939
4161
559
2063
1478
2546
2643
235
4521
6106
2931
4237
2159
724
108
2157
1796
4595
4221
5694
5481
820
5406
3266
3319
1064
812
1146
6477
6360
1103
1084
3928
4144
4370
140
949
3795
71
3675
2004
2289
4462
1556
1842
6174
1077
3995
4948
1854
6497
1325
3436
4542
1658
3260
1489
4408
6289
1916
2581
146
3299
3298
4363
5787
3484
4537
3873
1570
2718
2205
5025
129
2921
1626
6048
4918
4117
3725
4139
2391
2589
4906
2047
6439
5220
3449
1878
1417
5985
2089
2198
577
5316
2007
2597
3098
5490
2635
3998
2781
535
2384
435
5156
82
1741
2619
2245
6049
2679
6116
2218
1483
4755
1708
379
4354
5998
2871
2438
5398
2872
4304
1157
2674
2458
20
1050
4497
219
764
3371
871
2360
172
5902
1010
2378
6111
1181
4475
5059
2040
385
5224
2060
1572
95
708
1471
399
1038
4229
1425
3452
1818
4388
5673
1330
4182
3527
972
4688
1253
1568
2742
5644
252
3777
6537
5327
1249
4511
3642
2008
1757
4401
2669
1880
6532
2455
6148
1524
2192
1557
696
3274
391
5336
3047
2173
3834
1019
6085
1614
2943
2227
3807
3171
2337
5116
5199
4422
660
4579
5791
1248
2701
3307
2055
4120
2743
3138
5770
6271
2836
3113
4253
2046
3353
1477
2823
1853
2065
528
4020
5629
1164
2293
257
3944
3055
3232
1613
4661
1883
5646
3146
2779
4689
1353
282
417
889
2313
220
1616
5452
4683
4343
4582
3041
2430
1632
4409
6065
1724
2335
6335
6345
4913
5937
3401
6556
3681
5688
1778
89
2731
363
212
3058
2248
1074
2141
2142
1566
3808
4382
4584
194
2569
2556
4411
2059
6509
38
3428
2178
1999
1793
3268
735
3295
3100
4311
4487
1807
159
876
4375
3555
4
2193
2247
2388
474
2206
177
3648
367
1786
1260
1087
656
4372
2190
4218
2993
1521
4630
2049
2481
2953
4740
568
715
2489
1130
2600
37
2370
1075
3376
5582
774
4692
2467
4548
4062
926
2003
3564
4467
1887
2537
4046
4968
912
2261
973
3760
4665
1794
778
1210
2051
989
5465
2959
90
1043
3978
4198
4105
4270
5120
6211
2151
319
5642
4713
6001
1054
6264
5119
3435
2097
617
6029
2887
2727
506
4002
4239
4673
5284
3458
5385
993
4012
2971
504
5438
525
6061
290
1822
5899
5473
3109
863
1111
6296
4087
1222
2604
4215
61
2012
1806
3870
1277
5219
6223
2240
3341
3503
4180
2030
6429
5041
1155
2693
2833
6045
2689
5043
5171
3537
860
1135
3719
4899
6515
4386
434
2981
6402
2838
4075
3251
1441
2133
1174
26
2257
5329
4602
4250
389
6330
1440
712
4718
278
873
4726
5562
2998
1013
4644
2149
1520
1899
6244
6180
3999
6135
4156
322
143
2263
2282
5746
2500
1563
5682
887
2770
6544
2904
772
5440
5540
2164
587
3090
2924
2171
1834
6213
4515
2158
3438
5489
3309
5501
2819
3412
4127
578
5913
3685
742
2006
3711
4988
1162
1225
961
2563
2174
2497
1319
1751
971
3770
4126
230
571
6440
1732
1263
5683
6015
5373
2072
4455
3025
3598
2291
3479
3980
5158
4292
1368
3839
4265
1975
4435
6139
2878
5297
2937
4146
1819
3356
3898
5318
817
4052
4947
1383
2990
1270
5987
3094
5460
4124
5412
3704
527
5598
5654
4281
2828
2886
5195
4307
1946
3775
3656
5904
2231
375
450
1067
1865
699
2764
4007
1340
2326
531
1592
5860
1104
1573
4397
4277
5275
339
170
3133
5103
2576
4241
189
5622
5908
3851
3988
3367
2873
5888
2507
3169
2675
1917
3048
5447
4728
847
1404
3280
5542
2134
151
2338
2058
2078
328
3883
1742
1361
5543
3061
5411
5662
2319
6082
6078
2195
2578
6535
4965
341
6317
3895
4310
4463
155
668
2999
2766
2866
1631
5733
3501
964
284
2014
2208
3060
1638
1200
30
5409
481
4743
5972
4226
3377
4374
1773
2222
2194
1327
2465
4901
3439
5631
2805
2947
3518
5015
2123
2073
3032
361
79
4724
645
1868
1630
335
677
3630
4193
2374
2286
3687
1186
1212
3536
6489
4377
2853
4794
5189
4760
5718
309
1474
6146
2630
5309
1813
5917
4078
6406
2156
4793
3430
3242
4438
2449
3731
3797
484
2995
4508
3906
2182
3013
5763
1086
1782
3652
2633
3565
1047
2478
329
1523
350
244
1313
5607
2104
1323
1345
2611
5792
3086
3342
499
1943
586
5399
1599
1342
4700
4884
6132
4143
137
5780
733
5069
3204
5826
6303
3064
4112
1055
2096
2215
6081
5743
2066
1926
6236
5768
1956
5650
4350
3385
5201
3533
1132
3975
2339
3005
2127
6008
6091
5100
5966
3857
1812
5651
4470
5563
4104
5239
3395
3987
5790
6030
3957
2665
2831
3709
1479
188
4252
2885
292
3504
2685
2627
6342
5946
485
6552
2608
3066
2861
5260
4712
1622
4709
4288
4723
1324
4871
3223
2925
2408
5600
3927
2318
4177
1841
4016
1204
775
401
6128
3431
2443
5267
3457
4284
4857
4573
1400
3378
5851
2028
424
2355
4255
4616
6526
1398
340
2000
5886
4613
1268
2847
3943
380
3890
458
4318
4315
2183
307
3231
3545
3362
1334
808
6056
316
4325
2135
3969
4405
2825
5419
3877
6375
5484
6493
2575
5479
1214
3467
4072
6488
1827
2883
2820
2640
811
1420
2692
3014
2393
3381
6123
3011
2453
4171
4169
3215
3211
3312
3707
2259
828
5196
370
4320
2079
468
3445
3023
4381
4045
5866
3781
1279
4667
1866
5536
2186
233
1874
1562
5270
4348
3364
2754
3052
6217
3065
1209
447
5229
4096
664
2748
2939
834
5179
2593
2923
1438
2125
2839
5282
5858
113
4666
1460
4142
518
4378
5243
1432
3419
5727
707
3018
1623
338
2098
2042
2544
4118
1063
132
2469
4267
1052
3551
2920
1206
2641
1628
1205
3496
622
4687
5257
6337
355
2809
208
2292
2580
3848
3700
5362
2967
6268
1262
3622
1885
4590
5774
3535
4624
63
1564
1049
922
6069
3095
5897
4783
4813
3456
3147
5386
5749
4403
5248
2367
1388
1219
688
3487
2409
1585
969
4493
695
2570
4254
255
4850
2026
3049
758
2482
4996
1149
5732
4240
3902
6314
2070
3373
2612
2270
905
530
5583
5717
3706
5244
647
2437
2380
2087
1481
6070
3179
2504
2155
3772
782
2944
2188
317
6377
1877
4772
2699
1167
2336
4829
1518
1255
1476
2658
4927
4208
3832
2296
2632
5478
2863
769
3742
1195
3053
585
5927
3414
2655
1370
2848
4400
6518
2340
3099
3520
821
2926
2439
4022
1224
5486
1673
5628
4532
4149
5366
3497
6482
1892
5625
429
1932
1119
6266
3007
2525
5710
1235
3276
6376
1603
4295
4300
2054
5539
3651
662
1710
246
2483
303
464
1739
5395
3534
5766
749
6450
2793
879
3187
5655
4750
5990
4708
909
2577
5014
2927
5234
2726
5141
5705
790
3310
1873
5098
4314
67
773
3713
2352
3979
3694
4669
4434
1695
87
5566
272
5269
3404
156
6536
2021
2320
6332
2345
2418
6407
1949
3444
1108
956
3471
4924
5173
4278
2053
6293
6496
3141
950
5142
1547
948
512
2647
3359
4080
3764
5354
5106
382
2329
4672
2238
5686
1961
5909
2648
1862
2628
6239
6073
1362
2505
5454
3859
547
4534
1161
2516
554
4191
5580
3070
589
344
1700
1942
1788
96
2373
305
4197
1609
2949
1423
5982
314
4636
4313
2451
4404
550
5176
2487
6079
5016
752
430
1369
2071
893
6270
2009
2022
2274
1770
4851
4373
5781
5556
3474
3705
3604
4539
1747
3747
1797
3059
404
1824
740
2025
4227
1897
4489
3002
489
3986
5242
1560
1525
5529
6401
6105
6417
5211
1138
4862
4645
5217
4321
3919
1553
2109
1232
3511
3841
2740
2989
293
1717
5621
2845
5450
3088
337
497
5332
2011
1101
4921
4460
239
4893
4107
5136
4073
5758
279
3733
4664
1492
2309
2667
6327
2226
1218
5130
3607
2532
2918
1893
2010
5896
3093
1875
5928
3069
2403
119
4279
5943
967
3574
1672
5470
1185
2903
976
5623
2191
4389
2654
3200
4674
5154
2772
2229
5273
2083
176
4789
1068
4622
2534
5077
101
1451
1950
5605
4627
1633
3125
1940
3738
2461
2084
533
4194
3858
2024
5907
4081
182
2347
4699
5674
371
2368
4379
265
1996
3614
1576
3286
4715
2984
1992
3358
144
5785
2137
3869
3289
6358
383
3820
4566
4113
517
1587
1558
4638
5022
5971
4640
1396
4108
2687
5810
4276
3271
730
1472
5802
6467
2808
3528
4201
985
3507
3918
5930
4181
402
1980
124
503
6381
457
3402
1760
5869
1703
2860
2136
877
2094
3739
1168
4792
195
3372
4450
2908
5186
3817
5453
2396
1604
2609
1137
2389
2642
3246
768
2777
661
5560
5167
796
1419
4140
2750
1617
3020
5494
3505
352
2311
2729
70
5545
3830
1743
452
4527
4426
3477
6011
883
4456
377
3159
1684
2001
4748
4492
3962
4957
179
1882
2013
2617
5356
1974
1764
5287
5786
4353
453
498
2803
5756
4299
1549
521
545
4323
213
4423
4486
1393
2824
405
1582
1491
5976
6334
1928
5714
1082
2574
5277
2591
4042
4865
1024
4819
4414
5446
5112
2521
5567
4745
3843
88
1816
3193
4332
2978
5546
2036
6087
1941
4132
4818
4734
2148
2447
2290
3022
2250
186
1656
727
614
2033
1333
1596
2281
5524
5166
6226
1914
3976
2376
2892
3575
2810
2076
4286
3291
2599
583
2254
358
4340
152
809
3433
1752
2214
3852
2963
4369
1634
5879
1223
4697
678
365
1963
981
3152
2018
357
366
4424
2121
3201
3366
2454
2960
4269
1124
2835
2034
2987
757
2204
1776
2131
2695
1775
4488
4821
977
1965
1539
6101
5390
570
4738
381
3526
4407
3480
6494
1731
4293
3664
646
117
6038
3941
595
830
217
4491
5658
2062
324
6025
6205
2867
5123
3956
2684
2203
983
4136
6034
2896
894
2177
6549
3009
1311
187
1090
2950
4217
999
2560
1356
597
1424
4574
575
2732
6363
493
4540
1990
776
439
5565
5402
5216
4476
2780
4391
6021
4752
411
6478
5149
3083
2260
1580
1094
3996
2757
1870
5720
5881
5194
1767
6046
2755
2834
1487
2734
4649
1991
2973
5983
2140
4742
3591
1636
1663
4347
2846
1621
5192
2217
4859
1848
134
6295
6276
2606
2052
1726
2185
114
5208
2539
2869
1126
3626
345
4077
4179
288
3301
1482
3074
2280
2181
2988
2086
5232
541
4202
5862
511
1079
4336
2527
3822
5968
2637
5200
6465
2602
1600
5880
3028
285
3559
4612
6349
2749
825
121
1674
6099
5706
4152
2162
4499
4719
1150
200
6540
2147
2565
4759
3603
3123
3654
5115
3805
5238
4926
1670
5941
4469
6356
3880
3554
2379
4093
5340
5852
2371
2377
227
2703
628
3920
2475
5451
4686
979
6158
3571
1211
6204
2651
4160
2219
3682
4326
553
3696
2327
3102
313
3750
3936
1561
1555
5067
2095
6486
2170
6522
5464
2528
1217
5995
5055
393
301
368
4103
1018
5676
3130
3071
2256
5417
5442
510
4109
418
5418
103
1861
3303
3816
299
2103
4628
1418
4848
4306
275
1790
5222
1863
3229
1756
6077
3710
1761
844
3934
3751
3326
3245
2031
5552
6075
5428
3228
2392
2114
1579
4984
6331
422
3230
2099
4153
2387
2044
722
2717
2761
4258
5602
3796
675
1787
2526
1937
962
3473
5227
1709
3150
728
5708
6348
266
4297
2936
2472
509
1061
4392
3062
1735
83
1792
2235
3302
4852
2788
4301
5383
3056
271
501
4591
1507
551
2161
2682
1281
3715
2474
3081
1156
6036
191
5375
4830
753
3287
3233
3804
4575
5666
3001
5970
673
5816
1574
3140
640
3046
4302
2310
5262
513
2067
2690
5615
2736
1145
4608
221
395
3126
4586
638
3262
2778
5132
897
5048
2348
5388
986
5104
2285
2662
4633
1728
958
1765
6461
5597
5492
2237
5949
4027
2794
5798
1826
5663
4290
3119
5711
3162
5018
3203
872
105
2442
1981
5739
3993
394
3043
1985
5702
1282
2113
3755
261
6
3884
3079
112
2758
3815
5258
3015
4605
6202
4068
5942
4291
2353
2644
2091
1781
6104
2520
5480
323
5518
522
5973
747
6447
1895
193
5256
2711
5641
2818
5047
6133
1723
1338
4249
97
2796
5063
2813
5833
2369
2351
4556
6528
2273
5078
6354
3605
6519
445
6166
4626
2197
741
6421
5463
1821
5620
4039
2965
6094
1809
5499
815
3811
4123
2314
5268
1993
4452
4230
1567
3595
2415
5507
1140
6024
2015
107
5639
1683
5146
3197
4611
4481
3572
5223
5645
6252
351
4711
204
1850
4621
3265
1189
2661
5958
5387
831
4186
537
4085
526
5483
348
1473
1096
2045
3683
2068
4061
1719
6525
2107
4559
2889
5591
2298
529
2940
3951
2680
1110
6336
6530
2435
6309
1191
6492
2519
3440
3175
3708
1098
343
3451
2584
2607
2935
3716
515
4942
465
2614
3380
5439
2985
5151
4264
5771
2745
4205
142
4512
2724
1690
3774
410
5160
169
690
5876
2645
4260
599
2108
755
2479
2312
2980
874
479
3587
2300
2322
1102
3137
2166
437
135
6444
3524
5892
1469
4082
5333
6352
1694
1093
492
19
620
3221
5589
2613
4695
2244
2968
1800
4764
3712
5736
4283
4570
3680
2116
5581
5498
911
703
162
5934
581
180
5271
1871
4609
885
744
5551
5550
4603
3297
1505
888
5283
1820
5218
1748
2782
4243
2175
3334
573
2154
281
3886
22
3399
1421
1412
6028
5414
1444
2223
1610
2986
4079
915
5596
1426
5187
216
3491
3122
5797
4761
24
3966
947
1351
5745
1027
4706
3205
1252
3583
569
2471
3729
141
3051
4678
1620
6514
826
449
4137
4498
4496
2715
295
5544
4110
39
5822
2652
4646
1979
2372
5635
3076
1213
1266
2341
2101
523
6121
4751
321
3016
6539
1721
4937
4655
2153
2832
4643
4211
3663
1488
3343
1122
5659
5777
6110
455
92
276
5138
680
6037
2681
1801
2776
5925
1040
6389
2243
2849
1048
5202
1931
3248
2827
5393
1657
4634
4063
1629
1015
308
779
2342
2554
3746
6041
663
2176
5263
822
2043
963
1134
4762
2239
1964
478
397
4037
2994
6095
2130
5389
5824
4170
3908
5590
754
2187
6207
5564
2858
4801
4251
6558
1152
2039
1431
2429
5338
4753
2719
1635
3388
2077
5360
3332
15
880
6042
2048
1234
2287
2975
81
3488
184
4647
5730
2756
5839
4115
2253
4720
3840
4090
334
5379
5523
3369
384
145
3923
4569
2294
2308
1073
1718
403
5357
5401
311
5960
325
4943
6144
4659
6294
5253
4721
1017
2233
3699
2737
2029
4014
4541
440
2615
827
2672
2852
2200
1957
315
3405
1159
2491
1354
6004
25
3842
1058
2050
1143
1347
1740
4903
3226
6547
291
4648
4999
1190
3352
2499
5152
4826
160
4367
655
1265
1619
5457
1900
2942
2362
5554
1675
1894
588
5715
4458
4935
520
5376
1463
5599
3767
3728
3036
2027
2549
2421
1612
4517
649
1915
686
166
4518
6300
4766
2359
4425
2775
5185
4199
4951
2005
1662
407
3806
5578
2768
2344
2783
2906
536
3091
4593
3508
2385
4319
2837
657
516
6499
3736
2303
4210
6459
3084
3752
346
2656
4212
1639
5503
4447
6299
3024
1091
3635
5669
835
3847
5491
6527
17
354
6136
823
99
2900
3741
5370
5989
4359
759
5924
2037
5570
1192
4135
482
928
2678
3672
3577
6485
2585
908
5769
1791
1053
940
4436
5237
3350
2829
3199
6173
552
2196
679
369
4041
4308
5527
2598
601
5012
4757
2583
2733
4266
4076
149
4209
5978
4588
2333
3317
5496
6060
2884
5571
980
5604
3237
4693
320
2966
6521
4733
5400
5358
3054
3485
1020
720
534
2902
1147
6476
2870
4705
3827
1808
330
3569
5832
2405
2879
787
5759
1608
4820
2358
3782
3264
2605
1141
1814
1416
5372
4875
2307
2624
4870
4213
2064
898
408
4735
3045
336
3509
1805
2106
2830
1095
192
2057
1350
2804
5627
4357
3644
1399
1817
5793
4933
2636
6114
2548
467
1301
1280
6534
5603
2842
4019
3278
5962
1076
538
495
925
1113
5574
3442
2346
1009
1716
4780
4287
3952
6324
205
4098
891
2721
33
3502
28
3879
5205
1480
2594
2315
127
6341
746
816
390
2626
1154
736
5311
5988
2631
3573
3121
2495
174
286
607
1429
6297
2241
4707
3621
1106
2929
4811
5744
318
6137
1927
4356
2646
2082
6131
1779
3799
1115
2933
5420
3337
3304
1590
1216
2354
5953
2928
1644
2974
600
3606
2146
4998
6506
3110
2093
183
2864
5024
2720
4812
563
6457
542
4345
4670
150
2956
2394
3432
5197
1144
5796
2659
4549
5250
3953
55
215
5830
4703
5076
1671
4298
3183
1406
1427
902
4244
1516
2798
1815
1251
3189
3425
5665
5236
4183
2784
2398
6062
1759
1261
3500
4429
4247
4412
3828
1502
3003
6516
2698
4449
5038
4910
6316
2725
3017
1485
4629
2812
2535
2299
5371
1032
5836
2529
5353
2634
1552
1344
3743
34
5488
3406
5361
1890
3984
6438
832
3647
4490
280
5679
2932
4008
491
2056
3482
4129
3407
3117
1120
223
968
1884
2129
1998
5139
3103
713
959
3207
6319
1042
3068
3864
6430
878
331
1811
1607
1551
2169
5072
5661
975
6212
3154
2184
4516
4855
6283
2747
5568
1682
269
697
2301
372
2815
1531
762
2739
3285
487
2446
4964
2801
2958
4679
5345
3209
263
2789
2017
2118
396
2722
2603
2
3305
2915
332
3429
4010
1836
5601
1849
1287
387
1664
4472
596
630
745
6124
110
164
1436
543
1422
2518
1986
1550
5871
5530
3400
3823
1352
1702
3593
4442
356
3261
5259
5935
1881
507
3516
1099
2422
4263
540
3282
3333
5462
6089
2407
4102
4677
1713
2530
751
4544
6328
1131
2705
1744
1346
185
3101
326
866
5367
3250
1864
2088
1681
3216
2841
6449
838
3740
2547
6353
1722
2797
5380
1300
2105
2954
4384
5391
4876
2919
378
4246
5885
5039
3619
1846
806
1497
1615
4466
1730
5432
5430
3077
4577
1624
2941
5573
2502
3584
3167
5818
433
6372
6120
4138
448
2596
1292
4418
2264
5448
4578
386
1784
4289
1128
4329
5775
5122
4031
5035
3165
2092
2907
637
5636
5750
3129
2035
5997
5009
2468
57
1100
3217
1243
2090
4362
1105
4758
2868
31
2168
157
2304
6066
705
763
5126
1825
94
6152
3249
5300
3134
2660
4637
6446
4337
3724
5456
2854
1829
1830
6288
3035
5392
4535
3717
2524
1755
1250
3325
2512
4030
1952
201
2404
2002
2752
5493
6357
98
901
2706
2160
388
3983
784
392
3932
756
2962
4122
3609
4684
2881
2382
5630
5107
4059
1526
5305
4656
1661
364
5820
3592
3560
5436
3971
360
5916
4280
4294
6510
2767
3638
4495
2843
3107
6361
1036
6505
3318
93
4206
781
5957
5294
592
3128
5213
5748
6550
1987
4034
5547
5290
5704
3608
2951
2934
1625
886
5684
6520
4361
4275
222
2288
5252
1546
6463
1343
3222
1413
780
4203
4036
27
3792
5299
6529
3238
1286
4044
3819
4568
2236
2791
2150
1512
5431
2979
262
3224
3686
4015
632
1464
3992
2145
3826
5668
3905
4977
2996
1960
4067
4690
5162
5954
2366
966
2445
4204
6090
2759
2213
2710
2542
3722
5210
3294
4725
3314
2252
1037
1097
3916
5959
1026
3506
4430
6071
4088
5734
1365
1667
1165
6222
1051
2249
4662
3155
858
1066
6456
5535
2242
4196
2579
4130
5509
2283
892
917
490
4257
4190
4351
2657
5955
111
3802
4051
3510
1831
5280
2882
2440
1133
2622
2081
1125
4623
4691
2610
5778
4618
1783
5911
5632
3000
1745
283
4296
5729
4166
5878
2265
1766
636
1762
1669
5394
3247
5320
6228
2020
580
3634
4502
4421
5513
6016
190
2258
5113
2332
5742
4432
6033
6290
1540
2888
797
3441
5532
3939
514
1924
496
4967
64
3227
4147
2982
3010
2899
3006
400
5541
1349
743
4376
3963
2738
1803
3111
841
4216
590
4162
1256
2493
3195
1065
2851
2586
4324
2914
978
333
359
1160
6193
3732
2790
5558
3191
5000
3355
6412
2787
884
469
5021
594
3347
1665
1559
136
2992
685
3363
3173
1606
2744
74
4749
2386
739
5348
5455
1257
1948
2414
1511
4231
5993
2694
3270
62
2124
3044
1727
1605
5681
3589
1166
133
3389
6545
2110
691
1725
899
300
3853
2426
2423
4504
3398
952
4111
4694
4509
4192
6086
1901
982
991
3703
508
488
5057
2712
73
3116
1207
1627
6182
2945
471
2172
4233
1997
2038
2972
1083
3611
4982
4245
2590
1114
3194
3679
4596
2670
1335
732
1554
658
882
2587
3089
171
1394
721
2735
2152
2536
6172
456
2221
2207
5505
6141
2666
3567
406
3450
1273
4396
852
6181
2865
2401
2272
5517
3118
920
3290
6561
2862
