1002
993
315
905
17
334
326
184
851
308
369
83
159
250
845
10
432
82
655
675
837
62
270
164
468
191
638
20
424
139
446
949
731
218
752
198
2
954
960
320
384
931
812
799
711
779
236
199
417
374
693
1011
325
511
548
699
41
983
862
522
436
225
312
161
572
1043
596
671
569
425
736
201
925
118
457
584
782
909
414
563
990
1037
448
382
938
885
933
1033
175
259
758
774
1041
239
474
262
370
800
1005
74
573
649
869
95
127
455
840
991
93
486
45
372
1022
107
785
530
981
876
838
498
858
343
824
256
854
564
946
505
586
358
480
821
738
847
523
555
26
229
1023
580
165
987
120
535
717
98
1000
556
848
323
776
340
342
273
681
467
737
138
742
906
152
416
163
125
536
181
332
293
373
624
802
494
226
875
1001
1019
669
704
482
622
39
887
356
179
364
729
366
971
59
430
253
850
1016
968
723
804
520
485
984
288
924
65
194
169
770
922
641
92
1007
119
77
174
721
929
701
37
415
97
227
716
489
565
231
272
1042
1036
126
894
648
677
290
512
915
442
926
805
784
187
832
5
260
329
378
552
853
835
244
879
598
212
437
309
294
240
908
989
610
8
15
96
517
678
962
192
817
157
419
337
733
117
503
629
28
883
235
710
211
549
726
473
769
634
740
381
619
581
1035
488
631
816
811
105
299
1010
539
1
757
583
763
109
241
901
129
874
238
521
715
689
859
550
297
463
670
927
970
796
994
71
542
871
814
379
772
849
25
304
492
186
895
149
314
730
78
865
69
411
543
732
690
176
275
426
863
146
590
27
1008
281
321
856
955
807
469
942
167
264
352
462
790
778
568
607
102
151
999
14
766
891
450
748
282
696
495
158
534
794
9
278
339
948
197
428
707
705
786
75
615
327
760
608
662
793
441
452
407
518
400
73
533
317
248
111
642
643
551
728
53
0
798
829
427
841
160
267
516
6
162
395
155
836
171
663
276
857
286
249
291
792
621
917
801
750
68
134
243
788
587
258
980
363
64
830
958
789
528
458
618
285
735
1012
310
477
986
1030
953
177
861
964
168
749
724
360
350
691
1004
156
351
896
557
183
576
313
647
228
389
142
1015
685
719
252
753
683
87
1034
13
296
295
348
831
40
54
997
292
656
995
483
443
246
287
460
775
392
623
215
418
722
394
255
846
577
209
562
658
540
884
1039
76
633
268
445
538
532
529
692
687
714
404
667
630
302
33
695
385
434
57
47
376
475
205
182
806
614
347
311
617
574
636
519
23
456
810
973
780
123
880
451
600
844
547
881
401
185
767
1025
421
504
150
582
345
16
559
525
941
661
1024
38
206
947
966
672
797
173
1013
567
84
223
1009
977
747
943
371
952
754
826
104
708
318
328
620
70
645
383
261
718
595
918
911
247
561
635
507
743
99
725
221
506
988
398
902
207
354
1027
153
81
972
145
487
860
950
203
422
46
605
108
907
1014
349
886
140
166
688
897
571
391
397
664
144
21
1031
684
353
873
435
1029
653
898
12
405
601
541
560
322
668
479
230
712
609
537
903
420
961
409
628
196
110
24
773
200
306
72
130
1021
940
680
665
606
204
566
190
996
822
594
80
143
336
423
825
625
393
254
967
593
355
387
509
531
734
234
839
652
484
471
870
208
172
476
135
1044
833
1040
178
116
439
154
637
103
603
713
271
703
232
892
106
66
444
706
60
224
86
674
975
904
808
951
1020
795
388
333
11
35
500
263
251
741
864
791
219
49
939
101
122
42
852
660
266
651
265
3
889
834
888
998
300
210
133
48
380
112
220
866
777
257
1018
599
283
121
700
408
188
751
433
756
746
29
410
764
466
55
957
44
878
431
357
412
597
438
673
269
447
386
982
301
646
88
316
335
823
872
1032
202
616
827
570
94
193
481
284
935
79
449
368
930
820
868
828
759
