13
76
180
125
139
216
50
149
61
154
71
6
55
152
8
120
143
161
46
1
220
58
118
74
17
181
192
54
51
148
68
159
98
133
23
156
30
201
217
189
136
0
214
210
196
135
176
10
48
234
100
82
96
79
221
226
15
75
69
111
158
116
26
198
132
114
105
183
235
36
137
204
31
7
78
151
34
106
197
162
70
122
191
173
89
11
144
187
24
83
170
177
157
9
126
49
53
110
63
175
188
85
215
205
14
112
184
25
65
29
212
228
174
45
102
97
113
172
59
230
123
213
141
222
94
131
42
190
40
93
145
166
95
209
236
21
202
43
130
5
99
229
37
153
218
80
127
38
208
35
182
206
169
20
163
52
150
165
67
22
47
33
225
91
57
140
155
101
168
62
179
233
27
185
138
200
104
16
147
167
207
12
77
186
194
84
199
224
56
142
