296
711
3237
6364
411
6110
6410
3854
1207
3338
5996
2994
5012
4951
6281
3722
3133
2093
5182
1468
5288
3514
2397
1465
5783
6626
3617
1062
3881
786
5390
5220
163
6119
1173
6952
2855
6855
6054
6820
1901
6490
6240
6698
2906
1227
5429
2472
5383
2674
737
3718
3749
3522
1481
4817
4952
2672
2582
3340
2450
4811
1130
5999
2572
3882
3305
825
1985
5895
3541
6599
1405
1647
2134
1392
2593
3000
3692
2701
6584
4578
4145
2532
4164
4726
5360
647
907
5285
4246
436
2382
75
3363
2328
3413
2464
5078
435
6514
5737
6511
5726
530
2982
3374
5002
3862
4974
6081
4960
5583
3991
4616
2815
2033
6572
4594
2052
437
6370
529
3520
6066
1185
1523
3048
5289
6681
3071
2311
5701
4638
3373
4818
6133
2965
6150
2861
429
1840
2480
3243
1919
6822
6656
1535
3160
5438
5654
5159
5305
4228
6883
2048
4210
3525
5537
1884
5320
3297
2711
4175
1661
5874
5667
434
6148
594
1053
801
3495
3898
3351
2220
6127
4420
3846
2056
3797
3950
4185
5543
1878
3952
4450
970
2228
512
570
3813
1045
56
2317
3796
996
5205
2608
1547
4965
5168
6467
3931
302
2111
5671
4191
2078
5960
3629
6405
180
525
1345
1986
657
1710
5532
3178
6946
3850
3348
5989
3308
5684
5950
3998
2327
1666
2027
2526
667
5204
2031
5803
1970
234
6274
971
6570
5506
4202
650
2647
4924
4188
1136
2882
2079
5521
742
4687
680
5119
2112
1889
6101
1388
5710
3975
327
5157
4086
3497
3611
2245
227
64
2319
5439
432
4587
6124
6013
5443
95
2712
3463
3614
5252
6841
5255
3006
2432
4136
2668
1514
4345
610
6714
3437
3298
2799
2503
2253
6832
4832
4479
4052
4887
394
6628
585
6407
5827
6968
4561
6684
2151
5838
5272
3023
4437
1176
4958
1754
2441
1744
5269
649
2756
6074
4452
1291
3163
4846
4602
4979
4528
4598
4954
1307
3883
1696
2731
6788
4795
5065
5128
4379
3630
6097
3536
4056
15
3684
4369
4560
982
337
4809
406
2073
2835
2655
2819
5150
5257
110
6174
142
5247
5638
1890
5017
3230
2344
1587
1743
3199
146
1757
2035
3066
3307
5076
2883
5851
6546
6379
732
1883
527
6937
6720
3352
3835
4772
2133
490
6395
334
5949
632
3221
1491
1745
2246
4277
6322
6031
4563
2806
862
2990
3395
11
2412
3235
2839
5045
2628
3255
3914
1638
629
1753
2880
1235
5059
6521
1851
1325
770
3568
3077
5499
2277
1805
2182
1621
6590
6270
5102
4981
2203
5266
6516
1406
4857
2475
1181
1522
1
5449
3122
4446
4597
4462
6581
2177
846
6538
1179
3475
6209
1141
5237
5623
5913
833
4144
4532
1589
5557
3409
5413
1346
3939
840
3453
3251
2652
5291
4715
206
6594
1159
1637
2367
818
2268
4469
2927
2913
77
1475
5459
1651
3260
3371
5310
4324
4496
628
6721
6663
3202
5909
4109
6420
1862
3216
6817
2403
4245
3155
3231
5749
3421
4244
12
2637
6456
2733
3644
810
1418
4850
2640
106
5377
451
3003
5428
6017
931
3531
2034
1128
6347
6811
1558
3273
5815
4744
3686
1054
4130
1347
3457
2113
6243
87
4207
1378
4975
6484
4658
4566
5211
2939
3508
6532
4414
1992
1869
4725
2008
3045
4194
3059
3973
724
5156
6042
5520
2326
4021
808
5325
6002
416
1670
2028
3480
4970
4621
6068
2594
5075
5203
6070
3856
3649
3512
3446
1711
2909
2732
6249
5852
5023
54
4168
595
316
6938
5350
5639
586
1841
6903
1127
532
5175
1967
3628
720
5642
5264
2187
2804
4654
2679
3012
4632
4350
506
5945
5044
6234
4734
6642
4879
3063
4104
1205
211
2693
1527
1016
814
2417
4487
5064
212
2404
803
4099
6225
6431
6916
4439
767
2948
2832
2129
966
1618
5717
5265
3562
5880
6354
6398
223
5024
3072
4896
2516
3818
6487
5133
524
6835
2371
5533
714
6337
5183
6377
4880
5518
6384
5353
4867
2823
5262
6123
4739
2096
4072
3503
5151
3442
2805
4957
6848
5193
118
4701
20
3476
2433
5040
5109
2459
1101
1073
496
6745
6688
3119
2322
6254
1321
1148
3745
2646
3819
6184
5794
2765
1124
2316
5728
4733
4287
4320
3383
173
5001
4986
5386
4199
2527
2959
3266
2709
3426
5152
5106
3104
4908
6084
3364
917
568
3399
3891
4877
2825
593
3362
4745
4730
1033
304
1202
4368
841
4265
837
5104
4485
6787
5929
2723
5835
1060
1531
1607
1013
5300
5188
4530
5230
4994
5542
5629
3129
3396
3316
6702
4993
6606
561
8
5637
3157
2082
3445
3490
4917
4781
1921
2588
1978
2482
6479
3859
2424
4890
983
5099
1358
259
3099
2603
1974
5982
3051
545
5998
1736
2821
3893
4128
1595
1920
6176
5086
3215
639
1931
1994
3401
5232
356
446
1386
6130
4553
1035
5908
5765
6147
3064
5609
6716
1894
5973
5420
3293
2663
4480
6556
6935
6902
5977
2717
1528
1729
3724
3482
1340
3468
1367
5003
3758
5887
2195
5586
3873
2428
2704
489
3766
4498
1680
3927
713
4017
3240
4785
615
6672
6678
6103
2098
6272
2276
1565
581
5538
6947
2430
135
5746
2165
5972
2287
3263
5610
5061
928
482
4063
5362
3849
6095
5924
1715
4423
2945
6687
4519
4750
6317
2308
5427
5259
2933
5647
3597
6847
5315
790
2232
3145
3638
6244
1786
3389
3685
5515
3361
654
2087
4852
201
4033
3417
1055
3827
4674
2021
4257
2281
817
5371
4611
6973
4269
3777
5800
5169
1050
2570
3279
2499
5030
4882
1044
4348
4547
3391
2086
5127
389
766
5809
3527
5910
6204
2302
6679
1356
6932
4711
2543
4435
1537
5571
6090
2233
2538
40
3259
4521
3242
3343
3143
3610
1685
3912
363
6452
4484
35
6050
3710
1216
6280
2368
1232
5382
5222
5292
1028
1825
768
912
6796
2333
1164
1081
5282
2409
410
5781
5343
4943
6543
403
3889
1501
3439
5823
1259
1203
5354
5493
3558
5347
1937
6489
1154
4784
6650
6583
3315
2798
4189
4394
6324
2511
555
3982
617
1853
3429
914
1957
1542
4681
1305
4143
3070
3667
2013
493
3843
5372
4552
1605
6893
171
4361
3516
2205
4821
5554
4595
6137
1697
4538
5906
4672
3156
1430
1177
1492
4599
2391
6216
6783
1700
3959
1860
830
4546
5338
6560
484
3548
6942
5595
1583
3459
6436
449
6089
4095
2744
5662
2591
2609
3330
6164
275
6067
3179
4667
5032
5170
1083
5381
1061
2481
6686
4427
6914
4972
269
4003
6488
5112
483
5953
2238
518
3101
6652
2749
6173
2005
2453
6170
3565
3677
2816
1913
4434
274
439
673
1746
6408
1297
1018
3350
6649
5100
1829
6785
10
6053
1030
5072
5511
5093
4050
5712
5210
2104
709
601
2841
2244
4651
6044
2352
3877
520
1094
604
1629
424
1354
4650
1446
1755
4510
5845
3855
2577
5613
5052
2138
909
2443
4775
4869
4200
2020
5279
5388
4884
5466
5675
2918
5956
4600
2436
67
6217
5548
1577
6970
4403
3304
6837
4691
3078
1508
2535
6513
1070
3138
2379
5008
284
3709
4643
1488
2123
345
4334
3324
1678
5970
5227
3365
4685
360
6158
1377
2390
3139
4637
672
3563
233
929
2952
6707
4206
1175
4601
73
3225
6966
4477
6332
1830
3743
3946
5025
5171
4010
3001
4428
4266
2998
2792
546
114
6814
5172
5060
4139
6729
3278
598
3661
4682
3398
185
3076
4874
4992
1548
1624
5469
2692
6371
3336
1843
3494
1732
3799
4623
871
243
4679
6247
17
5816
6950
3142
4292
1420
3599
5387
4456
1576
3632
4860
6535
5069
2192
763
733
1724
1350
1182
5146
6825
1864
5482
2365
2498
3161
2356
4749
5348
5236
6135
3041
6955
1848
2915
6923
2361
1032
5249
2688
1445
4455
3716
6480
2075
4272
3219
4930
5324
2981
5395
5088
3639
6929
340
6553
3481
3955
2017
6059
2870
769
2585
1317
5425
5426
544
4689
1280
6793
6387
2755
6248
3272
3434
674
3359
710
4132
6900
3587
4903
6385
571
3921
5660
4413
4755
1932
2720
4342
4429
686
4004
2226
3427
3400
207
2758
4559
6654
2530
3690
2555
6221
1956
1938
5477
5632
4950
1472
6770
3367
4991
5988
1694
3276
3150
128
1071
5486
3381
6455
835
2152
783
2895
2175
3860
1648
3397
3744
5208
3612
6077
799
5736
4065
3095
3820
1144
2107
4467
5894
3993
2537
2298
5669
6712
5016
2748
4668
3764
4256
3499
1707
6166
6622
6852
3370
3619
6738
2184
5389
5483
4764
2678
1057
974
3535
3498
6888
4478
3560
5410
2836
455
5556
2919
5990
1771
3894
6881
3557
36
6491
3679
4416
4101
1380
1836
3470
6232
3729
2681
4763
5634
6316
6451
6140
2889
6163
4276
3631
4432
4317
5082
1387
2584
864
137
5364
4018
1019
4967
5307
1362
2305
6517
5480
6255
526
4363
1720
4186
2892
3334
4888
698
3532
6651
2997
3809
775
1383
2009
4117
5840
2743
6743
2520
806
1183
82
1631
1322
4406
5905
1002
721
4838
3378
644
1206
6708
4362
5111
4807
5935
3583
1659
6915
1777
2249
1496
2066
5419
6578
2402
2684
5298
605
1580
860
1895
3863
5267
1802
5951
3781
1699
6575
2306
1653
5689
1712
3543
2446
4540
1574
3832
4100
5879
6621
1908
722
72
4337
5541
3878
1915
3672
1727
4415
3909
1149
2406
922
5961
4454
6429
3245
4372
589
6476
5132
487
2389
6529
3933
2038
1042
4703
661
3929
2039
5108
2270
1211
4497
2222
4840
1643
679
6730
1731
3213
1349
5009
5241
3983
2468
1253
2875
6605
1907
433
1764
1553
3737
3721
4653
102
669
6592
5283
2649
464
3005
609
3798
4507
1717
2054
2934
6010
4460
1811
3540
5136
2599
5806
6182
5263
5575
5314
2366
6278
6187
3958
1854
5179
6239
2514
913
1944
2540
2619
3029
2341
4220
2768
6338
1413
1391
6726
968
2937
809
6433
1543
543
5446
2910
4261
1773
5344
3549
942
224
5392
2946
3197
2877
2395
1412
621
13
2956
2989
3147
6381
6261
1359
4537
1633
4007
1838
5329
3757
6262
176
5000
3205
2745
4216
6794
2447
3329
5837
2985
1228
2271
4323
4163
1023
1673
4015
1779
3168
4922
2320
3088
134
4796
4187
5978
5606
1005
1056
21
5178
5405
6134
5585
5303
3356
2283
1135
3529
5414
4333
4233
1733
2150
3418
2215
26
6611
4934
2545
3456
5931
4797
1396
5200
1131
2257
625
3195
6154
5485
5313
5884
2669
4053
5665
217
6413
3349
1502
5776
4605
4944
4694
3384
2546
189
2117
6152
2554
1874
3188
5487
418
6235
542
3223
409
6043
6117
1636
1466
2370
4641
1794
6705
1517
6129
256
5396
476
4936
5471
3569
6974
3534
6367
6638
1068
4203
946
2016
4253
1726
1822
1407
2544
2780
4568
535
1646
2185
2975
5930
794
4083
2567
311
130
4976
6469
5087
122
1262
6072
5975
3182
5614
5164
235
5584
6750
6404
1369
1497
5786
336
2292
1084
1320
1256
1934
1599
6637
6421
715
6194
1409
199
3789
688
2043
4557
2796
4791
4849
3390
945
4242
1979
6924
5640
6906
1691
5920
4760
1381
5334
6132
6016
879
5590
3785
4474
3742
4678
1453
4987
1485
3504
1911
4153
4066
2227
859
704
4916
645
6895
57
5223
1704
2191
5664
290
1215
5166
4624
3193
3287
4247
3992
2469
573
6313
5105
5376
182
4885
3967
4098
2858
4060
4947
3187
5158
1327
3061
362
1735
1780
5881
5608
3055
2634
5238
2730
5433
3652
616
5326
6228
4176
2764
2587
3736
3233
4586
2738
3762
4445
4655
5535
1796
2935
3624
778
4464
2767
4299
1596
981
2495
3136
4985
6865
380
844
2360
6509
168
1676
6138
2614
1953
5299
5512
2115
1489
6039
6602
1123
4325
3274
6190
2685
5627
5741
5398
1132
1861
6536
2377
719
2558
843
1787
5968
6677
1725
5764
1153
4281
2813
3659
1747
3936
6892
1513
1791
2830
6557
6562
303
6751
1959
5692
705
693
3124
4670
1143
322
1000
735
5081
5740
4491
2037
41
4661
2127
4996
6872
2473
2622
718
4708
1212
1859
2449
6840
5727
4158
6156
346
5812
3026
4719
4630
2159
1905
3680
3845
2615
3254
3130
4410
1450
5476
3493
6815
3635
1652
4084
6185
6585
285
3510
6360
6120
5831
6275
5366
2612
5143
1474
1139
6079
195
3296
6953
3521
5983
4929
6041
6728
3665
1663
3800
2524
2507
5916
427
937
567
317
4577
6102
6693
2777
933
6803
2385
3506
3901
2491
2697
1803
3574
6335
2506
2492
6014
4927
4644
3720
4823
1657
1335
727
6600
2988
5246
2247
3392
5187
579
2477
1157
5805
5484
4873
831
5134
1140
3626
4761
2042
2099
1258
3487
3735
5161
2337
5046
5711
6003
1842
2881
6636
5197
3117
5946
2781
3065
6055
6383
3375
2983
3444
2373
4802
3220
3616
417
3261
1900
4280
3841
849
3598
4134
505
3903
708
4295
3712
4835
3589
1338
2161
4384
4118
5225
1684
2869
1455
6608
5600
47
4746
6920
885
152
2340
3226
4313
5489
3908
3668
3423
1246
5636
883
5828
5028
2911
5051
3723
897
5370
5981
1644
3637
648
622
6336
4680
550
6325
3131
6273
6355
1293
2722
6781
4920
4230
5005
4125
250
4398
378
120
1888
5836
6593
6595
4310
510
3382
2094
3265
4808
6711
4127
1835
4229
1645
6218
55
4108
5280
6565
3317
3887
6450
5992
4391
2631
318
503
6909
3068
313
5089
1594
4798
602
5421
2728
603
6882
5698
1549
5959
3869
6011
2827
299
5593
638
4779
3140
4777
3357
5525
1947
2211
2146
6290
6302
1403
4812
6673
3706
6115
890
236
5834
4747
2999
1121
565
1592
5456
2137
5850
726
5612
6307
4502
3291
1586
81
4258
1708
666
4252
1480
2953
670
91
2618
6246
725
5162
5216
2907
2299
845
6866
2903
3792
5859
4843
3705
5519
6644
528
3790
1355
3474
4523
1512
4500
1534
3031
2199
4227
900
959
88
4027
1467
5866
3252
2102
4923
5824
3678
2510
2696
826
4705
3106
1078
1162
6064
1125
3713
2978
4219
412
4794
2229
6854
2522
2800
2388
3623
2610
2160
4740
1570
140
6905
3935
293
3056
5234
1333
6699
6207
1916
5793
2786
1064
2218
3879
2463
4431
4790
4686
2834
3022
4008
2606
4141
4376
2868
2162
2189
1150
2534
548
5221
4931
2167
5239
2241
1382
5416
1394
3103
6928
310
3137
1188
1989
1476
2811
244
2689
3655
6242
2282
4662
1566
4090
1152
6296
456
1575
4612
6301
4614
2415
6530
4472
1331
1817
4536
6753
6396
3963
1017
6826
5281
5900
2490
3419
1734
190
853
4862
3281
730
999
2838
398
3186
4225
2410
1655
6205
3393
772
6601
6660
85
99
2865
238
2922
5394
6297
4971
6526
2336
2793
1792
6767
3592
4264
4828
3447
2908
2297
6083
5481
2715
6911
707
2812
5722
2774
4183
404
2434
5778
1625
3377
3570
6559
350
6393
74
574
3801
5359
827
1879
3759
215
4895
2645
3641
6230
5194
5897
4005
1819
6889
6086
3379
2976
590
4316
1012
1393
3940
1072
2926
405
2362
3108
5770
6849
6898
2325
1439
4774
4422
3014
2817
4966
2762
2914
1892
5340
3890
4494
3748
2461
824
5550
6162
5424
4898
5176
729
4476
4000
1689
961
3477
6664
4968
2916
764
776
4827
4573
6267
2993
1687
1714
2573
2925
5843
2174
1922
4215
4146
4558
6191
2972
1515
2088
918
819
1088
2560
413
3212
5709
4037
5753
1066
2358
5673
2435
2515
6975
6052
1981
5214
492
6839
5889
4771
1459
1217
6080
1582
323
5107
2198
426
5869
5925
812
699
5752
6880
2536
5553
777
1204
5235
1557
850
2690
6589
3687
1991
2833
3636
3786
6128
2626
419
3312
4803
5810
5018
2204
6582
2414
5886
6910
1218
3865
4883
1751
978
2941
6399
1588
3868
5713
2470
6277
903
4214
444
3957
1352
6676
2719
1961
225
6223
5021
5761
1702
6874
5771
1106
187
558
6049
6009
2223
2437
4193
4652
22
2964
399
3988
1954
133
940
3707
5888
836
2718
2455
169
5312
3166
6818
2644
502
3339
5331
4524
5903
4147
6925
2439
4289
379
2310
3148
2947
2497
3198
4664
906
2095
5308
3436
1664
352
175
3253
2512
4294
3518
3191
1939
717
6956
6005
2300
5491
6030
6791
5694
6389
4626
861
5248
4692
2576
2559
5607
2156
3170
6779
5113
2487
2139
588
2716
3701
351
5962
723
5912
1532
5560
2051
2517
5357
4011
2548
4262
3035
4254
1099
5855
2569
3775
4551
3918
6432
3152
6471
4473
6657
3985
2259
6682
5705
4270
6438
2661
1649
4897
5932
1760
2590
3733
3585
6949
6004
1810
4418
4370
695
6607
2000
4671
3283
6346
6193
2116
6683
6531
878
6879
2747
5578
6886
3282
5573
665
6400
5494
664
2759
2169
6890
6269
5574
6001
1214
5192
1667
935
4766
3342
2239
4296
3079
3404
4868
1145
6505
1161
5927
5848
651
1950
779
580
2967
3509
4826
6061
3111
2217
4152
4221
2680
5369
34
1672
3604
4461
1554
4544
2788
6772
5453
5271
2147
1443
5858
1610
4646
6827
637
6836
591
1436
2656
2493
1627
1357
241
6305
6215
1789
4788
822
3114
6149
38
6870
5085
2651
1318
4830
1289
129
921
3486
1762
5130
1568
5462
2900
2416
2702
3211
4195
2202
3871
3657
1518
2589
6887
630
2029
6466
1579
6500
4545
2613
384
6442
5700
5245
1996
6172
1444
3332
1423
2547
4367
80
1758
2624
5149
408
2742
6833
6972
2887
5142
2256
4584
477
1619
4663
4592
2885
5422
5558
3388
3842
2172
2636
5452
2338
3815
1223
1093
2334
3780
2665
3228
4442
1973
2465
3328
2808
6085
1222
6350
701
4492
4490
19
5412
3234
5393
867
3008
5465
1705
547
5363
46
5199
4392
2458
5184
364
2121
1385
4580
5391
2265
3727
1614
6550
1650
2291
4302
1946
607
2324
1479
4298
4535
4780
6439
3319
5901
6160
2273
6486
6294
4889
941
4160
896
3600
2454
2850
6522
6668
4306
3084
3010
2135
2307
2422
4062
5822
1494
438
5478
3858
5820
5042
291
1820
178
2315
4222
4909
3203
3828
2595
3132
993
788
1165
6151
599
5309
3368
5147
5384
3406
219
2494
5922
5865
6806
6143
4989
5293
1511
1298
2168
4275
6121
1052
1615
4704
4603
5633
5875
3294
559
750
3222
569
1593
6659
1763
4542
1563
2977
1473
6537
6237
5645
5126
3717
5892
5941
5083
6828
4517
4619
3768
5666
6289
3593
4718
4438
4859
2081
5947
1509
1520
4555
6948
2423
4512
3443
1837
145
5027
3017
5663
1397
5546
5729
5899
2125
4356
1417
758
6936
4046
3752
4861
1146
5708
3765
6161
2457
2942
738
5914
675
6697
1460
1495
1785
734
3471
97
944
5592
739
4047
6588
5355
3185
1769
4554
4728
252
6873
2193
5114
4211
6674
596
6266
1490
2557
4339
3502
1559
5734
1795
2784
2237
306
3460
4440
6029
347
373
5500
1147
3942
5125
3714
5750
1200
237
828
2549
3528
566
6912
3953
4114
53
597
3572
125
2100
5948
4288
4878
6180
2542
4305
1299
6401
5189
6468
3369
4314
177
3011
1584
2736
2476
5254
3204
2853
4998
4669
6038
4982
534
3492
126
6372
1839
925
4483
813
3093
5954
1163
5098
3917
3081
3047
6329
2782
3750
6722
6861
1219
4969
5041
2062
3926
5284
1788
3648
2627
2381
5787
6376
5854
6424
1225
706
361
4508
6571
1366
2574
321
3032
1914
5154
3977
2686
3083
270
1210
3171
2076
977
3192
1569
5672
1556
4283
5137
1858
1613
3173
3354
131
3169
3669
4284
6496
1881
5860
751
4331
2348
1793
4419
5957
6857
4347
5240
1192
5528
5735
3699
5591
880
4894
2288
4045
5242
911
216
6821
1398
6878
4556
1414
3811
6540
6568
1623
2474
1904
3547
4111
3857
2400
4355
2206
6851
4961
2763
1209
5677
682
3285
6525
2110
4666
2197
6250
6856
4820
3295
220
2602
5804
4562
5555
4501
4140
1372
6464
3126
5062
4309
4081
3346
231
5714
3530
4948
2262
6939
2923
6899
4793
6224
2607
795
5653
4167
4155
1142
5915
3567
2108
6941
6675
782
2124
663
320
1319
5531
4335
2438
372
2294
6885
4421
5475
5268
6957
5994
6363
1085
5167
2539
1038
4138
671
2460
5448
6078
4151
1590
6774
4154
6633
3590
5536
6934
2658
3176
6901
986
6047
1784
3812
659
744
5110
1545
2250
1302
4408
5696
5898
6615
2354
3609
5276
3074
1945
6617
5985
2445
300
5295
430
6863
4583
4768
6409
5853
5630
4382
3770
863
4804
5328
6087
204
3646
1951
3621
1086
5118
1942
2600
3519
6414
6926
4677
1201
5937
3663
2329
5145
5345
4712
3582
6168
5651
2158
3922
4300
3052
6175
4814
696
3049
3489
3839
5358
1447
2770
149
1422
5644
3607
4759
4208
6037
2255
2483
4001
4352
6323
3738
3806
3523
210
3719
4893
6348
5332
6971
1693
6418
4149
4606
6057
5033
4844
6391
1067
4910
5139
3984
3980
893
1918
1695
1809
2272
2891
6062
6869
5319
6473
6632
3791
5160
3411
3491
1092
5686
1112
3412
486
4625
2840
5317
2085
3578
6566
4486
757
4156
6314
6048
3872
3501
479
3135
1036
263
2275
6808
1940
338
6737
423
1806
202
4722
5774
4633
748
4724
985
1343
2296
5258
2179
3267
4937
3151
2145
1133
2266
1440
5921
623
6930
6368
6933
5870
5035
5861
4533
4855
1980
6512
2664
5670
2120
1997
5539
1800
1395
3353
3584
2452
6189
956
2700
401
6860
533
2263
6715
4178
3895
6361
1065
3916
856
5965
634
6804
6862
5544
3683
2848
3650
773
4373
611
523
1015
2621
2419
6757
1808
3824
3451
2323
6258
2350
2826
2958
2802
1536
6864
6472
4451
5617
6333
1342
2563
3966
4312
6034
5091
6236
1399
3852
781
6724
5862
5031
2580
2899
6563
1567
4102
4293
6392
5832
802
4239
6425
4706
3897
4590
6146
4707
6238
2375
1097
5652
1630
5071
4411
6891
2444
4938
1434
3376
2638
1252
4962
1832
927
5762
5399
2221
4926
2411
253
5650
5415
3403
3753
877
6894
2018
5682
3840
5877
2894
2349
5442
2071
4695
1368
5301
6764
2837
2872
4213
6580
3025
3366
6704
5611
774
4518
866
1074
2467
5084
2103
4014
4639
3591
6231
6569
5718
677
2
1533
4913
5993
1701
5703
6573
4093
4179
2181
2864
50
5039
531
3018
6527
2643
4383
33
5782
3693
3660
2061
3876
27
3698
445
6842
2528
3937
3505
5952
5261
218
4783
2157
2683
1463
3524
4115
2890
1846
2741
1193
4503
6823
4404
3062
4430
2070
3588
4226
251
887
4016
2363
2335
459
5841
5036
4833
3110
2024
488
5844
4825
6091
5270
4525
1902
6834
5878
2943
5681
2783
5658
2421
229
1551
1866
2617
987
4806
1274
3040
4119
4353
4235
6790
936
358
2879
6458
3821
1373
6919
6771
6680
5260
4
6960
5496
1114
5602
3671
1311
1089
1300
4282
2920
4543
420
3715
6843
1306
3249
4417
4776
5668
2106
1231
3246
6214
469
1137
3787
2878
6286
4698
2010
1682
655
329
6021
1049
425
754
6015
5572
1027
5177
6279
197
952
5646
3804
4732
4470
366
2673
4549
4980
6927
2090
1199
4278
5336
3943
1933
4273
678
5552
4847
4786
4466
6727
4380
4365
6945
820
5290
4905
6227
3925
6199
1361
1526
3575
58
3640
2171
2705
6153
1118
2961
3997
990
1529
796
1134
485
2387
6917
805
2353
1669
3746
2629
1738
6777
4096
3085
1759
4212
4886
743
6524
1082
395
4945
4371
6144
2901
6411
4307
4387
4433
83
972
6507
184
5775
4983
5068
4854
2708
1037
5436
857
1442
3407
1927
1410
4548
5847
348
3431
839
5615
1804
924
4241
4012
4162
6819
3920
5904
3067
1774
5933
1555
6358
6298
5868
6671
4161
557
6328
3314
3121
2884
2630
5330
4942
6197
4576
740
6610
1441
4642
6291
2022
4121
1601
280
6008
453
3098
6482
5201
6789
5409
5530
4631
6198
4236
6369
3286
113
6026
3566
1294
245
6415
3009
1477
3546
2252
4318
5980
5911
4743
4787
6111
2729
4169
1912
2773
5857
5004
5619
865
2874
4412
6226
1818
4107
4402
2007
1158
1690
2496
6056
4789
1772
3299
2760
5743
254
1941
4816
2779
2790
5688
1047
349
951
6362
6071
4458
4495
2479
4499
1958
753
6116
3561
5864
6331
5829
765
3218
2541
1741
4565
4201
1602
1080
5540
1313
1521
312
3184
3455
4094
5655
4218
4447
161
1375
6430
333
2080
886
4513
2261
1464
2944
2623
4346
4851
1767
1766
4721
3478
319
209
6756
287
4723
4360
4338
3829
260
5676
2601
342
4389
3564
2529
641
6076
660
4955
4009
3016
1261
6045
2178
4493
2987
4023
5588
1457
6183
816
265
49
3024
3754
4061
2153
4751
6108
2845
5191
1296
3337
4782
3194
4344
1926
6283
1969
2201
5504
3227
1425
6252
829
2183
2667
6918
6251
3380
2343
1739
3058
6921
2581
382
1552
631
1108
2488
6510
2207
1963
2224
994
4110
3075
5117
915
6691
2616
5534
2852
3302
3290
4684
3911
52
2243
1039
2418
2508
1040
353
2776
1283
1487
4082
6810
3358
1519
1591
5863
1449
247
4301
4870
4182
183
2807
6241
3990
3962
6320
4089
3344
2219
4829
1923
3559
2466
5926
2190
5047
3622
2386
3971
5014
5063
4267
1376
3248
2917
357
4596
6380
6717
5559
4876
2274
2565
1323
2164
5621
1995
6375
6662
4636
5373
5138
2657
5417
4103
2036
1728
3416
1740
3175
4582
756
1119
6577
440
2893
4375
1844
1722
736
3694
271
3864
2677
6769
2258
4505
1301
3708
3113
1120
1716
264
1984
2787
1151
6419
4067
297
3905
5846
2957
950
431
3970
4077
381
3874
4690
507
5580
5198
4511
4184
1845
4180
6022
5976
854
4959
685
5144
3999
6703
4570
3847
213
5440
1314
3210
1799
4070
3167
1538
1224
5368
6406
5049
5402
5618
2675
1026
4013
5883
5547
6321
3217
798
5020
2936
2380
3696
6300
2854
6025
793
3533
6965
6875
2566
5450
4424
2378
2597
1295
752
6169
5196
2504
662
5867
4539
309
1433
5622
1010
2083
1550
5219
1993
5103
5058
6426
2984
728
1103
895
3034
6470
2713
5367
6685
780
2818
4390
6343
6309
3292
458
984
582
1898
2105
4550
2831
1906
4569
4075
3601
6334
5991
6574
1539
4673
2148
2592
4939
5404
5942
3704
2750
521
5385
6082
4656
3141
4327
2304
5079
5551
3321
3739
4727
1248
6904
3345
741
2126
4113
2938
1431
5885
1686
3466
536
480
1051
76
6502
5986
4078
164
4506
2757
4073
2822
653
2632
3853
2568
1683
2372
5209
947
2721
51
1873
3817
855
539
3968
4949
4770
5725
2734
4129
6867
3096
2862
4709
3544
2653
5657
4907
3090
3073
5349
4627
5917
2004
6253
4628
1129
1826
3656
6824
4618
6046
6359
4315
221
3994
4645
4209
5034
2122
6723
6311
6365
4700
584
2829
6576
2208
3938
4657
905
2727
6725
6186
6222
2486
5461
6653
5190
6667
4579
1243
4041
2682
3450
1875
5074
222
1079
5882
228
2456
5936
4042
6954
1982
4765
5408
5095
3091
2703
2313
6759
5513
2141
6539
5120
2980
314
6598
3306
2342
4311
3082
5687
441
5964
6625
4319
5856
5337
5626
4848
5306
930
6344
4977
4509
262
2057
5006
1813
2440
2950
4250
6733
4953
2393
2951
5213
6749
4892
4074
5432
4388
1706
5641
4400
2962
172
5011
3987
4906
2991
6483
694
4607
3030
3500
6271
5007
2114
2550
6092
4444
2002
289
3961
3643
4475
6807
208
3146
5969
123
4617
2006
3666
3945
4354
6475
2641
6782
5871
1665
2355
2974
6648
5876
4522
5304
6457
4881
3586
4589
5174
5907
6812
5748
3576
4097
6579
397
804
5286
2769
3275
1255
4720
301
5773
4425
6795
4407
5019
42
3602
6858
6596
2278
4591
2844
4034
1966
162
938
5185
3256
4697
2451
3414
5115
2462
2995
3214
4040
3046
3430
5173
6211
6876
5797
2044
3618
4336
2642
6478
324
3651
2571
6786
391
1187
6829
2954
811
2739
2196
4126
6773
387
470
66
5731
2828
4332
6655
255
3200
4453
1001
3751
1208
268
354
65
4223
5351
3435
6006
4815
4259
5814
2109
2824
6394
25
572
3681
1887
6200
1309
5302
4810
2413
2930
6345
6402
6416
1498
5233
1609
1882
852
3473
3634
5455
3250
2803
4019
4856
3172
292
991
5333
2330
5643
5674
4274
3728
1336
2695
214
390
1469
5507
4932
1247
1713
4285
6961
3554
872
1852
4919
2231
3190
3053
2556
5406
6612
5131
700
4834
2960
1679
642
6831
5579
4526
3810
2924
3311
1815
3900
4935
881
2902
5431
6533
2973
1703
6943
3301
3262
5346
5825
4124
934
3808
355
1828
6099
1286
6630
4865
2053
4863
5053
2876
6040
5826
522
681
1827
2399
68
2012
2635
5817
335
3756
5516
4217
6830
6661
6564
6959
3269
2210
5603
1344
2551
3154
5273
1429
5318
785
5693
784
4396
3333
2144
186
1098
4853
3044
2726
1949
6944
847
298
5054
5526
3402
2230
5601
6106
3432
797
5562
3814
203
3552
4610
5594
5228
6203
6177
5702
6245
823
1076
1886
2746
4997
3784
636
815
6907
3128
5124
6060
2561
2521
2357
2364
1180
158
5830
5596
5569
2041
5473
5768
1384
1893
3613
2401
1419
5026
4767
3271
4036
4941
2778
6784
6036
1126
1287
5141
1379
3408
5738
6845
5893
3888
3087
5940
5716
3209
3100
4999
5129
3331
5730
5038
4357
2425
1191
1186
5401
1007
3360
281
4866
4364
3112
4609
5296
2471
5226
6963
6813
4756
761
6776
2293
3027
3462
2213
454
5979
3605
6295
92
923
6388
6382
5057
6423
5685
1660
5497
1242
2698
2771
2509
4735
6107
2843
6308
29
1611
3134
5244
2856
1952
2015
6445
5375
4359
4401
5683
4676
4731
2384
2752
193
1169
5545
5275
3836
1374
6587
4902
4822
3944
1658
577
6157
2857
948
2489
3782
3097
2553
614
5253
2003
2523
5938
6122
2955
4758
6692
3013
3711
979
5437
60
1364
6341
5077
1988
1960
116
5278
4620
3662
2280
4471
4891
4792
1748
4956
5896
5963
4593
4122
842
2426
6799
1640
995
1925
2485
2552
5418
2429
1351
2376
1290
4173
3910
5043
1801
3969
5777
2772
6282
4901
3144
4762
3851
6913
1194
3826
4836
4459
1058
4608
3020
443
5944
916
6710
5719
4946
3069
1198
3725
2398
2519
6109
4900
5790
3425
4232
4696
821
5352
3007
5155
1348
884
3972
6178
6940
3039
6586
4736
2166
4660
5656
2888
3288
2725
1775
2737
3054
3594
1166
920
4381
5955
4921
461
2605
3511
5565
838
620
6964
6503
6897
3201
1928
4443
832
1585
2019
1339
4615
2279
1857
2814
988
2699
2575
499
3289
3866
5186
1178
3244
127
6125
108
4693
3947
4374
3060
1562
4105
1334
3042
6696
1790
3284
4002
2996
4688
1292
4064
5294
1104
1855
2751
4159
5919
576
2392
3978
926
2408
716
4268
457
4904
5407
3207
3236
1962
3465
3238
5779
3816
6100
6951
5122
6519
874
5967
6093
3448
1285
5819
2579
3989
2583
6518
2905
261
2694
4465
4640
4915
731
4839
5135
1438
6706
4409
1370
1865
1090
2949
2921
460
898
1909
107
4279
3807
3603
540
6353
2611
2648
1616
4330
2851
3323
3960
5934
3861
192
448
6155
6330
2502
3159
3153
3347
2046
4088
4778
415
2285
343
188
4463
1544
4769
4386
4871
1270
4157
71
5697
575
519
1170
747
2740
3606
6766
48
3956
6493
749
6623
5445
2369
2484
3277
1220
2735
5798
3424
1750
2128
6342
1117
2710
5335
932
4260
2505
2794
1849
4649
3015
980
5648
4588
1622
3280
3896
807
3513
1768
2301
258
2032
1540
5724
1807
1968
1899
179
1692
2332
504
4131
4837
4714
5323
5690
174
964
6145
5066
5231
4801
6397
1330
1452
6609
388
3981
6141
1903
1564
4234
2604
3057
6098
3794
2345
4231
5514
6694
4864
4303
6805
6477
5997
1964
1009
2089
771
2753
3823
4799
3772
563
513
3247
1525
2968
2513
1432
4304
4531
5165
4150
121
848
3355
5321
3867
4504
5013
5070
4106
1639
1560
5339
5488
2761
6780
4170
4738
3726
5067
3919
1250
6268
6440
2058
4648
3410
6616
4120
3915
989
4800
2235
3239
5763
3472
307
1484
5599
331
1304
2216
4534
6114
4514
2766
5218
3899
6631
6508
6319
4753
6877
4995
2212
4737
4973
2314
1987
5958
640
868
2047
86
5598
6801
4135
1917
5101
497
6276
2714
2260
4029
5747
6142
4076
6802
3760
5966
6265
4683
1316
4564
2209
6868
6165
3761
4043
4984
6967
4026
6931
6871
4137
1872
4395
5772
1110
5090
4243
295
6962
1482
5808
344
2866
1435
2131
541
4575
4085
6561
1251
61
3627
3538
4165
4248
1975
515
5723
1138
4468
5378
1168
5022
1783
18
4515
2886
5322
2859
3550
5780
1867
2501
1448
6754
5153
5939
1626
3870
6378
4713
1096
3577
3783
3571
2820
276
4872
3257
4516
2092
3258
5576
3454
2448
6643
5094
692
2533
4174
5649
3778
5441
2149
6748
4665
3318
4198
1910
4322
5821
2670
6260
3019
4286
3779
5379
6844
3837
3467
1402
3688
4290
111
3974
3979
2396
4729
1632
4449
2789
6195
3002
1031
2063
3037
6670
4742
2754
5096
4328
109
3625
6492
1823
1824
552
4978
3802
3515
939
3464
6896
1390
3127
383
1428
5620
1573
5202
4875
3670
1308
4911
5472
6853
1454
3580
3123
2118
5444
4340
5479
4527
2091
6746
5123
904
6534
1240
875
3335
549
5274
3105
1278
23
5121
5720
4990
3115
553
402
3615
3825
2860
1091
5229
4572
6023
3941
635
2598
4489
3930
5699
4912
4069
5733
760
5704
1571
6167
6293
691
196
870
4058
3822
4675
3907
5902
4457
1230
5502
2269
5691
3174
1863
4204
511
746
5342
6386
2240
4426
6219
98
5010
4622
3116
1604
2045
2236
5839
556
3965
3885
1233
6088
1999
2025
2518
3102
3573
2810
3224
4196
1171
5365
6179
2347
4773
5695
6069
124
5754
115
