535
762
461
577
608
618
356
471
936
406
971
706
420
816
583
960
1024
856
579
224
947
180
386
16
191
384
502
1
437
904
768
593
201
313
442
983
849
576
574
514
367
17
30
331
101
131
254
253
149
897
318
458
64
501
274
485
668
473
1020
62
300
591
350
587
799
158
395
696
652
1006
182
1026
638
923
285
165
549
361
810
510
801
112
793
763
853
509
496
898
718
410
749
669
355
770
878
10
53
989
25
375
637
704
764
207
653
281
1007
216
262
621
866
760
872
447
775
858
276
1031
893
305
320
13
434
23
747
548
978
1005
186
905
438
385
819
289
988
840
609
902
106
18
194
391
416
841
159
927
160
532
567
952
334
701
612
957
674
118
916
484
466
920
56
283
738
723
0
925
368
440
54
822
236
857
592
560
835
398
167
742
203
345
380
189
493
279
260
1030
911
873
225
933
975
140
505
124
414
45
500
644
24
1041
536
540
538
528
570
199
580
852
202
508
620
357
251
578
429
769
903
460
219
15
237
360
778
113
972
795
489
325
748
746
451
324
987
736
457
715
714
646
684
774
441
107
359
241
895
737
661
61
196
134
932
1011
326
552
565
95
759
299
92
889
672
754
239
423
231
323
1014
771
86
928
837
454
924
886
691
99
145
880
155
263
954
974
839
9
293
677
780
117
830
722
716
815
353
255
797
332
965
948
1027
1025
665
178
382
765
215
497
439
935
308
1015
234
256
337
788
534
220
50
126
503
726
651
967
343
1033
918
128
996
832
427
613
617
1036
1029
268
43
424
417
115
1013
157
596
554
1002
374
803
805
272
175
83
264
235
917
690
218
187
111
555
518
206
59
338
297
559
950
1040
772
2
94
319
634
125
966
60
979
906
14
181
782
833
658
813
55
520
408
87
210
525
229
102
1034
266
366
713
557
226
645
863
599
93
750
720
205
221
450
656
692
921
1022
81
119
270
626
392
303
273
636
910
389
41
827
327
238
90
213
340
73
452
200
679
349
228
1032
743
850
648
373
123
958
245
561
1037
152
571
85
21
1039
383
543
298
800
650
553
851
926
322
659
127
712
490
68
614
486
405
949
342
479
306
12
888
550
913
233
616
600
432
892
566
1044
212
541
757
209
729
487
1035
937
625
522
110
794
161
790
456
894
519
991
168
881
845
488
882
944
901
329
986
317
785
97
530
491
821
817
859
1018
941
495
480
890
114
27
678
498
1019
1042
615
629
267
655
568
335
130
339
70
537
403
908
632
390
425
120
141
34
542
362
8
6
388
504
39
973
1000
248
230
378
104
246
756
994
569
728
990
573
51
899
682
244
1023
861
290
694
116
144
999
581
105
676
96
79
909
42
52
372
919
702
531
393
336
314
961
476
137
995
685
876
477
698
129
628
146
280
287
868
214
968
465
804
588
885
884
78
171
315
164
883
1028
870
523
980
412
773
1021
369
277
463
824
407
607
732
671
295
733
964
582
1012
148
143
71
657
459
58
707
387
766
475
379
744
826
411
346
240
739
1016
474
693
185
589
1008
20
74
396
640
91
959
257
611
982
249
993
436
670
724
938
453
478
100
84
511
330
627
575
108
294
399
854
172
67
818
814
265
643
192
284
727
929
77
401
792
455
321
133
603
641
381
32
900
98
426
719
351
877
506
302
311
223
635
462
36
825
179
37
622
28
874
969
269
341
610
415
735
710
507
798
998
784
922
89
136
527
623
88
422
291
695
544
631
734
787
5
745
288
174
47
619
275
173
1004
834
556
680
38
304
931
865
633
686
951
1017
699
985
660
551
333
222
642
483
169
945
40
708
307
717
992
809
725
605
394
286
789
697
533
761
939
624
812
914
875
204
942
19
75
970
328
526
400
585
464
147
183
250
433
649
630
703
848
499
492
402
831
871
154
516
515
190
843
755
601
26
138
976
776
675
166
377
721
604
247
