1760
1130
2796
958
4330
14
2002
4759
6263
6338
2990
6504
1557
2444
3617
68
2518
1342
1725
5073
1975
4433
1401
5147
2134
532
3973
2648
1860
3730
780
3559
5823
809
784
3709
5837
5742
1589
4858
2515
2776
5997
5141
2440
3733
250
4260
1863
2569
4794
661
3001
6312
4385
3746
1226
166
265
2830
3572
3713
4623
3247
3484
5833
1723
163
3550
4627
4620
3222
612
3046
3440
1564
4326
5464
5661
2999
1072
52
3282
4847
2771
1251
5322
257
4439
1233
2591
3369
3842
5766
1879
5530
5418
297
3116
6362
5342
1026
3998
3473
3340
1596
1397
4193
1995
2789
6034
696
3985
5995
674
6078
2842
4859
3435
26
2628
5082
3577
2811
6525
3671
607
4652
1331
1278
137
717
5368
4835
3741
1065
6290
6550
1515
4025
4100
951
2161
884
2870
4991
4049
3425
5033
6299
3270
3349
3162
5617
5387
4340
370
3660
5565
3123
2945
967
5814
6184
5629
2619
4557
2788
3240
5772
619
1176
1704
3596
2279
1359
249
1067
2969
1142
2534
1248
1660
3346
5670
2186
1510
3940
1761
983
6319
1399
2209
6027
332
5821
2063
5824
5590
6371
922
3255
616
2156
6180
1971
3112
2345
2561
5785
931
518
592
5225
5308
1410
3238
711
6293
1168
6426
4788
1520
3382
2165
4061
5207
3829
698
398
2337
4831
3196
660
4416
4987
2395
3388
5801
6171
5059
2853
401
928
3586
3044
6070
6192
1126
4107
5968
429
803
6067
3444
415
4428
3350
3283
4484
3608
2149
1872
1572
1753
981
4989
514
1850
2578
1559
694
3812
5428
5473
411
2321
4967
4768
631
3164
690
5321
6560
4694
36
2883
2437
6209
5572
1047
1458
4056
1169
818
2338
5165
942
1496
2631
5948
4729
3115
5779
1808
3522
324
2959
3430
2153
3233
1701
6340
4419
1123
2201
2672
4135
1334
2564
6430
791
242
705
4191
3117
1570
4902
6418
1487
37
877
3725
3735
2503
4821
2912
5427
2979
5234
4409
6094
6196
1827
2808
1773
1416
2810
3579
1263
3156
1218
2977
260
5300
2010
796
4402
6325
3574
6010
4261
632
4662
3390
1159
792
5270
2184
3005
2420
6403
6186
3943
851
1480
2144
5652
4060
1734
291
283
2299
2526
638
3236
5429
4521
5998
4636
5971
127
5841
2013
2429
1983
2756
3792
2904
1804
2248
3342
3599
910
5329
5791
1512
2667
1207
5924
2391
4477
3682
4656
4132
48
2044
5365
2659
3419
4741
6175
2632
4514
2507
700
2686
3611
1330
4139
2541
1049
5545
1736
1713
278
4711
55
3595
2522
1746
1878
5575
2938
2613
2357
5991
27
3854
3245
2805
33
6547
4840
4003
1028
496
5231
4774
2958
4426
284
3712
5608
277
4812
1413
4894
2911
6151
6189
5152
219
1198
4673
4097
4091
1361
3963
4369
4130
1304
5699
1190
1931
4722
1599
4291
2431
5932
2239
526
4830
4990
3938
633
1822
2794
775
4958
4809
3892
142
6164
1585
2991
1287
5051
778
2309
1815
4482
500
120
3767
3198
2970
4974
2944
6294
3776
4505
4102
1490
141
5739
6307
5961
563
6493
1284
406
4803
4863
3983
4338
1825
1452
682
1859
4367
5529
921
4742
4351
495
1074
2430
4444
3536
12
1409
1861
6212
5522
517
4062
3609
5912
5644
6194
3894
4324
5335
2398
4344
3995
4218
2456
2459
639
3820
4515
1344
3670
497
628
261
5919
5069
4834
6177
1272
3789
1539
645
6153
4653
288
468
4202
2266
5557
5292
1640
6350
4098
325
1855
678
3161
3134
4334
1335
6011
3601
4784
338
3361
589
542
5047
5746
2521
1994
3980
3230
6112
1643
1059
1886
2525
1738
1267
1813
6421
613
4926
2926
483
6365
3168
13
3766
5783
196
1488
3279
2660
6398
3588
5756
6255
1191
451
4668
5391
54
4508
175
4354
954
5481
557
3192
3817
5027
4272
4046
2038
4486
3029
6276
1018
3765
5826
519
4960
3428
5328
5673
1187
2085
5691
3180
5422
6409
5744
3226
5780
4772
5710
5796
5475
5315
5531
2568
1345
1290
1403
520
3538
1750
5206
4282
64
1924
5175
2259
591
3274
3384
692
5232
4492
3377
4232
2848
3124
4765
5989
1179
1644
3855
5972
4994
1316
484
2079
3512
3486
1454
6328
3354
1249
4187
380
1208
1326
5201
5349
5404
1329
1320
2331
162
4362
4715
2347
6076
3707
604
2825
347
2770
5709
1456
2629
3669
2995
4617
29
6344
5586
5516
919
5741
1839
2287
5604
4755
3791
624
6502
3187
5309
2058
2758
6317
2861
3905
6336
461
1698
254
2779
93
131
3723
101
453
5426
1252
4661
1146
3015
4674
1002
5566
2937
5492
866
6391
4262
4208
1584
3106
3386
4645
5973
5112
812
2775
6310
2190
6190
4731
1658
4258
1846
3718
3163
2757
5408
4375
590
2016
2267
2355
2577
5656
2343
1739
2952
418
2976
3997
5288
1562
3148
2062
5113
5054
2212
5312
1216
5657
968
4300
3964
614
5213
978
292
5621
836
5672
199
1024
6349
5634
3717
222
4352
197
653
1183
1921
3518
1012
5159
3564
4841
2172
4239
6348
4316
227
3041
4555
6488
3229
2099
6106
1107
5355
4761
2837
414
1141
3389
4027
3129
19
6195
5602
473
3607
38
3979
5981
1246
2635
4329
144
3525
3619
4804
1706
610
1758
5155
389
2340
1466
979
6557
4475
2867
2996
392
2039
1491
2697
4378
2211
3568
2519
3019
1826
5070
4498
3946
4086
5596
5331
1984
5762
2455
1195
494
3856
4137
4973
938
2312
4470
4331
3166
3585
39
861
1172
4650
3716
2443
2827
5818
2236
5714
1858
3711
4577
5820
3580
275
5917
1280
4727
3833
1125
5913
4838
5118
3496
5362
2322
3706
6397
1006
2255
4346
2262
5167
407
1674
5540
6090
4328
6083
3992
3777
1592
43
1742
6098
6433
4353
814
5750
4070
2924
5915
5806
5295
4386
2054
6342
4933
703
129
5103
2875
4175
1022
6297
1167
5794
3093
3526
6143
5624
5773
659
6146
5645
5218
373
5019
2445
2962
2849
4622
4443
1200
3376
5271
4986
3971
6103
333
1357
1285
859
3882
6113
235
4900
5064
3360
881
1554
4808
1849
6108
6265
6505
4441
2981
5938
4421
216
5707
3532
5581
4495
3738
4972
5299
6023
621
1735
1432
1642
3487
5180
4775
4204
4930
3968
4283
651
358
6356
6032
2582
5595
2245
5533
2141
6532
5273
1318
4797
1662
3822
4828
4209
4732
1343
2064
6203
5719
3959
963
4043
1810
4702
4069
5962
3268
4743
2413
4115
5326
5667
1727
5221
5552
3261
5336
718
2206
3563
1837
3352
1418
397
4392
4438
6087
6104
4397
1129
5488
2175
513
1260
689
4480
195
210
5424
525
4393
3231
2384
3483
925
3911
4564
1988
459
936
205
3847
3002
5664
2974
4422
4242
3672
1915
3271
777
4252
697
4663
4739
927
848
4634
413
5161
5927
2067
2073
1268
5325
850
1166
4226
4216
4866
2250
2065
5996
2356
2774
3242
4822
4045
1909
1302
5943
1823
4572
2229
3438
4556
3673
4240
507
3589
5836
1275
452
4420
605
1147
479
5119
4101
6006
3478
3477
1965
1286
212
4141
3948
781
4574
5817
2868
2268
3391
2664
2045
2637
1213
4864
247
3195
6334
3881
2763
1552
4560
5471
2035
40
2383
5940
3605
6079
4241
1816
3108
6080
3036
475
6157
4435
4199
2768
5548
793
1270
3363
4238
6118
4356
3830
2400
3517
5179
4487
1718
1467
409
817
2354
3590
5110
1475
4094
4940
5189
285
4408
3178
489
1818
4777
4120
2574
2769
3513
4377
3779
2294
2151
395
5980
2651
2319
1404
2915
3680
4288
6411
1048
2546
4758
6110
5712
5394
2942
4404
5304
1547
2146
5945
530
44
1355
455
6536
492
2531
4231
4983
6160
493
3844
2460
3022
2160
1646
1999
3851
1751
2910
6017
1824
2178
1297
4550
1868
1054
3280
1254
360
6268
853
3880
6035
1235
3896
382
323
4721
295
4000
1583
4230
2415
3681
359
1310
1374
221
4147
5914
417
5708
3003
469
5460
1224
5439
5636
976
1182
2993
1019
2188
585
21
666
6428
2461
952
2012
4342
1314
3996
4523
2644
6301
2449
3172
152
516
3976
3560
6278
5839
4670
4770
2823
1594
2426
655
4805
3211
449
4093
5470
581
2646
4345
1217
1138
60
30
4213
3581
4780
4961
5275
1425
533
4411
5653
5410
676
5281
5609
5040
3677
5164
1311
424
2917
4947
1726
4285
1595
4152
2270
3181
671
2658
4249
917
4924
6012
5819
4398
6492
3849
2274
5567
3393
5828
5478
1034
2101
1471
3121
4051
3253
393
4424
4029
6300
1563
4301
4534
3034
2542
3610
6326
5333
1791
5171
691
2359
5389
6179
3527
512
344
2293
5695
2638
1600
2508
4977
2163
1426
582
4183
4522
1004
6386
56
3035
1651
95
3616
6155
2389
501
145
2634
2246
1177
2535
5053
1481
262
4519
3145
3770
885
4225
6496
3368
5784
2856
4337
1113
400
248
5782
4966
3020
6262
5716
4497
4366
135
1203
6107
6487
5515
5650
1073
5822
679
5769
1880
5966
4390
2009
2573
1556
6270
4540
1907
4358
3975
6500
950
2052
1411
4379
2242
1517
3837
281
2290
4332
4450
5916
5319
4738
2207
562
3275
5690
3387
6101
5541
3941
3010
2540
1222
3768
2425
6499
1569
2693
2923
1719
2275
3684
5008
4349
6335
3736
3826
5000
648
3747
2200
972
2975
4327
2678
1659
5323
88
4845
6089
1772
2946
2939
4811
2320
2558
634
575
969
5669
4635
5416
4827
1670
2316
2158
256
3726
202
3217
2838
558
2504
5045
6004
527
3278
2670
4734
2663
1240
1802
5543
6
1282
4023
2446
4981
2807
2436
1765
5974
5339
1794
5434
1358
5358
4971
4399
4676
3249
5554
6253
236
4995
3974
4898
1853
6503
4387
6275
49
4890
2360
3256
1095
2538
2192
47
3977
3466
6033
3551
5474
1883
3375
5975
4268
5626
1578
6558
3824
1327
5401
6366
6277
2404
378
2170
1333
4571
3742
5519
214
1654
2657
4928
4040
5065
1337
157
339
6389
4126
2873
2451
6359
208
5977
4630
3011
5637
2142
4542
4536
4233
5493
5354
279
4182
6289
2260
5190
173
887
334
3027
1820
4292
4993
4929
5969
3679
1711
6121
17
2914
1461
3587
2084
5012
5186
1341
1731
515
3151
2921
5196
3210
1349
4266
4527
3433
3225
3429
4190
707
4122
1747
2005
6555
2583
852
3213
6419
6264
4633
1967
1884
888
2987
6333
6401
1664
3370
1111
3059
5587
5482
2155
4248
454
2382
5599
4410
1665
5491
4887
326
4200
4396
2960
4795
1811
1597
2301
4361
2380
2929
4539
383
2833
4488
5298
1656
4814
2532
4790
1567
1575
6339
1812
5490
2143
1469
2277
1336
2000
576
5046
4975
5108
5631
1402
4259
2968
1969
4347
3558
647
3102
5941
2439
6375
3366
3032
5181
2256
2831
46
2696
5665
194
5711
6085
4823
4517
2645
2448
4425
2417
1526
2315
238
4490
3135
4384
3603
4306
229
1770
1803
1493
3816
4998
5187
5296
3159
5689
126
425
3167
1407
4294
0
5005
4235
2616
5210
4476
4725
2173
3514
4090
1465
286
4087
5622
239
939
6117
4813
3743
6148
2847
719
477
5985
3546
858
3276
4648
6302
2579
3604
3850
458
2819
3475
3266
139
6383
3343
783
5390
4032
274
795
566
5361
4044
640
5423
547
375
5963
4440
5663
5563
586
2076
617
790
1460
2208
2793
4941
3133
5942
6538
2642
4717
3906
4054
3939
15
2839
6298
2056
5598
2544
6267
4063
5006
3097
233
4956
1535
6526
5279
3658
3372
1929
2264
2100
90
4104
549
2047
5697
1870
2621
2298
3202
1101
1370
6005
5197
5144
1504
4554
4696
5014
6425
2244
779
4735
1993
3244
5638
2014
6424
266
3421
5635
402
502
6144
5754
5659
5111
914
524
2927
4782
330
5353
2858
263
2549
4826
1348
1303
2363
1925
2997
1247
4787
806
5537
4196
886
6346
386
3139
3416
4658
2798
2679
268
5057
5145
1274
6269
3493
5639
4180
2150
3185
5736
1551
140
4513
6332
4221
486
4028
4541
1928
2843
2104
2898
1653
937
1500
1789
2957
776
5406
5760
2306
51
786
6279
4414
2878
2283
1102
5301
2618
4493
1180
2004
6530
6141
3008
5077
5200
868
3818
6204
3443
5366
4121
5199
5485
4264
4412
1354
3143
6562
3200
5467
5294
4117
1918
1046
1017
1165
5487
3144
1553
2403
2335
5034
3227
874
3422
1253
156
4281
269
3516
2908
4707
1139
1485
2465
4302
4516
579
3234
5317
6323
6551
657
2936
2928
1767
1455
3936
5021
272
3903
2840
1124
4253
6040
3056
3091
5007
2098
1424
797
1186
4123
5740
1296
3782
2892
4113
4530
1671
4325
246
5992
5398
5022
3714
1221
5926
2040
2891
5810
5074
4798
2530
5560
879
3531
687
4313
6169
2953
1990
2985
6043
244
847
4927
1011
6309
464
4944
2762
4575
5713
3664
6072
4720
570
4128
3173
5788
3201
1031
1127
2505
3988
1669
4129
2083
2572
2845
384
4748
5084
1266
3260
385
4406
5071
4296
1109
4764
807
6358
2198
6088
6075
1171
149
6384
3094
5311
6377
3978
1832
2866
1120
2523
550
2951
528
1523
165
2166
5561
4785
636
4786
5343
5079
6485
160
4737
1801
3053
2681
4119
371
1429
2097
5205
1707
6208
6082
1536
1558
3950
4068
948
5227
6274
1061
708
5832
1710
1362
2252
5461
2524
3583
706
3030
1716
5330
1740
498
4942
1768
3621
3479
5807
4869
3569
89
5804
4671
5623
6105
2006
474
1571
4781
23
4832
2783
1134
1262
1923
1793
4415
2258
5521
1291
4037
3165
294
2127
2183
96
3708
6286
3007
531
4799
2909
2570
491
4528
2922
5083
544
3676
1663
5643
4624
2292
5004
5808
3125
2450
4201
3110
4842
4224
5829
1798
3009
3994
2881
4284
6313
2162
3431
1376
3018
5063
3575
2140
4436
5044
1151
3819
4568
1104
5781
2126
1250
4389
1309
1421
6038
2889
3132
3464
506
1214
2082
6282
2325
6363
4048
2457
4471
25
293
3353
5606
930
3434
5291
4447
1524
1406
2377
5011
3193
5396
4535
4065
4558
5816
4449
652
4188
405
2935
3542
213
3474
2414
5407
5717
4125
5066
915
4030
5477
3618
1845
4297
5435
535
4566
787
381
4936
941
5758
1677
1315
1733
2230
5223
882
345
4234
404
1591
4943
4494
5952
856
3224
5341
537
5283
3149
2408
3437
1201
2682
6042
258
2152
4583
1836
1667
2673
2954
3284
4549
6318
2814
1709
4504
2785
1121
3667
218
1322
1834
5048
6073
4756
1922
2145
6394
1013
1153
4339
5597
6308
1522
2353
1462
4631
1070
6213
5468
4150
2240
932
4198
5411
99
929
911
2846
5761
5910
2231
3418
1453
4315
5036
4773
1914
5332
1590
5177
5978
1982
5001
198
3246
1705
6198
2297
4708
45
3107
4753
2385
3623
1498
2182
4148
5542
1482
4257
2042
3136
3051
2801
2091
4525
5414
2075
1154
3967
3179
4308
2773
982
1641
2241
206
5486
463
1840
123
4024
6048
6176
3359
5647
5671
4745
2880
3494
683
839
5494
5925
580
2554
6331
3378
2547
2103
363
6120
1131
4948
4783
168
3836
2824
2760
6259
3273
3719
3715
255
1255
5318
369
4323
259
1873
4333
4533
1173
1459
4865
3436
4322
282
2235
204
4939
4219
2906
4479
4474
1427
28
4179
1741
4949
3576
4704
808
820
1037
785
3025
4955
5949
5559
677
2381
1932
2068
4274
646
1799
3004
6096
815
5918
712
2691
243
5031
420
5114
2986
3251
4485
2138
3934
1871
4938
5415
3987
3910
2313
2545
4103
5058
1657
4848
1063
540
4852
3182
471
4846
794
6305
2369
2948
5075
3732
5430
1021
3092
5419
252
2816
128
6140
1505
4350
6014
4518
2197
390
2061
6494
3103
3886
6074
680
5693
5049
3745
2896
3060
1238
2434
4629
5174
2894
4899
6021
1882
3414
2007
4251
5578
2784
5015
3823
1149
5306
335
2053
138
5849
67
6022
3562
136
854
388
1010
4934
4709
1724
4343
6207
1913
1581
1577
2560
2416
1060
2015
2829
584
3548
4237
1763
5790
364
2392
2411
804
3265
6429
2836
2096
273
6197
5421
4897
4371
287
5028
18
2050
2330
456
1023
6373
5357
6327
3216
6395
6434
1476
1645
1132
2302
2090
499
2093
387
1675
5037
5580
5367
1161
4022
4004
5840
4429
1927
684
2364
1363
1294
2956
234
6490
5933
1545
593
2041
4718
3209
4035
2643
656
521
6152
465
5168
3126
5909
2
3099
3031
2669
481
4776
2812
4305
4299
143
1987
6556
912
1495
5688
945
4363
4418
1764
3095
4489
4801
3524
578
4843
5937
3042
5217
3045
5666
146
841
2295
2809
6324
3678
4116
5195
6178
713
1835
1833
2310
1529
2590
322
3778
5412
1197
5767
5338
4031
2940
1470
41
4172
2984
5696
4105
6563
1647
1308
1792
3537
6100
122
6320
1790
2925
1991
2095
3981
5106
2973
3737
2136
3174
681
2559
2157
4223
4467
1014
2639
5109
2671
2636
4507
1317
2453
5352
164
2284
3614
130
2802
844
5314
4655
846
2046
1136
2520
2767
4746
5921
2978
644
1484
5305
2370
667
2562
4751
980
4888
4710
4700
5994
977
4254
4355
5324
2851
5176
331
6414
821
2278
4278
367
4405
3840
2441
3545
4133
2780
2001
4562
522
3348
2790
2195
4891
4807
6150
4194
5284
4982
2552
4829
6381
6016
4954
4632
4335
4472
1009
5685
3970
1809
1325
6026
3221
5402
511
1743
5212
6311
4270
1464
6001
1035
6097
5983
4228
6200
918
3722
4819
3142
2907
1321
5589
1289
3529
2409
290
5029
319
6393
2533
920
5348
2452
1650
5558
4468
4789
1150
3424
396
1157
5838
4217
1528
2989
4317
1992
2581
1587
5611
3884
3177
6000
241
3385
3657
1225
6028
1661
3989
1055
1347
253
4481
3909
2238
3057
5042
1648
5605
1405
3426
2854
3769
4757
5524
2864
3656
2148
4256
6387
4001
1103
4810
4042
1152
1906
6427
228
3567
1530
1544
975
2386
1143
1231
6145
4651
6369
5463
1668
4067
5946
2511
4537
2786
1749
5397
1115
5230
2916
2379
2410
1097
5104
6003
5749
4374
1797
5694
4640
4276
3101
2980
1408
3552
2358
2438
6498
6099
1800
3470
693
789
5115
6322
5931
2588
3838
482
3485
4695
5153
63
237
2247
6116
4893
2652
6020
5698
3371
2571
1230
6509
343
5701
5536
5215
2683
5417
5192
6071
4236
4892
546
2237
2576
3937
842
31
2326
4145
1338
2649
4713
1986
2135
3661
1807
6482
1580
403
523
1020
1976
6357
1550
3815
6025
3492
2612
867
1722
476
200
1842
1228
5278
4889
4142
1468
2406
2323
4752
5166
6115
2037
2835
2803
4245
5405
1866
4619
3480
1243
6537
6149
5013
2587
1292
2286
863
5592
6388
568
1795
574
2694
4999
1769
3252
5908
1156
4041
2154
1244
2280
1494
5584
2877
1508
4806
2815
6304
2433
782
5347
6031
3365
2800
5016
423
3902
2458
5805
2614
1534
419
4243
3945
2620
876
5043
2462
1007
6009
6534
6484
368
5594
4298
2036
1555
3519
1045
2055
643
956
3999
271
4988
2059
3566
2396
1527
3857
6533
5003
3986
1519
3197
125
1730
1324
3184
940
5770
2402
3208
5532
5930
1422
3897
480
4144
3489
5630
2296
3668
1828
875
5778
3118
2617
4675
3544
5030
5224
1205
2419
5360
1058
86
3523
573
4265
4430
3860
5214
3956
5687
1561
2797
2517
1502
3467
5613
2205
4851
5959
2257
2832
3972
3039
1748
6261
2105
4641
5538
1525
873
1503
5987
6036
771
4407
4578
3281
1652
2689
1831
959
1241
4427
2177
4769
1003
5184
1204
2919
6102
4026
6047
6507
5340
3530
4269
1499
5068
4287
1056
6093
6330
4969
3556
470
4968
649
3488
6077
3541
5812
6554
2066
3058
5633
964
685
1916
3052
6489
2168
377
1676
3223
408
2834
1245
2778
6392
555
1352
2862
5593
5163
1715
2193
3152
2966
4792
5025
2828
3659
2766
3263
1128
16
2390
4796
3839
4749
2675
4124
2464
811
1372
2947
6201
5203
2516
3783
1185
1371
5562
857
193
5052
6501
3771
2167
564
4703
270
3561
3014
5649
4833
4719
5768
5934
3674
5290
2003
3731
427
5759
802
3127
2378
1821
1908
4666
91
2428
4432
158
5735
4778
3954
3966
799
3594
1400
4192
62
5346
4532
4215
346
1593
1814
4106
1114
1841
662
965
2826
3665
5233
5393
3356
957
5359
3553
1365
5272
4131
1756
2187
5035
4978
4173
3215
3138
5436
1050
5738
5614
1298
5950
5293
3471
4733
5957
1457
3885
5632
87
4176
5976
4066
6280
2081
1162
4618
2249
2885
3893
428
4701
966
1568
3120
5789
2950
6119
35
3540
3218
2817
5616
2282
5466
1673
5282
609
1098
5437
1299
4868
1970
3891
1796
4510
4816
3790
328
1068
1016
6254
1112
1867
5920
2070
2405
1140
3606
2333
6288
4815
3620
1052
1210
3054
4667
4642
2630
1754
4579
2662
3912
1546
6347
4860
4935
6211
3105
2285
6030
3257
1904
1980
2501
65
5967
1219
1771
5576
1301
1158
1700
2072
6352
4818
3206
2589
2933
3254
327
2918
4214
1339
3961
4767
5765
6404
2352
2305
5182
949
1032
5628
5310
4400
2159
5907
5303
3415
2401
890
2791
3724
973
2092
3355
6170
2332
5162
6252
668
2865
3104
2855
3787
5351
2818
171
4499
2281
1133
2680
6548
5752
556
714
2650
3155
561
5549
6337
6284
2253
3205
3744
3533
2311
1415
264
3362
5979
1066
5517
320
5982
4111
4047
4373
5216
3841
5023
1144
5800
1271
1874
5600
622
4839
5947
3788
1346
6183
1573
1030
2447
5286
3834
5209
1265
837
4524
2872
466
4290
618
5142
5747
362
3947
5845
4357
5646
5276
6210
5827
5627
3960
1548
4336
1817
5220
5935
2422
862
3028
860
934
2548
1178
4712
3704
5313
4750
2684
372
1373
421
5834
2687
4134
1538
5929
3111
3705
6355
5345
5472
4754
538
2795
1974
5
2043
4058
5718
2089
1242
3845
3199
2185
4762
1189
5520
1729
3951
4395
2334
4195
1116
943
5425
3239
4901
460
5936
4565
5618
801
5018
3573
5922
838
2806
2179
6185
4932
1762
6422
2349
2131
2210
5038
4747
4002
4511
2874
4309
3900
630
5277
4526
2514
5229
2661
6508
1717
5280
1396
4211
3481
2139
1560
4307
5061
2567
6306
2328
663
3578
3720
5080
1155
923
1905
2934
5607
5939
365
6166
5956
2327
316
1236
3267
5465
3615
3191
1997
3049
1881
2513
1862
1714
3351
4036
4089
2965
4246
2318
2690
4699
3140
8
4726
5960
2955
3774
971
1655
2265
1117
5954
6423
2964
4271
608
5846
3194
6413
6552
4138
5797
1847
1541
4771
2886
3570
5550
220
5060
1353
1175
5337
2963
872
5154
6416
2688
5612
3243
100
4856
20
2615
5748
3013
3341
169
6206
2655
1375
4227
6037
3701
6361
5568
2344
658
1351
5847
4736
3147
1977
4639
3427
5535
1531
3096
3047
3038
4569
5753
6187
5619
5642
1118
1099
2653
5798
6257
5363
5228
4697
5792
1844
3392
232
2860
6343
3969
1071
595
3367
6329
4997
4824
1586
2510
4359
5993
5395
1259
6084
4321
567
4055
6368
3602
1293
379
6553
4548
3811
134
2427
2176
5640
3212
3832
572
4417
3520
2668
600
5776
4503
2666
6296
5564
5831
1041
3364
5170
5476
3942
4140
788
4263
2647
4171
3990
1223
66
946
2232
4149
3109
1043
4341
4976
3048
1075
3521
6008
6182
3991
2677
2781
2528
5081
5911
2314
4096
2317
6314
3021
953
4862
4649
5577
709
1968
3962
3495
620
1332
2367
5787
1752
2008
4376
2988
1042
3984
3835
6205
4185
4229
3050
276
2551
1588
3549
6015
4849
2899
2623
4855
2888
1973
2759
5117
1053
2897
2913
2171
1755
5432
121
699
148
2132
3043
2071
503
245
4965
3207
2879
6402
124
1192
2901
3131
2676
4099
4050
5534
5026
5799
6260
4854
6273
1160
2537
3814
4434
5601
6380
1206
2850
224
488
664
3721
1864
3683
3158
4531
3272
4279
3228
6497
2566
3232
6549
59
5107
5591
1463
4273
1549
3241
4445
2407
2418
6303
6069
773
6396
2555
1295
5848
4255
6158
4706
1838
6353
1367
1038
3016
1170
4544
871
3888
6114
3846
1110
5399
553
3357
4437
4267
4304
5662
1830
4250
5479
4669
3259
669
560
1981
670
61
2180
4657
2454
2348
3593
1064
770
3740
2761
5403
4979
5964
2329
1202
3269
4529
150
5546
2362
2412
5655
6483
2137
2397
4380
4581
4118
2557
6109
167
594
3663
2393
3122
3235
4664
1276
1062
2276
5571
2982
1926
1985
2174
462
2273
675
539
3153
4501
933
3584
450
3675
2077
1051
5654
1511
1788
627
5795
2388
4644
1697
153
1100
5771
3655
611
625
695
504
1565
5786
5553
1419
1979
3344
2181
4364
5150
3220
5928
6173
5188
1757
4800
5588
5551
4698
5651
4543
1261
4212
172
6202
4962
1708
1119
4538
4857
1307
3592
1264
98
2233
2611
3953
1174
374
1277
1472
3037
1877
1998
6364
2106
4095
2967
5774
4394
4925
3703
4403
1069
1239
704
4186
3528
6081
4837
132
3150
5923
1312
3250
869
1033
3662
151
2261
3023
6367
267
4057
5988
1533
2887
2341
3417
635
3848
3055
843
201
2371
5757
5984
4506
32
1582
5958
2373
5775
1328
3775
2992
485
4963
1917
4059
3613
510
342
5539
2772
3441
2563
2376
816
3895
4178
2900
6258
551
412
2640
2699
2324
6292
3442
5843
5208
2133
800
3171
3883
22
2674
3468
4654
3686
3907
5842
1369
321
1283
3555
5825
3248
5574
457
487
5149
4625
924
4665
970
5999
4277
5185
147
5483
2368
5055
92
702
2164
3006
4
223
6068
5953
3137
4760
9
2764
534
3345
3188
2920
715
4714
4053
5289
1036
2194
4207
3890
53
1122
688
6527
3908
1015
6154
4825
2051
6046
3901
805
5620
3957
2191
3535
1237
3853
3612
2361
6372
4469
6561
5658
3157
2884
5039
1843
2841
11
1234
2553
5556
1417
10
5668
2350
3727
3554
3898
2586
5344
2626
3700
3831
5157
5951
2822
5062
5484
2399
4184
3958
2442
5067
1428
6018
430
4637
6524
4802
536
5198
1473
2074
5547
3781
3189
1220
955
1728
1364
3685
2627
5527
6092
4370
4793
509
4039
3347
4210
4181
2994
1579
4817
6360
4203
3600
2130
1306
3262
1105
3100
5392
4896
24
5173
1509
1279
1229
4561
5211
2820
962
3889
4672
2804
5944
5700
3739
2949
3383
587
2432
1978
426
4382
1745
1489
3423
4964
1227
5751
2580
1209
399
1930
6172
5194
4372
5226
4206
4314
6044
2961
4705
2695
3381
3515
2269
6315
6410
4381
3012
6486
3176
4547
3026
6281
1972
1366
5514
1163
5156
225
565
3130
2998
155
5356
5570
3597
3702
5085
1398
5745
6431
3482
2903
3666
1164
4401
230
2435
5327
6019
4295
1516
1096
2080
6528
2622
3591
478
2584
3825
2049
2932
4779
2342
1076
4959
602
1005
366
3462
6535
6111
1912
1039
1672
1542
5222
4724
6529
4038
2665
1479
2895
1576
1598
2527
203
3183
1319
5433
6491
5809
337
6287
4174
2782
410
3439
2972
2060
6531
251
6007
5204
5582
2890
3146
6510
3571
170
1431
1712
3432
5692
4626
1857
3113
2374
6399
4319
947
3463
4545
5050
1649
5525
1566
2365
467
161
1027
6376
2698
5763
42
5024
4643
4205
318
4970
209
4442
340
4945
2057
6420
4293
4220
1486
1181
1876
3729
6199
1854
6167
889
4112
154
4904
3734
416
4052
6095
1540
34
1137
5078
1919
3904
6002
3785
3944
2592
1574
6165
2941
642
2685
845
1805
4520
94
4413
2336
2971
4576
4222
5793
1819
4931
5297
4647
1256
3214
4716
6370
6174
6390
3843
840
2147
5737
4368
5193
5528
3264
4451
5146
211
4512
2078
1518
5480
4844
1721
4244
6432
1910
4431
5431
1025
1356
2930
545
5743
3539
3935
1537
654
3955
4348
598
5143
3394
1340
6181
5844
6188
1966
3913
880
3373
4951
5056
5307
3810
5420
5400
58
5906
4502
4446
1601
2863
913
