2124
3013
4386
2329
1901
2530
2351
2122
2057
5774
283
739
2865
2496
6067
3048
2043
1563
5934
1292
6223
3012
244
3429
2626
4508
947
1423
2521
2273
2684
4616
5733
3112
4084
5777
6123
1130
6094
97
4755
1234
201
6079
4750
2694
1438
1015
912
6244
2962
4222
2797
3989
4698
866
6549
4345
2275
614
3005
171
4283
2885
31
2376
588
1756
4442
5635
4711
5710
2336
391
4250
2493
217
3484
5367
2185
4031
1323
6336
2092
1344
1721
5453
2602
3439
387
5112
982
4324
4122
2642
2291
4913
6271
2670
5206
478
5568
632
5876
372
5558
3371
1607
3797
1570
3000
2507
2344
3715
1370
647
4061
3332
482
1398
2539
545
1329
1983
3006
864
300
4119
1956
2226
5631
3816
3720
4341
1248
1211
1275
1779
774
386
3928
3073
2195
37
5290
2949
5236
1702
4367
3918
3729
5977
5810
2201
1050
748
207
3143
6222
26
2166
150
2989
2724
3362
71
675
1728
4290
2692
2973
4123
2105
3265
29
2956
757
2337
811
5354
5414
3026
952
2019
3122
2065
1898
6531
4263
2367
5534
550
6213
2863
1321
2767
1088
2172
4663
2934
3953
3128
538
447
3869
5142
3433
3920
5783
2399
3197
2632
6137
1232
2837
3521
4183
3957
3741
2998
4882
677
2635
2257
893
1883
5987
5197
1135
1368
756
1657
4674
4246
4256
4321
4378
2600
5237
3432
3251
3589
1664
3425
5379
1166
5822
5359
4381
1884
4147
5015
2497
3183
3847
537
292
2593
1404
2879
2845
1502
3838
1565
3630
6066
670
5439
1880
1362
813
3763
1318
5284
1325
2108
3017
2014
5158
2040
4715
1592
3110
2946
2156
205
397
5518
3969
5280
5911
2544
2249
3725
2012
4935
797
2387
1141
1482
2923
622
491
3774
5496
1096
2349
2982
4746
4088
1777
5970
3054
3923
4780
2699
1830
1472
4325
6211
1313
2394
4903
4722
1511
1613
4169
4906
1351
1718
1519
1146
2335
3162
2580
2526
5540
4566
950
2106
239
2834
4751
6303
4582
4292
2888
1474
6525
330
2010
2008
457
5959
3024
3077
5720
5186
2077
1013
3992
90
85
4926
3932
4449
954
5107
1781
5563
957
6024
5104
2516
1955
3313
2547
1074
3025
3674
4709
2737
2731
586
340
1960
5305
680
5820
1251
5177
903
4487
1861
5968
1929
4733
108
1132
6016
904
4391
1892
2631
573
6001
2736
2075
1792
468
2875
3841
4288
970
3011
2472
823
1181
580
3619
3063
3138
591
3562
5455
2839
877
2178
2876
4350
5880
2055
6324
5797
3617
827
4633
2308
1609
1963
2354
4257
366
612
1557
1849
844
1915
5899
2610
5665
6401
3287
882
974
4242
5897
6509
2665
4393
3822
2628
536
3458
1249
2657
399
513
1621
2952
5995
2929
3702
2579
571
6319
1019
5718
2999
3685
4957
1816
4679
5238
6561
5345
4200
282
2197
396
552
2154
2584
3770
3404
4840
3966
5529
4578
2638
4420
1610
1093
2018
5454
4278
146
4521
6029
1481
5752
4304
1506
1787
4025
759
5590
5552
4137
3760
2978
1260
3724
822
5399
6350
2468
2377
1068
4759
96
5505
898
4211
4314
5925
2405
2954
5828
1604
6377
5930
2114
4297
780
2214
2983
1949
2734
2429
155
963
1964
2364
2355
5678
2841
3058
4138
3535
5483
6004
4372
2069
516
2153
1126
2612
2795
4130
2572
404
5858
753
2852
2327
4859
2391
5796
5734
6265
1174
2959
4318
4412
3569
3117
1436
5477
3086
4655
5465
6120
4240
384
4886
6482
1513
727
5962
61
1684
2350
6327
2326
3355
3673
3559
1941
4143
293
5372
2474
4529
1058
3141
2717
2578
2624
1788
4166
19
5751
1471
2279
2036
3767
1326
3834
4306
5435
4294
1860
6239
316
78
5358
5686
2675
1539
3515
4681
3533
3126
2028
4105
2236
4623
2522
463
4708
429
1443
2013
6014
4540
4348
2753
4511
5103
3477
3450
2400
361
2853
6078
3755
4707
6258
4757
490
5212
6381
2940
5785
5332
674
1717
3934
577
3103
5389
5832
2281
2020
5309
4234
143
2157
5443
4360
527
1214
6021
3337
5078
174
2141
1771
2887
3115
2282
5487
5220
5928
3333
2988
3049
2361
5791
3008
4258
1258
2921
5564
5199
972
3354
824
6167
99
5071
3507
2904
2778
307
2347
2662
5994
2229
4475
3781
5227
4758
2842
5547
5581
4355
1611
3207
1561
2162
2590
4411
5673
4433
1685
2120
3449
312
5126
453
6116
5370
5573
1279
5388
5537
666
499
5242
1155
5021
6483
1700
3060
2243
1994
3309
3071
4724
3318
4098
3088
2086
5973
1674
4361
3743
2838
1133
4939
1354
5401
1463
3431
5141
5887
4476
1473
4819
1741
3364
2041
5682
4738
319
2577
370
2021
2127
136
265
206
5219
3554
369
222
6081
17
3286
3591
2277
6000
2859
5216
2661
4347
585
4694
3502
5513
1361
535
4310
5200
5632
350
1516
3906
2430
5475
2532
3858
3811
1256
2941
5985
3261
5627
5838
5428
4332
3385
3996
6217
327
5606
2348
4104
3041
831
1625
1469
1422
3534
815
3132
4356
4579
5491
2310
975
6376
5299
2146
2611
3728
3830
4215
4237
583
3987
5427
2053
6478
2247
2461
4029
1818
5942
5411
2227
3065
4202
2764
5113
5604
5229
1140
5025
2528
6361
3775
6496
1099
5166
4947
4634
3022
481
4659
3606
2035
2603
3703
2332
5647
3777
2297
5304
5712
2835
4609
2733
2233
1257
1138
2606
4592
1761
164
5024
5641
6349
1414
2129
1261
2231
620
1042
728
6413
4329
2782
5784
5016
6440
5676
1943
4403
5692
308
597
520
2994
367
4683
5424
5418
4363
3427
1356
1145
1081
4605
304
702
4767
1690
529
326
696
5393
4977
2087
5419
602
4140
6489
5578
3642
4572
2964
2833
4302
4096
5387
5366
4159
2264
5538
5470
2729
5892
5749
1759
4108
2478
3827
2393
1828
4601
2451
1608
4648
315
4610
3357
2848
3405
2860
2161
6439
1549
4114
3711
1018
5277
2772
1480
1086
1638
1336
2052
4059
3568
4207
2869
3227
4942
1512
2176
3351
915
5940
5654
5780
4296
382
5549
1419
4796
528
4422
3079
4713
5795
2565
5860
271
2803
3343
2726
4481
3111
6248
3366
6430
1801
2672
3546
1890
3061
832
2928
117
1854
2813
6294
3560
5544
181
2293
660
2914
547
5990
2639
790
5464
1333
1703
2193
554
3290
139
3648
6368
23
1339
3936
5463
572
4766
6363
2076
5138
4753
124
1515
4210
275
2426
2641
2987
1581
3167
4691
3314
1984
5716
2209
2990
2149
1739
5510
3903
2985
3963
3187
2484
679
4480
264
6268
169
2808
1669
4760
3297
5745
2815
5391
1520
2358
2190
1095
166
4677
2313
92
956
204
3072
1425
6297
64
2830
1104
286
3870
2937
2504
4653
394
2368
1757
1084
1723
1440
543
5848
4110
3307
3675
1426
6212
2309
1578
839
713
2158
2312
137
4417
4046
1786
2674
2861
1079
5106
4273
3259
2654
5048
131
5514
2295
2222
1848
2099
4812
4689
4351
1383
1594
1720
5787
3993
2179
134
4705
495
4872
2183
1119
2587
3201
1198
1097
5456
3482
5569
5885
721
4851
1353
1726
2062
3069
2116
2289
4107
223
5582
5390
2318
4951
6288
887
5196
1631
1770
5486
3471
772
4389
2947
3799
6095
5699
3238
2892
4987
3451
6392
2965
6444
5605
6459
3023
2967
4661
5211
1799
6087
5484
574
2194
2004
1429
5318
1548
5966
5321
707
4376
858
4322
5965
4494
377
1347
2607
980
334
1879
5548
4019
841
4672
3853
5748
221
2148
5481
55
4720
4739
5869
1103
6270
4414
3410
5273
1971
1484
5507
993
3577
2706
5289
3118
920
4427
1122
2160
6052
3672
3742
5826
388
489
879
1489
763
1396
638
383
812
1477
5958
1731
5119
590
486
2681
2944
6204
3414
981
4466
3719
362
5639
2754
4425
5296
4326
1343
5415
4836
505
4259
649
3707
2836
875
4048
4710
1973
2840
508
2259
4218
2759
3664
5409
4135
6540
4712
2174
4557
2210
1049
2071
5263
5077
6075
3835
5498
1708
3046
1850
2338
4265
502
2748
4323
2981
1862
3452
1833
285
2095
2710
871
884
1212
3018
3829
2819
2435
4534
593
376
576
3252
405
737
6041
4287
4340
1162
4032
2878
6048
2125
1245
2796
5052
3074
5398
4093
4241
5039
1841
1110
2330
522
3302
2223
1825
6283
5630
5943
3298
2867
712
4761
2727
705
2386
2298
715
1729
1338
3558
2527
4584
5737
2846
2479
4574
999
1460
917
4826
2977
129
809
1334
1821
1635
5248
5499
1806
4382
5936
5098
2322
2599
4486
5380
5234
515
6299
2305
3553
1191
729
4027
1066
182
6519
6044
439
821
5574
1709
191
1197
3455
2870
2216
4595
690
5690
668
6155
266
568
3341
6360
3369
2487
4043
4370
5705
6510
5362
5601
5680
5792
991
2050
4008
1063
6352
1569
892
5628
1301
3221
2637
3726
4499
1216
663
2044
1522
3442
252
2093
4456
6358
2094
2728
5355
4082
3295
1742
3983
4686
2046
81
1573
4626
305
2716
89
4336
1946
594
3573
1125
2471
483
1932
1774
2500
2950
3244
2974
768
5717
4762
922
825
3209
1743
4967
2
4193
3291
1265
3217
6045
2582
4300
2001
104
873
4141
6148
1606
2164
1048
6203
1665
3384
2263
6536
4647
5210
1102
2809
3305
4697
2735
1355
357
2573
4599
2026
575
306
344
4249
1560
2591
3527
1822
5729
1582
5527
2163
1518
2758
2958
3908
5353
2857
4637
4435
4652
521
5275
6042
2414
1421
1784
2569
2792
4570
4988
3975
4598
2667
3592
755
4730
351
5217
1319
3044
3706
1658
1223
395
5434
6356
2676
2924
157
151
2242
3495
1556
6330
4090
2006
5252
6309
2804
2145
4430
3681
6264
6070
3941
1056
3158
1322
3264
1357
4857
433
2088
2825
1603
3398
1352
4161
2827
2270
1612
704
5759
2159
4129
1277
4996
160
758
2536
3812
978
2107
2292
1737
5954
2287
1672
5978
551
2613
2446
4719
5240
2779
4622
1107
6550
2266
5706
2660
2395
3746
2812
1632
4331
3129
313
1273
5336
4085
3480
3242
4418
3700
2396
6547
4518
2346
5208
1812
318
506
1730
3150
4849
3890
2689
1167
5531
25
2045
342
2345
3137
417
4964
5941
3186
3817
4146
5095
2205
5311
5392
852
1914
2023
3998
4319
4728
2534
5215
740
636
2598
986
235
3099
1432
1574
2251
5949
2121
3231
1164
770
2930
5668
5935
5281
4132
35
86
2618
6086
406
1424
27
5329
3646
410
5146
5009
6193
2090
3171
3839
1823
1793
1219
5361
3271
526
4041
5402
2352
4182
38
4253
5501
6529
1999
2240
4245
1510
4695
5607
2931
2926
170
874
3626
6135
4030
2747
1767
5256
4173
5224
2128
5763
3766
5624
5184
2746
2499
5658
4862
2063
3716
2740
4811
2634
2491
1169
1996
309
4366
2627
4408
784
1262
1965
4568
596
2372
1101
3997
4670
456
1826
5766
4696
2518
3590
1521
6101
971
403
1629
2633
3491
973
4226
5034
5971
2996
1243
4269
3926
4177
3204
3249
3084
1782
257
6144
1899
4014
1268
5909
2005
4036
5972
2886
2265
2975
1897
4693
6477
4630
1393
5072
1083
4228
4706
2152
4436
392
4069
15
2855
233
3388
2583
838
6133
1476
5939
6461
5202
3276
3344
1896
2454
5617
3068
2060
2617
6535
1550
2951
4230
2608
5162
4196
3056
1870
385
1989
2790
5083
883
4593
2920
4097
5445
91
4243
2369
4022
1087
501
6132
4539
473
1071
1210
3783
3696
5917
5412
302
3572
1036
2325
3127
4267
4160
4004
255
477
2810
6152
5562
1681
1551
5979
6060
1222
176
2475
961
5812
62
2847
5316
2254
5047
1937
2786
1694
717
2150
2650
4438
6530
722
2832
5375
2783
1566
3228
5223
2749
6141
3460
4559
3497
2882
1496
4045
3621
329
2113
2711
359
2615
4509
2034
3457
3487
4388
872
4682
2110
5595
6018
4252
2739
2269
534
281
177
2678
5187
2221
6174
3345
1024
4970
1225
548
2082
2423
5130
2119
3595
122
1817
4855
3598
2096
5781
2192
6353
2622
2206
6341
4493
2378
4424
4440
4793
2144
776
2873
4818
4520
1190
2334
4275
4558
1337
2718
4490
5287
2272
4794
4103
208
487
1417
1192
1444
2250
3095
3001
4384
1733
4034
98
5983
4937
1160
1695
5385
3062
2554
5730
6375
5746
3551
3383
5953
2333
3094
1775
4037
2232
820
194
3593
2722
6
4358
510
469
6463
607
4081
1075
1280
3285
5473
2546
4921
6034
3090
5376
2524
6289
348
5636
4409
2700
1091
1590
1585
4136
3647
5176
1800
5793
1881
288
5543
592
3842
951
5258
3851
1420
4636
4829
434
4404
4816
3294
5600
3686
2213
465
826
3260
20
5156
2945
5773
1505
6113
6166
5057
4281
703
4247
5125
4588
1185
4491
4624
4501
3738
497
2208
6082
4646
2482
2948
193
5937
3682
686
186
601
3791
3514
1144
2068
5014
546
4171
2570
2995
5269
158
5602
1853
5041
5179
2453
401
5998
3733
779
4478
511
3699
507
5697
4455
2220
2294
3016
180
110
464
6030
5340
582
1866
1131
1667
3943
3445
1768
1266
6182
3680
5620
5907
3047
948
6128
3020
1748
2768
2862
3247
5688
6145
6412
398
3784
3873
332
5232
773
2984
3815
2064
6345
3600
796
2640
3651
4432
2402
4116
4489
3804
5742
4229
450
4277
1763
2864
2884
5479
5136
2595
4678
6300
5266
291
2525
2123
3545
630
5447
2881
1390
2761
4291
640
6295
2589
24
317
1575
5646
3438
6446
1567
246
3245
4280
2447
324
2900
2311
628
6485
888
2422
1974
5293
2433
5621
5818
699
3896
2389
216
1464
3007
4111
3436
5494
1213
2200
906
219
3828
881
2380
1523
1348
896
3537
4764
3488
378
2721
1345
1893
4152
771
749
2131
2805
4075
1716
1399
5750
3709
3881
5541
459
1871
5539
411
5758
3304
1882
1808
5852
2418
5448
3654
73
3390
5896
2752
5589
5253
6136
2851
274
4496
5267
3347
716
656
1116
4919
5417
5160
6429
2668
445
2081
2061
3792
2097
3232
2512
3376
4379
3199
6348
1831
5634
559
5144
144
5406
278
470
1479
4298
1531
1670
979
1250
1349
5356
2866
1873
4504
4233
2829
2481
1057
5122
262
2186
3401
2690
3317
1986
2971
885
5878
3130
467
2037
1137
6061
5811
1509
346
4462
2306
5446
6527
3233
698
5666
6202
2038
5135
4062
2299
4186
764
5457
1663
1108
462
2134
5330
5622
2535
1659
1789
5038
82
5043
448
4463
6488
3473
2854
4293
2168
2871
4251
3712
1931
940
1887
4452
2039
5681
1829
3826
743
5213
2234
1450
2725
2434
2016
5651
5642
1123
4556
5018
349
5035
1928
1186
523
6337
1286
1153
3504
6515
4850
1998
4651
162
4109
1246
3732
1673
5867
4127
4198
1483
3301
691
1675
4180
828
2280
2770
5452
3994
1051
1795
6121
3708
2903
2147
4608
2719
3444
5555
4470
2844
5997
579
2403
6260
4016
2083
188
6293
452
2798
4392
4726
4684
2025
735
321
926
249
654
5327
3229
3739
6173
2048
2271
2594
1451
4039
337
83
3003
3399
1149
2655
775
1394
5239
4221
6499
365
496
3121
540
5161
1427
1842
1813
1287
2787
4195
4783
4586
4982
2658
500
215
1335
6494
4820
834
1766
3772
3220
6406
141
4117
4548
5920
1431
1061
3855
1824
4224
2785
381
2669
1738
3730
1760
968
5683
5460
4734
2666
2986
4051
1875
4699
6518
338
4590
4875
738
4614
322
2137
600
5903
1814
4515
4488
4063
335
105
1199
2072
3173
4852
407
4618
5881
5259
5044
1447
4115
2136
928
3520
2458
4924
2849
1894
2408
1620
107
2370
1845
4068
4537
2918
5438
1209
2196
2098
5711
39
408
5566
5076
2011
2427
4313
1993
984
1547
3159
894
3611
4315
1205
1587
5969
1740
4450
2549
2191
5170
6037
1564
190
4569
263
1623
4434
3999
2966
5670
4649
4469
5478
6520
5120
5026
6316
4922
3125
3536
3574
5559
2437
1237
6106
1009
3962
4377
4231
6226
637
5659
1997
4871
103
389
5226
2473
5373
3102
1416
1633
4603
5333
3147
5561
1346
3154
6266
3280
4741
6537
3752
4124
2080
3780
289
2703
4067
6532
1878
1020
6467
4666
3916
3508
4664
345
6332
6544
3205
4239
5532
4270
2173
633
4700
744
5022
6539
3500
598
1525
977
3586
4546
3705
200
2913
5270
1064
4791
4072
5839
3608
3877
4087
3575
2374
1924
5727
4369
5912
5243
4627
5771
2007
1263
5739
3864
1864
2533
658
2609
2212
4079
4690
3863
1796
6146
4723
6104
127
5139
1053
1902
5951
2576
3813
835
2495
4244
2051
5294
1412
4740
5708
1497
5431
2288
5902
1244
648
3348
2030
3223
4397
4209
3645
1686
2688
3215
2742
6334
2899
6556
2219
5000
2042
6011
2979
2151
2673
4179
1173
2085
3832
3666
4295
1895
830
3402
1662
3268
3373
4775
4220
1221
2925
4748
657
2968
400
2738
5492
2078
2111
2438
5194
741
3806
418
4289
4260
3325
1157
2199
3378
5664
3312
1990
6296
3226
4149
2720
485
3479
2000
925
6207
1617
3409
2303
2074
959
5283
2486
5584
66
5805
5509
6046
156
5744
3416
2027
3713
3603
617
3270
4203
2362
6252
3638
3200
1090
5012
4613
2009
3467
3133
2942
1811
2712
1926
87
3905
1877
133
6002
3697
1206
1797
94
2342
2022
5577
4984
949
1920
2597
3516
512
3823
4076
1980
5432
4532
1204
2237
159
1311
6506
4621
2893
2553
3808
1942
2218
2079
2319
3634
4120
3764
4471
6438
4227
1762
2659
6357
3155
3089
2409
6124
1568
2651
2828
714
142
3978
4208
1751
2953
1805
5167
4284
4255
6493
3359
1255
2889
34
2630
1988
2656
2647
4954
2614
3288
1950
530
2140
2301
5063
2741
5292
1062
2645
5430
769
3395
6172
3652
4502
6389
390
5736
4594
6417
787
2462
1776
328
284
3886
3377
1142
1300
2300
4604
4354
4821
5772
2780
3980
3796
3263
2230
2883
5976
4512
3014
3057
1734
3501
2260
341
5775
1428
786
4299
4150
498
2278
2056
2328
733
5476
1276
4197
3894
6383
2872
6372
1113
4596
1218
6180
966
2548
183
3505
2750
4752
2519
5173
5436
331
3135
192
3971
5833
5300
1252
747
1332
2505
6043
6099
599
1927
6028
1065
659
1118
1524
121
1671
5560
1952
2285
5383
667
1208
2323
5655
472
2248
6049
4118
2384
4254
5132
4015
2858
3397
4835
4749
762
911
3616
1791
5756
5650
3389
2003
4577
6552
2382
2268
3704
5400
3440
4669
4523
1342
3517
4865
3032
4402
4497
2980
358
1111
2118
2029
3819
1418
67
3367
5214
4201
1067
2483
3113
2560
6522
6290
2241
3139
4887
280
3303
3107
1082
2442
3528
220
5517
685
4301
2652
2766
5862
4612
3571
5694
1900
1969
6077
2682
4927
1026
2592
4893
2267
339
2818
4078
2235
6111
2373
4271
2465
5100
5116
226
3430
1080
4745
1546
5338
4454
2972
1683
4357
1865
909
581
4213
2296
2245
2992
3609
905
752
4406
5768
5282
1507
279
6514
4662
5644
1089
2814
897
1948
5420
3293
3605
4644
2170
2033
6504
2181
3820
4530
2629
2314
2187
5798
187
3485
2831
149
2421
5924
461
1027
4264
3222
4464
3181
6528
1129
5989
578
2024
449
3435
3884
4311
1388
754
710
5830
3564
5799
1143
4792
1985
5960
6228
3771
2211
4535
1117
4305
584
3010
1772
4587
4423
2745
1735
2880
4447
3587
5395
2896
3299
5550
3381
431
697
2239
3988
356
2781
4375
5374
661
6114
2596
2188
1488
1745
4199
3101
3009
5423
132
5250
5067
1094
643
2130
3668
731
3782
6065
5271
75
2939
964
1100
760
2743
1270
5643
5189
533
678
1803
4303
3412
1555
6486
4353
4688
3423
2991
1010
2407
4516
3066
514
5516
1253
4848
5851
2102
5055
5503
5149
1992
4012
570
2556
1098
379
5714
1054
1200
3050
2586
3510
4549
2363
1413
1656
5684
5069
1478
393
4401
22
5489
5554
4282
3857
2619
6497
3807
4460
2730
2877
3269
1778
1055
3004
1599
4870
5845
5570
1710
5946
2324
4801
3083
6342
74
3267
2943
1540
2908
4142
114
5495
5588
2574
5982
3043
3979
3679
503
1128
2843
3278
364
2927
2228
5908
1819
4073
4675
3408
889
5913
57
488
2371
213
6025
4077
4876
6090
4216
2801
3360
4320
3342
1163
4426
1052
5836
3694
816
4742
4998
4126
1120
1558
4701
5802
2104
4943
4192
2605
5957
2101
560
5371
4400
3120
1836
2604
5790
4606
1934
1783
1331
730
1224
2784
2671
4458
3974
5816
5524
6236
4735
4421
3852
3400
3747
1981
1109
230
5059
2502
2563
333
3795
2868
4181
1747
5377
3919
296
3880
4665
3524
3635
688
1626
3076
3526
1885
3506
1235
493
3419
2907
829
303
5557
3237
778
3356
5591
4640
2558
541
3098
3629
5154
6476
3456
967
3899
1874
6056
2685
2398
430
3583
1802
4156
325
3753
1834
5743
3353
962
1755
4685
2755
1365
5702
4527
88
6421
4703
5222
1134
5786
371
5175
4718
4884
2217
196
746
3179
5916
1341
5488
1910
1043
5704
2058
525
2455
2340
3254
2073
2687
1340
5433
6326
4139
2112
440
2902
5462
4020
2017
4385
2449
4162
4217
4673
1916
3289
113
5185
79
2963
3622
1605
4498
2184
4148
5004
2198
6407
723
5328
782
2646
6110
323
5556
6558
2776
4223
3134
3406
3529
2031
745
135
3956
5988
2276
3175
2366
2180
1827
1217
2467
5386
1876
4639
5955
5152
2238
6534
294
3843
70
880
270
5623
5551
2379
2788
1975
4628
4212
2695
2143
3189
1785
4743
4602
6102
955
2182
2581
6189
1491
5480
178
2207
5268
1979
402
5348
3567
5567
3140
5244
742
3246
3902
3191
4772
5579
1220
2443
2529
3676
3604
878
4153
6402
2258
3848
2135
3584
2686
5195
101
314
4629
4869
6512
673
4680
2938
2203
145
2922
1281
267
5205
2756
1158
3566
4042
6015
1487
2585
6036
2723
4901
1888
4573
2126
320
1619
5109
781
5871
4615
3474
4744
2816
3518
5645
3282
4307
983
28
2084
4625
3898
2169
1961
1554
2224
2445
2415
1076
902
4472
3028
6354
2059
2225
2054
140
2202
732
2142
184
587
4002
4965
4899
2793
1600
524
2253
2315
6505
5583
2698
2820
863
368
4667
2715
5598
3363
1724
1661
4687
4407
2089
1161
5565
4190
5778
5615
2360
5625
4380
2542
6205
4918
4194
3195
6335
2215
2680
2339
6492
5669
154
261
5192
2789
3051
484
725
5813
4337
989
2751
2252
63
3352
5599
6176
901
6516
5824
3045
3927
5629
621
3104
474
2823
3995
531
5201
2636
2133
5596
310
4788
969
1526
3722
750
891
708
1492
1077
3614
2439
504
2138
4052
1764
455
1727
1553
1485
3710
5490
152
6521
5546
5679
6526
375
2175
3656
3717
2664
907
6033
3109
5171
3778
72
886
5674
458
1744
3194
4204
112
3119
1809
913
1106
5151
1406
2575
3230
5535
3503
2976
360
2537
1045
1559
6344
5993
2171
4517
4374
1159
5732
6069
172
1732
3859
1124
5440
1780
4266
