106
172
270
773
486
422
917
287
141
839
639
136
861
239
876
144
923
173
305
328
566
405
365
517
116
849
178
470
381
820
11
905
452
94
84
884
249
593
804
807
428
727
134
29
221
13
102
377
130
559
442
758
828
786
634
561
852
169
182
824
153
240
238
236
111
128
871
502
273
858
620
706
312
777
472
863
293
704
597
434
818
223
927
195
467
145
299
288
881
374
241
39
247
446
372
859
703
177
237
796
654
142
652
724
341
210
715
395
567
40
255
699
48
866
289
598
383
842
250
479
522
734
615
346
685
70
583
560
862
570
171
386
792
225
501
678
397
355
297
608
830
563
348
175
554
354
16
774
271
838
242
540
924
340
380
252
204
844
854
56
50
30
890
717
196
32
42
864
728
441
653
629
384
885
658
294
445
709
740
233
651
60
770
535
473
564
562
123
687
87
363
313
521
675
429
640
868
4
41
722
494
399
778
18
633
684
701
184
373
323
194
217
379
877
596
635
376
77
763
344
716
295
601
599
677
407
725
319
569
802
132
496
934
370
825
352
936
815
578
462
610
51
314
869
665
766
285
534
79
809
265
465
464
351
234
726
15
660
222
710
345
211
915
793
342
398
438
745
49
306
158
253
226
86
119
791
19
628
911
659
642
590
719
771
228
277
215
71
298
58
609
585
359
138
491
284
588
129
127
577
283
137
801
512
403
870
391
484
711
744
83
426
154
795
95
159
670
3
82
368
360
606
768
746
879
480
450
735
794
754
690
783
413
21
191
125
624
162
841
229
188
743
432
170
909
5
531
848
9
332
553
276
912
437
394
231
61
682
200
627
780
112
819
847
860
621
586
7
616
460
281
906
160
201
683
536
55
918
925
371
644
732
623
258
93
865
523
775
514
338
558
626
325
631
730
787
919
404
17
78
414
279
507
747
187
835
489
892
503
922
581
430
916
663
148
197
556
189
75
310
900
366
176
759
632
6
28
908
444
551
579
66
179
235
278
806
527
487
463
524
97
573
181
760
140
500
738
552
155
425
124
269
537
519
886
92
539
772
692
811
529
69
648
27
67
714
776
114
113
62
526
897
131
99
330
856
580
244
443
227
721
396
657
617
875
135
174
756
57
805
541
290
650
262
65
812
516
453
505
667
110
662
592
85
939
515
259
435
38
417
485
518
926
458
533
401
821
1
612
416
545
843
840
164
914
419
12
80
817
88
272
118
431
591
107
790
315
418
851
799
205
478
937
520
163
680
274
309
206
411
198
392
251
655
267
483
676
575
388
343
353
935
741
712
509
203
808
895
549
723
400
508
525
574
33
649
672
490
584
212
367
691
356
186
826
528
874
185
115
671
147
216
511
180
433
37
713
737
337
304
576
149
611
619
409
767
316
335
664
645
938
555
459
880
798
543
845
466
614
750
782
54
731
904
420
506
34
568
471
686
834
103
603
214
90
530
468
440
382
303
855
547
427
257
286
43
896
779
161
23
761
349
888
339
139
495
157
121
98
143
260
513
497
878
800
300
402
702
705
836
476
542
263
823
894
0
882
183
230
643
781
753
932
350
318
587
254
492
336
546
729
832
406
698
331
493
831
693
449
928
797
641
232
816
248
602
637
889
451
220
696
280
557
213
532
14
53
595
104
275
455
707
448
751
656
647
245
324
301
296
423
369
482
646
749
308
872
548
256
108
20
589
887
893
218
833
929
282
156
733
481
393
