6185
692
4611
2053
3628
255
6545
3915
6120
5355
4666
1794
5339
2670
770
5661
5003
135
2179
2260
3527
1114
4701
5137
4330
2865
1654
1336
4927
5509
2251
4141
5108
3952
2998
2815
1565
5014
3836
1757
4964
5344
6489
3045
6524
4079
4613
3301
4591
3725
3044
190
5198
1201
455
1283
1422
3993
2896
3634
3777
1400
6109
2982
2822
603
182
1333
3606
3965
2389
1292
3504
531
1841
5734
1330
4958
718
1503
2926
5246
4692
81
5945
4238
4071
1964
4056
3592
3780
3893
4750
1339
3514
6506
4364
1152
2580
1450
3119
1357
1266
116
211
6167
5969
5971
1096
1925
5536
6040
4445
3470
5820
25
2713
4377
816
5006
459
5346
2113
2233
1159
5449
915
5643
491
1496
708
892
525
4235
3587
5756
4080
2471
3425
487
6540
2213
2706
3453
2605
2351
5564
1926
2594
5402
3657
5673
5095
3306
4218
2887
2858
3120
6370
6245
5777
779
82
4973
1032
3134
3590
464
756
6045
505
6365
4653
4018
411
6038
792
1081
4495
5259
2715
5291
6024
3429
1799
1564
1418
2109
4507
4937
2832
3207
798
1832
3041
5226
6486
1349
5384
5743
5758
3528
1506
5605
1600
6343
663
976
1982
6364
4326
2130
2337
5778
6157
1235
5241
4322
369
1352
5841
4241
3508
6438
1523
335
3582
1801
2422
2610
1835
278
5322
3241
263
1975
2409
4676
344
4100
1786
4226
2853
4571
5678
1306
1372
5142
2533
4661
2018
4614
856
1941
2198
237
5902
6092
4687
3157
5890
5900
4997
2458
2031
1088
5398
5888
2863
5513
6314
1139
4939
3257
6474
1416
1507
5577
4521
2074
3477
3259
714
3178
5124
3734
2334
901
6536
5213
252
2817
4635
2185
4685
2465
5533
3523
4110
2244
5202
140
5138
5433
3318
5300
566
5997
3913
3360
207
391
6558
5950
705
2981
371
2354
4210
1842
4017
1241
5780
1427
1708
6015
1030
2541
4254
6302
2676
3304
3656
5788
1574
3862
5431
3213
2206
1731
2637
1984
6487
2085
5266
5873
4578
4747
2180
5029
71
118
2553
1486
5992
1423
3461
3464
5665
3603
2129
4109
6400
3774
1092
3735
6507
3070
5132
5465
3138
836
3707
3456
4832
3684
1974
2205
317
5968
4970
3352
5099
3365
5738
3300
4519
3661
2862
1287
3513
2142
1645
3465
6437
5071
3700
2719
5458
1985
4531
3728
1003
729
2283
3153
100
1421
103
5387
6104
5830
5333
537
1916
5949
5594
4612
3389
4610
4265
2449
196
4239
441
1951
1386
5831
613
907
3573
6263
340
264
5739
3556
222
2328
6254
4430
133
488
6030
5106
5190
5985
2288
4700
5461
4211
5839
199
127
4244
1782
2301
5856
2016
309
437
3675
3752
1647
1013
2699
768
2350
5426
4202
5089
2360
419
2636
204
4259
3310
2753
1940
589
483
3308
348
4221
604
2546
6044
6106
4050
751
2845
2418
2689
4450
3100
6140
3846
4448
2370
289
2825
3518
3726
4757
5964
1746
1812
3983
256
827
1082
5022
5290
5377
2807
1589
5129
1489
3224
3854
5121
1651
630
5432
2125
5356
1712
2983
3618
5217
1960
3855
5044
3741
1055
2464
1447
6505
2920
6195
6029
911
3953
3107
5903
2107
2730
2080
1995
4052
5287
6112
5297
4139
5001
2127
4441
3866
627
3428
332
4894
5875
3059
2837
3772
3359
3475
923
1498
5868
3311
6147
2596
5760
5854
5923
2002
5568
5881
215
3143
124
2748
3293
5500
2188
3391
806
4368
4990
1513
1317
402
4042
5493
4960
4505
1083
4204
813
4143
4431
2697
4411
3534
4314
2105
3613
6153
3954
3268
1976
405
3524
3388
337
1368
2851
3436
4369
2595
2703
6361
4339
157
538
2638
467
5847
1149
731
2262
829
4227
1166
5216
1415
629
5726
803
1409
3522
1350
2467
5024
5027
6431
4513
4248
3886
3835
1281
2537
1781
4563
3702
5683
4167
3509
1383
3342
3666
579
1320
4749
5846
2554
6135
4465
2132
2100
400
5399
1577
3439
4662
5428
4107
3776
5525
2608
1161
5050
6471
5034
3843
2844
3156
3348
2297
5722
2698
6299
1802
3412
2423
5791
1307
3054
5789
5522
5922
6004
1167
4049
508
2221
5349
6331
544
239
4423
4580
2293
4066
4748
2551
4197
6174
3981
2092
3997
1056
5771
4408
2371
3058
3297
4549
6525
1382
6421
2431
6012
3840
4809
1499
3551
4444
3015
6138
4329
6316
1721
2392
4518
1387
2220
593
825
470
3128
5362
2680
5891
925
3078
5040
5730
2255
3681
5732
2898
5018
3126
5145
1961
4317
905
2222
1566
2428
2259
3803
2256
480
1346
5884
3258
3085
246
2439
1792
5148
3990
2987
2187
1034
2377
6019
6267
152
4503
5352
370
3751
2017
6504
2687
5849
2133
5676
94
2588
3630
2345
5489
328
2203
4500
3831
1234
1428
4140
2225
3796
6371
3243
3409
4093
5008
4606
788
3785
4760
3711
6303
3142
3717
504
4810
216
826
4334
4316
3371
4597
3192
1505
3441
5292
512
3367
200
1223
610
85
5331
1380
2899
510
5130
3452
3147
833
2286
673
2007
2378
99
1220
867
5105
223
2359
3246
5254
6376
3583
410
4764
5572
2212
4318
4678
2406
3887
3755
2751
5227
3946
2593
5850
5192
3619
6549
4493
3715
408
385
3758
1164
4524
454
4443
5501
4160
2505
5185
6165
5243
1848
3230
5967
974
225
1488
468
2776
5092
2755
621
2466
1321
3083
1634
319
3140
5700
2342
1482
2801
368
4595
5872
2778
3173
1192
1437
2295
1970
151
3555
1658
1267
1233
2069
6551
2426
1986
701
6497
6268
2510
5563
1232
3665
1202
4643
1351
1071
5439
271
146
5211
3744
3801
5526
4256
1480
316
5972
2991
5474
812
3307
759
2721
363
4014
655
4262
1075
2891
5621
5376
4072
3949
1299
1921
3805
4823
2985
3198
5783
3629
3086
1316
2744
6255
5828
3437
6190
3683
3061
5177
2189
374
3055
5042
1064
111
4243
120
4808
6188
1020
837
5982
828
5672
3204
3778
766
618
5334
5070
1126
1818
6344
6494
6304
5104
6394
515
6093
4404
1014
2856
2925
3655
1085
87
2642
3191
3705
281
6435
5435
6362
2507
752
3414
1025
3110
3719
709
3706
3833
3638
1169
5974
3890
3575
5415
4372
1968
1334
1269
2716
5200
4463
6168
499
3580
2414
2864
5325
2691
1142
739
5076
3281
3149
6408
564
5111
2548
6234
5515
4968
5711
2630
3303
2718
4425
4900
117
1635
4494
1113
2019
1066
5502
6478
4419
674
723
2790
1274
3393
5289
5614
2929
1724
3226
438
3415
3084
5032
919
5725
1913
3066
5917
3627
4681
6098
3150
5476
3166
295
5265
5485
773
2403
5256
2585
358
2930
6484
2140
6456
6389
5161
1805
6150
1148
5189
4607
5350
2992
3757
404
4402
5047
774
3113
1271
824
5410
5345
6090
4517
3402
2090
13
1296
6508
786
3405
3844
2338
804
4410
1215
4344
794
1065
415
521
3039
5538
1224
2538
3009
2928
4827
397
2578
1417
2116
1980
1143
4002
5654
5221
2358
5887
6429
5264
926
3500
5511
219
4151
4704
541
6240
436
3782
1752
2067
3498
1729
5578
1384
1237
2079
3315
6537
4251
6440
4192
2141
6105
4706
5724
5440
1953
5663
793
3170
2749
4153
1291
6161
1009
1969
11
2348
6422
1857
3787
811
4671
5653
2202
1230
3639
1750
3894
2368
3975
5832
5815
4890
2436
4150
3287
3704
3235
787
5176
791
1973
5859
3591
3180
726
2528
251
3094
6433
3611
3625
2889
138
4567
5895
3217
390
1404
3848
4686
442
3199
76
5481
2986
6544
6148
5252
1101
1779
389
206
1138
4562
4763
2096
1197
2990
3768
3065
2544
4600
4820
864
6141
3877
1937
4592
1104
352
2231
2196
5646
1047
484
4381
3364
854
6129
661
3378
109
3863
2456
967
3164
4455
1992
4690
4736
4435
5267
2340
2848
280
3383
1945
4590
3111
5717
3408
5857
3127
4965
1098
5793
4961
2217
2367
201
4899
5740
6411
3288
292
3798
79
3179
3790
272
4200
2709
5149
3006
2361
6096
3196
5752
3036
3898
2453
3978
5208
5013
1435
2502
1134
5296
2071
2232
5194
664
3320
401
4803
5086
4898
6446
5817
5085
6046
1163
746
3385
557
982
4731
4746
1049
2586
1637
3579
4969
1511
771
5981
429
195
4373
1504
193
1446
1391
818
5448
5164
3850
1133
205
1571
3203
3829
2860
242
231
4149
1419
1449
2077
5276
5404
1116
6037
4971
141
2734
2000
1205
5597
1243
3162
2855
2802
5329
3295
186
5957
3795
5559
5703
1631
5115
6032
3001
5010
3901
4222
407
5886
1058
3432
6424
336
5893
3995
3244
3031
266
2688
1436
4061
1219
312
72
2577
5504
5855
1904
2442
4602
584
382
5043
1280
1424
3435
3189
1570
2852
234
5814
330
3095
4658
5424
1720
1717
6296
3621
3401
3617
1780
6002
5497
3662
5543
6156
5532
283
5125
860
3294
910
4554
688
5015
1268
2859
6270
1041
4673
4802
4229
4550
4240
4901
607
3896
3904
2390
4008
5035
1829
6260
105
6192
5269
1753
6399
2331
2732
1018
3670
2527
3302
1131
2197
4169
2057
2033
658
4638
5411
1087
2108
3501
2888
2397
6300
5853
4414
2444
4648
6233
3314
3723
5576
5134
6381
2675
6369
4418
5978
4978
1150
5477
6085
6249
123
5915
6181
5610
769
463
529
561
1196
115
2472
5009
5979
2927
155
3851
5201
2506
3228
1061
4043
3349
6011
3966
3883
2118
5867
3201
5341
5283
2835
3957
3895
4328
5878
1989
2030
5483
6248
1625
2353
310
2400
3354
5139
4588
1090
1852
356
3682
6386
1206
5552
2447
4888
2250
1946
3057
5097
413
5708
2432
3779
5240
2741
4674
1650
2849
2643
583
1312
2339
4062
485
2735
2681
1048
5842
2866
3759
1628
1209
2128
4065
3729
1413
1785
920
6121
122
1583
6425
3871
1264
3770
555
4159
2731
3175
187
4422
5991
2015
3686
2425
2229
669
6191
1244
6552
4933
1509
276
2995
2356
1315
4268
1471
2893
2934
2386
244
5781
4257
4522
2300
6126
3838
1128
1918
1820
5159
1999
5173
1005
2068
568
5188
6449
1853
2379
303
3467
3296
4336
5233
1275
3869
5467
1588
357
3799
84
3305
4568
3605
6509
3903
6430
3278
227
5002
250
6145
5360
3685
3607
4974
5741
5615
6335
3433
799
6000
1122
1017
4313
3503
2009
1070
373
6122
748
1310
1751
5340
1371
153
5584
5453
254
4556
1079
4663
601
972
450
5667
570
3842
1347
682
5837
4378
1286
2794
4751
5706
5324
2791
5303
1125
1132
474
2592
4574
2330
1432
384
3148
5897
1580
5235
5592
4752
3056
6434
4770
971
5821
6262
1078
6378
1026
4649
1643
2412
582
2481
1402
4331
800
3996
4311
3982
4981
5697
5143
4765
535
224
975
4272
4527
2452
5224
183
687
457
6297
2062
5390
5889
197
1657
433
5527
3773
6403
1704
968
3979
2103
4231
795
1200
4651
4575
6131
2393
3878
1575
2323
3005
3130
3185
5539
1390
4261
670
1153
2782
4087
1850
3859
4675
5088
3291
6125
4089
3856
3972
5301
30
3677
3806
2979
5146
1484
2064
3369
5983
5131
5896
2674
5452
2707
184
866
2440
3669
2705
2789
761
1865
1162
3622
4594
6256
1395
575
218
5973
850
1375
1086
5379
1072
1340
560
2511
29
177
5596
665
495
1425
2176
3466
6379
1526
3270
1278
5281
4111
5953
5490
2241
1226
5469
5127
2847
2717
3387
3841
3537
4057
4086
1221
1203
1376
595
5229
4831
3520
6385
5570
1337
3092
5773
3865
2362
1516
4453
6426
5083
6028
2600
406
2752
3396
3212
820
2347
3668
3525
4088
4438
2336
342
5727
4800
1703
1983
4047
862
409
6498
2058
347
4646
3136
113
5239
5770
3051
5668
5742
5430
4415
1700
4564
3063
1012
4733
3506
5361
5920
1479
70
4573
5330
412
6031
5046
5172
2395
2087
3022
4892
3003
4976
403
5566
26
5184
2937
5215
626
1723
3864
3616
4004
2975
591
581
5998
1591
1313
3538
4640
3804
5823
4217
2143
868
1991
6017
2525
3229
4982
375
3994
5910
1987
3740
1091
2514
5567
6455
6339
2194
6529
333
4413
3014
3076
4593
351
6457
1136
3610
4502
1774
257
5551
6530
189
4142
6557
2997
3042
1042
1430
5072
5153
1629
3309
217
1300
3105
5175
3554
3376
4566
2722
6528
2106
1063
6117
2054
527
1151
5871
5860
1972
3064
6251
3631
4011
6560
1655
3472
5171
2579
1493
2258
4738
2804
1573
249
524
5419
2781
3242
4577
350
4993
125
1978
3572
3430
3417
735
6252
4246
5560
3911
1374
5472
3373
5122
6171
2867
678
983
5892
1595
3027
6162
5699
5966
5747
4667
381
6116
2684
3021
3791
713
1276
509
3181
4454
2184
5098
2216
4744
3209
4194
1864
978
4817
3403
4822
1293
2479
1077
1624
4003
3279
1514
2663
1147
662
3313
3183
6259
3737
5219
5990
5749
1016
5894
2539
5499
2207
981
2094
6473
5073
578
5916
3763
3236
4115
6417
1331
2695
3112
1955
2854
5386
6022
2728
3727
2061
3000
5337
1443
1294
387
1364
2396
2380
4829
1396
2357
3238
802
1284
1282
1367
5618
2977
359
523
5970
5838
1823
2786
1124
5980
4895
2385
3937
5004
912
1051
6412
4755
2011
3701
5260
2254
3177
1431
719
5675
5835
5880
2737
6526
1932
3664
6476
6496
5017
683
3733
2635
5441
853
1130
3899
5299
898
846
605
5825
3218
3775
2333
288
1109
2095
2024
5030
3674
3875
2329
2247
5962
619
4245
6448
5100
228
2005
456
3260
6114
3976
822
5020
5429
1862
5603
3019
4343
2788
736
5865
5218
699
4487
2056
5488
6380
3747
5530
4147
1401
1632
1491
6410
4729
2289
5294
2382
1510
2027
1227
5133
80
2834
2060
287
712
1502
3961
1732
191
2290
4689
5012
5955
394
4514
493
6532
3240
5735
530
1621
1800
814
420
4230
6485
5818
2780
5751
503
5677
418
6292
2700
1860
3081
3794
5836
4745
1474
720
3285
4779
831
198
4342
6480
3030
1748
970
585
3052
3350
1866
3544
1938
1189
1403
4320
3586
1578
4090
3037
5656
279
6172
475
5204
4459
2628
320
2461
563
5368
2195
5713
4113
5178
6097
4108
4433
12
3423
5321
501
6491
5587
753
2519
434
5498
5655
3585
3016
5755
2004
4374
6409
6235
209
2818
5119
2240
5879
6027
2607
5864
558
75
2226
4094
3765
6332
4116
2994
6501
1441
2530
1021
1803
3853
3261
3384
533
1140
3635
4046
5087
156
1228
0
3252
6170
2211
1844
3784
2795
1319
4212
2364
5658
1068
3004
4379
1236
5961
2473
1146
5731
1501
69
1807
5600
4275
1586
4753
1837
2034
1997
3097
3867
3422
3418
4232
3256
4506
2529
1936
2482
4490
5284
4669
4813
6253
2410
5113
4269
5117
596
2263
747
4059
1407
6333
5473
3942
1110
3210
5862
4980
2526
1420
2739
2398
6305
2886
1697
6005
539
4680
220
4654
710
1303
2933
3380
4959
3214
3139
1301
6023
556
1242
1777
3600
3769
2830
5958
3316
2029
1027
3233
2120
3797
2325
1119
4401
3043
1797
460
6413
4498
2931
179
4684
6527
594
3736
2892
6342
4164
2747
1622
2543
1439
3220
6160
1410
3442
6178
3426
517
1963
711
3093
1492
4315
2443
4492
4145
3940
5007
270
3247
4051
6241
1194
3936
1305
1475
5648
97
3457
5707
3102
92
5482
5293
1495
6025
4819
697
4407
5421
33
131
2063
3512
602
600
5956
844
4924
3013
1476
3312
4191
569
4616
4255
4552
6110
424
4891
3089
2182
743
286
451
1141
1277
6166
3459
4436
4928
2503
2584
3028
1996
3075
5466
6395
4258
5650
3225
32
2740
5462
3341
4694
4001
4325
2086
3018
3133
4409
4608
2839
5549
685
872
1838
440
3633
782
2996
5342
4333
4767
114
4682
1727
3945
805
3289
4732
2846
698
843
5420
3992
4551
979
2192
615
6034
835
5779
3231
5611
372
5251
194
1036
5589
3608
4119
5562
3427
3040
2055
3596
486
5295
6375
465
4260
453
5203
5736
2736
5531
4807
4337
380
5393
4766
2408
5616
142
1212
6488
2857
2437
472
5491
4754
1931
1962
3710
3071
5191
3340
4323
6334
4044
1059
3531
1103
1698
6338
5519
1954
2381
5548
656
5913
3024
3049
3450
1623
5524
4816
1481
3271
2540
5193
6155
1597
3713
2743
5705
3679
4904
2012
2102
1490
4456
1117
1784
3720
3964
1840
5326
6187
1288
5550
1279
449
4078
1389
861
808
210
1652
5921
4652
1309
3141
2441
2745
5569
6416
903
383
447
4310
4190
3069
1302
6021
551
6088
4780
5520
590
5765
3533
5353
2708
543
2299
5454
667
2729
5373
654
5988
2010
1790
2427
1988
5542
5365
1815
1295
2081
4074
143
675
3121
5728
2121
5508
1398
840
3232
5372
98
3604
1355
5529
2463
5911
2609
5156
3029
694
1298
5459
2023
5996
2668
208
392
5232
4266
3870
1323
3599
4581
5960
121
3444
5870
4405
762
3906
5606
1108
2814
1626
5505
3194
4082
3410
1363
1920
1977
1572
5840
1814
4424
4645
5158
5237
1956
4341
5144
5901
2399
3739
3123
4983
1567
4152
2375
3169
2535
5863
4932
764
4196
4926
5369
3398
73
3530
4509
703
2838
2632
2664
6103
2434
2669
6477
6151
4665
3521
3938
3977
2812
277
4966
3968
4380
3545
5829
5761
4555
4403
3237
4996
5866
3479
5757
4213
3732
1381
5366
5155
4148
2135
4693
3145
6193
4416
5657
4105
2902
3505
1405
4440
3594
1653
5906
893
1118
1942
755
6294
2298
3115
1045
2836
1601
4247
1216
5000
5644
5391
2001
377
2388
704
6291
2711
777
4967
3789
666
1826
5396
2177
1370
2183
821
4420
2672
1345
203
520
3786
5574
6454
2117
760
1076
6137
2445
5335
3909
1354
6127
823
1947
1855
6420
4598
1483
5418
5382
5214
3593
5827
4508
3659
4099
3984
432
3395
3987
6146
1434
4579
3272
1993
2346
6144
1813
2828
2644
4523
5451
343
552
1747
6392
2383
2890
891
550
1824
1308
2084
6118
3632
5506
3363
3114
914
89
5197
5094
3469
6035
3087
4106
5052
6033
3099
2227
4709
1394
5045
1359
1927
2215
1592
3073
3872
4053
5679
4012
2550
3382
2420
4457
2517
2026
6384
3830
1373
1714
5762
2123
5591
3292
5585
740
2601
5492
3939
476
1584
180
3282
790
904
5464
2407
458
5357
1709
1008
1218
2411
1411
5776
130
902
1640
4516
3275
4309
4400
3553
446
6143
2450
611
4737
128
4206
4811
1033
858
1521
4077
2754
311
2750
5242
6313
4560
6183
304
3269
5225
3448
4488
2932
329
2022
6164
1828
2419
3960
4758
4312
1788
5664
6001
353
5995
3025
2827
4603
3160
2677
672
3434
1524
1928
677
696
360
2710
5182
6184
5078
6113
5558
247
5082
4168
4826
4366
2796
6238
5249
2797
4583
3478
4117
4903
4013
3033
3742
2798
3718
27
1754
2724
5767
559
3135
5496
2591
4735
3980
2376
6382
478
14
4466
6101
2374
809
4582
5986
5154
2470
4447
1728
2119
5442
2021
4576
1195
362
3421
2819
2070
4940
2524
2921
1358
6479
2253
5123
616
1035
192
5718
526
4772
5512
6020
2200
1240
1311
532
2405
2025
3234
4158
4193
1366
5351
6247
6543
1073
3286
4762
327
6119
3132
4647
5021
4060
5443
4935
1817
691
5746
321
4236
5005
5280
5848
6006
5794
906
2246
1485
6402
2264
4021
1518
5151
1472
5196
1569
2210
6295
3187
439
6441
4824
1933
2692
5545
2201
3716
2809
617
1127
1590
4000
5607
1040
2321
1
3762
1379
2429
894
1795
1198
849
5405
2582
5554
471
3517
1105
4434
4659
5619
2252
3636
5141
2895
6094
3161
1024
5049
4076
6401
1911
540
1825
4039
5028
4375
4406
4994
90
6391
1730
1831
5051
1793
5081
1044
1112
6495
2
598
6310
738
4740
2536
2640
5729
5503
4756
2455
5479
2028
4985
4137
1023
3873
4984
238
765
3536
3499
4097
2291
2678
1388
3598
5716
3011
2779
2841
1290
4771
2460
5975
1378
132
1702
1856
4267
5103
2343
4775
1060
3999
4103
3184
3146
2696
1095
5258
4599
3861
4370
293
2785
3208
1213
4778
5179
2704
4461
2327
863
6244
870
1028
1949
2690
4138
3023
3578
4553
5401
15
5590
95
909
3008
426
1208
2821
1929
1718
301
2894
1568
5652
2980
6535
5163
3090
4902
1497
3998
294
5601
2666
5702
5784
5598
6561
3832
388
2604
498
4458
3956
2208
4677
3845
3193
4427
2556
3641
91
5395
2512
5434
1193
5608
3397
6250
5764
847
482
3535
4585
5039
3368
5787
2008
5257
586
2587
3750
859
3849
1229
3152
3458
4101
5516
3834
6133
796
444
5480
4118
6398
5412
5096
2209
2416
5026
5704
2475
6444
6363
5715
4697
3411
2513
5946
1265
4233
5392
5534
5599
2438
2115
226
5273
354
2234
4705
1633
4504
3808
5720
2237
28
3074
1656
5195
6134
1836
857
2454
3640
4319
5210
3263
2811
5437
1816
2032
2725
4460
5255
2243
1100
572
5371
5084
1642
5385
3708
386
6481
633
5470
6563
1037
2181
2823
3406
5709
3908
6173
473
1843
2518
1238
2366
3454
2344
3413
3390
3206
5074
3299
3721
5523
240
3012
110
4085
2402
6315
5363
2555
4170
5447
3251
6548
5620
2694
5965
4223
3245
3419
3098
1939
1393
3172
973
3438
4005
5861
282
4041
5285
431
2369
6547
4708
969
772
3971
3067
839
5336
1585
4586
3955
4569
4083
4887
6307
314
1158
6336
3104
3967
6177
3283
5681
1910
690
1948
587
4830
511
4020
3154
4252
6095
181
3125
6407
4742
3874
1749
1239
5272
5907
5714
717
3151
325
4668
4702
4250
1806
5674
3857
3709
6311
1596
4376
3355
5544
599
5651
5327
4321
4525
3749
3935
3547
727
5918
2727
305
4825
6136
1160
4367
3108
83
1010
3660
5037
784
4977
2248
6298
4199
185
3969
6159
4207
3529
2775
5275
2122
338
6502
5698
5885
6194
1326
4335
2349
4070
1343
2667
2075
2686
1713
4805
3753
5645
1080
399
966
5824
6013
6236
4696
6312
3576
2322
2843
3730
136
5463
341
3455
4161
4365
149
269
5475
5126
1581
1917
1120
2989
3374
3771
6047
5723
6293
741
5487
553
3362
5952
2013
3858
5400
4081
5768
273
3532
2134
2833
5323
4501
1344
5684
4040
500
546
5168
5882
3124
150
3118
4462
922
4761
574
1919
5561
2545
6258
6042
3502
5354
3353
1341
5223
5613
6397
4520
2446
2415
4655
425
236
4739
3623
3399
3103
1361
2082
5595
2097
1154
365
3447
3609
290
5623
2633
4641
4198
5279
2682
6108
897
308
3034
3431
3372
4208
6533
608
5790
4428
700
1957
1385
5278
5406
1494
3944
1433
5712
5769
5507
1827
5565
706
3050
684
4489
3404
4429
3361
5540
212
396
693
2679
6503
1438
1123
4991
4528
6089
1442
31
1508
732
5186
5579
6393
1979
2813
6458
3020
2124
1199
830
3738
1327
221
2476
2424
597
2193
815
3290
5209
5234
4596
5236
393
4656
4209
1338
3345
1289
4195
4382
1204
2065
4203
2468
4604
4707
2228
6556
3274
5091
366
4421
3574
6546
4938
1867
5220
1755
2249
108
3249
5845
4324
2421
4437
5150
4162
1129
3756
2900
1722
4650
2784
4165
302
5744
5649
4730
754
5112
3612
331
2091
1775
3974
4703
253
896
734
6452
733
248
5445
3746
1285
6186
5602
3837
6451
345
554
4432
2800
4526
3792
427
5093
4511
1325
2534
3167
5852
1050
4804
4201
3519
5136
606
2552
625
4695
4963
2459
4893
5389
2083
1966
5413
3526
775
1019
1845
5403
3200
3375
3767
614
4067
1135
6309
5575
3473
5478
2549
2508
3754
4054
274
1155
4451
466
6542
6128
4818
6377
5102
4743
3637
1798
4464
5528
3386
5167
4225
452
417
3445
3507
1022
4102
241
2372
4512
4897
757
5622
5899
6367
4096
623
6419
750
4637
871
496
2901
214
4605
1859
2101
2365
137
5883
4799
548
285
3122
1362
2824
2236
1787
1168
3047
1725
1365
3958
6341
5660
1847
6264
3884
5659
1107
4058
4601
34
3186
6152
842
4925
3392
1451
1429
4417
3394
5877
35
1297
721
1412
1156
107
1406
144
129
5759
2136
4215
848
5160
2104
5416
1038
5833
126
5338
1967
715
349
3550
4234
4216
1851
2391
4371
5745
6372
2531
2641
323
3159
4587
3948
5586
3131
1322
4698
4098
2720
2285
5858
5187
2589
3541
1906
4589
1426
5588
6149
1106
5436
5261
4821
3356
2820
93
2816
2504
395
3892
5963
547
479
3888
5593
1981
2324
2404
1834
5077
5612
6007
1225
2590
3080
154
5556
364
3905
4768
5750
1053
6490
676
1011
6443
5170
5271
5951
2520
2516
469
422
4499
1377
2714
2627
528
4801
6239
1934
5999
3168
3424
1861
2806
3155
1039
2006
5521
1863
4776
6308
4557
3129
2296
4340
632
1270
1089
3116
1950
6189
3205
5494
2603
3370
3876
2287
1959
96
3714
5582
4812
5785
3601
5484
924
6418
4095
1046
707
1639
3462
2469
5682
562
3106
6534
2606
3879
4073
927
518
1057
4806
267
5617
5011
6390
4007
5140
819
4237
832
2224
5274
6008
3542
3934
865
5116
3882
477
489
2110
5025
5383
917
6257
5080
243
577
4639
801
2363
1908
785
3860
1598
2284
845
3914
1519
671
1641
134
5457
2413
5959
1121
443
3440
2742
3060
4271
1272
5819
5019
5514
855
1314
6123
4426
3962
1778
235
1716
4930
3900
5231
3381
2746
6242
3262
780
2245
1994
5573
5110
1705
916
1517
1062
4270
2474
5680
5199
3266
1329
5166
5583
4338
3760
6163
4972
6405
5510
5245
5302
5455
3807
5954
5904
5417
5710
810
1111
1369
5408
3017
4565
3202
4010
580
2387
3615
5230
4006
2326
6428
5343
1157
2693
416
6432
758
6555
2355
6158
423
1448
492
6099
6124
3227
490
3989
5571
6087
5147
571
2501
5174
6373
3451
3026
749
6436
4249
5782
6388
3951
5207
1907
2098
3902
686
2477
6003
4529
4452
3053
5181
4166
6115
3988
913
3347
5535
5348
5328
3221
5546
1579
260
3839
4609
716
5053
5553
1789
5547
1214
3584
5247
421
869
3420
6345
5262
1512
1222
1638
5381
3280
2602
2685
2214
4146
6043
6154
4442
3400
1839
742
1440
4092
4485
1217
3991
3597
430
5048
2131
2417
2137
315
3253
2683
297
3082
1599
3783
2793
1145
5407
5238
2292
5450
5364
5253
428
1332
1796
4104
6475
3793
3407
346
3595
176
635
230
5869
2483
6374
2976
728
4189
5822
1102
3731
1015
1360
5135
817
6404
5394
3985
3724
1922
3712
3366
324
1052
4496
5763
3188
6139
6538
3068
5380
2111
573
2826
3463
2532
2112
519
3588
545
3174
5947
534
6406
3516
2523
4156
1630
3416
4220
2242
5036
3511
4530
2126
2433
2059
2634
2831
6366
2999
4657
3515
3788
4664
5905
5948
2861
1004
1210
318
3176
4683
2581
1990
5041
5038
5537
3250
3577
3973
1304
2509
4936
102
506
612
5580
3549
86
4009
4075
3248
5033
4263
23
3197
918
4228
2583
5844
3346
5212
3748
1328
5425
3377
4992
1858
5079
3035
2401
5438
6396
78
4114
2978
6039
1029
2671
2702
3276
6091
745
549
4224
899
3048
1500
3663
3907
4412
5468
6453
101
5987
2448
3722
4439
5016
6182
88
4987
2294
722
908
6337
5444
3885
4446
5624
6048
6261
1809
5248
2629
1576
3781
3163
1231
565
5914
5109
2922
5647
1965
1477
1923
3002
5378
2199
4774
4273
2542
494
1007
462
4491
4688
3745
1191
3880
1392
2974
702
307
4988
3471
3239
2597
576
737
497
657
3602
5157
1930
1318
5107
2076
783
5977
838
895
5397
2792
5228
4734
3474
5843
1397
3443
448
3497
6026
3223
3284
3802
6427
1776
1356
4815
298
1324
3032
1043
851
4679
4045
4584
229
1478
2138
5388
313
6531
6500
361
245
435
1649
6447
620
6550
1846
1587
4068
2373
628
4559
5162
4332
3277
3589
3182
2738
275
5244
4998
631
1002
3912
5754
2988
980
2014
1582
