3312
3746
3747
3921
3647
4013
641
1897
674
4158
2086
1684
1208
1608
2618
1538
4354
2732
1491
678
3808
2321
3748
3410
3515
348
1580
910
3007
1157
1876
3667
3152
3866
2388
3599
2826
1627
126
705
1616
3895
702
1801
2938
1990
3631
3175
2285
3118
337
1213
1685
3346
1926
1185
4082
2839
3996
1700
55
578
2469
3663
2287
810
3620
500
511
2186
2145
392
2446
341
1258
4152
4347
1623
2315
211
759
2431
668
1730
1944
1115
2022
1812
607
894
1407
198
2182
651
4261
1890
1768
3447
1180
1604
2090
794
883
2110
2018
658
920
1232
556
1459
880
2410
3070
3401
1541
2500
4069
4268
672
760
566
583
4286
1639
2179
2621
3394
2174
1030
181
3120
1525
875
3702
1661
2265
3651
771
3926
1522
3974
2251
1036
3367
3969
2567
816
4282
243
795
3264
3209
3322
2908
3092
2298
1599
3339
887
1371
2073
3139
1068
2788
1124
3030
768
677
1445
1536
1663
422
2243
3374
2817
3826
2742
2191
1835
2613
785
1613
751
554
296
3956
1809
3744
1019
2624
2258
4137
3402
2639
1018
1373
3475
527
3222
186
380
1956
4274
1991
1220
280
1379
1234
1914
642
2979
3356
1921
780
2521
415
4200
2513
2540
1140
706
4133
1886
3397
827
3399
1749
1332
857
1049
3196
4143
2701
3803
3740
2307
1575
2973
1454
3724
2880
2229
1168
2816
541
2176
4248
1433
4026
2947
1105
1834
1928
2640
885
101
655
129
1353
868
2787
1378
3959
777
3449
1656
539
2663
231
1465
3289
1964
1399
1727
3206
1841
168
2497
1936
1091
2516
1757
1566
1920
2188
2978
4000
4162
972
4112
4181
3682
656
873
3696
1204
2870
995
473
2237
757
4129
508
3745
2273
923
3578
448
4298
4231
4267
1422
1734
687
2041
1640
417
2374
1698
385
1552
1377
546
3624
1079
328
2077
2536
1057
659
834
3593
985
3537
1430
1803
1935
4188
1957
606
2992
639
954
519
1891
4090
840
461
3988
2190
1980
4196
84
1317
714
1647
793
2089
2807
531
4207
4097
2487
2111
3999
752
4151
3001
4135
4042
3081
4208
122
1196
197
297
1273
4250
4281
2672
1807
2731
2125
302
3766
2688
3945
1713
1638
255
3523
2274
1892
305
1176
861
2804
562
3160
3021
2459
3421
3980
2222
3059
3220
1817
2415
354
2170
4310
2761
2253
3027
345
3784
3994
1839
3621
3726
420
1296
1695
2591
292
1691
1150
2375
24
3695
1071
2264
361
3233
2681
3132
3226
2210
433
2123
2263
3231
2965
3906
139
2655
3676
510
1619
4109
2010
915
1795
1653
978
2341
201
2096
791
454
1603
4156
4008
555
2556
1857
860
3377
3426
445
2471
3477
3976
1760
3644
441
1883
1077
3727
3888
4029
1574
2811
1380
1753
694
4121
1359
418
1827
1368
1132
2720
3589
2641
2756
1134
1478
742
783
1519
2109
1864
627
1998
2834
3511
2548
2291
309
935
2053
3516
1997
2683
2723
921
1160
1432
1131
2555
474
1488
1450
1690
1369
1045
1485
1153
4019
1259
3347
3654
3056
1443
4014
3816
353
1362
737
2323
3564
2368
1268
1584
2128
2895
3013
481
1819
665
2152
917
3669
437
53
712
592
1999
2306
1415
3500
2848
1793
3892
2913
3506
1981
155
3286
2021
2467
1008
571
3269
2207
151
2620
2808
4270
2563
1612
4061
2636
1557
4083
245
2969
3977
237
1680
3623
4050
2627
1893
2628
1533
3681
2060
3301
841
2019
1686
3242
2300
3327
2439
2785
4015
3755
2676
2574
2098
939
1871
1233
1090
2245
1393
743
1794
3517
2697
2914
4345
4292
3931
1479
1595
1636
2429
4308
870
1626
246
996
2214
1743
1334
1791
499
4236
1733
3635
3601
4235
4241
180
3245
701
3025
622
3491
2610
4373
3704
502
2968
2260
2484
2773
2156
3114
2440
938
2695
3749
1456
3471
2084
1202
3705
4059
764
174
4276
4185
806
3539
1366
1096
2473
1901
3293
1830
2004
3825
2475
2032
3192
726
2527
2455
798
846
800
134
809
2605
2687
1493
2791
22
1851
3256
2138
271
1951
3558
2403
304
1044
4380
1739
1374
1397
3694
2823
3608
1961
2725
2680
312
478
2586
621
3512
3087
828
3463
2492
2262
298
413
2752
1029
2372
3627
111
2632
2991
359
1122
2575
1475
1398
4144
1866
3417
605
247
1847
3153
3792
2558
2177
3379
1509
2271
290
2461
2055
315
3861
2009
1806
1121
3619
3948
3580
909
3904
1257
2393
2980
3207
3022
2205
2749
600
831
2399
1269
3555
4223
3429
1098
1396
1016
1716
1781
2792
2212
1158
1873
81
3590
2990
2246
182
3499
2994
4211
2830
3518
1476
896
435
2858
287
3717
1945
3340
3137
2040
2382
2097
5
2729
4277
102
1777
1481
1985
1826
3381
3776
904
2656
1909
1400
1505
3493
227
2934
390
2594
3088
2358
3263
3498
3495
1058
4049
1143
3411
644
166
1767
2452
1543
3403
2751
3195
564
228
879
2955
2414
3614
1973
850
1082
3182
2056
449
1843
4085
4367
853
1524
1086
2802
623
2717
2278
3830
1499
1367
289
1591
872
4290
1958
2897
1833
1954
1581
1810
1053
591
1376
1877
3563
528
3497
727
8
2476
744
926
1326
4021
4197
2875
1286
2379
2911
2419
202
4060
2570
2985
203
3306
2249
574
61
2052
2301
4171
4104
537
2114
278
3548
2552
3405
849
1418
2350
1344
1011
1796
2983
4062
1109
3765
2129
2833
396
2305
3317
4304
3723
4086
3958
332
993
3308
1270
3597
1628
2442
1515
335
333
2383
2559
1401
865
1860
3893
3223
720
267
2528
2546
3469
3529
856
918
1322
3551
1711
4142
466
434
2882
543
2024
2366
2805
3391
1633
4257
3655
1631
3662
4332
1984
3660
4002
1457
2958
3641
1235
2593
983
1878
1646
2290
2425
1094
1254
3370
1100
2686
2185
2886
3240
2918
937
3267
4003
477
1434
986
4099
3501
3602
376
2007
4219
1621
1506
711
749
1766
1535
3344
889
1037
2867
3198
4216
1410
2408
3813
2172
3089
1352
2025
3122
367
2542
3754
1924
2782
3791
99
1466
2691
1789
575
3067
1649
3202
675
790
1881
458
3514
2726
3743
4126
2713
3562
4120
779
1818
680
3478
472
2576
2463
955
3032
1910
450
1960
178
1785
4084
2401
196
123
2666
2034
4025
2741
3779
1467
4066
628
2678
404
2550
2472
2530
721
2149
1325
2039
368
2602
4284
3617
1644
2042
351
4100
722
2352
2608
3412
1867
2202
1754
2724
999
1643
389
2909
1441
4160
2661
440
700
1556
1279
638
987
1365
1165
2071
2649
1747
164
3685
3612
318
1516
1763
1394
1564
1181
2333
4012
1764
1192
1217
3622
4230
1318
2465
4055
2281
3466
3505
2925
932
163
2670
1673
408
3675
229
2564
1189
3300
2709
371
2583
3731
2554
1532
814
3823
2755
2716
2248
1133
3125
2380
1242
1159
3638
903
4240
708
2514
3975
1172
3458
2721
1271
1880
1606
3729
1330
324
3752
3331
3441
2359
4164
2772
916
1458
3359
3576
1015
4155
2008
2507
1240
2964
2508
934
3962
236
25
3315
1170
913
3824
205
732
3236
262
3889
4350
3460
1054
808
2710
1610
185
649
1361
636
2730
364
3436
1704
2795
2088
3680
1787
1225
2370
1780
4179
2017
2141
4307
3914
1573
2569
548
161
569
1137
2180
2910
316
2584
1139
153
2322
2997
1995
3573
1645
2140
837
3526
1943
2682
3299
4044
3684
1815
2436
2241
3376
1497
1083
1156
313
3406
2239
3364
235
2404
160
3966
2102
2879
4238
2818
2932
512
1829
4148
1251
769
46
1724
366
1746
2280
2923
1729
2093
4316
2168
2081
248
3546
580
2813
1927
848
1002
2948
4321
3270
3848
2522
4299
283
2715
1513
2356
2509
1089
3788
3216
3552
193
1758
2696
1504
480
1147
514
2189
4305
3896
839
557
2562
1308
625
2653
2560
1482
3060
1020
1395
3053
3257
266
1500
3425
1304
3730
612
3050
2883
1555
1825
1537
884
1402
428
964
331
1769
3041
3014
615
3459
2931
763
3767
1218
2165
2482
1913
3509
1451
3875
1162
2780
2122
2566
3094
4357
2881
395
1558
3358
681
2395
1420
381
3234
664
770
573
1952
479
561
4337
492
1783
3946
2515
2336
3821
843
2252
572
970
1276
698
1859
799
306
1097
1511
3591
1788
4166
384
2905
2747
2373
2284
2941
4057
1210
984
97
2599
1577
3350
2929
1744
847
187
1470
3265
787
1823
1062
295
3719
4140
2950
3430
1006
3465
3739
3176
3454
4075
3561
4195
3445
252
3735
3801
1283
3113
265
2105
1996
3814
4154
3095
942
3480
2531
1946
14
2330
3291
1328
2232
2058
374
2685
532
3542
3444
3636
4096
4101
3610
667
691
3860
2744
1963
1837
815
2311
4249
3968
715
3395
558
3733
2866
3409
4141
2642
1119
410
968
1495
969
1550
716
2588
2498
3369
144
3918
2940
2998
2434
3963
782
1255
2888
1345
4118
1899
2976
207
314
346
2027
1059
4265
2778
1144
1523
3758
1248
3290
1863
4065
3979
2863
4070
3934
653
3248
336
2927
1832
2068
3678
1252
3258
3123
303
188
2192
2734
3215
3927
2381
4177
2861
4006
568
725
1884
3990
3898
2549
3586
520
1732
2030
2029
1848
301
588
3108
1413
4127
1486
2257
3606
3559
3603
2160
1941
1683
854
1539
40
4338
1382
3596
4047
888
1911
2043
294
3658
63
3679
3474
2960
3360
1206
1861
1879
1355
2293
2324
1682
2167
2557
1028
947
71
3482
3490
835
1175
504
1163
2438
992
259
3162
1351
709
261
2319
1205
3881
1085
3839
3633
1074
748
542
2626
2453
1005
1099
98
4028
2781
352
3858
436
2304
1542
2495
2690
3882
1840
2445
2443
4174
3584
1343
4138
2204
1514
1853
2217
629
1299
2949
1811
784
1862
2020
2671
1209
2486
442
2733
3807
2769
2137
1517
3422
1494
4187
3521
1652
4363
1953
23
350
3292
1166
2768
340
1198
1567
1822
1129
3700
599
3023
1752
2405
818
4173
626
551
3298
1178
1088
4017
3831
3715
2101
214
2783
723
2625
2108
3756
3837
2396
980
1184
3764
2699
4039
1324
412
177
3640
475
2585
2764
1034
3494
2457
761
686
3000
199
184
1930
2595
3061
2242
797
3393
311
2631
13
2996
405
3703
931
1800
4225
189
3950
4353
469
1063
2406
803
3884
2856
264
2770
1263
2565
2767
3008
2657
1342
3947
4106
3131
372
1484
3692
2286
4228
3337
710
2000
3862
1022
3034
2525
654
3004
2972
2402
648
1303
3473
397
1152
3707
1084
2754
3955
4131
2045
3738
2581
388
3800
540
637
2338
697
618
2501
620
1448
3905
3777
3146
3225
2533
2233
2967
689
2236
1182
2407
3545
1173
2760
3607
1903
3058
2821
1707
3357
4108
1546
4175
3699
1778
2422
1249
1563
175
2630
1391
2571
3533
3283
3276
4043
2629
1224
3252
747
4145
2784
633
899
2920
1128
2789
288
4079
3809
1688
3993
2216
1048
1624
217
2158
1274
3525
276
1529
1813
4023
3173
1642
1226
956
2544
2899
1438
272
719
1648
162
2728
2619
355
776
1667
1937
3760
3117
300
3741
2665
696
3864
1288
4374
2494
2885
277
226
1676
107
209
150
792
4123
4067
4117
631
455
2313
106
1968
3628
1222
4317
1916
3389
2577
1775
660
1875
3135
1618
2124
3661
369
2048
493
4074
1001
729
1540
3048
310
2474
3142
3294
2003
4385
1664
4094
1659
4110
2065
1587
4153
852
2592
430
1306
3504
1323
1918
927
796
3668
1191
1148
4030
195
2523
713
2776
2986
3721
3616
1915
3310
94
3251
3371
3632
253
1197
4102
666
2606
2853
1287
862
2150
1293
3439
1211
1171
1403
3266
3531
2957
754
976
1338
220
3783
775
279
2087
439
1717
521
1846
2887
2708
2135
3278
957
2477
2255
2196
990
142
2038
3556
1295
2107
1660
3804
755
1814
3625
360
2714
2922
1024
2961
2935
2684
2917
3736
1265
1354
966
1589
4351
3096
1738
460
977
391
3496
559
989
1526
1572
1858
2898
2623
1021
762
282
3307
2946
1223
2746
1292
2906
414
3010
2545
1067
2312
1364
2993
1350
1453
2737
2103
1722
1989
3588
4010
1239
733
1940
781
2016
2660
2622
981
2028
1503
2912
3302
1856
1938
1828
1356
3148
1305
230
1370
2915
4136
3174
943
1585
2420
2745
2448
536
1782
2677
4182
1102
4362
2800
919
3489
577
3373
4246
1472
2952
2344
347
2568
1081
2615
1770
3789
4203
12
1570
3232
3718
3349
1512
2259
208
1967
2166
4220
2155
890
3440
4371
2953
488
1417
3352
2226
3033
3324
3239
3330
3701
1607
2799
1064
2937
2579
1297
2601
3657
4098
1246
2270
1241
924
3656
2250
3810
4210
2163
4033
3419
2590
1600
1290
2076
3016
3355
1792
2820
2219
4048
2635
643
3134
2433
3761
4105
419
2483
1183
2659
2633
2276
2187
4320
2023
616
425
426
2803
1264
3442
844
866
740
2412
3560
1260
2127
483
2706
2614
2959
2464
3277
830
2876
416
1594
1772
407
4372
2652
3674
1250
3604
3708
3835
358
3503
829
718
2126
2532
3967
112
3513
3709
4204
401
1039
254
3605
2537
1925
240
570
2183
2750
1311
1978
3386
3544
2722
3366
3194
1949
1468
1657
4087
661
115
1419
4331
4306
2766
1919
3443
1219
3492
234
3891
549
4147
1017
95
307
1349
1530
669
2774
1095
1651
2213
4064
409
2936
1650
1199
431
2924
3557
1195
750
1106
3432
1672
1423
1850
2035
1703
2175
463
3508
2736
3799
2944
120
2398
2215
1874
2989
4352
3942
1969
275
1923
3450
1576
3127
3536
1347
438
2535
2759
601
3212
3071
2692
3062
1774
789
1312
4167
2228
1598
1092
2543
693
2966
1496
260
2518
2860
3333
3673
2719
21
3553
1977
2178
3722
1904
1635
1508
3244
92
547
1507
2466
1113
4159
225
1387
4058
1348
3026
587
1111
4018
398
2928
826
3255
688
3372
2510
1721
2392
215
3532
635
1244
1671
3200
232
1291
1142
4199
1568
597
2901
4130
3716
560
424
1360
1502
3725
299
1237
1050
869
2735
3380
1035
967
1316
3090
717
3224
3793
1565
2658
1009
1611
2974
3530
2082
3653
4325
2892
3677
256
2874
1971
4272
1066
1821
3930
3535
663
1215
2589
1501
4089
3645
3572
2049
864
807
3177
1319
2930
745
3502
3957
4192
824
683
4377
2131
93
2982
2044
1966
2454
608
3894
1756
1256
2739
3971
3626
4342
1216
1804
3853
1742
2468
3812
1309
1922
3434
4124
813
1615
3075
893
3102
3427
206
1436
1112
3867
2942
3549
1802
2157
3774
2181
3193
2827
2712
378
4031
1416
1799
3020
2529
127
192
3031
2200
3582
2689
1489
3015
3794
2553
291
394
342
1046
1041
2977
4004
595
1790
738
3671
2753
2902
2711
1816
730
671
1247
2945
1898
882
1047
2391
2309
2325
594
38
1329
3006
912
2051
1669
1534
1689
3935
2738
257
143
2718
4283
1959
2261
4107
3106
1590
1179
2268
3579
17
2421
1404
1455
962
624
4312
3871
3510
2987
451
758
535
2674
3431
2184
4111
1337
2266
117
2462
2675
3581
3688
1852
3753
4205
2765
3129
1114
1010
1531
533
3984
156
1632
1014
953
2142
2541
258
2130
3592
377
1138
1267
2748
4375
1284
2037
2981
170
1907
2146
284
4264
2367
484
2283
1786
2971
3413
2903
2411
3763
2148
3737
881
320
1033
2147
3689
4341
979
4139
2904
1474
805
652
2643
2390
1737
4293
2194
1872
1905
2394
270
1069
3084
334
1805
2320
3887
2117
707
3742
1547
3250
1723
4194
603
1004
4007
3028
2154
218
1141
1962
447
3852
1469
898
4254
3180
4077
1882
1281
1076
2013
329
4051
679
2385
2118
4176
1167
501
223
1123
2743
911
2011
2317
1630
2275
1798
3221
1012
3005
596
746
1629
874
3732
1125
2314
3085
4092
619
2203
91
1321
3336
1214
1253
490
513
2121
3698
3375
1333
2859
2094
1307
940
1869
3585
1298
3520
1605
238
3571
2667
1518
2970
3435
3713
3424
3822
462
2223
2198
961
1384
3110
3840
3433
2364
293
1679
2878
2161
1912
427
3468
1562
2347
1520
4381
1662
1983
2337
37
69
3470
4266
2001
1765
3534
2026
10
3972
1310
2551
1855
4146
3274
443
3878
1227
2225
4189
213
593
1424
3100
3082
630
3165
3952
1849
1731
673
1736
724
2139
3650
4080
1934
75
2702
1038
244
933
2580
4054
3711
3543
950
567
4180
2757
1207
411
3149
3011
1625
3933
2700
2329
1553
2865
3615
250
2480
4348
2662
3577
2104
4169
3017
4032
1294
2843
1151
1528
2208
3227
2092
4300
239
3566
2771
356
249
2153
42
2318
1868
1289
1174
1390
1363
736
465
2837
2447
1620
3949
610
1527
3528
4359
4358
2838
3313
778
2504
2199
1073
1285
1545
1375
2600
963
2099
3659
3538
2648
735
3575
3815
4081
2984
3550
2247
3630
3541
3780
4063
891
1335
327
509
958
1460
1154
2926
1372
1031
1986
2603
1750
2289
241
2916
1965
2173
1776
3126
2646
1164
2351
338
3751
1042
1808
1947
1386
613
3446
3111
2014
365
1392
4091
2900
3383
1601
1136
2664
4253
2054
1108
3666
991
1554
2120
1075
18
3086
929
1614
2441
1845
1950
4022
1720
2292
3843
949
2933
467
914
4178
2654
859
1027
2132
273
2891
614
3595
2999
2786
676
4242
471
670
2254
1654
3275
3706
2921
1060
4116
4068
3354
4172
4005
3438
1228
1302
1994
4056
3865
1262
1275
4009
3611
2763
2417
4128
2164
3188
2490
2235
975
1982
339
1617
3472
286
4383
2884
4296
4076
973
1236
1751
3136
2894
4218
773
486
1602
482
4340
960
2296
1145
1200
832
3303
804
3418
1694
233
4072
4157
173
2327
403
1435
1870
982
753
3832
4132
1593
3400
2840
44
4213
2988
801
3280
936
1836
3329
3613
3720
183
2758
2962
3940
2893
3734
4016
581
772
1093
2387
3985
1149
1917
1409
357
617
1498
3124
3683
2083
3467
994
2578
3714
1243
136
1771
4115
2801
2617
1358
3874
3567
2340
1896
4095
2288
4364
15
657
3314
703
662
766
3169
1331
2616
4234
1155
429
373
1212
1975
3002
2650
1797
3910
930
2036
3208
41
2460
1714
393
2604
3687
3345
731
399
1103
1061
586
2975
2339
2524
4053
4289
3594
2693
4278
4260
263
682
65
2106
895
2844
3039
2386
1315
3486
3961
819
3144
4237
3462
825
2234
1
3917
1942
1549
3697
4252
468
1993
886
4122
2951
1327
503
446
3297
3522
1161
4114
1146
2144
2673
383
3978
646
3363
4020
2538
2112
4247
1773
3235
647
2162
3388
1908
2519
2493
1906
1658
4245
1820
4040
3168
4244
4024
4041
1844
3981
1169
3851
3786
1120
3323
3973
3569
216
1477
1230
922
1592
1490
695
3284
4103
3686
1013
645
169
3642
221
2814
823
851
2033
2502
2143
2796
1301
817
3693
2397
274
1339
2116
2651
3827
1641
925
842
1972
523
1838
3845
2169
838
2829
1889
73
2430
