1283
1284
1285
1286
1287
1288
1289
1290
1291
1292
1293
1294
1295
1296
1297
1298
1367
1368
1369
1370
1371
1372
1373
1374
1375
1376
1377
1378
1379
1380
1381
1382
1383
1384
1385
1386
1387
1559
1560
1561
1562
1563
1564
1565
1566
1567
1611
1612
1613
1614
1615
1616
1617
1625
1626
1627
1628
1629
1630
1631
1632
1633
1634
1635
1636
1637
1646
1647
1648
1649
1650
1651
1652
1653
1654
1655
1656
1657
1658
1659
1660
1661
1683
1684
1685
1686
1687
1688
1689
1690
1691
1692
1693
1694
1695
1696
1719
1720
1721
1722
1723
1724
1725
1726
1727
1728
1729
1730
1731
1732
1733
1734
1735
1736
1737
1756
1757
1758
1759
1760
1761
1762
1763
1771
1772
1773
1774
1775
1776
1777
1778
1779
1780
1781
1782
1783
1784
1785
1837
1838
1839
1840
1841
1842
1843
1844
1845
1846
1878
1879
1880
1881
1882
1883
1884
1885
1886
1887
1907
1908
1909
1910
1911
1912
1913
1914
2098
2099
2100
2101
2102
2103
2104
2125
2126
2127
2128
2129
2130
2131
2132
2133
2134
2135
2136
2137
2138
2139
2140
2141
2142
2143
2144
2145
2146
2147
2148
2149
2150
2151
2162
2163
2164
2165
2166
2167
2168
2169
2170
2171
2172
2173
2174
2175
2176
2177
2178
2179
2180
2181
2182
2183
2184
2185
2189
2190
2191
2192
2193
2194
2195
2196
2197
2198
2199
2200
2201
2202
2203
2204
2213
2214
2215
2216
2217
2218
2219
2220
2221
2222
2223
2224
2225
2268
2269
2270
2271
2272
2273
2274
2275
2276
2277
2278
2279
2280
2281
2282
2283
2284
2285
2286
2461
2462
2463
2464
2465
2517
2518
2519
2520
2521
2522
2529
2530
2531
2532
2533
2534
2535
2536
2537
2538
2539
2540
2541
2542
2558
2559
2560
2561
2562
2563
2564
2565
2566
2567
2568
2569
2570
2571
2572
2573
2574
2575
2576
2577
2578
2602
2603
2604
2605
2606
2607
2608
2609
2610
2611
2612
2613
2614
2615
2637
2638
2639
2640
2641
2642
2643
2644
2645
2646
2647
2648
2649
2650
2651
2652
2653
2654
2655
2677
2678
2679
2680
2681
2682
2683
2684
2694
2695
2696
2697
2698
2699
2700
2701
2702
2703
2704
2705
2706
2707
2708
2769
2770
2771
2772
2773
2774
2775
2776
2777
2806
2807
2808
2809
2810
2811
2812
2813
2814
2831
2832
2833
2834
2835
2836
2837
2838
3011
3012
3013
3014
3015
3016
3017
3018
3019
3020
3021
3022
3023
3044
3045
3046
3047
3048
3049
3050
3051
3052
3053
3054
3055
3056
3057
3058
3059
3060
3061
3073
3074
3075
3076
3077
3078
3079
3080
3081
3082
3083
3084
3085
3086
3087
3088
3089
3090
3091
3092
3093
3094
3095
3096
3109
3110
3111
3112
3113
3114
3115
3116
3117
3136
3137
3138
3139
3140
3142
3143
3144
3169
3170
3171
3172
3173
3174
3175
3176
3179
3180
3406
3407
3408
3409
3410
3411
3412
3413
3414
3464
3465
3466
3467
3468
3469
3470
3471
3472
3485
3486
3487
3488
3489
3490
3491
3492
3493
3494
3495
3496
3497
3498
3513
3514
3515
3516
3517
3518
3519
3520
3521
3522
3523
3524
3525
3526
3527
3528
3529
3530
3531
3532
3533
3534
3558
3559
3560
3561
3562
3563
3564
3565
3566
3567
3568
3569
3570
3571
3572
3573
3601
3602
3603
3604
3605
3606
3607
3608
3609
3610
3611
3612
3613
3614
3615
3616
3617
3618
3647
3648
3649
3650
3651
3652
3653
3654
3655
3656
3657
3673
3674
3675
3676
3677
3678
3679
3680
3681
3682
3683
3684
3685
3757
3758
3759
3760
3761
3762
3763
3764
3765
3766
3767
3768
3807
3808
3809
3810
3811
3812
3813
3814
3815
3816
3817
3841
3842
3843
3844
3845
3846
3847
3848
3849
3850
3851
3852
3853
4060
4061
4062
4063
4064
4065
4080
4081
4082
4083
4084
4085
4086
4247
4248
4249
4250
4251
4252
4253
4254
4298
4299
4300
4301
4302
4303
4304
4313
4314
4315
4316
4317
4318
4319
4320
4321
4322
4323
4324
4336
4337
4338
4339
4340
4341
4342
4343
4344
4345
4346
4347
4348
4349
4350
4351
4352
4353
4354
4379
4380
4381
4382
4383
4384
4385
4386
4387
4388
4389
4390
4391
4392
4393
4394
4417
4418
4419
4420
4421
4422
4423
4424
4425
4426
4427
4428
4429
4430
4431
4432
4433
4452
4453
4454
4455
4456
4457
4458
4459
4471
4472
4473
4474
4475
4476
4477
4478
4530
4531
4532
4533
4534
4535
4536
4537
4538
4539
4540
4568
4569
4570
4571
4572
4573
4574
4575
4576
4577
4596
4597
4598
4599
4600
4601
4751
4752
4753
4754
4755
4756
4757
4758
4759
4760
4761
4762
4763
4764
4765
4766
4767
4768
4769
4770
4771
4772
4773
4774
4775
4776
4777
4778
4779
4780
4781
4782
4783
4784
4785
4786
4787
4788
4789
4790
4791
4792
4793
4794
4795
4796
4797
4798
4799
4800
4801
4802
4803
4804
4805
4806
4807
4808
4809
4810
4811
4812
4813
4814
4815
4816
4817
4818
4819
4820
4821
4822
4823
4824
4825
4826
4827
4828
4829
4830
4831
4832
4833
4834
4835
4836
4837
4838
4839
4840
4841
4842
4843
4844
4845
4846
4847
4848
4849
4850
4851
4852
4853
4854
4855
4856
4857
4858
4859
4860
4861
4862
4863
4864
4865
4866
4867
4868
4869
4870
4871
4872
4873
4874
4875
4876
4877
4878
4879
4880
4881
4882
4883
4884
4885
4886
4887
4888
4889
4890
4891
4892
4893
4894
4895
4896
4897
4898
4899
4900
4901
4902
4903
4904
4905
4906
4907
4908
4909
4910
4911
4920
4921
4922
4923
4924
4925
4926
4927
4928
4929
4930
4931
4932
4933
4934
4935
4936
4937
4938
4939
4940
4941
4942
4943
4944
4945
4946
4947
4948
4949
4950
4951
4952
4953
4954
4955
4956
4957
4958
4959
4960
4961
4962
4963
4972
4973
4974
4975
4976
4977
4978
4979
4980
4981
4982
4983
4996
4997
4998
4999
5000
5001
5002
5003
5004
5005
5006
5007
5008
5009
5029
5030
5031
5032
5033
5034
5035
5036
5037
5038
5039
5040
5041
5042
5055
5056
5057
5058
5059
5060
5061
5062
5063
5064
5065
5066
5067
5068
5069
5070
5071
5072
5073
5074
5075
5076
5077
5078
5079
5080
5081
5082
5083
5098
5099
5100
5101
5102
5103
5104
5105
5106
5107
5108
5109
5110
5111
5112
5113
5114
5115
5116
5126
5127
5128
5129
5130
5131
5132
5133
5134
5135
5136
5148
5149
5150
5151
5152
5153
5154
5155
5156
5157
5158
5159
5160
5161
5162
5163
5164
5165
5166
5167
5168
5169
5170
5171
5172
5173
5174
5175
5176
5177
5178
5179
5180
5181
5182
5183
5184
5185
5186
5187
5188
5189
5190
5191
5192
5193
5194
5195
5196
5197
5198
5199
5200
5201
5202
5203
5204
5216
5217
5218
5219
5220
5221
5222
5223
5224
5225
5226
5227
5228
5229
5230
5231
5232
5233
5234
5235
5236
5237
5238
5239
5254
5255
5256
5257
5258
5259
5260
5261
5262
5263
5264
5265
5266
5267
5268
5269
5270
5278
5279
5280
5281
5282
5283
5284
5285
5286
5287
5288
5289
5290
5291
5292
5293
5294
5295
5296
5297
5298
5299
5300
5301
5302
5303
5304
5305
5306
5307
5308
5309
5310
5311
5312
5313
5314
5315
5316
5317
5318
5319
5320
5321
5322
5323
5324
5325
5326
5327
5328
5329
5330
5331
5332
5333
5334
5335
5336
5337
5338
5339
5340
5341
5342
5343
5344
5345
5346
5347
5348
5349
5350
5351
5352
5353
5354
5355
5356
5357
5358
5359
5360
5361
5362
5363
5364
5365
5366
5367
5368
5369
5370
5371
5372
5373
5374
5375
5376
5377
5378
5379
5380
5381
5382
5383
5384
5385
5386
5387
5388
5389
5390
5391
5392
5393
5394
5395
5396
5397
5398
5399
5400
5401
5402
5403
5404
5405
5406
5407
5408
5409
5410
5411
5412
5413
5414
5415
5416
5417
5418
5419
5420
5421
5422
5423
5424
5425
5426
5427
5428
5429
5430
5431
5432
5433
5434
5435
5436
5437
5438
5439
5440
5441
5442
5443
5444
5445
5446
5447
5448
5449
5450
5451
5452
5453
5454
5455
5476
5477
5478
5479
5493
5494
5513
5514
5532
5533
5534
5552
5553
5554
5555
5556
5570
5571
5572
5573
5574
5590
5591
5592
5593
5594
5613
5614
5615
5616
5617
5618
5619
5620
5621
5622
5637
5638
5639
5640
5641
5642
5643
5664
5665
5666
5667
5668
5669
5682
5683
5684
5685
5686
5687
5688
5710
5711
5712
5713
5714
5715
5730
5731
5732
5733
5734
5749
5750
5769
5770
5771
5772
5785
5786
5787
5797
5798
5808
5809
5810
5827
5828
5829
5835
5836
5837
5838
5853
5854
5855
5856
5863
5864
5865
5866
5867
5868
5869
5870
5871
5872
5873
5874
5875
5876
5877
5878
5894
5895
5897
5909
5910
5911
5912
5913
5914
5915
5916
5917
5918
5919
5920
5934
5935
5936
5937
5938
5939
5940
5941
5942
5961
5962
5963
5964
5965
5966
5967
5968
5969
5970
5971
5994
5995
5996
5997
5998
5999
6000
6001
6002
6003
6013
6014
6015
6016
6017
6018
6019
6020
6021
6022
6078
6079
6080
6081
6082
6083
6084
6085
6086
6087
6088
6121
6122
6123
6124
6125
6126
6127
6128
6129
6130
6131
6132
6154
6155
6156
6157
6158
6159
6160
6161
6331
6332
6333
6334
6335
6345
6346
6347
6348
6349
6350
6351
6352
6353
6361
6362
6363
6364
6365
6366
6367
6368
6369
6370
6371
6377
6378
6379
6380
6381
6382
6383
6384
6395
6398
6399
6400
6420
6421
6422
6423
6424
6425
6426
6427
6428
6429
6430
6431
6432
6442
6443
6444
6445
6446
6447
6448
6449
6450
6451
6452
6453
6454
6455
6456
6521
6522
6523
6524
6525
6526
6527
6558
6559
6560
6561
6562
6563
6564
6565
6566
6567
6568
6588
6589
6590
6591
6592
6593
6594
6595
6596
6771
6772
6773
6774
6775
6776
6777
6778
6779
6780
6781
6782
6783
6784
6785
6786
6787
6788
6789
6790
6791
6792
6793
6794
6795
6796
6797
6798
6799
6800
6801
6802
6803
6804
6805
6806
6807
6808
6809
6810
6811
6812
6819
6820
6821
6822
6823
6824
6825
6826
6827
6828
6829
6830
6831
6832
6833
6834
6835
6836
6837
6838
6839
6840
6848
6849
6850
6851
6852
6853
6854
6855
6856
6857
6858
6864
6865
6866
6867
6868
6869
6870
6871
6872
6873
6874
6875
6876
6877
6878
6879
6880
6881
6882
6883
6884
6885
6886
6887
6888
6889
6890
6891
6892
6893
6894
6895
6896
6897
6898
6899
6900
6901
6902
6903
6904
6905
6906
6907
6908
6909
6910
6911
6912
6913
6914
6915
6916
6917
6918
6919
6920
6921
6922
6923
6924
6925
6926
6927
6928
6929
6930
6931
6932
6933
6934
6935
6936
6937
6938
6939
6940
6941
6942
6943
6944
6945
6946
6947
6948
6949
6950
6951
6952
6953
6954
6955
6956
6957
6958
6959
6960
6961
6962
6963
6964
6965
6966
6967
6968
6969
6970
6971
6972
6973
6974
6975
