963
253
623
581
745
696
920
519
226
608
446
57
270
70
830
371
316
839
500
179
32
995
285
368
460
782
463
813
307
428
905
68
711
196
1016
1004
365
442
309
46
837
667
724
628
854
146
687
20
429
360
585
1033
625
615
357
886
49
833
651
531
479
269
1062
890
322
55
301
182
88
185
602
254
589
56
650
99
655
555
455
1032
267
916
1048
406
639
93
551
1073
769
384
217
938
1013
684
783
16
299
587
166
127
544
89
710
35
218
940
380
801
1010
351
538
761
489
319
875
233
953
971
619
106
441
524
939
526
383
828
637
673
370
572
366
118
533
382
952
945
249
758
39
901
119
456
528
1059
295
157
152
495
853
719
132
364
692
865
347
611
198
954
282
40
60
275
923
826
122
860
19
426
436
5
795
974
947
421
129
167
1030
554
507
91
230
765
654
493
874
787
277
472
852
1025
648
607
28
924
987
840
352
898
201
888
418
799
467
512
294
1
144
1079
863
808
279
950
767
847
148
895
862
184
539
231
1049
121
636
90
447
227
220
781
104
292
856
647
77
1022
459
1056
634
461
1001
1054
209
913
341
675
338
135
681
176
8
202
98
994
24
1031
354
1050
339
344
73
420
1041
65
792
771
656
812
873
573
448
592
413
1083
131
178
485
567
977
1027
499
323
879
320
723
829
805
516
893
620
944
321
980
569
81
1015
1074
731
763
469
411
962
622
697
593
399
505
240
715
779
571
315
591
412
643
741
820
838
772
310
824
163
1038
933
203
17
85
708
956
909
326
312
633
712
810
397
685
175
25
235
887
475
12
454
164
817
561
116
894
534
868
242
964
582
680
790
774
908
617
1018
663
244
638
689
449
730
303
141
444
981
482
832
565
755
481
612
872
71
361
664
22
4
298
377
414
434
870
932
108
335
290
609
13
706
313
694
1006
445
530
504
183
433
631
243
709
18
580
401
443
390
492
816
541
823
930
610
1069
936
110
802
180
911
280
423
205
588
548
766
644
876
957
329
1064
464
396
239
483
41
387
518
471
825
15
391
1053
72
453
844
698
452
747
362
376
850
927
111
328
1014
52
976
26
556
258
717
375
951
1065
177
934
204
579
1052
985
33
314
843
356
340
629
96
188
84
912
906
889
430
241
248
1002
679
734
917
961
756
187
508
219
902
200
1045
603
113
990
457
576
517
480
190
289
358
536
910
58
419
273
208
645
1019
848
1007
83
739
653
672
1076
559
972
807
133
857
92
742
10
1044
658
543
438
327
67
982
525
95
701
586
705
171
136
7
424
1040
669
134
86
702
114
115
350
331
722
550
968
395
942
714
949
922
186
989
851
996
1043
737
37
746
494
892
836
51
549
948
137
707
665
259
297
3
260
1068
87
943
1037
437
713
501
405
751
53
363
721
691
29
1066
76
97
818
355
632
1060
392
415
630
1039
123
1011
1063
138
247
729
381
473
867
897
408
991
317
986
256
6
427
809
490
359
458
1058
753
798
410
125
668
618
925
302
699
716
736
597
206
613
207
409
210
738
560
214
477
921
264
514
523
311
791
325
1046
120
195
570
1070
255
272
488
725
1023
590
393
827
885
577
283
819
47
899
935
616
78
513
733
155
978
1009
170
726
229
1067
811
398
130
703
305
79
487
946
374
336
189
318
831
1017
281
1035
1081
661
834
416
704
600
842
36
276
308
785
232
919
462
143
431
759
237
257
107
425
522
1042
266
542
564
1061
34
466
575
476
451
261
265
841
470
671
278
800
599
546
858
149
74
291
109
646
386
450
82
221
614
878
880
145
378
417
44
168
877
676
102
881
394
690
154
402
752
563
915
1072
511
869
547
970
535
216
422
465
1055
635
234
918
595
780
174
678
491
900
657
126
744
626
330
732
169
1075
30
864
236
794
749
139
1005
486
105
757
369
797
502
372
1051
682
191
688
884
521
94
373
478
59
624
1008
389
955
1047
1029
642
596
601
484
510
337
776
63
999
150
718
760
1028
1036
62
993
748
520
683
50
332
349
649
835
762
161
199
553
304
11
532
929
604
