8371
2764
3471
74
7135
7149
8034
949
1093
10443
7029
2651
5776
226
3989
146
337
12083
2844
3285
10103
2115
6873
11710
8277
6634
9875
8355
7721
338
6915
6472
4636
11889
3215
8854
9563
6034
3511
8496
4369
4222
8715
6386
7701
5208
971
2334
12266
3415
8220
10466
4030
7544
5028
11157
2449
10311
10300
7396
2260
2547
3818
1798
4322
1779
2751
2676
9348
3211
5630
9146
5070
545
4841
4312
3679
4399
10154
1956
1934
1171
11890
12141
1676
6406
4803
11087
8638
7528
10621
1982
2196
7140
11860
10390
7468
292
3569
3212
8841
7524
11062
5545
9855
10909
12371
4869
2279
10299
11944
9052
3893
10497
1902
5990
9968
466
450
6228
10022
5299
1045
8756
9848
5045
3595
2126
41
5736
5015
10315
7637
8894
3772
10974
486
8557
10535
9449
868
8847
10151
5883
10021
12167
8274
10579
12307
6445
11306
11106
7201
2916
8323
9082
9876
7294
763
5549
3597
548
410
6170
63
4358
1690
4823
936
9234
6378
3141
3237
9361
9547
6413
2647
11871
9940
1066
10102
5454
6662
5183
6121
6129
7183
5548
6421
4877
9442
181
9809
1060
9197
6198
11300
1332
4494
3417
7375
1108
9773
8736
9795
5435
11449
4603
7673
9772
3500
2625
8840
1919
2947
3722
7332
9281
5388
8872
3028
6054
10882
9402
11121
9115
8929
3388
300
4210
6696
12289
1019
1023
874
2224
5577
3536
3267
10079
11546
8588
11418
11736
7154
9121
586
8231
10765
6536
9218
11875
7808
5313
9389
1998
12054
9397
491
1127
7360
8926
7576
3000
8410
7875
3481
2699
12057
1954
6961
9031
10396
6884
8930
8489
1864
613
5173
12372
10950
5724
10593
10271
11996
5338
11953
363
5223
9475
8364
7829
3779
5226
1030
8098
11404
3707
3063
6727
279
3850
7393
5821
8002
2309
10759
8477
11628
1742
7153
2200
11650
12210
4209
581
5942
2213
3223
86
3363
1205
5201
7849
7249
2681
2484
5377
3206
5285
10995
5010
9759
3019
1662
4181
9965
11817
4758
6507
3369
1157
3405
6622
7470
2475
11192
7835
4411
6515
4011
10113
8589
11806
3742
7913
7206
10024
7096
10461
9039
9769
5511
4157
10027
376
11436
12237
4693
1985
4225
360
9423
6274
10848
2880
8753
11090
6439
11161
5306
9967
2679
7706
9776
3753
9822
1872
7365
1555
5779
9511
11488
6085
2254
10082
10060
7309
1430
8051
354
2046
3880
11799
2565
10273
9810
4966
10587
8759
11682
7091
10616
2266
8659
1597
946
4191
2375
91
8549
5589
956
5930
1070
4234
2285
3942
5567
5550
10716
10673
12079
4472
10334
7177
9341
12344
5225
4790
3158
4068
8297
11373
1189
1991
3167
9593
1838
9920
768
2642
11410
10826
5290
6551
10488
12316
11651
7963
2059
3723
8433
2784
11766
10297
5953
7237
9282
1126
9495
3803
3185
309
5896
10327
8869
5924
5808
1497
1672
1687
9886
5383
3851
8940
5909
9720
1221
1156
4840
12172
8396
4671
1642
1768
11016
11037
9070
6288
7534
7347
2137
2732
2189
11891
8676
7007
125
11013
8148
266
479
12050
3967
3553
10178
4848
12359
1718
4395
7423
3411
2893
7287
3748
2549
11453
10883
11752
671
648
7751
3934
2077
3043
4186
12274
5573
7285
4421
9287
11909
1726
1140
866
1455
6592
543
6141
9726
2513
347
11088
2141
149
9743
2616
4799
4073
8513
4212
8958
9748
3429
2340
5151
10610
11451
11757
2324
2096
10222
6468
10139
2316
5713
10846
8733
1769
4233
6921
7488
1235
8353
4755
4127
8440
8758
9354
5426
322
1548
10256
10210
10395
4317
6295
7625
10808
4178
2760
3645
6195
6840
4020
6446
5920
11812
7765
6877
11737
2757
9796
1512
4353
4188
3953
8728
4025
1202
567
143
3170
6049
7118
4164
8691
1870
7551
11735
6398
2330
5016
10446
3140
2118
7723
6703
8861
7573
880
11765
12341
9639
4506
5597
3460
6119
1929
2414
9269
5185
8251
645
1762
2854
3090
11213
7172
1158
3053
11351
3515
11554
2193
6435
661
10067
6151
7104
12239
11530
4990
6263
651
6017
4174
10455
2919
9762
1675
5114
10056
3736
3945
9979
4083
9142
8798
7594
6901
3486
3549
9383
7898
1645
11570
673
11504
8249
7051
11459
6729
2960
2233
2223
8745
5191
5333
11916
4747
11310
4138
9466
8598
3725
9174
10278
10726
11929
7479
1612
6564
4485
1041
6083
1231
12037
9542
1983
3129
719
4999
2227
10984
9831
11521
2091
1149
1733
900
10988
11359
10144
7240
1714
4351
5910
6205
6328
2023
10448
8237
3128
1835
9730
176
6006
2888
6493
11235
6560
6656
8970
6752
422
1425
7983
6234
954
991
8569
7369
1972
4897
869
7215
1214
11344
7549
2923
3456
4631
2492
10772
1120
10618
12051
3290
6019
4768
2522
2160
8948
7870
11561
666
1426
9702
3701
1536
12317
1624
9813
6533
12012
5177
6768
3179
942
10719
10564
5242
364
4691
11534
6451
7879
3811
3931
6371
11220
10006
10584
642
8556
6010
2370
7938
4868
11507
9611
9119
6784
10137
7175
495
11676
402
6900
6985
8604
1080
4168
342
10707
11022
11545
4545
2649
1133
9161
9329
2695
12348
6923
2187
11065
8592
4287
10452
11225
3518
9902
472
6760
4037
6911
8903
1082
9509
464
4085
2822
2295
6045
4128
4165
11518
7791
2024
5276
9280
2706
2913
3461
3713
5952
1379
751
726
7530
386
10812
11959
10043
11240
920
684
3951
6334
4041
2707
10630
2139
3015
12305
10890
12247
2925
1159
6214
7787
6707
10055
6699
633
3526
9941
11605
6400
6843
11360
326
3379
4106
12260
4565
1601
5947
11602
3152
7125
8198
8781
4717
4856
319
1059
1173
4420
2729
4275
7746
5572
6433
11195
8385
8579
10087
1335
8326
2014
5810
9240
8534
7353
10288
8858
9602
2818
5025
5347
3918
9607
1940
2390
9122
8370
7050
4465
9832
8437
5940
75
11111
9696
11293
7339
5830
6027
669
1770
5981
138
6535
2936
11683
9484
10166
6966
9806
359
2338
7669
11784
9133
40
5870
9231
3567
10177
4858
1067
11750
8819
12101
8372
10496
5107
11912
2206
1693
11248
9767
10901
3963
4112
2743
3036
6775
6011
3003
8459
8039
445
6548
5081
2623
3516
2702
500
6343
10453
12304
1210
6572
12363
433
1181
12074
10185
7202
8834
7749
5135
1477
1670
8754
2426
8384
1584
10376
2540
5419
3230
208
1331
820
9846
2098
9758
4098
5076
8461
10214
11673
725
6580
11283
7521
3318
9437
10096
3004
2152
5182
4643
10906
6430
8514
4968
12297
3901
6740
11170
44
12055
4618
4340
10771
1994
4726
10842
4460
1418
5882
9357
9896
9921
4834
7804
8287
1123
9420
389
2089
6591
7774
11992
4144
11297
3473
4794
4269
4203
11783
9000
3992
9973
12309
4441
1469
11345
11786
3006
163
7046
8535
7862
8142
7330
11474
7218
620
7616
4810
11489
7492
8685
6233
5041
32
2067
4832
2940
2748
5463
11246
2962
246
5890
3155
5160
2915
10447
8641
8490
11186
3189
2552
2486
3647
2953
6562
6575
3066
2186
5106
8296
7275
265
11544
2698
9163
3958
12329
11468
3133
2684
8260
3685
4313
10575
9457
8021
4648
1198
10115
4570
10175
1947
268
9171
401
2275
7762
4344
1658
5027
11925
7089
6222
10451
1704
10625
8698
1474
6844
11798
7273
753
9950
8258
11126
9283
11134
8431
1840
383
4130
3848
7718
8335
5690
5912
7379
6924
3373
373
10687
5980
2212
51
9263
11169
5130
9205
5061
7574
8262
202
3188
7244
6096
2997
10470
2153
12022
5330
7399
5337
261
9430
4184
6395
4533
8695
2792
1132
8216
8008
11377
713
2869
5561
549
8085
777
5079
4922
7605
9114
321
10604
5433
2436
7156
4094
6199
1801
8269
4038
6706
11927
6960
1254
4076
12229
3523
2207
8518
2008
9233
12151
1664
4328
772
11307
2462
10547
11207
6692
9118
11333
4474
8686
1131
7401
9671
69
4118
11569
2774
4289
7711
4204
4503
4211
6842
2328
10226
11768
10880
2306
2221
9761
11541
6280
12082
12014
4498
9017
4956
10408
9540
6368
2495
6666
12190
4432
5868
6235
1211
8545
4640
9470
2001
2132
2366
85
6597
11731
5412
5423
9736
1508
1513
1772
5307
10888
4797
4247
10754
1651
1867
10389
6972
11823
9818
7949
12301
3472
2841
9465
7098
223
4594
9705
12214
2284
9942
7128
9346
5047
3800
8864
9411
9805
555
6785
5984
2120
10247
2737
5289
9915
1595
8842
1510
10057
9134
10638
5296
12217
11979
9975
5358
1608
3540
10518
11227
9548
1938
12019
7270
1557
211
126
533
9014
12
611
523
2786
7461
11969
2902
5547
9859
7329
4457
3264
4884
5628
8205
11917
2559
7034
10897
379
475
10947
7192
11931
4937
10427
6059
4846
5465
10813
3522
6075
3517
8954
4096
979
1627
9524
6574
12170
7510
1786
779
6007
9873
3605
2995
1051
8590
5178
12347
3381
9382
1098
10442
6617
9926
7279
8270
2191
3050
1197
8765
7357
10344
7789
9760
10107
2989
10788
10588
3153
4598
4336
1784
7139
10686
2055
10050
4962
5666
10307
10751
4277
5376
7724
9144
10489
12099
1103
7598
7072
7568
7391
905
1829
2154
8345
9646
11358
11353
4875
8551
203
6338
3392
10927
12001
5470
9879
9196
10209
2753
10114
8908
9777
11226
4024
8159
10769
8543
8509
10832
2808
11354
10264
6867
1657
7155
3777
8393
1789
9839
2460
6454
10793
7964
10216
8657
4774
12370
1420
2717
2587
254
860
4349
4221
3782
10180
7863
6588
7715
9235
1636
7297
7499
9897
6991
6705
6660
7173
5032
6064
584
5602
12339
8226
12251
2584
2554
7421
9952
11844
6756
10041
11467
2819
8749
361
606
10999
11672
4601
2750
4789
2339
5956
5382
3238
10467
6432
5812
5113
9880
579
11343
8742
5407
3528
9169
10472
4895
1565
8994
546
4379
1519
2592
5179
11462
9699
2621
8344
8432
2364
9391
11851
5175
7817
7338
3027
8373
12230
283
9939
11592
8174
6410
7114
8591
6299
5385
6459
2728
4670
6503
10023
9838
937
4969
6619
1409
11391
8468
6154
2871
387
1088
1124
10878
7636
3243
2188
9711
2848
6737
8955
9190
7656
5671
3016
6652
10391
3434
2860
6426
1038
7130
5030
10963
7112
4807
8881
5399
5406
1754
2645
6324
9412
7220
10572
817
11007
4896
11496
1128
2827
2169
7629
7354
9614
577
11716
518
6041
4451
6015
5438
4809
12222
11421
9112
3480
8166
1505
100
6340
2834
952
12016
7459
7255
10379
10861
2511
5579
5937
6004
8015
8218
320
11478
3490
3374
1896
2739
5110
2602
8087
10282
11368
6539
11962
854
2394
8146
11869
10865
11539
1150
2477
8650
9454
3521
4536
7640
8304
6223
4792
10481
12248
3420
9257
7806
2231
2521
1763
11556
8616
7516
9984
2431
8414
3315
4122
11643
10731
10322
6215
8351
8288
9608
10168
11092
7412
873
10293
8133
187
11461
8308
6635
5604
10701
984
8805
8811
9885
5432
2226
9004
10275
4305
1773
8755
9380
4692
12232
6341
12178
7778
7312
10926
3531
5449
1920
8832
11060
7518
9376
4923
5608
3353
8103
1063
2452
8899
10540
3761
11034
1609
3525
11160
9864
7334
8399
11728
9008
1017
165
1014
977
4341
10570
9055
9780
2003
2985
11223
11009
8478
487
5102
8732
3733
3592
11070
5140
5796
2926
1696
7522
2178
7230
7124
8829
7160
12202
1793
12197
7777
799
2614
5886
7039
1843
1222
1135
3632
3730
5967
1760
7712
10663
689
10061
9862
5190
79
10018
3552
10711
3428
12283
11481
2823
1556
502
6429
9567
10931
5212
4652
1722
9228
4537
2870
5169
10072
3732
263
580
8192
7908
2756
3017
6977
8376
6632
1438
484
5067
6256
7802
12366
2348
5437
11994
5192
2775
8112
2491
8710
5215
8230
10484
1807
6177
6044
4104
5969
9224
1184
11210
6431
980
525
6022
10590
740
7083
3765
2333
505
10014
5035
5066
6110
3177
3817
3694
4101
11598
4364
5921
5429
3033
8885
11794
11604
10095
10198
11339
12314
3245
424
4308
9709
1336
10998
11675
11218
8888
749
10503
10643
6630
5275
1209
9149
7044
3680
5042
11949
590
461
6394
7981
6260
11525
10510
11708
1965
3468
1007
10582
3503
8115
5129
1878
2293
11821
5233
7612
7234
3431
3313
7328
5835
12183
997
3023
9255
867
6152
1180
6714
4759
8776
1028
2181
11637
11495
6244
3077
8671
11933
9963
4189
154
4004
3941
11861
2861
10858
797
7678
11991
3073
7253
3769
12135
4588
7129
8306
9057
6723
5991
463
7886
6974
4140
9954
6353
4697
10034
11139
7953
1075
3950
3954
10990
4748
4873
5502
644
11047
11577
7232
4844
2689
7013
4079
12175
4049
11216
7571
331
1485
4961
8019
6221
11514
3097
8663
6147
8301
1193
1004
6573
12003
9193
4031
9308
8177
7320
9673
6502
7731
7288
3421
11859
895
1808
10977
6698
11211
3013
6527
2081
10580
142
3400
8555
1744
4582
8737
5029
1570
1650
8095
3502
9991
7337
10227
7186
7818
4330
2632
8889
10296
6981
8913
7664
4833
2313
8681
11389
10217
7987
2994
3242
2783
5237
640
4290
6490
1639
10792
10696
3446
8817
3263
1832
10428
62
11581
8127
1412
10225
11883
6290
9387
10728
3345
815
1230
11655
7597
6349
10252
7174
608
7816
12212
8986
5837
8627
9077
6284
2734
3532
8996
582
4596
5098
8244
6483
11480
3577
3699
11649
2258
1487
5132
2463
3292
11513
12128
10975
10694
2300
353
2259
11729
442
7744
8784
4763
327
9135
2832
4769
4466
5162
6690
4283
10887
4629
3246
1229
8303
825
1104
4688
6898
8368
5023
5851
10434
865
10899
7542
1790
3271
3776
6072
9675
1654
5327
334
8711
11370
7703
9021
846
7757
4418
11976
9981
12031
7671
8748
12115
10457
3627
5250
1217
1880
10474
3990
2145
3822
306
8211
10335
2073
5136
10028
7848
2010
8572
10121
9155
2480
2911
1129
12087
11258
1734
8102
2723
11127
12000
9191
5594
4992
5014
11456
10862
5310
1484
11364
9386
5346
6578
6537
5607
2202
4331
9072
9305
5489
12356
470
2351
632
9459
3086
978
2380
529
2508
6182
7243
9373
11254
3621
1357
8086
1716
3262
10704
1774
12164
3029
9750
3955
10799
2813
3260
11342
1958
2612
4624
6726
12114
3788
3760
6676
6259
4477
6354
4985
1853
8445
4740
3512
1697
7729
12209
10629
11878
4201
7552
11536
12342
6146
10936
9703
8878
3118
11698
9362
3169
11805
4630
11075
3804
4053
5101
9706
6014
2358
9300
7116
5058
357
9790
8906
11012
12113
9265
10715
6250
7799
3084
7833
4258
1995
1574
8714
9681
1057
1589
4023
5599
8501
6267
3826
2910
6528
4738
1632
7219
8187
2600
7208
3138
9719
11371
11217
8785
7489
8497
2752
5302
5149
9882
2671
3939
12176
6550
5974
4667
3222
9254
2548
10864
4622
9708
5001
8009
10423
10409
8901
1803
12065
11278
10010
2144
7433
1271
12373
2603
2165
8583
623
588
11138
10852
1501
11740
2713
4716
4663
2203
11104
8990
8315
3551
7631
11608
107
8918
5300
4348
1529
9198
9189
9226
5090
10717
1899
3038
11840
4694
8971
11658
11868
835
290
9139
9496
6143
9385
328
12203
11068
4325
6747
10001
3598
7054
6948
2064
4090
4449
10957
3971
9947
5259
11176
10285
3555
5292
9366
11325
1236
1592
5553
5936
2225
8333
6217
2422
8111
4575
2797
10955
4499
4757
3391
3294
7216
9533
12249
5657
11902
11028
5998
621
6517
8006
10809
11923
9824
7432
10923
12325
4544
3488
8263
5417
11946
5871
4530
2438
4722
7697
11455
2493
6795
10435
7157
10937
11383
9596
7758
9881
9910
7547
9694
9151
7759
547
3437
9355
5617
7965
12246
8991
8428
449
1111
243
9944
2066
4672
4546
6601
9105
11208
9176
8721
9721
7151
7304
10541
8153
1571
8246
958
3337
400
4311
6684
5695
8001
1804
852
7405
10399
5889
1136
329
8826
7562
9865
9476
6520
6364
947
6624
10577
1530
2837
1204
4248
5535
3994
8256
438
3751
8182
9734
3099
3587
6028
10526
4359
2620
10340
9372
2135
12072
4720
4796
11964
5374
11094
960
12171
12195
2329
2605
12127
3550
9262
11416
2182
10464
2481
4257
11963
4046
11886
10233
8964
12062
10919
3255
2598
2935
9666
5822
7737
8608
6646
4423
4959
10530
7992
8553
4190
7075
9010
8309
4617
4689
9002
11829
1534
5723
7073
1910
2959
11044
3277
9768
8129
8278
8441
8311
1561
1296
9477
8773
10814
4886
8587
844
7041
3744
8239
1993
3867
9427
11329
2946
1971
685
735
1050
9339
6384
1356
3802
3830
9080
6577
10706
1056
2857
12030
5754
1964
4195
5211
7832
10532
5209
2100
4293
12081
9425
8366
6938
2532
2459
10743
9137
5769
4481
3060
9658
3828
11399
10265
4107
2133
2237
4736
10011
6437
1578
3542
1603
9310
42
10658
5555
6305
6511
116
8243
3475
8474
10603
7871
4008
2350
3780
1233
7683
2167
5933
6206
3768
10753
4217
10352
7916
9445
6161
7514
5966
6339
5446
631
9126
2982
9278
3142
10155
888
9526
11838
8429
10730
11987
3514
9049
11469
11332
1033
2468
11564
5857
7716
10723
2849
7515
1893
5024
5656
12043
2882
4028
5430
9606
2678
1821
9186
9797
2978
411
183
11590
1844
2408
8041
9987
3364
972
3692
3018
7753
11296
5879
195
5239
9156
2302
11264
2806
6639
7107
3622
1375
6185
8965
8061
10086
112
3163
3717
10516
5284
7690
2727
7239
1688
5005
1825
1702
12125
2028
3489
4129
3145
1463
20
6095
3678
11633
6093
9436
11606
12156
11892
10230
10942
5206
2450
5853
11791
11413
9774
3278
3314
11076
5253
9800
7137
5888
8757
0
9505
4816
3218
8552
2219
10398
9845
9428
7851
4057
1753
10291
5274
11198
10798
8430
10505
2148
8762
3312
6092
9629
2381
8827
9019
1630
3012
11305
5675
8656
5975
66
10383
7092
4116
9887
10714
11984
9592
7167
8012
1587
9270
5960
9107
7674
6438
9408
788
650
291
7815
2319
6819
11930
11510
7307
4302
11638
6273
2092
10328
3801
953
6664
3074
10622
9562
6127
10825
9704
1155
10128
4687
7299
10000
11552
1473
8855
2920
3612
3684
1575
3303
5517
1141
11522
1450
4407
3367
7738
3134
9794
5065
4901
5000
3386
11926
8669
12093
3132
3507
2419
1882
2562
4402
10606
8013
1097
9565
12244
9801
10652
2661
2290
8110
9007
5396
3156
8160
668
10500
12027
12021
7066
3122
4661
8999
8329
9597
4625
8058
1614
8094
8139
9199
7283
2129
11629
9892
8969
2310
8683
3737
7996
9630
8408
3858
1486
2942
11825
9992
5357
4142
3162
9934
4733
6657
12288
5633
3282
11548
7090
3783
8524
11627
10047
4125
9214
6357
5721
8874
9971
9644
2502
4133
11171
6020
3766
11603
7
5556
8493
4517
7935
8887
1979
10679
1441
9471
2314
592
7796
6475
3855
4386
8952
2078
7722
241
11849
1967
4613
11957
9725
9458
7228
783
3771
7204
6526
10838
10655
6462
5283
9319
4161
7500
11463
60
6930
3846
11828
8857
2537
1012
6427
2164
11640
5534
5246
1026
11388
5898
7995
10161
78
2036
9613
2917
3599
10276
627
6731
9891
1
7607
1154
5258
1042
4052
7324
6467
4560
8642
8038
8593
8634
3762
6633
2079
5880
5575
635
253
6292
344
2956
5069
135
11777
9084
10290
7035
909
5755
2374
3426
5507
1580
12023
10756
10499
5440
11494
3608
6166
1797
6380
5403
9559
7554
5315
10330
1730
11680
9075
795
4975
5231
4798
12334
10473
2906
3207
10837
892
3795
9381
9574
9266
8467
6076
5487
5375
10932
9680
12349
12243
10924
2590
10684
12281
9771
4764
2465
8697
6335
2395
5089
1076
2789
6936
9783
674
3052
9369
3998
7672
114
2365
4097
8164
2742
8941
2686
3583
7782
5659
10046
7735
3574
2071
4224
3240
8503
870
10444
5929
4892
8582
5885
8760
10531
11773
2069
11247
1102
7248
2012
9665
8512
11822
1147
3975
1585
83
11714
3643
2804
4404
11668
5590
209
5587
4262
6735
12299
3253
7209
11688
6770
646
4633
3562
5462
3239
4791
10835
9448
7298
5119
7888
4237
7389
10785
8859
11362
7654
8618
2399
881
10066
5948
8800
12302
762
240
2458
7084
2062
5340
118
1901
4709
6531
4760
7867
3718
4632
9553
4345
818
11277
6637
6836
8197
5397
7707
9615
3026
882
11646
7028
1461
281
4475
2032
7922
1203
4131
10913
8806
6997
6315
7469
4440
10979
9786
10908
3715
794
10071
10699
6232
7600
737
8350
9351
10617
9035
1904
1869
10843
5669
174
10967
10284
2781
3815
9668
11989
6016
4851
9914
5644
8141
5416
9620
6954
1433
5062
1511
9367
1656
16
2749
352
12186
11905
10501
1413
966
8729
8927
11125
594
1491
3545
2829
10649
10236
10449
11214
7252
12279
167
1031
12100
6642
1192
11393
2011
1889
8283
2692
8809
3244
12331
2175
7093
2652
677
9814
7705
4593
8655
7162
6962
3352
6754
3703
3120
4360
9416
6219
7591
5049
12147
950
4808
7074
1113
6150
339
2386
12076
8544
6629
2768
9976
4113
11006
2875
8920
3557
10980
9988
11611
7960
1475
111
1953
6600
6109
6773
5492
9098
5471
10093
5730
2627
11270
8825
11839
1596
6488
1274
9324
6529
7905
11499
1145
3439
2850
10388
6120
4487
10534
10962
8264
1443
4967
7187
447
889
6627
1065
3876
12133
9320
12041
11936
478
5648
8787
7610
786
4802
7663
3199
58
10199
256
11430
9640
3076
12265
8134
10476
9159
10581
1178
9627
5935
5907
7281
8989
207
4415
2106
5142
4542
10259
6304
11940
4837
10881
8917
5583
4874
11624
153
3007
2341
1163
9213
8229
1845
8786
7872
707
6193
10274
10521
3030
10098
1936
398
5425
10150
9249
5348
6021
1208
10100
3235
5496
369
8455
5869
10614
45
9005
11841
5849
10413
5820
133
9358
9394
5994
10747
11380
3775
8498
7647
8743
6029
2156
6240
12159
1016
443
619
10491
6519
7679
4928
5672
9512
1152
397
9618
12130
6229
5288
9746
9626
8613
7681
4319
10170
10721
6270
4835
3854
2581
11904
3321
4032
4566
12235
7122
12221
2762
2665
9590
12327
4012
2799
2000
2709
5387
6319
1085
4372
10202
8957
676
9188
4628
10187
10828
6291
1621
1431
8135
2931
6294
2344
11262
6910
4469
7213
7194
5983
6631
872
906
10143
3968
4488
6571
7657
9208
12361
437
11153
1568
10824
4162
5447
7055
4297
3947
3247
4200
11542
8782
3104
1472
5466
5919
440
6596
1563
12208
11036
2862
12226
7970
7717
10599
257
6393
6204
2541
3842
1892
2740
4332
6654
9728
5267
3180
7437
453
1312
7825
9147
8696
8905
10910
2517
8312
1000
9410
5601
5317
7648
3485
9983
10831
3291
12285
4301
2741
11315
10912
4069
9588
4839
3272
10260
3824
6477
4196
862
4785
5585
2499
4464
4725
9157
2453
5959
2975
9904
5719
8089
2283
3900
7747
1646
4484
8481
10251
4933
2337
11114
8423
3377
10196
5298
11493
117
12145
2558
8310
1886
5422
9778
12240
5161
2831
7311
166
4454
11898
4822
9970
9969
9883
5500
10818
9928
10889
2876
760
615
3639
7665
7136
9927
503
11032
9692
3358
11685
2979
10317
4007
1035
734
1822
2397
10490
5971
1482
2072
1166
11684
3449
6023
8679
6766
3808
6279
3465
583
5706
6448
12290
8850
3279
11341
8789
3441
2758
2363
11623
436
9058
7882
9821
6332
2782
3317
6082
11145
9015
3117
9930
2619
4077
4265
6281
5056
157
10585
4659
4180
5593
2613
1900
124
6187
10548
6005
7650
11524
123
4521
5872
122
11803
510
11187
10426
8863
798
6835
11445
4940
3362
3719
3375
10607
4981
3252
11915
576
10440
4729
12293
11535
10149
7496
4406
6178
921
11895
7541
1496
3812
8107
8725
9974
10631
1766
4845
7634
3957
4702
1567
5026
8771
11747
4428
6559
8261
9089
7316
255
6149
1338
2787
2396
8119
3519
10479
4730
1560
659
8797
10109
1054
637
11968
4042
4861
1440
9587
2833
2355
11355
4501
242
2690
8619
10539
10200
11432
11350
2530
10922
10664
11476
6744
2644
5280
1518
4829
1037
2050
5662
6106
4264
3251
11397
10130
3124
2009
10378
5941
348
7411
6388
11184
8919
10309
8727
6073
6805
4777
9793
9869
9785
4437
19
3234
5979
7498
2417
1538
2281
9022
8972
7692
3770
11662
4169
1794
6392
11767
7280
2177
2146
998
3394
9398
1546
362
3604
9938
1464
9315
6192
2972
9061
3541
2376
5513
1814
3195
73
11378
681
1503
1781
8515
8295
1407
1445
10992
1686
3644
8240
11826
497
10078
7734
8186
11997
3080
1598
7780
2033
902
3938
4612
4390
7561
4414
6544
5473
8460
11177
3390
3613
3256
185
11209
11622
539
10045
3249
3011
6276
8730
10565
7850
3499
3496
2440
12104
9631
9544
3126
5893
10179
2514
5598
4543
9916
801
11372
11998
2812
3383
1432
10563
10058
3965
4480
1895
8338
8813
6358
6173
6200
5957
7207
10776
6586
4547
3708
7593
4063
823
5467
3054
9961
8667
6973
1996
9113
9530
3620
6336
214
3799
6412
3600
7427
1273
6302
6704
9856
6829
9276
8104
6595
2127
8980
9828
7222
7458
12242
3478
5073
554
3139
8379
8457
809
4137
1699
1752
1660
8123
3002
4964
335
6138
894
3492
2694
7570
5411
11492
6626
7094
3216
3673
6480
215
3209
4957
7539
4668
8803
4078
10068
11549
4660
8975
9314
11751
9946
7771
4948
10994
6416
2796
11901
10437
4256
5189
8928
11039
1036
317
8720
7972
10560
9395
7624
9682
7501
8336
3798
43
3791
4229
9569
6065
10874
519
499
6851
3281
11099
2210
9253
358
4377
11899
3181
7147
6013
2510
1649
1673
5646
3615
11004
2490
6362
7296
11788
11779
5522
1010
3741
1767
8105
1927
8195
3961
1169
3258
7310
3293
11575
1739
3477
11112
4158
9662
7523
4502
5564
7027
7973
8122
8196
2867
10536
8808
12148
11230
10989
9306
3498
8413
3688
11113
585
9504
2097
4082
9181
5614
2957
7414
8670
2790
11443
11808
9676
7080
2683
6411
2404
8867
4009
11573
9312
6275
1976
234
3693
6565
1451
11674
8651
10430
6955
2884
2094
9741
9995
3430
2811
12026
5932
836
11584
607
8680
10752
11722
5068
7856
3146
4914
6254
4132
12255
4463
1352
8779
3997
10720
2112
2121
5095
7507
8369
8480
2666
441
8648
9799
700
6130
3991
244
4105
6140
8201
8647
10081
10914
3601
4044
9546
8475
496
10306
10301
5923
11464
9085
11559
12052
9649
6604
3302
3813
11520
6372
10626
5
7595
6453
7569
5497
8640
3907
10946
7115
1926
5911
6679
9140
935
4695
4014
7811
4314
7210
2630
2413
7980
4549
3750
7011
9945
10791
11450
11163
2570
4514
9714
10902
5829
2770
405
6837
759
8494
10948
3548
919
5386
5265
10419
4644
9162
9669
6736
9503
11778
1081
2401
4635
6375
7859
9108
1944
3419
9311
7846
10904
7614
9700
9414
8272
12308
5222
9043
6952
541
6618
4495
10174
10571
6570
10674
9096
7481
6360
4609
3603
3355
5150
3883
6100
2321
8500
12008
4872
9844
10708
1966
5735
2810
5378
3909
8140
2843
6383
8483
10892
6057
5826
2130
37
11348
6993
9733
5286
212
169
3296
9322
2967
5370
4422
2761
5925
11206
9481
4155
1809
371
3658
3565
6194
7490
8206
267
2147
7975
3225
10972
7184
5518
11771
9616
2057
4439
9959
5973
8852
3588
2307
4088
3589
4228
7196
531
10316
5186
2054
10517
10333
10952
7990
5367
1423
2331
11197
5379
4347
4559
3103
3796
4405
9483
4001
8547
1074
1447
5862
4182
3069
3010
483
4703
2847
7485
4551
4429
1711
1533
10318
7229
5978
9462
8614
2780
2195
1894
8909
2232
1665
12088
4047
2597
6088
2536
4268
3173
9356
11049
48
1581
9520
6671
4281
11663
8935
8131
9651
5968
22
11458
2673
7033
10568
1465
10228
8365
10676
8610
4665
8707
2192
1517
4696
9907
8265
3410
4589
10917
965
10762
6512
11978
1615
10949
6746
2168
7727
4770
4737
10767
7282
7821
2505
3408
609
10805
8130
5365
1986
7406
6246
778
4218
11331
5311
1974
2176
8628
9753
8529
10545
11732
4111
8807
473
3650
9860
11967
5159
5684
10341
7345
6494
2555
9030
5873
9695
3416
10811
1039
10059
1653
10110
1029
4175
8292
7211
1909
1187
7720
1215
12160
5312
8084
10907
7069
11555
10668
10162
9539
4017
10939
9779
2085
2298
2524
7834
1161
5658
8904
11046
7476
6255
9294
4753
10940
232
404
3936
2400
6212
11268
4685
9849
4634
3354
10371
9056
3178
5334
3445
5558
4561
9634
6241
7164
11289
11811
2326
11419
2063
5055
3642
7315
10739
9788
3385
7212
8508
2512
9555
2863
11298
8687
11182
10746
12129
11653
6331
10070
2343
10405
7998
5033
4149
1525
10647
1139
8699
6796
3450
350
6945
9364
9749
8011
6024
1719
6148
11824
1883
8521
6787
8536
12298
10044
12343
7064
341
5610
3792
7615
2572
1875
3922
7103
3628
10053
4099
2022
12259
7939
8662
6342
6643
8985
12077
7474
12296
6238
2928
5198
6958
7506
3351
9792
99
222
1176
9024
10280
8916
8666
9894
1731
3573
4847
7142
1928
3533
6505
4333
2865
930
10158
9069
2622
10795
9889
4141
9271
4754
10594
5926
11156
1480
12150
1905
6986
9210
6655
11943
184
4646
10556
228
1877
2049
5710
1906
774
10794
9955
891
5629
1643
10173
3691
10165
8170
1629
11435
11852
11597
11267
7042
7331
2535
10069
5472
3580
10742
8101
8744
3681
5205
7102
9333
6326
11934
10145
5444
1206
9735
1728
8945
1576
1185
150
9460
11700
1457
11072
9047
5255
7660
2323
7289
10620
10049
7517
8537
4698
2788
11855
7200
5875
1183
4976
4608
7081
7026
8677
6675
9464
6042
11444
7373
11610
7494
10013
8992
1826
2606
3034
5554
10853
5900
2890
8314
7308
3759
10608
3964
345
2161
11958
7826
2013
9100
1858
3609
2726
10136
1220
8763
3637
522
3075
1119
4515
7138
8794
9378
3165
6018
8419
10576
4298
5230
6653
11414
9884
8571
9285
8193
5184
9164
8294
9497
11285
8404
11706
4523
310
3734
10125
10816
4771
5235
968
9648
7277
5537
1923
11911
11941
5962
7429
3413
8998
598
1290
7264
8341
5863
4592
2914
9359
314
7403
3983
6278
9713
10138
11601
5224
8347
11014
127
5678
2736
6361
2778
7805
3984
11269
11703
8580
6940
9816
7968
7985
6594
4456
1857
9443
837
4700
10257
4793
8346
11002
8114
7797
927
4471
9691
9664
3590
6269
11830
12219
11774
1709
4548
1024
10386
3406
7378
11204
9636
7497
12335
4941
2553
1537
7823
11465
7739
7649
6081
514
9541
3273
6889
4838
5158
8594
11550
7868
5050
7159
5665
9802
4972
1406
3284
9724
5647
10546
11652
12257
8233
4519
1040
8176
8320
3320
2095
8530
9032
6289
10124
10879
5171
7627
6366
12071
6003
3624
2304
2402
7057
7708
6762
1428
10822
5059
4295
2392
528
12063
6293
10075
12137
4006
7348
2851
3623
4346
11503
2927
4599
4055
12207
10364
1483
5852
6758
11338
3849
2268
3309
5174
12201
11560
9399
5917
9925
2687
9136
5801
8665
186
10393
914
9106
11612
11067
7545
3024
6487
655
5044
2065
8631
493
6926
4214
11787
1879
4658
4681
1201
4250
11874
8637
6641
6944
530
4686
4787
1528
9065
3191
8533
3932
7865
6469
8291
7785
7010
11029
2389
155
11717
11137
9581
10262
9755
2826
4562
5652
6419
10645
10745
10308
3204
1952
4732
4550
8354
6521
1224
3324
4075
102
11448
3752
2643
9220
4954
2222
10249
4944
9532
3698
6464
3148
10928
10204
2969
9042
4772
4146
9612
9515
7502
4361
10966
11098
1121
4246
11887
1043
9415
12007
1948
7063
5902
6409
1623
8981
152
9307
10640
6803
2609
4852
10303
916
2538
6547
10019
7537
8630
10740
11026
1984
151
7977
1448
6976
11471
9685
4781
3044
7579
8255
2589
2485
8420
11038
9441
12345
1885
2040
7784
11347
4278
10111
9275
4679
932
247
9561
1667
11512
2162
3151
8565
10373
7082
6650
8014
8502
9655
3257
5188
8425
4473
6797
12120
2470
11582
11797
7694
6485
7602
11753
4
1818
4373
1228
550
7572
1165
3250
10951
12287
10633
3914
9982
5020
10929
2051
3563
7407
11945
8340
11148
6514
4274
2733
7513
9900
4534
2114
9025
10700
10456
11580
11429
7199
218
1732
9858
4389
4396
8835
9099
5187
7991
8660
6242
9027
3329
10787
4638
10347
6052
2984
7766
12024
7936
4780
7021
1939
12112
9273
11528
2939
6561
5408
2199
10821
9901
10302
9259
11304
7256
12013
10596
5257
6928
4881
5040
1411
4552
5197
8768
7467
9962
3651
10729
7168
11017
9450
6009
7023
6541
1682
4310
1933
7250
224
8643
532
8764
924
9209
9577
6779
3819
1334
6373
8668
2125
4316
11317
11966
7525
3993
8446
10090
12350
5519
11659
488
11167
3979
9923
4235
6363
506
9439
6777
10702
4819
12236
10465
8801
3194
9742
3448
3203
710
11709
10802
8678
6499
6534
3754
2501
11057
7374
4382
6314
6090
2824
10600
11483
8121
2442
10064
3335
2648
6428
9525
5278
9264
3409
2318
1604
5245
6218
4708
12234
10365
10677
4254
3561
9488
6757
13
8126
8097
9686
11030
21
11511
6567
3862
7293
4920
5731
643
9290
7226
7261
3176
10558
911
3908
11820
7076
9247
8200
10382
3926
94
8268
9438
8391
8397
4355
6998
36
8286
6303
5063
11896
5071
5904
3578
2618
6982
8731
5823
11374
6298
12084
4723
9731
417
1746
2244
2109
11025
11422
5012
9678
1398
6718
7830
11021
4236
9829
9633
4376
3248
11158
8488
3435
8922
3062
3695
8712
3974
7685
7783
9502
10254
2659
3838
4887
12126
6066
1489
9638
8349
8574
11707
10146
842
7790
2017
12199
1481
2021
7910
6638
4103
8988
9261
1089
4775
3575
12119
10363
9871
10223
9245
8606
7653
5392
8713
4623
9745
8007
4538
5319
9825
509
8738
9154
4185
4177
7424
6590
4554
6995
6133
10129
7874
8245
2052
2504
8848
2432
2198
3443
6593
9340
3847
8279
1545
10189
2767
1903
5938
8973
4446
6682
9321
7592
11291
1383
5905
2633
11642
612
4375
161
2016
5196
8456
5228
1839
8810
10353
11935
10737
6621
10875
9508
1196
7008
7837
10241
10557
2577
9584
7599
1226
1606
2885
5404
1112
1287
7101
17
8585
1607
5144
10982
8313
8838
8581
2372
2383
7038
3831
12163
11789
10903
7770
9298
1456
11502
12131
1182
145
10790
5036
1314
3265
259
12189
5884
9909
12048
3640
5057
6929
9601
7452
1488
4470
6463
9474
8096
10884
456
12177
6794
10506
3946
7380
7611
3982
3214
7613
4645
1439
11143
5793
9727
4721
10418
4123
10272
1680
4675
2082
7325
9498
4639
10810
1750
4945
9499
5260
10900
10896
11816
7145
8692
1942
9872
2393
6942
1495
7123
11244
10377
156
9853
9506
5996
3508
7584
11323
5970
9168
5414
9384
6226
9426
1444
691
1644
9966
7687
7529
1949
8603
885
1579
9299
538
4081
4915
10051
6422
110
3610
10073
7351
9221
9409
2027
5660
11897
10153
8870
12168
11669
10263
5400
492
11842
8792
2180
11807
12362
9519
217
638
2034
12245
10735
999
6401
7779
3107
7864
9852
9572
8222
11428
985
7268
52
9625
1223
10092
7824
10689
5031
12311
1096
9365
6771
8416
5398
7511
12276
10578
10918
3937
10192
2895
4066
11600
1148
7120
5332
8923
3268
134
9230
10381
11000
12086
285
893
8564
12059
4193
816
10424
10823
12320
3935
9551
4986
2
11864
8844
7381
10845
330
2515
8626
2586
7327
7349
6994
6965
2303
11008
10062
8646
11588
1021
2292
7540
1544
10208
5634
7097
11858
11231
15
5477
10190
5268
3192
10650
296
6012
9958
7891
1765
4431
537
10245
459
10773
3790
5097
11330
10619
9350
11681
12333
12179
10893
11704
858
6557
2184
6969
469
4003
11937
7725
7015
11284
5453
5143
2571
4357
7760
11965
6587
4445
4888
5220
1668
3702
10680
9478
11234
758
8568
3035
7000
3537
11995
7366
3944
3986
1502
4825
2720
3720
2294
904
9840
6425
5838
4564
5445
863
3710
11250
8387
1922
5807
10183
12291
617
4662
9723
11679
3689
2356
1989
5530
34
4412
8471
3731
1200
8653
2534
3092
9521
3174
7166
4016
11295
6748
9166
1758
7258
11152
7889
9260
4626
7236
596
8597
148
3111
5390
4876
3131
1724
6932
7895
10860
10441
1721
2251
4416
10839
7003
5515
877
2738
9833
4860
10665
9101
4890
2080
6001
8796
6765
11617
9038
2574
4187
540
5428
8466
1897
3325
8520
80
1963
8499
9173
8723
6828
50
2646
7563
3544
6530
3382
7386
2674
7881
6158
11308
7743
5328
33
6248
11500
4982
7078
7434
3031
5405
8382
3041
3740
5468
1527
6681
4529
10741
5170
4727
8661
4058
2516
2951
11003
7002
8289
9379
2912
1144
4883
6801
7313
11102
7363
6687
8484
4424
9238
5560
2280
2716
5263
4240
6964
11660
4255
11080
9215
4766
9433
3226
10215
9363
7106
6581
4602
5074
3727
657
1253
6649
2551
1216
600
6905
12139
1777
11390
4022
6563
9123
8578
7265
1058
372
4095
9041
9093
5795
1812
2444
3611
12122
9582
10080
2543
2617
7504
2185
11280
4859
2103
8675
4510
89
5972
9637
11412
6782
3547
10844
3328
9360
11367
2361
864
4616
4680
70
3070
4381
10964
10985
5163
2205
8487
1162
12278
11050
10298
343
7181
6442
6907
9330
8937
2531
733
454
10358
9131
5393
9870
7475
11252
8300
27
4459
7730
1631
12155
7812
6
1442
4917
1168
7018
9277
9050
5157
11755
6987
9701
5605
855
6351
2405
10724
2588
4746
3157
49
7596
1434
2048
7792
2385
4048
10348
5410
3082
8450
5887
3014
4479
12180
2415
2142
129
12227
11035
5997
4989
7198
2816
5860
11427
7869
7945
11095
6408
10567
6826
11763
5436
3985
5993
2197
4276
9827
8527
9823
7885
9243
4476
11048
996
3966
11185
5965
5858
7691
4505
12157
9624
3025
2101
11924
4443
10482
3330
4936
10807
2367
2255
4558
2657
4220
1032
5509
569
10031
8891
9949
9304
6501
1924
11194
7752
11336
4363
1479
2897
10091
6078
4072
5691
10351
6522
106
9670
1174
11557
10207
7305
8541
5413
8318
2472
3115
2941
11796
6741
71
2155
8145
1109
1725
1453
7071
2800
2388
2899
945
9222
2296
4821
10873
5792
791
4854
3476
4591
771
11689
4677
11179
9289
2143
614
11361
6417
4249
4583
2705
9092
5766
9211
4647
4611
1850
1977
406
2710
420
922
5172
9744
11656
3833
8836
439
11942
10504
8458
9009
10642
7526
4512
5867
12352
2988
4198
9851
1796
5813
5204
6700
12300
8092
10171
12015
2469
11749
3166
6685
9097
3093
2387
682
3749
3287
11321
2352
11294
3058
6424
8464
11715
9803
8448
9044
1422
6169
9604
6640
4013
392
7439
9960
5856
8658
8702
10830
1499
9258
1337
6677
10088
4714
7745
7733
10336
10692
5916
10943
9752
1118
3636
5443
4820
4393
6716
5427
5402
8
9435
11928
8209
9594
6691
1549
10855
2983
7113
8983
9071
3393
9468
12357
1068
1099
4882
3213
8561
6724
11648
2116
4568
9479
1522
3712
9444
5048
7126
6615
3856
10458
9583
3414
3513
3711
2903
6959
9401
2311
5588
964
4524
1888
316
5091
8214
8332
7967
8611
2451
6086
5200
6734
4231
2828
3380
2506
4026
8116
2970
8047
2371
5083
11128
462
7883
11356
9906
4401
8804
1866
2030
92
9202
6881
3969
10657
76
10898
5778
2297
3716
5943
9352
11316
7045
501
11183
5019
10345
6605
141
7509
1689
7899
6719
7831
2368
11491
9128
5125
191
4731
4905
5389
8436
9167
4641
12231
8421
325
7880
7543
7677
1436
9492
8504
5491
11801
7400
3949
5339
4148
4239
6647
5818
2569
5003
5251
8491
3757
4159
9143
8088
1915
1504
2563
418
119
8821
7609
1188
9326
7398
3593
5961
9073
3501
6094
9170
7384
6543
7286
11001
6963
425
11123
7586
7141
5199
11856
11415
9246
2457
6444
6404
9650
4557
2110
1874
3457
11795
2881
5218
3022
4027
2719
8147
11635
1526
12215
6396
6352
11647
2542
10112
1416
3059
2626
1980
6079
776
784
6623
6420
5248
8298
5563
4977
1741
7001
10930
4960
5301
1951
11015
2045
1795
6818
11299
2839
5341
7408
7714
3764
9951
7426
7909
4435
9054
4935
5203
4813
6231
206
7410
7639
1452
426
6935
1990
1531
10492
10695
8257
5359
5352
1419
814
2354
5147
7768
8151
11743
7550
7205
7843
4497
5922
6268
3316
6272
3403
8507
2044
4134
2845
1820
11734
12017
9558
8363
7257
5420
6861
2151
6390
11276
10935
1164
4000
419
7999
8401
9791
87
7667
1712
7224
5939
5643
11242
2765
8839
6282
5763
7914
6783
8689
5232
11241
12294
11563
4335
10131
2447
9487
11243
1692
8386
8356
8944
10355
2575
5305
5580
4600
3606
2961
4518
3789
11543
3524
1968
10475
2708
3484
10445
1669
9116
861
2835
9998
3616
5112
12152
3175
7971
7302
789
2434
9424
938
10779
9537
287
9811
9288
1756
2886
7486
9179
9413
4263
12032
2918
5819
1449
1780
2898
8476
6407
7556
10120
857
7223
10310
1806
6609
1342
624
12268
2866
1628
3690
9570
10385
6203
10941
6909
12322
6554
88
11439
8154
25
8961
9510
3442
5294
4409
730
388
4060
7431
2090
1723
4711
7019
3057
6753
917
2582
12094
6980
4080
564
3735
10167
11815
3021
3336
12192
913
2610
6030
3539
660
2580
2029
3298
6091
3123
3743
670
2793
11420
10991
3881
2317
2718
571
8893
925
8388
10304
24
5800
976
9153
11155
460
8907
3726
7326
7986
8453
9091
878
11759
12273
2814
11484
10487
11746
7567
3227
4995
6415
4619
9545
10387
10569
6036
6208
8793
5469
6912
3042
3641
5234
8719
5976
10400
10885
9501
12282
5627
1046
3530
12029
10498
6307
11837
4043
6538
11836
5992
1884
12271
6780
10789
7260
3297
4526
5164
1114
5711
6202
970
2546
8690
4216
9182
4576
280
11792
2711
10722
11618
6708
12009
11517
8816
10020
10142
11236
6210
1232
10934
9111
4010
11376
7608
7536
12272
4315
10683
10012
277
9808
4433
5007
8968
9514
6179
10662
2410
5295
2429
11947
7460
8795
7587
3338
9957
2802
3136
9766
2794
7589
6476
5524
2174
2631
2107
9063
7626
4830
6992
8770
10008
6566
9020
8324
9392
883
7994
4430
5391
1408
8362
4853
7246
1916
4015
1100
6008
4525
10486
6880
1848
10851
1539
11741
8636
5526
5054
2276
11631
3349
4051
8285
4987
9046
722
8540
11877
11526
3193
1907
8531
11982
2483
12193
3229
3402
10160
12328
6546
39
12360
5866
4271
9888
147
6990
10266
11607
12067
5166
10349
3359
3832
10827
11115
11664
6253
3399
4909
8780
8381
912
4783
10549
8203
4743
6434
11516
10338
2746
7006
7527
3261
8528
2996
12338
4299
2497
5603
5154
1613
8322
10002
769
9349
2345
5949
8664
4824
2701
10392
10238
9689
332
9150
6309
1077
8843
7235
7388
1913
7713
6102
5254
12253
2744
3295
11417
6385
12225
8682
213
3948
9913
11827
272
8914
712
12123
9489
4642
2901
7022
3646
3633
4577
8599
7241
4207
2954
10916
9898
6436
5523
6455
7465
6070
10108
7323
11993
2921
6661
3527
7558
3232
10495
140
520
11369
3412
7395
5309
9028
3100
7538
4029
5483
7632
4370
2579
9129
616
622
10646
2945
2456
10511
10084
4270
2448
9978
10796
3859
10597
7750
11565
4606
11239
3008
11205
4296
10566
8559
1137
7422
8607
5281
1978
11387
7169
2658
5645
3816
4704
7117
10682
3339
11833
315
6882
2446
8276
9400
2668
1521
8778
11506
5006
10032
11222
3387
2815
7606
10623
11131
9500
7852
5451
7754
301
5642
2878
1569
204
5431
1084
4682
6311
1446
5606
3061
3664
6508
4444
4965
11434
10359
9867
429
1677
7675
7813
10357
7333
8409
8173
403
6402
3493
3346
4553
4513
8402
2874
3088
6504
6728
7217
6951
5336
7070
2273
10672
7376
511
8694
2228
3683
444
10184
3056
9568
393
3999
9877
3462
1759
9482
7284
9206
6144
12080
7165
11402
2637
8470
6788
1101
6979
517
544
10736
5649
2060
10421
10412
3729
6481
3401
951
10397
10017
4973
5009
11918
1199
11265
375
10132
10429
9172
6165
7638
9303
7966
629
4496
2269
6236
7873
3746
2544
4919
10127
6258
3459
6286
394
6610
1637
9834
10523
7857
6686
2664
1847
8862
6239
2932
98
6824
3905
9419
1125
6297
11005
1625
7361
2157
12096
3995
2104
2735
5202
6277
7394
8442
9388
636
4179
4734
3187
11566
8106
57
7306
10870
2037
6988
770
8163
121
10993
9842
7020
4388
3306
8673
5571
5213
10561
3444
1586
9977
10978
8751
4115
103
3201
11335
10986
8949
2971
741
5264
4352
12165
8202
4784
2282
1816
3579
9918
6497
7696
11529
10432
490
1005
9850
11721
10119
3160
2320
10404
822
2441
2403
2455
3821
10784
11667
1842
10583
5325
5335
2777
2215
2567
9964
2035
6743
10380
4300
6310
10431
3738
6245
3098
10268
3773
10911
10436
5442
8621
10766
11433
9241
10267
10343
7464
851
11406
3464
6484
9739
2696
5371
2992
8542
5874
981
9079
7108
10854
2805
3756
6489
7109
3389
6405
3687
7245
2523
1095
7032
11275
11533
6333
10038
11781
10407
3343
767
850
683
7641
1918
9405
1640
4867
5080
2005
7416
12218
8235
1025
10148
886
10507
12169
3149
11972
5541
9217
8774
8407
9516
7601
12250
6441
382
9102
6355
11809
6224
1138
2476
10712
3127
10551
10239
12107
1635
10369
3596
3039
5774
1691
7633
9789
3564
6576
5631
8775
11024
6518
12020
12252
6678
8482
4621
8190
9756
3806
845
7676
3365
4586
12138
4380
11470
10420
6602
1470
3283
11665
9200
1061
1500
12158
6376
1542
4701
9328
9868
3930
2478
7819
7786
12045
9599
4126
4949
5297
5958
3463
9841
1049
7319
10768
10005
4040
5092
9677
8750
831
9764
6769
2430
2724
5637
2745
10894
1729
7590
3797
11630
4019
12006
3221
10218
6456
10118
9177
8271
8740
8302
11636
1836
476
5815
963
9432
5322
1634
7146
8898
6249
1981
9534
5326
1212
5733
4039
9232
6370
7473
9272
2042
5707
4492
8693
610
2265
8208
9103
7188
38
10350
4324
3538
5814
10283
3208
4199
2211
5249
4707
7238
7171
10755
3506
8566
901
9236
1562
7839
9239
599
5236
6950
10836
11695
1048
412
4261
10122
1946
8963
5270
12263
4952
4318
9184
3653
3987
407
3929
4749
12124
12184
2859
5569
2427
7012
5624
9642
3067
3479
1008
4607
489
4913
3520
10346
2420
1941
4836
766
2628
10126
7896
1851
11286
9267
12340
11813
6498
7662
8951
9138
4061
3943
10920
4773
7100
6616
2585
9353
1859
5323
1827
3269
3745
9817
6589
1551
2053
2550
12318
10279
7684
1997
4091
5653
6318
10242
7828
11614
5369
4988
477
2353
8624
4778
6053
2685
192
1558
1591
8204
2131
3357
11999
5995
10182
1134
2892
12332
12238
11199
5650
9740
5316
10036
5955
9295
11151
4678
7355
139
9672
11843
11532
4398
4620
12053
8747
11423
4387
3376
11475
408
1831
9820
2128
3535
6344
11040
11245
7845
10156
7533
761
3241
6474
2650
10305
10007
8995
12216
10253
9603
8327
6996
2026
11780
4241
6781
8586
9368
5963
11645
1854
7430
1146
10203
1671
8357
6599
6628
9067
4826
6211
4367
1190
5252
10289
3055
9874
4907
4953
9922
1703
2015
7031
9086
6645
6720
4093
9390
5539
3980
9480
3875
4284
3112
9332
11738
11150
1828
3467
10954
1583
2905
4958
7276
8525
1684
3560
11894
4350
12011
11910
7203
11687
8360
2539
9090
7271
4863
6379
5314
5148
6555
10094
887
12364
3581
8194
189
2418
5506
10733
10710
11854
1160
6862
4657
8605
10039
8932
10141
366
11810
10026
3231
2556
9187
8305
9722
561
3657
5360
2466
5843
747
8931
3304
8495
4511
11395
800
11671
10063
8950
7419
8343
8522
9473
6118
2803
367
12185
4119
4812
4705
11939
11983
11571
1757
11349
170
2105
2489
6365
10613
2864
11985
8890
7645
5439
11340
10052
10905
2700
4378
9554
8577
6105
59
10609
81
10637
6201
2955
4963
10294
6122
7052
2087
221
10801
8128
8576
7773
4795
6197
5505
8882
9652
3988
6694
3682
1572
9334
1813
2908
6032
10800
4578
10734
2672
10552
4461
4828
3197
11311
4806
6776
10705
2076
11290
10478
8178
175
12326
6890
6978
18
8767
8275
9578
3585
9434
2922
11403
2171
2369
10313
23
8538
10671
2204
11990
12324
7635
12056
9446
6374
2771
9621
687
2061
7764
8290
5532
1925
7178
8242
8389
552
11232
7190
3331
10611
12182
2479
2769
2058
3483
12315
7630
516
2578
10667
11073
7582
3032
658
10237
4939
2624
8629
3767
3125
12132
120
10973
10591
7982
10636
9109
5914
5165
10220
6350
559
12018
5482
9104
9763
1083
2209
10035
2660
1788
3697
12306
4167
2406
6510
6216
5344
1638
5946
2545
3785
11619
11081
3356
11970
6414
3455
2507
10781
7906
4002
4870
1494
10037
5480
6847
435
688
1414
6846
1710
7179
8417
3384
11409
12337
7014
297
11814
4260
11460
7397
2229
3494
109
10833
8273
6316
12105
7853
10782
6104
7314
2047
3554
7340
11426
4880
3171
7578
4458
11873
3778
1736
1588
12109
2277
8454
10477
2342
10099
603
10524
9016
11146
180
1053
11381
2607
2891
2763
10416
8822
11760
1225
9
9064
1052
2635
9250
7214
6077
7343
6347
7088
2949
4371
7841
2487
1962
9994
7065
2798
3529
775
9591
5951
4205
10512
11405
4970
918
6089
7341
4666
3474
11440
9286
5751
908
7553
3224
6854
3198
11366
11103
11263
12346
430
4994
8708
9585
4109
4436
11776
3186
5804
7736
14
7047
8157
9132
158
8601
3618
8238
7788
7436
7127
5790
4699
10632
1194
3649
7858
2809
5899
11591
90
993
6174
11625
8609
6397
5043
11742
2934
5039
2527
9564
7742
5780
2263
6191
3453
10770
2391
8228
5394
11974
8100
6614
12321
8003
1860
11288
11425
6545
4362
1490
5542
11322
12200
11762
7892
168
6491
12187
5501
2904
6908
7659
11486
7466
694
7478
2653
3977
5193
11472
2999
2411
9040
975
3546
11932
7189
7086
12140
3423
5052
10933
12336
4427
6046
10528
293
9256
11870
8426
11748
6598
10314
3827
11379
4033
4202
2357
7463
10235
7119
4343
11531
9036
10797
8439
5450
10287
5988
6418
1747
4050
4206
6080
8892
6509
3625
8234
10211
1891
6460
11699
5566
6261
9192
10147
9418
2772
8451
9819
9784
7847
12134
6039
1738
2433
12353
3626
2873
8718
10877
8654
7049
5441
5355
11686
7335
2378
7321
6327
5626
9078
5481
8860
4925
2836
5368
4438
6074
780
6495
11906
5878
8849
5897
2494
5207
9717
12228
378
9461
8080
1467
6583
5077
3116
8224
3137
2264
3755
8766
9836
12233
10757
5768
380
928
8280
3307
2111
7110
12116
8225
390
12286
3559
11251
2170
3451
5139
6919
2825
3452
6306
7425
7844
9026
104
10691
859
11224
3834
5964
5488
2056
7350
9491
3372
8790
7043
8213
3407
5689
4419
773
2482
8705
2421
12066
1064
7997
1027
2830
3497
6243
10054
9453
2018
5570
7728
11457
144
4266
10212
9538
2122
5121
7512
11862
3534
295
2467
3586
7989
1218
8761
7005
4245
7588
931
11547
2377
5022
10915
6549
4100
2730
3652
6668
12149
4197
10403
2159
9697
8375
2638
9531
6323
896
5612
194
7962
10188
11644
5395
3853
10537
11255
10958
8337
3183
933
2714
4563
4779
8143
3973
7809
5622
4745
10140
1458
11386
2889
10627
9718
6423
11424
2443
11059
2500
3432
1466
5046
11442
11834
3438
9890
1340
2025
11553
553
3037
7227
8554
6722
508
9451
11756
8307
8934
396
9598
82
7267
5345
4921
3794
8735
7009
9375
5493
2950
8438
8191
9600
6337
4226
8449
7085
12365
8824
7603
3094
10749
5331
11045
10783
515
11337
1015
4539
2464
6895
903
12103
7861
9999
9393
11595
1988
6330
7259
4811
5078
4067
10450
10718
10480
11108
10133
4303
9429
4849
4879
1532
11175
704
3433
4690
4288
7763
9207
10698
11055
1674
7546
915
3020
1999
193
1713
7520
4815
1106
9956
8427
10232
5559
2424
7062
2817
5621
5864
11802
12046
4334
5859
2423
9919
8812
3582
3704
11538
6176
3904
2715
2986
9485
7262
5632
7661
6285
1509
4368
2230
2473
12191
2987
3568
4054
2019
11913
7855
8815
2271
227
1333
10312
7004
11961
8328
2801
6142
3184
2291
6312
2608
1116
4569
2807
9657
298
2088
12267
1593
7133
7382
3323
11326
2102
8947
1117
2158
3220
756
9440
3371
9781
7263
4417
3638
9770
5881
11589
4507
11804
9683
12368
4831
4610
9345
4403
171
9291
1078
11508
9712
6084
1852
9431
11574
11572
8635
10172
639
8924
9178
6457
6579
557
5915
803
10186
10562
840
10859
9997
5324
5037
1553
2963
12295
9866
2379
10375
12146
2965
11154
3671
323
2289
12173
2267
8506
12254
6031
2594
5271
9377
312
2656
1172
10438
9421
1720
9698
7560
2166
2560
1930
8248
9993
8463
7575
4452
12143
1647
8633
5216
3602
11615
9924
9661
2599
7726
12198
4713
10360
6038
5282
6382
3370
7017
8155
8644
8241
4272
9715
3202
11083
6918
6999
4801
9486
9663
7699
1749
3447
8652
3835
5180
2693
10169
9798
11200
12098
10775
4605
1681
4654
2332
7193
4827
9081
5525
6251
8814
12181
10651
10554
6717
5195
2286
11884
4114
512
5595
11693
4021
6131
10097
7300
1626
6399
8284
1824
128
3572
7969
8319
1622
12004
3571
6971
11713
7067
1219
8865
457
6975
10697
3119
7158
2525
7161
3048
8331
875
10713
10083
5817
3114
1590
8974
4108
752
5238
10515
4912
5256
8943
5586
5865
5578
8348
3786
11203
3144
5520
5008
177
8788
3823
11142
3068
3396
562
6190
3001
10197
2583
8462
1740
6947
6496
1898
6321
2929
8342
3635
8526
2712
6329
12111
4242
9472
10417
1105
943
6745
2471
4447
10869
10494
6101
5210
969
3962
10354
5262
3366
10938
6184
351
9812
1957
10374
10595
1234
5552
8532
6252
4724
9347
11800
10761
6886
9656
5194
9194
3347
12106
10295
1524
9467
10460
929
1002
10320
6607
4842
5227
307
11975
907
5989
6957
9647
8027
9751
4223
11221
664
1717
1792
7480
4980
5318
7290
8510
1800
7767
7652
10987
6325
9023
2150
11485
10849
7221
2667
10675
4462
2981
8223
9737
9296
5321
5954
5635
6313
4674
1602
2529
1973
4650
8383
10553
3340
7646
11287
10331
8469
6939
10250
871
3721
9313
5854
4208
1006
8570
6709
5145
2503
2234
5944
498
3440
4135
11237
2336
6262
7152
7387
7377
1013
9219
4170
12047
8820
9185
1755
1437
3397
3
1018
5540
3933
2216
4365
7274
4194
9679
3072
10815
6220
4035
4147
7370
9707
11587
11233
4304
4307
5596
9632
3427
6755
108
8418
1405
785
4866
1707
12042
7979
7555
11586
5987
7876
5093
9586
4172
4651
2663
6111
4329
3861
8162
2384
6636
7134
838
1011
5108
12330
9690
2194
7402
2991
9619
11758
9124
1179
4531
5017
3205
2528
7392
10030
2974
5734
3009
2704
4911
9317
365
5308
1785
11301
2235
10454
12277
5931
9336
11948
7680
10777
2977
962
10529
10181
11482
9857
4744
9490
10659
10513
2509
11769
665
6542
4750
12213
9912
10829
10502
4971
4572
115
7144
11477
5038
9517
2208
4984
6644
10786
4567
11498
764
10971
2288
4171
5424
6802
2474
9011
10758
10406
6967
10519
2533
2117
5619
416
2846
2993
8422
6188
2855
5600
3724
1213
9985
303
7036
2007
1802
10641
9990
5855
8435
10522
9605
11314
3700
3300
853
8181
11980
11346
4664
2655
601
3805
5982
230
4354
2488
7976
6058
9037
2907
6471
2031
8124
4291
9180
12005
8156
10117
10574
3333
5613
105
5528
8617
5240
8473
8910
8896
3576
941
8997
6440
7807
9422
6479
5877
10193
10415
4509
9609
829
6449
9337
4955
8352
10559
6067
288
10281
8150
11613
11490
6953
131
10709
11727
7668
5381
10847
7191
2937
10976
12102
4045
1715
9937
3739
12058
1516
2217
1961
2654
2591
4656
7061
5825
10666
7505
9251
4504
6317
3342
9201
3360
10693
4814
2615
2952
10089
11882
12211
324
6060
4036
235
11562
5018
9932
3270
6933
7698
8144
7993
6667
10493
4739
7242
11790
10425
11973
11527
5842
10744
2214
6721
11634
9216
1846
10485
6087
190
8120
9575
5876
10016
8293
4684
9051
6391
2688
3696
12323
5536
446
11109
6670
7620
1142
2722
10996
160
7225
5384
787
2043
6033
1775
4489
9120
7409
8802
11141
8700
9045
9066
6772
4765
7761
1783
11215
7719
8560
1047
101
10612
10760
6367
2595
11955
3903
10533
5051
7105
4871
10323
10439
9738
7548
6047
8005
4673
11313
3147
6648
8099
7456
1195
3319
9374
10065
6359
10750
3793
934
4742
9074
458
3190
7917
6506
6296
9775
678
3299
10615
2943
1992
1616
12153
229
542
2924
7358
9589
8185
2526
9095
12090
4528
9293
12367
9165
6606
11266
8403
12280
7079
1460
10471
7822
7866
6213
9507
3504
4282
1862
6055
423
9001
11168
1960
11690
11596
9003
1778
4453
7368
6914
10774
4285
2900
349
10598
7772
11654
210
5354
729
8321
4273
4934
566
11988
3896
6345
2496
6786
6989
9653
4786
781
5373
5320
1782
3956
1264
2409
9158
1679
910
11229
5361
4556
9830
11219
8282
4087
5303
3877
3981
6322
10685
4071
5928
12204
5168
1659
5562
5688
8109
65
7367
1559
2437
10635
10003
690
1698
2795
4192
3970
7532
2840
7740
2973
1564
792
356
6697
10248
6025
1706
1227
3130
2218
7385
1339
4400
2703
7628
8967
9617
11105
2998
11903
4280
10362
2312
1633
12002
11509
4306
6701
9747
5364
1427
1745
5060
6899
5479
6051
4244
2518
7095
3959
6068
3047
5167
225
4998
6710
1435
10748
5349
6651
7024
3280
5620
3952
2691
9815
4943
10981
6941
5824
1776
9566
2766
9053
898
9847
8367
6000
3102
7732
6665
3631
9861
6265
10648
1620
11133
3361
381
4951
10356
7352
1523
8739
4857
3584
2670
5894
11446
10229
7878
7900
1815
6858
68
686
10029
132
10592
1700
9252
5485
11140
6925
2636
11437
12025
2236
11846
5977
95
4516
7150
8172
6227
11558
10
6524
384
10944
4741
7048
368
649
11705
4153
11201
9302
1540
6659
4064
9463
8330
8632
1122
4374
849
9757
6134
7564
11711
7233
6247
11850
199
8550
251
9033
8189
6866
7907
10895
8987
7535
2038
2335
7800
11086
10191
1610
9292
3781
12310
2883
8252
10077
8117
11551
3709
10661
6680
9579
5272
11609
9687
11202
313
11730
1022
1943
10286
692
755
4482
1823
4366
1507
6117
8823
12161
11327
3219
3233
6043
11599
11172
1454
7702
3454
8078
6798
2083
64
2461
1708
4751
5781
1970
1459
3706
3921
9452
11981
6859
8615
8563
5934
4540
6807
12369
5546
1246
2173
5269
6500
2675
6271
11408
1945
4615
9195
5277
1515
10732
9242
6114
8184
11900
4426
4918
2680
10763
6452
4491
9248
3172
10764
5654
3164
3228
5072
4483
11018
11256
77
6713
3286
5380
1871
3404
5261
4213
5011
3051
3305
278
11785
7404
4571
1950
9268
10342
5615
9863
11863
4574
4991
8622
2731
8799
12154
9343
1421
3591
9183
8361
8492
6906
4320
8734
2872
3510
9560
2179
940
11764
6486
4788
9404
2611
10840
5609
879
11986
11697
2601
1912
7583
10277
1600
9455
11725
9279
11666
6855
3398
6063
4253
7769
4267
8709
6870
11702
3843
9674
6209
4627
625
7342
1833
7030
796
8979
8911
10688
3940
6556
7180
9396
1771
6688
3236
4587
4408
1735
6864
1855
8625
7301
1177
10033
12097
6458
11977
4442
4585
2852
2068
11831
4590
2172
739
11724
9536
7295
1143
5452
7559
11064
5529
9899
6157
5342
3509
8118
12162
5217
5906
1410
2020
1611
2662
10319
11027
11914
1044
6683
12358
474
10326
11
6387
1694
10525
2887
10867
9318
2641
198
9204
7176
11272
1652
1566
4397
2138
11540
53
11505
2958
1830
3495
494
10589
961
5138
802
8769
3629
4855
5100
3081
7322
11691
7658
10463
5476
5448
11519
2274
11249
10205
9595
10778
507
7689
4862
10602
3829
188
3570
3482
6749
8221
1552
2604
7557
1787
9989
675
2270
2779
5533
3566
4983
10116
1415
4294
967
11320
8612
5663
3897
7840
2858
8783
10678
7148
8915
4238
9580
2568
4338
4292
2573
10123
3809
11726
9835
11454
10255
2896
1167
819
2084
4756
10983
11473
136
2163
12174
6026
385
7566
4782
1554
9335
6711
11188
1170
4251
11292
5892
4337
7056
10258
2519
11447
6968
5908
7318
6050
11853
1705
9034
6461
7364
7231
2416
54
6097
421
10401
6037
9141
2868
10261
3154
626
8966
9403
11261
7254
11515
11754
4279
7185
12142
3113
12117
8902
1618
8595
12118
5356
8717
11657
6466
3662
6934
1107
7455
6920
4230
6532
8299
1541
465
7292
11960
4637
4597
5013
6056
5053
10104
11793
12284
10015
5791
11661
5582
2966
974
7344
6620
9972
3774
8212
7269
4541
5521
841
2677
899
7025
8236
5903
1478
11907
11938
6693
4455
9417
12188
10863
6308
1873
6465
6613
12075
1751
12068
1034
11880
7836
7887
12092
4342
8359
4323
4604
8405
6035
1313
8746
12205
355
12028
5181
8168
3326
10468
7163
4089
5351
9573
11501
