2261
2236
7677
12291
9913
9926
6867
12096
8302
1142
7222
10507
10253
5689
4275
11943
12135
791
10412
11306
11271
5940
5396
1236
4701
191
9007
10393
1957
9400
9884
9187
5052
8510
9609
2538
2019
7659
7564
11838
4745
2360
310
11953
512
3438
8750
11449
2197
11537
2625
8449
5208
2583
6862
6134
1544
6260
11706
7002
3459
6782
9370
1038
1152
5148
7134
5303
9736
9812
2631
3854
3083
942
9311
4626
11421
8376
12314
6268
11257
10831
7026
6165
5663
6873
3273
7415
7640
10221
7966
5733
7858
9465
1777
9958
5462
9692
11360
10356
9521
8827
3739
1044
6485
3031
4226
3941
6321
357
7121
3339
11520
1874
42
3681
9779
7581
9271
9076
10556
4464
1848
944
10003
8400
10162
1638
9607
4752
7324
7169
10137
7853
2615
1538
7149
5472
2303
2566
7338
10125
3265
6119
4384
10449
9402
8563
1470
10494
7144
3043
8322
6398
7217
6946
2817
4114
4473
2833
1070
6001
4943
4919
34
11445
7219
11708
4248
3314
1540
4354
2762
6264
12226
1807
2739
3306
8638
9645
6418
11740
8652
7289
7852
4657
5823
11891
10720
3270
11292
2846
8993
6446
600
158
11629
5893
10923
1065
9293
9705
10638
6455
4749
588
6877
2206
6311
1749
7129
11230
10500
11487
7754
813
5362
5408
4398
11936
4536
1419
2224
5442
7692
8441
11730
4253
7895
8998
7612
11794
6538
2614
4489
7290
9092
6884
4791
11633
53
11429
4859
4556
8924
12072
9603
8236
5207
6104
2693
9623
9264
1705
4127
3227
435
4742
4647
9583
7376
10262
3260
10821
8923
7109
1228
10907
11737
6442
1959
7744
9508
6717
10004
10779
799
523
5392
6905
2171
11699
3283
3117
11606
5651
10974
8175
11561
5569
1888
1155
9323
10733
11659
4969
14
10558
7570
8521
2965
8293
2320
100
8689
11509
10506
2745
9966
8959
7776
11821
9720
4667
4723
1058
1859
2504
9112
8300
657
6505
11308
2380
6626
11323
10136
4761
2457
1605
291
11887
4019
9912
8820
11114
3769
592
11413
10700
11337
1141
4940
7055
4448
11349
6596
5885
3818
2966
9634
2824
11622
3147
8790
11969
7583
7210
8241
9090
9210
7643
9327
782
3051
8023
9594
7775
2761
5924
10609
2344
2034
10750
5922
8237
6312
7125
9660
10376
5312
10789
9582
10463
321
11462
1410
8039
10989
2828
5444
6328
8172
10245
147
9931
10687
4194
5649
12210
12076
11932
9482
4856
1991
10288
12248
8683
5835
3208
530
1809
3192
8475
2843
4362
10746
9213
6070
8296
8758
12063
4524
8498
4382
3483
9063
12351
5884
2477
9068
5567
7681
2596
5060
8675
1834
6916
11926
7207
9526
239
9970
10722
5169
3427
8973
10699
7757
10369
3781
10573
3166
9157
4777
3352
11986
2807
1893
9764
3488
9511
151
7723
7849
10968
6144
3590
9525
4544
7014
9676
7790
123
7859
6039
9842
4445
10278
8890
1753
12236
4627
4236
7463
8893
11945
2624
7502
12009
7649
9016
3713
2728
508
10233
4471
7335
11789
12271
9565
11125
10242
2296
268
741
8222
7383
9941
10343
5889
1625
6598
7748
2516
11979
1465
9750
504
2251
7542
5930
7529
6006
5629
10065
2009
6357
6191
1022
11663
6255
11478
930
2767
4986
6273
3770
7511
10421
8188
967
9699
883
245
3683
2120
1163
2098
10911
9886
160
10097
9412
8824
3805
2890
7555
11823
1077
9875
1578
6284
10718
3049
759
1671
10496
5562
8586
8679
6122
514
5488
7233
9015
5446
12054
5580
9167
8473
10857
9450
8740
10957
98
1424
8892
931
18
4822
4500
6666
4491
9656
6576
5337
6190
7117
11642
6325
8097
10929
4849
1005
10694
2569
4070
10805
568
6698
386
3940
142
5962
6278
12163
11827
9062
1840
571
10189
7314
853
3479
355
6551
7505
11436
1432
8343
6208
10865
1804
2008
2522
4867
4277
2357
7871
7226
9745
10311
3741
5900
12003
7738
6950
11253
2781
5335
4780
4679
9298
4722
7654
11714
3074
5276
12000
11793
8273
10172
6195
8288
3199
5281
5161
9289
3922
4878
6991
8560
11491
4014
6528
11033
11817
7010
6565
4829
6642
8501
5273
2438
8284
9617
2377
3749
187
11254
10742
7953
10256
1559
10426
12170
905
6687
116
9497
9242
6484
7759
11361
6292
3694
10050
4814
910
3385
4266
3403
5645
8115
1742
3497
5024
3918
10664
4711
9949
7064
6267
5004
4171
7192
4684
2618
7983
12348
7386
9153
7660
3333
5089
7611
7512
5189
1215
943
11329
9788
6697
3900
2571
9069
7212
7696
4463
1074
6614
9165
2979
5602
1673
10058
4094
1479
339
7293
9074
8308
5234
10576
4599
8511
7073
8544
11358
8011
11587
5051
2061
3028
9351
11564
10835
6262
6517
12344
2339
5231
2706
10605
1475
5330
9641
10962
8458
10869
8913
6898
1057
4633
5525
7647
4656
968
8881
10185
120
5439
4106
6536
3796
11731
11372
11546
4130
7979
2149
5069
9486
8759
1125
5386
10428
11117
5724
1962
3417
7253
11406
2056
5225
1842
1933
9148
7973
10169
5219
4296
4457
5665
7562
1460
8861
10178
9342
7485
9519
2991
10451
5944
8363
7809
3364
6051
4770
319
6283
1601
11554
8375
9257
7840
8800
2585
6240
5632
12187
2723
7116
988
253
10095
10757
4186
8349
10157
1502
9810
10877
8324
11608
7626
376
5513
6384
5083
7250
8518
10164
3824
4316
6468
2640
412
1201
65
5157
11853
3445
11968
7107
2993
5735
963
8271
10106
1620
4109
4896
1929
10982
2588
5517
7112
7177
8986
10481
1682
1932
6509
5658
12288
9769
1978
6730
2003
5241
5347
7556
6374
7725
8147
2899
8514
11942
168
4097
5340
6018
6537
1081
9883
4668
6766
1789
9275
2157
7131
11643
12083
8579
5654
841
9136
2079
3684
581
10315
11646
9077
3034
2788
3458
5205
1505
6580
11182
10577
9585
8106
10148
6040
9204
7236
5286
2189
8001
9448
6462
7407
5791
2570
10851
4934
6082
5923
8041
10170
10617
6415
10051
7096
7298
8344
6915
6049
3705
10094
5688
11347
7893
3003
9330
6167
5159
1131
7994
11378
422
2448
6585
4922
5913
6151
11907
619
11099
11596
11859
3542
2016
8764
6749
4957
6503
3305
4261
1866
3104
7547
4185
7119
9755
9156
5644
5201
11597
11640
6638
10072
3498
1188
9392
7405
5892
3759
2820
8854
10716
152
8315
8597
3665
4208
8310
5523
1670
9474
6237
4031
11211
6042
7678
8495
6630
1330
8778
9057
4110
4219
7268
5536
10099
10799
11423
7347
3223
1639
10930
6370
7855
4285
1779
5818
9488
8242
11482
9405
3995
9532
4024
5032
10627
3345
3160
11770
10322
11778
11419
5001
7176
7861
3422
4211
904
8921
4034
11492
2398
2530
5493
7203
6095
8117
5098
916
10239
298
7028
7899
7684
7658
7914
9273
3023
10519
2524
8490
2945
6682
10361
3433
5527
5320
6490
4429
7329
135
4008
2131
10550
3603
973
1271
8556
5662
8857
4348
518
6173
5492
3677
1882
9391
1894
3477
7524
4746
8600
4933
9279
12091
7118
513
6270
6588
10160
9863
3860
8019
2064
420
9
6058
9331
2675
134
2960
3510
3974
5994
1602
2118
9091
3650
9510
1576
6846
10921
1588
3093
11918
10126
1808
5950
3634
4406
7526
3541
12266
11748
9192
3070
9470
8084
848
5325
2573
6386
11966
9018
3289
4654
12234
6562
3099
9595
11102
6807
5428
5984
11950
646
543
11613
3505
8269
10547
3389
11356
9356
7839
114
11243
7258
6429
1494
3944
419
9013
852
2897
800
424
6571
10908
12361
9437
8585
12193
923
477
8331
3646
5949
5101
1924
4044
4502
11266
4451
9759
1821
11340
8247
2072
11273
131
4895
3777
8492
9215
117
4619
4509
6011
11207
1407
6984
4049
895
10316
896
2737
9301
138
10222
1167
11464
1747
4771
6539
10195
10422
4888
5221
2089
1740
9874
6438
8230
2906
12030
9671
6683
6334
12118
10423
7179
8522
2718
11025
3782
12079
462
2040
6621
10143
5868
5992
934
3538
10797
467
10271
4696
1179
860
6554
7575
4996
750
9748
5026
10619
7087
6534
2411
8720
1008
7534
107
1287
9243
9572
4625
8348
5041
4727
8920
11750
6289
7312
2033
3356
10134
4004
5595
4731
6719
6188
6983
12354
2511
8483
11961
7742
729
5780
6786
6785
1664
9803
6993
3329
3554
4920
10217
7665
8362
12282
8122
6620
6972
4443
4178
11076
2871
7977
392
6138
5380
1748
8570
12100
5236
1689
4740
2971
6433
7972
6535
5534
3662
10155
10924
1449
3801
10560
10190
8484
3141
8832
5638
1463
175
6921
11920
12303
11517
6050
9847
2978
4482
9201
7326
1456
9836
11892
812
981
7718
4071
5874
9480
6625
5263
3215
8485
11653
2528
2212
3436
3136
10906
10442
11285
4207
10993
12302
9367
11067
7543
6452
7866
5132
12194
342
11158
10652
2936
1474
5176
371
5967
4628
4912
8717
784
11551
506
1549
4674
8058
9793
9618
2657
11098
2717
4333
1981
552
12162
7089
5244
6882
9229
9968
11214
4561
9385
12088
10473
7424
10898
2544
1703
4344
8471
9851
4570
9804
561
2606
6372
9726
7398
6290
11179
7044
352
10089
10830
4140
2507
7080
6594
3734
3255
3225
12209
8523
11994
6309
8508
1148
11439
1489
356
1901
4257
10753
3780
11668
1102
8983
4206
4084
5227
8659
3073
10497
2860
8605
9123
7890
7664
12136
8418
7829
8248
8649
5566
10345
9200
510
5381
6639
2915
4789
11252
795
2886
12095
6783
6074
3472
10674
991
1931
5451
3669
3832
2603
7460
10364
7156
9694
7910
7157
6315
8577
3391
2676
11280
8636
785
8835
920
1012
10435
8446
4295
11783
3266
6020
6992
7306
1990
2799
12134
1154
12147
5289
2317
1994
629
4173
12101
8970
11566
10203
3110
1036
8211
10443
7671
8940
2847
5314
5754
6206
11447
8160
10862
2708
10112
6437
7240
2751
3957
7724
8610
9141
5125
5334
1069
5285
45
1591
4007
11475
6933
6381
4479
1652
6964
1190
11013
7065
7244
3932
553
12024
4096
7479
7455
9900
4575
128
4555
3706
7359
11559
5691
6316
6154
7093
4630
6019
5071
9817
6610
6691
10259
5185
8146
8963
1261
8994
8580
5793
5402
677
12364
9637
3652
4288
11221
4707
8527
8571
3313
1896
6864
1111
2444
10815
4860
9915
7703
4954
10028
5846
634
4250
9277
3616
10781
4992
11453
3978
5768
1897
235
12020
5505
12335
7128
8690
2613
10623
2359
5981
6648
10365
3640
10267
9247
2051
8502
5631
7999
1918
11697
4977
11451
7645
10499
3473
2329
11282
10140
1134
9987
11310
7348
10060
7908
2859
1557
9933
2689
4426
11202
1461
3151
2667
2334
3420
3752
7355
2494
11869
4495
6715
5872
5235
6324
7607
4029
2648
8299
7637
3122
9118
4870
2672
3303
7350
12360
11960
11044
4747
11106
9345
10437
4
8410
6959
8667
4048
5652
10366
3077
4601
12280
11389
3310
913
3404
5902
8460
1031
5264
1113
5810
5589
5171
2879
6689
4718
9226
11142
10879
505
3024
10390
10488
10232
1904
670
4590
6010
10648
9640
7632
6770
9306
5252
5216
11430
2931
3205
6297
2951
6644
10012
6214
5356
11880
8782
7876
12255
9498
1643
11249
2235
945
11857
11246
1711
8234
3696
2333
2409
9185
9483
3001
2362
5230
7504
4087
5887
11288
7595
3937
9761
3276
10624
520
5947
7252
9834
5167
8811
9175
11693
104
2227
3570
8620
12260
9224
1961
10362
3348
6207
9825
2743
10893
4242
1122
4118
10864
6076
4385
2432
6652
8704
9965
1790
11984
9650
9044
4539
7428
10567
7294
4439
5062
2328
9227
11786
7071
10581
7563
12214
7422
2542
7091
9495
2580
3017
8745
10510
9454
9251
9489
9824
5878
9334
630
1891
9459
12183
8823
5079
9084
11065
2077
9840
11974
3938
3194
11842
3757
6515
7843
564
11534
11113
3209
8202
11995
5
11326
11457
3163
11103
1219
1158
8163
11625
11414
3575
10672
10009
3631
4046
5405
145
1464
11925
9041
11959
7985
11496
9839
4683
6060
10590
209
3431
79
7162
5040
4243
2555
8326
7057
8576
3819
10587
4291
4414
4302
4785
8843
8634
1196
898
9914
11088
4750
4547
1593
78
10553
7292
779
8455
1797
9255
2341
8278
4712
4000
4981
12287
8552
5033
7413
7302
5049
2742
1743
2680
4075
5938
3994
12154
8702
10385
11338
10302
9934
4682
11753
381
9476
9078
9329
2300
4345
3390
4009
5000
6724
8927
11256
1630
975
9598
2645
12005
7050
1115
438
6686
8440
4577
10540
10199
8663
11395
9030
5612
5360
4135
1645
4484
8860
7168
11150
10341
1669
5880
3261
7075
6318
1729
12245
1653
6727
10565
4020
2104
1171
11582
3649
4839
443
5603
7535
5886
1862
1220
9629
1444
3625
206
2368
12295
5604
1963
10438
447
92
3591
10211
2481
3421
5031
9137
891
4012
5288
6378
2694
7208
9121
9533
11219
1676
8818
3636
11649
11526
12343
3013
3381
4838
12130
1509
8643
9974
3718
3731
4264
1492
7300
4928
11563
7550
10034
9653
2770
1153
11004
9766
4436
8646
5779
10308
11991
2292
6494
7616
416
11679
9939
7229
789
6422
2391
623
3457
1437
10621
10539
9291
9352
5056
4038
3336
6451
1650
7228
9879
9096
7848
1618
8434
10860
12058
4427
10563
1217
10585
11269
10868
6170
6279
8755
5305
4852
1564
2816
3037
7551
11325
8564
3020
9375
4442
9859
7396
5184
11369
6764
4792
7282
3207
4330
5463
5248
9696
10461
3263
11715
783
8280
11381
12321
4973
6440
5080
1800
6586
10078
2265
3246
10839
6244
3496
2622
11291
4202
6748
5918
4401
3135
4073
5359
8999
190
2506
9599
7751
5894
11035
4959
6127
8714
4526
9309
8283
9319
3623
10943
3076
10938
2123
8120
1707
2732
7552
7103
210
7305
8939
4587
8872
11304
5090
7436
7701
5165
638
2684
8671
500
3137
2371
2655
10010
974
9998
440
11363
2318
2959
3743
90
8644
9411
1116
7964
10994
2230
2983
2829
3728
5172
4189
3394
9728
9853
11250
10533
2551
9897
12306
10021
3989
8336
9830
7740
9145
9056
5429
3061
11343
5867
11662
7807
4971
6417
880
8295
5421
177
3507
691
11603
5657
2641
1379
6470
2612
6226
11465
8311
4786
9075
2681
213
5561
3778
7668
8040
4308
9190
3183
7539
9615
6341
9743
7752
7321
10054
10313
925
9000
3392
5537
7830
5435
4267
11312
8128
6030
5936
10842
9551
10961
8149
8763
10038
8738
5177
2165
4474
7625
8686
4655
9514
3710
5540
2961
5192
9795
2346
5600
2162
6246
2028
2749
9134
2543
11988
1769
3849
3187
7945
10978
10063
10825
4854
7769
10867
10574
11426
5106
5500
1147
6818
10460
7047
2638
8908
5467
5948
12002
12359
7227
9033
6702
4100
5641
5856
185
10984
484
11790
7101
7223
4635
11540
8462
8417
9568
10444
7384
4030
10201
9460
9358
9023
8186
10849
9152
8325
10375
5418
2771
2591
51
2342
9872
5110
10446
8608
81
11473
5318
1980
11785
5942
10434
1459
7714
6117
10653
1781
4255
10513
1993
10996
9198
10252
19
3738
2103
362
2379
8766
7404
8699
1826
8261
7585
1010
8017
2721
8808
3948
37
1491
6631
3474
8161
4652
8850
6970
10474
4748
700
11411
2873
9453
6227
6061
2142
3453
753
614
9908
8729
6787
11400
1165
11767
933
5387
8807
289
450
1806
9558
4649
1604
11239
3281
7148
2408
4444
2938
12369
8900
7733
7342
4632
2561
4769
4743
8617
1677
4356
8945
8526
10281
722
4298
9683
4339
193
4567
9197
9261
6828
73
8402
2126
372
7043
5634
9593
7540
2139
3159
11774
10198
9902
1180
9422
2302
12051
9308
8672
11745
5333
8469
9061
3600
4332
888
1615
10714
3557
5415
2630
5365
5317
8944
5214
6678
7358
8201
2445
11299
3470
10901
9281
10633
9287
9765
3047
1788
1416
6661
10187
11048
2804
7641
144
2802
2204
12221
8849
9925
11187
3316
11433
5491
10359
7998
9276
3642
10526
4256
7592
8744
1
1476
4021
4589
7515
3834
10927
373
3722
4468
11
7283
767
2639
12211
12186
9283
4244
7224
2492
7635
12016
7565
7187
10756
1495
9469
9147
8989
205
7332
6740
2577
6573
230
10108
4375
5063
10914
10828
12052
4129
5610
3727
11883
4944
1916
2147
10298
10668
8572
10149
2861
516
8505
198
6157
4610
8533
8215
4644
2111
6928
252
10670
2115
2779
11435
5344
11333
3138
4512
2772
4380
7265
11485
329
7037
5609
5191
11490
5202
1118
6219
7197
3184
11368
12094
4757
9841
7652
9050
7173
2065
12176
11062
7938
10772
1855
2795
4065
4873
9719
10629
8416
7691
7475
7902
3228
8108
3465
5425
8461
3084
5501
5518
5174
10820
10942
6706
7159
8855
2286
5995
3855
9314
8721
3508
6734
7098
2277
12081
2937
12334
2823
2420
6373
9758
9302
7104
11616
1553
8541
3335
59
4725
11227
5996
4268
11139
10303
11143
9001
6184
8796
4324
1988
7561
11615
8000
8155
2452
7397
2712
12240
10678
4041
6266
12249
9584
3098
8140
10607
10501
10985
1764
1035
2490
7602
2319
9681
8096
3936
1199
1542
1713
3517
6038
2287
8915
10167
5587
10761
9648
5842
9932
10225
10793
6075
1968
7248
9613
12242
5145
3370
11412
3376
4579
12171
3638
4800
1973
6314
6840
11215
10351
1720
9635
6303
8917
5034
2070
8034
7285
8491
2299
1233
8680
6606
6009
1452
9113
11112
7683
10972
3680
5404
980
1126
7841
4803
8393
5163
7699
4766
256
1013
6772
2233
3471
4886
10554
196
1145
5914
5980
10289
10802
3233
11030
3799
1477
9579
4272
2484
10542
11548
1030
1656
6608
2392
7489
6518
11468
7363
9111
2768
9031
263
5271
6776
8092
1469
4597
7339
1714
7847
8773
6022
9862
7181
10915
6036
4467
1678
9011
2776
6235
1635
6187
9496
978
4156
3533
4968
64
5642
3423
8934
9502
8143
7717
1088
6253
2023
3332
5057
1411
4387
7429
8378
6023
6681
11398
10209
11217
11047
2755
6382
12087
2756
7341
2845
4068
2666
4054
2309
5038
4975
3067
11696
7410
10025
8239
9587
2925
11792
4146
1529
11123
2041
1776
4721
3558
2048
902
2038
207
2250
710
8187
545
889
1885
9638
4217
8270
3275
2272
9600
3615
12070
5571
1085
8928
2461
93
9516
2587
343
1890
2699
1356
10525
4603
5010
6326
5401
10272
11832
10358
3763
4713
2803
2662
11923
2724
3123
405
10008
2449
10755
11095
6881
882
5653
4688
5997
10040
9104
2476
11806
965
11108
1899
2878
10265
12219
7971
9374
4831
6393
4440
5130
2117
3883
10109
11305
1667
7745
6521
10165
6778
8414
9155
8448
7836
3284
5732
3740
6413
650
6071
9614
2231
8698
10814
9110
547
2550
778
7676
9487
9956
6668
1484
10710
11797
8472
1119
1205
11512
10087
2304
8770
9819
8142
4159
3619
960
3576
7328
3494
7327
9790
608
9871
3008
8396
1093
4177
11589
875
6280
8697
8282
8524
6952
6645
4169
1273
4844
3455
12146
12367
7522
7838
7175
7288
6003
7356
12173
2866
8080
11874
6242
3408
4361
3181
9447
6909
7825
689
7883
6941
4970
838
4441
739
12285
1883
8651
9297
11075
10841
2225
1207
3583
3512
4779
6854
7734
10919
12019
3302
8105
9443
4259
5533
9169
2949
3737
2635
2552
7271
10158
9249
10218
3787
5229
6692
9171
648
4060
4350
749
11962
2653
8098
9848
9725
12046
11060
1210
11674
6628
5452
8366
5926
11267
7099
9712
9058
11776
3304
8943
5577
8129
1722
7178
4357
2266
11235
10183
4424
7689
2928
8113
9472
5253
8694
10597
2729
5160
2896
8965
4677
3418
12105
5828
8905
9946
7824
3921
9690
6073
4582
2722
10902
7686
1143
6467
817
311
227
11140
4238
8127
2989
6263
11296
11460
5876
189
10036
2424
4334
9560
2710
3397
4717
12265
10866
612
12252
3379
12145
10631
3063
12048
8696
4286
11904
3405
1791
3808
11409
8603
11738
3530
2399
6650
5570
9986
4396
2854
7661
1805
7753
12317
5998
5155
665
9047
7110
7673
7189
6202
10680
953
2783
2661
8780
6910
5188
11847
10682
1702
7077
11752
9360
819
10138
10766
5412
133
5261
11721
3220
12212
1663
1811
1992
11194
2451
5454
12098
305
10344
12131
10610
10464
11264
5044
9852
7609
10283
9669
3545
12207
2014
95
4812
2297
12294
11089
10920
8869
6980
10391
11780
8812
181
7613
12001
3285
9178
8476
8640
8345
1738
1352
1157
2567
2644
2192
590
607
9773
501
5637
10655
6460
47
4314
4409
4542
5290
7828
3430
837
12238
2376
10338
8862
10342
7247
11300
6222
279
8369
11290
4823
97
199
9006
5927
8958
9252
5511
2174
9644
780
4537
3719
781
533
6323
9665
1189
214
9501
2546
4179
11660
4196
3219
10622
2244
4010
7968
9778
4879
9239
9807
2598
4716
4116
10601
12120
6141
307
4392
10017
3630
8447
3162
5313
2285
1950
7598
10549
5471
7869
379
8220
3411
5556
2395
1056
7016
9124
297
3842
1546
569
11882
8712
9125
8277
406
12108
1104
10154
5908
4866
11580
2404
8715
1640
11850
11366
11283
12340
7081
4778
7030
4299
9780
2199
11455
5270
4231
7785
9625
7432
4640
726
4828
10220
9534
9127
6419
7122
5164
7530
971
8319
8588
9878
10146
3440
5485
3298
6635
11029
3374
7182
1018
11595
5583
10260
7261
7763
3492
2208
961
9170
10131
1046
10656
3292
10193
6027
2085
10964
5979
2471
1528
3294
1724
8263
1414
9801
2173
7434
1060
5956
10301
6308
3446
6968
5076
11371
10811
2556
2486
8792
4394
4651
7108
9475
3121
7620
11354
5092
10349
1017
9381
6447
6048
10246
1922
7072
8009
7167
6940
954
6130
9704
2539
1032
7720
9632
313
8264
1955
2054
1723
5575
4553
6069
6217
540
6836
3880
5690
8281
11295
6516
11026
7737
5043
113
11565
6975
10719
6054
10480
7638
10817
4871
9731
5432
6307
367
1949
7531
3992
7365
11758
4015
11220
2082
11544
2634
1828
11669
7480
7669
7049
7158
7601
6574
6296
2704
11777
5354
5222
5260
11262
1910
7636
643
9017
12228
10596
11954
8110
5143
9131
768
141
5633
5899
1019
8574
9468
75
10085
4650
4557
9626
8817
1527
7097
10751
231
11011
2378
8119
3321
5598
5058
3908
3447
1675
3658
10248
8981
8534
6947
4645
3896
2205
11046
6259
11972
10470
2553
5804
1913
10068
9557
3905
7820
8364
10144
8645
6458
2509
11844
2758
772
4516
4549
5329
26
7798
7574
11327
2599
4381
8457
7822
10787
12192
6330
5351
10516
1700
204
4161
7993
7721
8914
12142
6194
167
4961
8
11160
4515
8193
9924
9973
1043
4887
11203
9343
4265
7311
8775
4279
9267
2078
6287
9919
7481
598
122
10904
8339
6275
2361
3830
5955
625
2101
489
7833
10043
4621
10436
8674
7808
1641
3797
1435
3596
9611
7275
2253
6487
1084
8593
6832
9043
2888
7516
2963
5932
11032
3406
8013
2872
12264
1717
8003
5991
2754
11205
6046
10485
2001
9566
8595
11852
6335
1433
11498
10593
7708
7965
7728
5397
8596
8748
659
10736
9505
3053
5436
3876
6488
8739
1230
9272
3296
8168
3428
8228
8682
1598
5596
6118
4232
258
4212
9602
562
9898
5974
3809
2108
11111
8133
9478
6762
9815
303
10238
4956
9882
6301
6276
6120
1539
4176
10523
3518
1680
62
3190
11877
6365
11804
1097
10882
10073
1860
2574
11749
12220
8562
7412
10640
6305
9733
1552
46
9179
801
8125
8357
1516
10310
3409
7025
7765
5450
9695
9114
8078
7523
12299
8503
1532
4338
12200
8214
3415
8246
1679
7868
6322
7343
10935
9845
2032
5520
5073
5368
6249
4138
6302
2842
1582
3745
9138
6654
4751
658
10294
6549
11987
11652
12363
10613
4318
12169
9394
8252
4568
2744
8466
3561
7761
5769
6675
3966
5853
1398
2881
11444
6146
7772
752
9207
3946
8708
4638
436
169
586
5366
2042
985
5316
4246
2390
6677
8386
9485
9509
8107
8087
5815
9554
10287
8678
9727
7736
12155
10826
70
2994
4369
2396
261
11619
3599
1596
4765
7797
6693
165
5660
11835
4773
5066
5801
1050
233
7587
7218
7760
7630
8338
12268
1218
1661
3987
9757
7672
3653
4673
1958
12132
7747
2658
7962
9785
1120
60
4168
10928
1889
1982
10304
12274
4564
10639
3807
3250
3326
6333
9901
3726
6903
2621
7538
3462
11635
6355
10212
9191
7713
5417
2909
3272
6923
5336
6369
11851
2237
10110
2069
690
5622
8355
3567
6463
4282
5300
10570
2039
8323
10400
4530
1178
5338
6619
8628
2216
1047
3714
10905
5952
9732
2913
869
5774
12109
1736
10951
8159
7726
7804
9713
11336
4863
8531
3786
694
6383
40
7191
979
9416
7008
1448
4574
3633
1831
825
3961
917
10778
7578
4418
1603
8298
3562
3850
7796
11833
8814
12111
9831
3322
4088
8528
12141
9363
10483
11680
3395
610
9116
4321
12117
11870
9067
6210
5563
1964
1693
6443
4768
11911
2185
9959
7498
7936
1614
3990
8618
9559
11186
4180
7274
4942
2656
11672
2099
7960
6055
2685
4845
7066
2764
3578
10503
3546
5180
4322
9658
111
10838
3277
8954
11545
583
12156
3202
4040
10532
9233
4521
4183
948
4195
725
4833
9936
6201
9142
9586
11263
11539
369
4023
2234
5028
949
2525
2810
5719
1531
3186
11676
12283
9775
5020
10296
6164
10381
11698
10852
1948
832
6584
4365
5246
1337
9129
8666
7204
11373
7813
2468
3200
3318
10897
12168
8655
1076
8537
6966
9930
1357
1633
5141
3692
9087
3789
621
7062
3153
3861
8314
10505
8292
4540
7
9159
5504
1871
786
1195
197
6223
4948
3203
9150
11884
1989
2862
11571
11223
6133
938
4983
8459
4174
5519
2121
10806
1548
3400
12041
9322
10975
5259
7905
11237
124
7143
4142
257
10698
2314
4230
3566
3158
12241
3695
584
9173
2045
1999
9675
9438
8486
10380
7023
3464
8509
9493
10695
2274
10969
3513
11895
5097
4149
2228
3812
10
11416
8519
11982
2417
156
1817
6093
11703
5410
2268
11519
964
2373
10671
1735
6526
7214
3772
4331
11773
3934
2154
3090
1096
4672
7889
3521
7749
7867
153
10628
7399
858
118
7456
12322
4842
758
4882
10215
8004
8061
6640
312
11586
2660
8104
915
8408
3148
129
2166
7320
1501
8529
6721
5477
3926
11229
9220
7473
10479
10776
11598
10027
8838
11232
12066
7933
5422
1417
4337
11890
4498
4890
12119
407
10371
1906
6008
11695
4240
4193
11488
10861
3402
472
11018
1080
7732
9219
5067
10874
6258
8243
6271
704
11710
1611
12103
3632
5606
873
7520
7758
2713
661
9524
7856
2512
4593
5829
3699
2620
6064
5258
3291
11754
3520
10616
9278
2260
3725
11469
10995
3559
2747
11441
10258
9393
2830
9120
2150
1186
5206
11284
2791
5921
5881
10070
11240
9341
4347
11755
2735
4808
11647
1108
8166
11081
337
10561
4269
5119
6091
11654
2725
10378
966
2284
12012
4225
10166
1254
5377
4851
5383
9350
3857
2664
9539
11248
10725
3607
9168
3007
7195
8337
7291
3582
1837
3131
3746
12362
1697
2168
12304
11941
2469
5302
5564
11627
10090
10848
1793
3943
2021
11402
2643
1054
11234
10591
9073
798
5326
10608
12004
10244
6340
2592
6542
4795
6581
12373
11999
5394
1204
2177
11651
9920
1413
6425
11975
5135
1109
6272
7295
8731
5113
11898
4704
11661
5140
5613
3647
9885
2366
9105
4813
11057
7035
6700
7976
11127
1880
8210
3515
1825
8794
4726
2340
9729
8103
1838
1934
4412
6493
9387
2418
2540
12199
492
11910
9406
3027
4126
4991
8131
9891
1523
274
10482
7201
4342
10575
3363
3523
8781
6203
2478
8333
3571
2179
6024
10603
6760
12358
1597
11456
7995
4039
5179
4815
1617
10771
4802
7614
7541
897
9467
7805
7844
5269
9109
4615
10057
1970
11331
1383
11927
10769
345
390
8199
8438
11031
7685
11176
10291
7690
2264
12031
4325
8797
4715
6424
10320
9245
8801
7521
3723
609
218
1551
3242
9742
1423
8553
5851
9858
10599
9181
10153
8821
5144
9240
10693
6835
2990
2180
867
3373
11970
4458
11952
2348
3048
6459
11388
5423
3736
4804
7079
3968
8826
4728
428
4326
2315
977
8761
4425
3641
10832
4774
5196
1784
1543
2160
2554
429
8700
409
3514
2765
2797
1515
2470
3750
10727
10688
12062
11787
2690
5321
4634
3372
3601
10948
5855
3139
6942
10813
3904
9441
7255
12124
9864
8212
8397
1920
8878
5710
1946
9770
1231
9781
5560
8972
566
3350
676
10066
1856
9997
2508
2092
3343
10130
2122
3398
2557
7862
4403
9292
3958
8452
6498
9428
1149
4541
7885
1274
4595
417
2927
8752
11900
6967
11149
6570
10424
7433
11200
9918
3795
7471
10339
2059
1430
12104
12113
10055
13
12370
7317
9679
4988
11094
4964
6837
5857
12371
2351
8726
1098
6981
3075
10508
4637
628
4001
1530
7243
4994
4312
2532
8428
9682
1895
4372
5951
8307
3469
11956
10002
10773
2883
5766
2898
3383
10843
9596
8470
7279
11547
3340
2294
9961
3539
641
3412
9499
3689
3877
4691
2182
4284
9993
9332
7879
7310
4373
9299
5977
2372
224
11836
11085
8144
109
4764
11009
10965
2017
7573
5599
2232
5331
4066
7980
11072
9620
1732
6319
309
5585
10548
11944
2869
10457
1771
3243
5837
1923
3996
2213
7045
10306
10580
5473
10847
8465
2766
2155
6405
10518
9212
6387
2428
3052
5879
7786
9697
3107
2347
6224
1445
1340
9537
7870
3021
3792
7423
9427
8174
2153
9805
4204
3914
2207
4811
3693
10946
8225
5978
2052
2576
11137
9541
541
2433
4492
5460
4460
6358
9791
9767
2637
2500
7560
7319
937
7013
6399
3748
10445
8592
8368
12300
7735
11279
8909
9707
674
8967
11397
2029
9814
4884
3685
11322
9484
10074
2483
4307
12372
7315
1986
12123
11922
2288
6602
11665
2595
655
5275
1421
6034
6934
10264
1699
12308
6179
7251
8803
4235
1558
7594
437
4857
11355
3128
11759
10990
3080
2903
7241
7750
1947
11297
8388
7151
2702
6345
4967
8100
7837
6482
7009
8276
2582
9009
8692
8568
6533
54
8639
1660
5911
11206
10080
378
349
2628
7090
4254
9321
8829
12071
8591
11933
5624
6450
8306
4067
9652
4352
5963
5242
6004
2152
5541
3175
9286
11197
7367
8707
667
215
11218
579
9945
8540
2796
7508
4490
493
7746
4953
755
316
5830
3198
2229
5293
10213
5859
10941
5327
2534
2086
4487
6285
10297
9032
178
4221
9616
10939
8391
10937
10388
11083
8139
10641
9923
6391
10527
12204
2559
11251
531
9798
2668
5016
1164
7094
9419
8377
6081
10876
11134
6094
3062
9003
3485
6795
12097
8433
2892
9316
1772
5865
366
458
10326
154
1063
2024
868
11023
10071
6647
4501
6016
10229
8735
11931
9307
4529
3975
1334
7273
11707
3068
9223
7779
7038
9397
6765
3585
3290
5015
1225
1446
7135
7351
5324
4433
9049
57
4061
1694
2726
292
8996
8086
10630
10723
10808
7380
11374
11600
1483
2857
2922
9208
7939
9828
2929
9284
6079
6659
10834
6615
7354
7012
7499
9850
8467
2700
5055
11286
1184
6578
11964
2527
9693
2671
5470
3092
10583
10039
6063
9424
7488
11370
4596
1062
4935
12021
4853
554
6367
10765
2750
11771
2188
7053
6400
12251
5935
2930
10075
5142
4966
7913
11515
7627
2493
7781
3120
6745
9678
9504
7569
9860
9221
4797
9315
11317
10967
1627
3967
6
2263
3556
1761
7426
4276
3317
170
3744
6938
3437
7967
1586
6200
1213
12349
1136
879
4581
2419
12151
10228
4850
6690
10420
82
9268
8606
683
10104
4669
1007
8361
3328
3606
6802
5986
6337
5965
8213
10954
4390
470
2219
8427
8401
673
7216
10999
6371
3822
1547
8165
4997
8223
2049
6684
12239
10141
11064
8768
1854
8482
5628
6999
3970
3320
4340
5646
8359
4191
9689
10243
6078
8629
6545
7922
11417
1745
10807
9410
9691
2775
9674
8710
2868
7557
4855
4026
4798
7458
1020
7161
2792
6414
5919
5154
7368
7068
9193
11604
11133
8216
9194
6780
7996
5907
7495
12140
8204
10175
2146
8027
11637
11446
9800
3764
11843
7898
3621
4386
2156
283
4670
1160
8374
4965
3149
10081
2214
4188
9066
4671
5237
1335
7353
1850
7213
8134
11897
385
1770
11815
3859
5295
3172
359
10206
4788
1829
12277
9490
7379
6448
4578
6954
3544
762
7152
1768
4709
12139
3165
243
12133
6375
10086
4128
3035
496
10966
10327
8420
7374
1613
4629
2343
9014
9491
7767
12177
816
8935
6025
2805
11834
4341
10330
4153
6338
5895
9899
7430
10453
615
2564
5814
3297
6722
2677
5050
8258
7411
3529
2695
1422
3059
12336
4028
5437
10007
7364
9161
380
2200
9235
3361
2043
8088
10346
555
2425
11630
3589
7183
4313
687
8517
5357
8442
5975
2969
5199
3580
2975
2563
5982
2335
8952
7231
4435
9957
2441
10234
6243
3231
5572
769
10360
1212
4909
10468
3820
7986
5550
398
9978
7467
11324
8232
4043
8287
9784
6572
8991
4841
8153
7046
3993
2584
11728
8767
48
1533
4937
3767
4734
6935
1052
4214
2358
1510
7138
9774
2289
3982
11688
4447
3771
4404
6979
9042
10236
10792
6663
4531
2691
10588
7036
7695
9612
12292
1577
89
7284
2787
8488
4336
202
10441
11385
4523
11500
9929
9580
9409
10509
9382
6453
9718
8660
4210
10579
6752
8613
8888
2073
7887
4432
3862
8919
10658
5759
5045
833
3475
947
10883
8630
6609
9503
6180
10056
2926
146
8746
9404
2007
2798
8109
5497
12289
12237
5966
12315
9117
10775
11772
8200
11260
8124
4052
517
4280
2128
5322
1940
10685
6788
11742
11732
2482
11259
1040
3704
2809
6053
2311
5985
5310
5816
8274
12116
11684
12059
9995
5228
1844
997
3964
5035
10429
2950
7712
4190
2183
12332
11692
8371
5039
7687
3054
9928
6329
7427
9811
2954
8095
3765
4534
1095
10249
7199
1442
2336
5989
2385
6013
8272
8545
12189
2537
8653
11811
3142
180
10495
9186
11210
7190
3259
11315
5605
1709
8289
9433
6431
7322
7878
5341
12206
9312
1067
8177
4351
8221
6511
12037
4914
3010
6926
4058
7419
3788
5445
10469
5440
1517
11177
8370
3156
10047
6274
7120
10117
6558
10568
3214
1216
6376
6601
10502
5352
12077
5734
9601
9751
11341
4050
1794
6593
3491
10458
688
4016
1599
924
6500
8451
10231
8960
10006
1208
1290
5953
9010
9357
8724
370
10512
3251
3330
11973
6930
11275
12330
3595
11080
1428
166
9039
10721
4125
5384
9944
2158
10295
11713
10011
7416
9037
2186
4137
8145
11585
7680
2629
4875
922
3648
6665
9217
8834
3535
11043
1580
5309
6332
12184
5315
7188
10455
4658
5287
7525
6466
2673
11345
1229
9036
10649
3553
1078
10940
4843
5210
7888
9244
2293
734
1075
5897
11198
10336
3586
8992
11367
11268
4905
5393
2920
4546
831
12230
2084
12122
10602
8901
6997
11729
4900
2956
1710
4317
2280
5808
11050
627
1161
8367
6288
5656
2198
5891
2940
3709
11848
21
10261
1997
338
1124
3407
9365
10562
12307
5075
11365
9905
7147
10000
6281
10398
10515
3388
6756
9119
12129
74
2558
5247
1861
6718
4093
8002
10440
2119
408
4562
1473
11609
11525
9870
10083
10784
11375
7296
3130
1425
4678
6464
7579
4042
7545
2210
1137
11889
7307
9969
7259
11472
8297
7711
1921
8309
7345
6140
8842
5413
3371
956
11175
2705
9373
10274
644
5197
9457
6360
1140
2932
756
8157
264
2852
6708
6799
1561
5398
2665
3478
2686
3835
1833
5304
802
1487
3118
9813
10100
12254
10708
3711
7389
7137
6754
2855
2129
1937
5590
6956
6044
4685
11862
10770
11896
7514
11685
10536
3193
4201
6781
1112
11803
2439
1672
5532
8747
9866
7806
8711
9369
4488
1082
3046
1864
1775
2090
1021
4423
6248
11709
3720
503
9395
2716
8182
5363
3359
2326
4310
12125
3222
10147
5864
3821
4083
844
9386
4170
9588
11599
11405
1907
12006
11379
9992
6088
1938
9144
10029
6344
11997
4993
2474
6212
9576
11476
285
851
324
1338
10197
4744
10511
11188
11015
6657
10082
4449
2801
11265
7988
9624
5274
845
5376
2211
639
7650
11657
10810
6974
2067
8091
464
1339
9202
5489
5427
3396
9844
9643
10227
8178
3624
7052
7024
5194
8381
12068
4963
11638
5373
8205
3931
6784
5166
4611
3605
12301
2562
5666
3707
864
1453
4328
11716
4505
2738
9214
10952
1127
232
11505
486
8008
8328
3425
6918
4962
2356
6579
6624
11828
6100
1575
10557
9305
4251
1420
846
9060
1892
1227
1820
1696
5502
8090
3450
3783
7803
5025
9089
11867
4880
7764
11977
5478
5378
4998
4836
6238
6656
8777
4485
4294
8791
103
1507
431
10015
4271
9206
11726
7597
7469
7349
490
11350
3014
9046
9906
8623
9659
108
8819
9095
11390
2998
85
4209
2215
6478
3986
3424
941
1715
8372
5268
10276
5382
3486
9655
6662
6047
10404
404
4105
3036
2134
1440
6105
1342
1701
7313
3659
7385
7863
11090
6796
6043
3829
9270
970
4664
2464
6428
8351
936
6385
9182
2707
11403
509
11855
1782
8936
11330
10384
1123
1496
4172
11667
8439
4481
10618
7496
9435
2844
11484
3434
9782
11592
695
7005
12110
2907
11005
2440
7031
9115
6245
3742
4588
9384
4095
6548
6861
12218
1632
9749
4737
7153
3501
9250
10150
6059
1622
10466
6618
7991
4359
358
599
10168
6501
11906
106
3686
2068
259
11407
2600
6777
2145
6523
5200
9237
4602
5023
4459
4681
1734
5278
11612
1107
10535
6479
777
5792
6412
1841
2413
6653
8317
3838
11812
10207
10114
12365
7234
1823
4538
9606
3466
10796
11981
194
4783
1114
10414
5684
6213
1079
69
10524
7722
3644
5138
2397
9431
6911
1725
11689
4583
4796
11278
10210
12106
4220
5822
8380
1687
6250
6169
9463
3170
7211
8569
3540
12227
1206
327
5849
7857
2840
8661
4107
3754
192
5345
4708
1655
6097
3935
4200
10643
8887
7593
4393
4011
9738
5861
1762
8847
8647
12353
143
861
10739
12293
3504
2475
2858
12316
10101
633
5608
9628
2674
8816
10715
9867
11393
5291
155
2880
24
2291
3087
1133
3997
10737
6129
10530
11829
1634
10732
636
7403
10188
2521
11871
12160
12339
4108
115
5807
8899
5233
3604
2774
2659
7304
11701
4013
6294
4552
6265
12213
4167
3357
1712
11342
3311
5960
1144
12
8896
10395
9093
635
4438
6707
9991
4925
6623
5813
6747
9230
11624
11570
2849
10182
427
6735
455
11591
7610
7937
99
7975
7029
3564
1234
6304
1471
3196
3954
201
2327
8158
4199
5296
11866
5255
4300
7256
4958
9126
9907
707
3753
11301
9530
3980
9149
5896
5934
4939
12356
8099
7352
4198
10255
8938
3133
4837
1589
11577
7544
10660
9890
9952
6504
7277
7360
11346
1708
10091
8870
649
2501
12153
7577
331
288
6368
50
6225
5588
5036
4141
1193
6390
12276
3537
4035
3331
8950
4982
5358
1984
11007
1026
9146
7114
9002
4166
2977
12121
9855
11163
10407
9300
11840
8742
7503
6029
6062
11805
1002
217
12014
7546
3267
815
6988
5614
8208
7019
11272
3351
10537
2679
6193
6252
5008
8912
8681
972
7963
9260
3903
5480
2071
6254
9531
9772
3349
4262
8121
2957
2125
8141
11195
3057
91
7245
7193
2870
3143
3983
1686
11686
6435
11339
9071
12042
10439
6564
8611
1623
10181
2148
1585
3362
10983
8776
1758
6701
10433
3511
27
11893
1482
5195
8769
11415
1898
1960
2431
4478
8487
9371
3811
6148
7778
6067
2999
3212
9383
7022
8429
6660
3244
1170
7185
9627
10987
9571
387
7150
3258
8496
11452
2259
3050
5374
2283
9889
11700
3560
94
5215
4952
11377
3032
642
9378
4522
173
1878
9413
4102
2480
5343
7457
7145
8902
6483
10645
5582
10971
11542
8906
3573
10425
2875
9048
4605
11574
3082
5364
5678
12327
8774
3038
281
8581
8136
9021
928
7003
4098
7566
2472
2887
3776
7041
8805
11921
11321
9199
11766
9868
11522
2987
5029
9578
2642
10459
8822
469
7375
7517
10026
5256
5175
7631
7033
854
2354
456
2005
3248
5078
11511
12223
10892
9714
1455
446
8546
3800
7264
11765
9029
7634
8693
10850
12267
6895
5763
1688
2985
3690
2135
9547
328
4379
12243
38
11919
9976
9211
4454
5121
859
11914
835
9442
8126
2178
10418
4122
1512
7818
7533
6037
5647
11675
8551
5298
6239
8203
1728
9950
10632
4003
935
5945
10408
12208
1191
20
9059
3221
10979
10944
7088
3005
9646
11650
5054
8479
4835
325
6989
5959
10387
10406
7719
9326
6826
9792
3341
1526
2848
3256
9972
6825
11495
11725
8525
2778
4949
559
5002
10932
836
11764
10118
6084
11201
5548
1064
10472
8409
797
6232
668
3525
4511
9955
5557
1945
7651
5093
9082
8421
8557
251
11939
10309
2520
8657
10634
2531
9471
2096
1786
3543
351
8453
315
9888
10728
4703
1822
5509
10059
11380
5068
1773
7395
3592
5494
770
5973
6506
236
1439
6342
66
2076
10151
361
3179
3386
6729
2510
1716
1685
2607
5350
12244
7373
4370
10032
12320
7254
4614
5854
2910
10275
3588
1624
8268
6886
2647
2736
2004
525
9740
4820
862
6017
3380
9259
637
5102
6465
6755
208
2308
6728
11865
4081
1024
3522
613
3045
4951
7907
2885
9808
7221
4158
86
8542
7387
2946
10107
5443
9176
5558
9630
9663
445
3287
887
10949
136
2696
2835
10679
300
149
1571
4304
3528
6198
360
5496
10024
12164
6901
2565
2164
8385
8864
1457
993
10531
6561
3191
751
8286
4759
1853
9911
10611
9542
8316
6731
9756
11068
6703
4278
7468
4233
478
5390
11027
9055
4702
4528
9132
950
4245
102
5385
5469
4533
8191
11814
4661
454
9668
5407
2383
9724
3399
11141
2834
8583
6591
250
4686
10409
4374
5555
9364
2124
11845
8743
9317
10713
8231
6746
7048
2081
10888
11494
5542
2463
452
1027
9619
3716
3111
10559
211
1875
9984
4483
2967
803
1908
1851
6347
5970
10411
2992
9664
7361
6587
12011
9172
7039
1066
6633
8176
4115
4224
1177
5547
6356
11320
7470
3730
12152
2982
5213
1925
10594
4794
8957
6637
10204
7105
11157
2944
10890
1953
5990
8550
4103
9563
8727
11242
2278
8435
3429
5294
4187
12053
4724
7476
640
8138
4006
7656
11687
174
1974
763
3729
240
5579
1919
4349
5433
1983
8291
3618
5526
2503
9753
12057
12233
10116
6919
10105
12185
11458
5400
418
878
1029
11912
3441
179
11965
10620
9324
11518
11165
3851
22
5723
2670
11788
10382
3241
2988
10226
10637
11575
10214
1431
12013
2748
10675
8841
4554
9708
11636
9238
9762
11746
9396
2964
4781
10988
3367
805
6215
3617
8516
10045
2786
8786
1965
1534
10600
6723
10692
7067
1857
7225
918
9022
2533
2980
10392
9988
6522
11168
9895
9340
5389
1815
130
3169
7164
8430
5976
4192
10958
10145
6512
9981
6441
8787
9216
10936
10889
2080
11169
1886
126
287
2196
6256
5217
11461
11420
8195
6111
4513
11705
4689
4376
5877
4237
7821
6045
10654
11873
7263
3288
5584
4055
6924
8093
2307
5009
2825
1222
9218
2654
7707
6908
2169
2202
9254
10176
3245
6502
10731
3768
11671
9877
2814
8499
4869
3103
7974
3791
7816
9025
8192
593
7102
2921
33
4223
8687
6646
6306
5906
4576
9282
11549
8489
4389
685
863
10305
7743
7783
1135
5928
8426
2382
4520
10794
2780
10161
10783
1976
8436
11481
12222
4989
11809
3323
2322
88
6149
10712
9262
1016
11442
6547
5860
10347
11126
4563
10759
4421
6599
1969
3666
10615
9822
10690
10589
3950
2460
8987
8005
9420
9937
9325
223
5675
7846
5282
10767
9591
1651
6096
2281
4092
326
6546
1876
3144
6218
3502
3909
9820
6575
8904
9797
4229
519
6848
11903
5870
8891
7826
5812
12090
6629
9827
4915
9195
671
881
5961
11410
8926
6221
5707
3171
932
4074
3751
5257
10405
1836
1176
675
6403
1541
7791
2151
5671
2446
6066
10487
8565
7510
1560
8757
4148
6634
3197
9258
10041
5254
6890
3843
8373
4787
7800
9098
10748
9967
6804
2401
617
8706
10088
9642
9234
3761
3271
2813
10328
5265
9935
4665
5081
3881
1451
6348
6185
1185
5929
5866
1581
4355
1846
8150
11156
8802
6658
11937
353
4306
2138
11184
10354
10180
4144
441
5239
7615
709
4303
3164
6261
8635
10881
2895
8358
4730
9910
10490
3635
8279
3319
11618
4883
3274
1783
11860
507
6568
4729
9631
11036
736
3629
8705
8148
9456
601
6401
184
10128
12231
9796
3377
7984
1802
10986
5129
6590
457
150
3794
5319
2058
10280
6651
10606
774
3929
10348
6233
7663
2953
9070
8806
4550
6965
6753
4017
8658
2031
3375
631
12143
12029
9954
11837
11560
7815
7604
6269
6499
7917
3804
7739
11523
6914
611
7220
3157
2270
926
2416
669
10844
11146
320
11849
56
10900
8626
3146
1912
473
6566
5411
3572
346
4465
8691
2784
2933
1810
3960
9964
4806
10223
684
6560
453
9440
5522
5903
11854
6773
11037
1146
10846
8118
775
9034
4430
4410
6439
9086
10121
10854
3593
2752
11947
12281
7935
8848
7842
7141
3268
3286
8403
6496
4364
8262
3614
2575
4494
8931
4735
1767
12086
9657
8189
4834
3708
8327
9296
222
10885
8642
1926
3094
2421
11307
49
8863
1493
2808
7406
7784
7331
6797
2731
3097
3454
12337
2133
8809
11908
9362
11530
7762
9562
11818
5912
10980
6925
6583
9019
11502
2375
9355
10528
7421
8997
1787
8754
10918
3239
9318
5661
6430
3226
10863
4234
4848
2626
6491
7789
3965
12178
5014
411
6313
10833
2426
269
6158
9103
9647
195
3760
4205
11311
5825
9426
9294
2815
1704
12250
11724
1877
6295
6101
11479
12080
4609
1873
5529
110
12319
221
2757
3487
4901
7142
8783
2719
5619
11000
9455
10970
8725
5019
267
11762
11171
6567
306
1313
3174
4616
9481
9432
10067
4559
4032
5553
7865
11258
1488
2900
10659
1039
4415
6228
11878
2923
5713
9349
6951
6286
3000
6178
4371
2258
5618
2560
4497
12298
9546
1654
6361
10703
12215
12341
6699
6349
5594
8828
1197
9008
5332
892
1333
5212
11673
4270
10062
9687
4607
5308
1996
244
3033
1375
5027
9979
3240
2535
11092
2046
2526
5817
5869
8171
719
8793
442
7891
3435
6906
5601
8123
11557
11128
5162
4383
10300
1927
1200
9012
5007
9434
9654
9225
7755
10544
52
6969
2321
10809
11915
1151
11538
6480
2586
12025
4101
12368
6510
939
10818
11199
10657
9846
5971
212
6671
5053
8947
2790
1503
2
1418
2529
3977
3952
5240
3081
11151
3269
3247
6559
5626
9379
8695
6976
10625
2074
5554
10061
6404
9865
7655
11779
11392
9269
3998
4112
12179
10976
7401
5012
1668
5482
5307
969
12078
1658
4613
6617
172
8151
8633
8937
229
4136
1211
4059
10318
6083
3206
4215
8321
4508
3956
9336
9346
9763
5395
10917
999
9903
1128
3581
8907
11702
4594
4826
11006
11717
3113
9786
4335
3129
11063
7679
6026
10749
9052
1905
6696
6743
9861
6449
9162
10033
8504
8844
9494
8520
10251
4694
10156
5238
4907
2095
11408
1481
9685
6798
11231
5551
3026
5858
11399
2026
7536
1759
11524
9747
10299
9816
4469
2578
8413
426
5468
11001
8670
11691
6844
4162
4676
7881
5328
475
9160
2063
11645
12043
5931
9977
3300
511
3218
3482
2137
10142
11992
4950
7032
11888
11477
4047
11905
2030
8718
9080
3382
6230
12137
11648
1183
466
5545
2916
10471
10279
2442
11602
161
4510
2769
3086
9538
8116
1221
9241
664
10293
10899
10005
1162
11735
1646
11820
11316
3953
9999
5203
9639
203
3307
3587
4753
7425
3678
4391
7084
9248
9449
11917
7500
7567
10856
5539
2619
4763
10386
12232
3548
1796
6350
8589
494
3611
5915
9667
10541
10467
4739
8194
2436
4289
7242
7727
6229
11868
7989
10363
6143
225
9832
5018
7124
6407
11245
9971
5074
2226
2407
7819
5342
6090
1014
5375
7402
8477
9097
1799
284
4699
10747
2479
2405
9122
11775
2279
8500
6014
6380
788
10933
5193
7582
3114
8762
7886
7198
10840
7605
3127
7391
4164
6995
4643
8772
1015
1110
10319
3490
5077
5406
1869
820
2715
9622
9154
3551
3282
401
3132
2947
10314
2044
877
1436
4572
9335
8587
7697
1049
2163
8543
4585
4311
2678
11351
7170
11951
1518
4123
9515
8342
8771
1942
7770
9833
1246
7519
3671
3042
7059
10571
11795
1816
2611
3100
10334
5388
10277
12263
2893
2384
8184
4462
8815
11831
1756
5112
10741
11796
3594
11270
5796
1619
1565
6359
1606
5218
2497
10489
10353
9027
6643
10132
10102
2986
1554
3299
9344
6607
3856
4580
9662
6544
3574
10268
1314
3979
1536
2877
8984
1480
4315
9085
491
5751
290
11383
9421
1936
6680
2187
6072
2818
10669
8566
2209
3724
596
4247
3234
8749
5006
8390
12010
9101
10636
10795
1121
6015
9188
7276
3747
10401
10717
3645
11105
1089
11314
8559
499
8006
8437
10093
2523
8506
10752
4033
6486
3762
7507
6771
747
2053
10884
576
5578
3785
10566
10052
483
7154
6121
9909
322
12309
12311
8547
1751
3337
1485
10216
340
7237
1765
1101
8137
2450
8845
2831
2066
4913
6829
10707
11976
1637
1566
11222
2159
2323
2545
7021
3568
9948
7452
8051
11682
4618
2462
11846
10416
3089
9461
9573
4091
8753
3315
9721
6900
12084
12026
3301
6457
4090
11115
6331
8014
8382
3701
4305
3988
7113
9492
9414
101
3942
9398
951
1812
870
350
11761
3651
1691
10612
9228
9723
3893
7494
6423
4790
12065
4155
384
12235
9222
4732
2593
6131
8922
9545
11507
8677
1852
3262
8612
10845
9444
1979
5013
9390
1935
72
7771
2826
1845
2601
6394
4417
12331
10740
4165
5465
8012
2608
3945
2610
4663
1798
996
7768
2489
2952
8723
5072
2597
8474
8736
5108
9337
871
10956
12342
6110
8602
11087
2006
3419
9951
8515
5873
8089
2394
2627
9290
1631
6410
11913
6704
497
5346
9038
2502
3066
7576
10925
7845
4416
7730
5730
3442
4486
4005
7674
1041
5100
8332
3679
5223
773
11506
2753
12023
10926
6282
8948
7624
8703
12323
430
957
8318
1023
7382
1757
9826
11958
7133
6057
76
3426
7589
4099
8641
7369
9894
5669
10786
7309
11569
2102
1839
10077
3125
6907
11751
9051
6962
10044
7802
8047
7205
8733
465
10691
2838
4504
10096
8549
1818
3071
10878
2948
11313
4719
9408
9158
4420
8839
5151
8152
4085
4617
12216
5695
2579
12028
186
3324
5149
7165
1998
11434
4506
1555
8662
5790
7172
7086
6710
10476
10477
8719
1537
7139
2353
10896
8238
7184
2087
12182
254
2996
8961
8668
3536
4018
11213
3947
6445
6109
3495
5615
7083
10403
4985
7230
6411
3232
10284
7431
9849
393
9881
4999
3293
11963
3235
8836
7992
157
3509
2800
7266
10798
2459
3717
7799
5586
9744
1001
9380
1824
10801
11086
4263
6432
383
10184
2841
1985
333
7705
4104
8389
582
754
4620
4395
12181
7060
2568
550
5943
6963
7007
4239
8330
1159
9333
9517
10123
3531
5521
3384
11711
6769
8622
6880
884
8985
3547
9368
9407
7111
3897
4249
8765
10764
8911
7011
11145
7018
11440
6041
9451
1028
8217
11074
8555
5065
10730
6695
9857
11014
9399
11791
10431
11656
11353
10241
11623
7437
6737
9094
1718
2269
5266
1590
5250
7325
7773
9722
1731
10022
3224
2170
11170
8340
2541
1490
11736
11384
7337
8929
2036
1858
2942
2821
7646
10855
10124
2093
12148
9479
5515
976
7873
10196
449
809
4320
5030
771
2911
12259
6150
9464
1462
3846
5399
2487
8760
6035
761
2782
11521
4868
9361
9353
6679
5755
6477
3018
6604
8669
4648
8722
2310
5933
5453
9389
8294
5476
8493
9776
733
4754
7474
4584
10133
624
1156
11059
10312
7580
4213
11894
9139
7864
9873
5824
12326
125
7591
2904
9005
9809
12157
11798
8450
1173
666
4586
3476
11830
1739
5311
1253
6475
8631
900
6592
3177
9904
10352
9083
2939
1506
7174
4363
5267
12290
10475
8346
8130
10724
632
1903
10397
2414
11747
10998
8265
2107
7780
2811
3416
4072
2412
6713
2698
4287
11443
3387
7854
7297
11225
2822
3011
8785
3500
3613
1721
952
10651
4706
4218
6688
228
3354
6052
6497
5573
7706
12149
8423
3468
461
3853
11552
6996
6824
8532
11040
9366
10098
6676
6021
11644
10285
12045
874
6363
5306
886
6957
10492
9940
1105
4408
4705
1930
444
5448
10977
10076
3836
8007
10163
3806
9985
6231
3201
8227
6192
2013
1952
459
10191
3480
10200
4434
6529
4818
7115
6632
2349
2434
3858
10913
8865
2517
121
5838
6600
3444
2914
3152
8513
11949
11784
616
6636
4917
6396
7015
4228
8405
3072
1486
9196
7549
7166
9686
5353
330
2112
2453
2683
12022
4817
6744
9730
7040
10396
11236
7042
10069
5114
1939
3006
5431
11983
2167
1139
2466
1525
2864
8102
3176
2175
2536
9028
3112
4051
12172
11824
1966
3790
9177
7872
3126
1681
10777
10909
4636
10323
1608
9466
2785
7200
11734
7465
8218
2760
8676
929
12257
3237
2515
2020
8244
182
11104
7777
9377
9231
10912
11486
11670
2836
3030
11039
3715
9754
6649
5898
9960
58
83
368
6007
9106
9540
3827
3211
3691
7286
10569
8684
11514
8154
12008
7553
1584
12225
1103
7171
1595
3620
1129
2901
3216
5220
2316
9709
2195
2276
9417
1612
1610
9304
10960
2130
11825
11504
9670
814
3210
12352
1592
7301
16
3664
2519
3452
112
10084
1778
5061
1472
9548
7378
1053
4642
4666
7694
6763
2602
2649
4063
265
3906
391
3826
12325
12329
10432
2055
1574
3393
6896
11572
5969
5182
3673
9425
7056
8341
5198
1626
6339
6291
140
2218
9661
1466
8964
10646
12055
10551
8464
11424
8656
1051
1928
955
7377
580
10973
4368
4057
2172
8419
3055
2330
537
3002
3338
9081
12196
11901
5211
159
6994
6949
11261
5277
8379
10903
5011
9274
12056
3182
2000
8584
4452
903
2714
1524
10493
11471
6002
6161
10572
4692
10427
6531
7729
5524
8249
4543
4086
8305
6204
3526
5781
622
7076
7272
10498
7390
4476
7788
940
10465
4631
7318
984
3981
12357
6779
4624
7639
4995
4573
4507
4216
3867
4600
9328
8728
5711
5901
6106
10955
834
4865
6806
11553
4653
11550
2012
7270
11428
348
3150
7584
9921
2223
1059
1045
2572
2709
6234
3041
8625
6293
1405
32
8233
3563
3976
9983
11658
6241
3999
7850
2018
10340
200
476
10462
7716
3774
11822
4911
87
11228
5706
6569
9700
7875
242
1061
4832
3755
10417
8709
4327
10016
4548
3309
3189
296
3060
41
7238
1434
5648
9436
3962
11683
6389
3622
8260
7146
10521
2387
12033
7260
6960
3969
11208
9922
10873
11588
11930
10823
4687
10760
7206
6507
6720
5367
9570
11386
12092
7606
105
11404
10859
4411
2720
10886
7106
10254
5464
5659
11533
9164
4604
8654
10991
8732
11503
6481
735
6089
1336
139
1138
5280
7160
8350
7333
4551
3119
10019
1567
1741
6395
6555
2402
3703
2505
5620
7334
12338
487
9752
12347
10650
6855
10389
692
11610
1132
3058
5299
4134
6166
6716
2116
7069
2968
10754
686
502
7262
4493
1954
11590
4819
7074
1083
11628
9320
11474
2057
2191
10584
5968
6611
8275
10192
5843
9835
8624
2127
9590
3532
9688
10894
1987
7513
9783
6945
1034
12093
9348
7027
1971
7981
2338
5187
6622
2367
8226
10934
12175
9575
164
1977
9205
8975
11605
3813
7509
6092
3688
2088
1733
11516
3253
10335
11008
2194
1175
9079
2465
6087
3016
8320
8198
5349
6436
7180
11161
8665
44
8916
11573
5581
4639
2037
8285
4892
8578
4175
8601
7590
3279
3779
12272
2547
2222
5778
2514
6939
4157
4756
12278
4525
5925
1443
4972
2499
9445
9746
4976
10174
4675
7478
3134
5607
3949
5776
10887
10829
2201
9717
7834
9975
3346
8877
2312
9203
7136
11998
2467
2370
4252
10235
3933
2773
885
7194
7392
5721
344
7558
10997
11839
7628
3056
6211
6199
3555
10053
12217
3463
10013
1106
3493
10450
1202
8969
2891
3280
8112
4623
7588
8251
7648
10042
8949
2832
1232
9829
2437
5635
8627
11209
11929
2473
5297
10614
9246
4827
7163
10791
10030
3608
11497
67
8604
10744
2324
11024
2295
1025
9500
5232
7061
8407
6352
757
760
4378
5107
909
7366
998
10373
6597
7906
1763
7196
1223
5655
3973
7123
10250
226
3229
11508
3
1187
2203
341
3029
10079
6354
857
3257
515
5414
7323
3848
2513
12188
278
3875
6426
1427
3140
5147
5424
7882
8756
8021
10448
3155
4323
5441
9151
9520
5168
2374
5152
5279
840
12158
11513
5650
2141
8334
11543
4461
3643
6456
9716
2839
4131
2447
6454
10635
10837
3102
4710
6530
3456
2889
10552
5430
2646
6889
7281
3185
776
717
7100
5516
3069
9133
4056
6068
7497
17
1331
7633
5005
9401
3213
1332
7756
280
921
8637
1562
2091
3698
6912
2083
1760
2974
4918
7823
8507
12032
7381
787
127
423
9446
5964
4407
402
1801
4453
1972
5972
9794
11359
12165
8621
9295
2110
1100
11192
7232
4281
3700
1583
6667
7987
8932
6550
12191
2035
10604
1519
7006
10564
10122
6408
11739
439
2806
12180
1649
10745
8995
4496
4346
9963
9990
9592
6971
3503
2604
2105
2697
4566
7001
7978
9633
5046
10173
4532
2669
7949
823
7299
1600
4738
9429
1194
12246
8859
2403
4053
3312
8858
9735
9184
12224
4805
8885
10782
5506
7085
10048
5888
2025
1521
10263
12159
1499
12115
1819
7249
10115
5731
3145
2100
4045
10186
4660
9608
2496
8356
11581
314
3025
12202
5592
11993
4402
3597
6402
1520
3534
713
7486
5507
11826
3971
3180
317
850
11631
1579
10800
11940
1296
2549
7278
2313
2918
4069
2184
5173
1594
4793
11971
9799
11634
2962
8825
4698
10916
5003
7501
1636
1055
8598
6085
11938
4606
1843
2970
8235
9473
5797
8365
4292
9183
7344
9024
6197
4881
6377
8038
1312
8882
8353
8399
4700
2190
9980
119
323
7186
11185
4758
9880
11875
6982
6508
12075
6953
6757
3353
7527
12190
7155
1224
4419
2255
10120
2381
12279
1835
3366
3506
11807
8387
3524
2632
12195
6519
12328
4025
2518
10661
6351
2022
9938
11335
4366
2874
7280
7832
9102
9737
5370
6388
9856
3803
2290
2282
4089
4519
4874
6310
4984
1792
8245
12126
10785
2254
6641
6116
6736
2062
10333
7202
10683
6236
5875
6843
6492
603
11152
1648
10947
2730
7596
3657
7393
4782
946
3721
5904
11816
2865
10774
7782
10377
1684
421
8422
8132
4697
12167
4078
2010
10950
10729
11135
912
4197
3687
6859
1264
12253
2097
5937
10399
3833
4111
2132
10290
9777
1690
6476
4062
6420
71
10592
6406
8852
842
6077
10064
6603
9506
5416
792
5096
3278
8432
8454
10419
3178
8538
11989
12350
4775
3627
5181
1662
3173
11183
3106
11501
9942
6977
2273
1522
3009
522
2410
334
4518
10701
2144
11955
11153
6421
4517
4181
7308
10529
6434
2365
5871
6032
620
2935
2701
6532
5672
9166
2106
11244
6000
11664
9621
8312
7880
4431
3963
10743
764
9108
1508
23
8910
137
4846
8789
7548
6317
847
2271
557
11003
6929
7400
25
1037
2623
4693
8494
1209
2884
6986
737
2094
3467
539
6998
4274
365
7357
3044
5826
3012
11617
11002
1408
9947
9996
2113
9338
39
8741
11131
11741
740
5862
12107
36
2955
4184
6520
12102
5037
10963
9088
10113
9135
5064
6427
2734
6397
63
474
11601
876
3188
5819
10379
9760
7362
3602
4807
1785
9892
6805
10711
2389
1251
10790
10119
3204
4955
5795
1780
10018
332
11418
3793
7078
538
471
410
1621
4301
10689
9163
10179
8456
11247
12074
5530
8478
3951
2812
2298
3460
10237
4810
5958
8930
4877
3756
3732
7461
4862
11899
8229
9711
9263
3039
5426
1706
6958
10317
893
3519
4571
374
11480
8968
4422
1683
5371
606
1803
11045
2837
1674
4283
1813
6955
9916
8810
12198
4720
3637
8594
10456
9020
11681
9285
4960
7506
10981
1172
11148
899
12127
9953
3414
5091
10413
4456
8798
8354
3413
9876
4428
12050
10816
4082
6944
8955
6028
394
1182
1458
11858
7127
7340
11470
9604
5042
4987
5549
7600
5479
1629
9507
681
8804
3481
7554
1214
5419
730
11769
3565
132
4077
11531
4343
10931
8573
9313
5474
12161
3815
10514
2652
3670
7603
8335
4947
10538
10578
8206
6948
11967
10697
6205
4598
1665
9577
9053
11655
11466
6472
12138
11499
3610
6299
9597
829
11096
3022
5917
4591
4475
11841
10282
3448
548
4641
1746
2301
5630
1192
907
9513
4290
11022
5355
10598
4446
9673
7095
10355
9026
8988
4117
4646
8255
5627
4450
3901
11757
2388
8094
10001
731
3907
10454
1943
8164
8535
7774
43
3609
2331
10870
5946
8481
4558
1468
8301
4027
2609
10667
5916
2109
6474
10273
1467
958
7559
3019
9561
10663
2794
6220
2650
5905
11454
4503
9789
9821
11916
4799
7586
5243
12047
6978
11021
241
10875
7812
347
4480
5348
255
282
9567
7909
2352
4824
4840
4147
2193
495
7439
7462
5535
2997
10676
1967
9605
4477
8614
10111
11690
5095
6794
11289
5249
2114
8536
4921
