257
419
6616
5891
2423
3162
2666
82
5889
536
3462
1937
838
784
3942
3326
1993
4260
5975
3103
974
422
5604
3404
4548
6767
4041
4661
6504
4040
3834
3362
1326
636
5491
2802
2011
1592
4750
650
2409
1023
4562
647
24
6147
6119
3036
6674
680
346
1864
3398
5657
339
2009
6196
5535
3178
399
3163
3922
5743
2995
5565
3801
1489
1479
2288
4161
1130
6062
3735
5742
1609
1672
105
78
1523
3794
5780
4622
3251
2356
174
2800
3385
854
4240
6658
2035
6634
11
2054
4642
6406
6489
3941
5625
79
3039
4148
3778
1407
74
2349
3476
6552
1669
4493
1871
3635
2947
270
1798
6534
6009
253
2766
1610
5680
1221
381
2427
3895
1508
688
2416
2512
3454
5691
956
3590
1602
3666
1265
1485
3210
4522
3881
496
282
6193
804
919
2664
169
4127
6271
6755
1004
1099
6631
2555
2870
1103
6750
321
570
3971
176
1032
6242
1390
2968
4108
1950
876
1431
6135
5954
4409
3543
440
1618
402
501
3873
2719
5943
3216
2620
1988
3457
1358
3002
6074
6666
6256
6139
1972
2056
5564
6314
3777
6049
1807
298
4663
2013
2492
1448
6738
3664
383
4504
3285
4278
2001
1412
6265
573
6652
2943
3028
6067
6048
2028
478
6512
463
251
3686
2503
1866
4217
2012
3553
1580
1943
4291
4589
2411
1254
6277
4666
6571
1973
5803
6214
4238
4244
2504
2963
1925
3245
928
6670
4026
2961
172
6199
2860
5977
4284
4509
2451
6173
2980
1068
3298
3397
6641
760
4069
6746
6099
3483
6183
6258
350
186
3125
4193
6302
5694
1411
6209
2042
2304
4521
4612
3040
4364
6324
3556
1017
6024
6170
4023
3145
1856
3708
6530
4265
2248
6625
5484
3391
2106
4520
1258
5523
471
3010
3622
5568
3839
6480
6026
3373
991
2793
6704
6458
2889
384
6509
3575
2872
2597
3256
2402
453
1875
4190
1138
3387
4680
2691
2048
4186
2398
6006
4502
2083
1197
1272
1338
3797
1960
1577
2366
2751
3756
1929
246
3390
170
113
1499
2353
5848
6045
6668
3134
2480
2396
1952
1256
970
657
2057
1179
1509
2478
5678
3625
2728
4397
6115
6008
4189
5816
4682
1505
163
1867
1623
4141
2546
2077
534
6109
2043
1888
157
4544
1028
1586
3281
2036
3328
5781
330
327
4174
4143
373
6576
6168
1915
508
5623
3702
3186
976
5518
6597
4702
2397
1268
2484
2659
3581
3692
6651
1507
6687
2921
5709
1341
3352
1607
1995
6330
4587
1399
5520
6665
4198
3707
2250
4246
280
3752
1266
371
2420
189
6259
720
6153
1355
2740
416
482
1597
5991
5488
6276
2675
2927
4489
6267
184
571
6052
506
1362
4399
3481
106
2798
2757
2668
1413
1401
6461
3386
3621
1166
1678
3376
2068
5923
3866
5728
5804
1639
6721
2441
3477
813
1622
885
3458
3183
6717
3222
2256
5560
1250
5906
941
5528
1323
5707
2731
4194
3363
1202
6713
6272
4411
3904
1500
997
6479
3717
2786
1316
2670
4745
3029
5861
2910
1665
4647
4015
2801
3187
1606
4051
4121
6208
114
3248
6551
6403
2827
2843
4671
2627
5759
1337
407
1351
2507
1392
486
1742
359
1194
1468
6752
553
5985
2551
1521
1084
1668
4055
1519
1579
3403
662
1252
6322
3966
271
3926
1463
631
1339
4736
3510
2660
1790
2487
6060
2732
3739
3669
250
3877
4033
3141
3423
4289
6618
577
441
5576
1209
1227
579
6104
199
3195
4578
1620
4165
1314
6337
6555
4564
3308
3744
4485
395
1417
2754
555
5582
2376
423
3687
1423
855
2253
957
4724
6201
4129
1121
3919
1928
6273
1229
4541
2759
2753
2
1542
2084
6550
3737
3437
958
1992
4273
5673
3330
5983
5796
545
1600
5949
4031
6282
4196
16
1462
3836
1619
947
953
6240
2308
6167
4626
1531
518
839
3824
1273
583
1299
5602
5569
3838
4169
4617
1085
3859
6570
153
277
1112
1181
2090
3300
274
3374
945
3463
2948
5862
3207
4166
1228
6437
1437
4714
6719
5504
996
494
3160
2685
6680
1242
5651
3283
1308
625
4733
990
6098
6487
2244
1752
1059
1975
72
6678
4275
6729
1749
1165
1145
926
6089
434
1345
5778
6114
4048
5805
2038
2890
5826
6582
1891
4075
3282
4018
2618
1483
6646
4366
2041
4670
1487
2907
5885
3284
1102
2025
1475
5503
2877
3004
319
397
4007
1329
1147
544
6260
4012
1433
360
4652
4743
5846
2897
3249
3425
3435
2369
5464
431
2721
1223
4542
5989
2669
1591
6541
880
3436
5497
960
4290
426
121
3164
943
878
4327
913
1093
6288
2403
445
340
794
817
2979
3712
2822
355
3696
1812
2600
511
3238
1310
6514
1416
3552
1546
372
6202
3287
3455
2494
3135
391
759
3246
2327
6203
202
5697
6731
3909
3973
1301
3453
4183
1964
6315
3688
181
5950
2817
572
4579
1142
6438
4093
6031
2957
2436
4181
6657
3201
3421
4646
4604
5536
1862
2496
3577
4699
2362
6032
1439
1164
195
1671
6169
3792
6227
6747
6488
3776
1556
6317
6250
4507
6603
357
1953
261
2893
6243
6037
3977
3749
5692
6319
973
3901
4109
1480
6718
2556
4009
1049
5726
6410
4270
965
924
2949
1253
4565
2885
4545
392
288
3212
3929
2005
1455
1225
6459
582
171
2111
2617
3379
2782
6401
5474
6472
4441
4282
4146
454
911
25
2803
5720
2898
2489
6661
972
3220
376
789
3241
2919
4609
2871
158
5882
3305
3938
6405
1122
4214
2820
144
3893
4329
3041
1535
1187
722
6012
609
3105
1131
76
5948
510
4511
5481
3619
4404
3118
1014
3773
3899
2896
3713
2071
1169
2321
4595
4498
6234
3879
1513
192
3166
497
3780
2318
1233
4178
4546
5469
5629
318
938
1237
2246
2331
6182
4656
5597
3158
2355
4155
861
6054
4482
5928
2378
6695
4025
2091
563
853
4717
1596
1794
1870
3706
4306
320
1457
2347
3383
564
6388
2022
2401
5767
2325
5695
4658
4264
6274
5768
3106
2858
5511
3121
191
1944
5546
6682
2743
183
4279
4518
4296
5472
1052
4131
3932
4692
548
425
1447
2552
4147
1817
3914
882
1821
1430
3997
5601
1325
2716
1967
3382
448
2840
2336
267
3952
4696
6113
3726
2934
4446
532
4496
6726
6581
5
5790
3182
509
533
6313
1681
1132
2051
2236
3217
146
1436
2581
923
457
6688
3289
5562
1767
2590
3377
6180
1714
2592
437
75
3361
4076
1070
717
5754
4513
2911
3902
140
6621
797
1495
154
4010
408
3729
2977
5672
1534
439
850
2404
2382
4375
4645
3751
84
1013
2984
406
3804
5551
3198
1717
1398
3290
527
366
467
26
4002
3416
5986
6385
4068
6683
5579
1748
3962
3337
398
6569
1797
4172
1066
3165
480
3380
6071
492
291
3746
3120
6197
2579
2665
3882
2955
462
2257
1419
3827
5460
529
4516
2752
5992
5630
6736
3934
1340
3509
629
1245
962
3314
6696
27
3548
6457
475
4547
413
1302
614
3274
364
4132
933
6257
2495
347
4445
2842
3856
4054
136
5774
3537
4744
3770
3874
2873
4469
5608
2954
2882
1539
6310
5585
6511
1971
1550
1863
5499
3236
2621
60
1091
5792
1365
890
1406
3218
3368
1001
543
1949
3329
2760
6626
3927
2062
708
2468
1905
3890
1168
4505
420
290
6268
6200
3975
4
2026
2060
4201
1451
1568
1420
3367
677
4241
81
2510
2315
1754
3270
2709
451
5799
989
5506
1220
3192
1304
955
2586
1054
4095
6727
6481
948
6360
977
1894
5634
1743
2829
285
4719
2687
2525
2498
3557
6709
574
5650
995
1642
6491
2965
3709
2454
4104
1675
801
4067
6111
6293
1788
6648
2305
5788
6329
909
3333
4293
3864
3912
886
4712
3933
6697
2037
5496
1094
3740
3631
3872
3511
3718
3154
4563
5982
1515
6515
3001
615
1662
1027
10
2765
1324
5717
3214
616
3644
379
2662
6602
4461
5550
1206
2908
718
6586
2511
3554
4227
6254
3539
1858
1115
651
4606
1154
6516
243
3638
262
6281
5661
5696
3731
3267
5988
4638
2290
6236
4362
6497
5738
4098
443
1119
1990
3945
334
2761
6270
3446
6693
1460
939
4197
6134
1107
1330
6635
5751
1031
2884
3321
6605
5598
1753
460
1641
1829
6118
1674
3944
5589
630
2407
1545
4443
1604
3482
4368
806
6212
2471
6311
6681
5844
1190
6477
576
4619
816
6343
2414
1096
641
3189
2477
265
6409
6285
2109
1770
5852
6108
3338
3699
4013
6328
6698
5508
2587
3857
561
3789
3130
6622
1787
4557
934
1493
5840
4037
3837
1109
2974
5468
1574
4695
1009
4741
148
3964
4024
4175
1932
4305
713
4046
4556
377
3306
4480
5815
2862
805
837
3730
5558
6034
3292
2976
2316
3799
1481
1955
380
363
3969
3958
4205
3986
111
2749
1214
2616
6520
3123
1813
1021
3479
3399
2233
2784
1997
6336
6768
1438
2891
4223
1129
1740
2755
2867
4267
1792
2424
2826
1260
6607
3506
3432
6508
375
3637
2399
512
5588
1818
2338
5833
3303
127
4153
3433
2593
1160
1357
182
3310
3512
4525
3916
2393
975
1510
4558
6298
2072
2121
2069
1793
2528
2792
1215
2875
606
2735
2720
3456
1048
4029
4451
2074
5603
2912
2674
6284
5647
3624
3340
4052
6660
627
4070
851
1716
2821
5762
6490
2880
2988
6101
1876
1087
2663
2255
4101
1503
2039
537
6289
4494
304
2474
6320
5795
1547
4019
2714
1029
2437
1709
370
1543
1573
369
5527
2472
4632
3242
4042
6316
1850
3897
396
6737
6206
4210
1125
2445
836
162
3578
1065
356
5467
3357
1309
4465
6753
5893
4286
5663
4124
1478
193
1933
5821
1281
4662
1026
141
1060
2119
6537
465
3956
3546
115
4414
3667
2467
3294
910
3771
4056
1062
3026
3473
4258
1149
461
159
5944
4488
4283
305
5974
1408
4239
22
1518
5976
2107
2361
1857
1497
1750
2717
4447
3381
1360
4142
5681
1470
1030
2387
3320
649
2866
4074
64
844
12
6116
3226
3620
6645
6376
624
6004
2847
2905
3184
1605
5517
5819
5741
5655
1581
6106
6165
4017
1100
2389
1189
164
2951
1198
1822
6069
286
4073
4262
5886
2656
6739
255
6248
410
5584
541
1525
287
1921
1459
4234
917
4271
4664
1278
3965
3230
2727
4226
3750
6636
6556
4549
6007
3302
5489
4034
361
1432
1526
683
3360
2097
2667
6600
155
1120
752
5843
2410
1207
6436
3322
435
3887
3663
6679
382
967
6023
6411
2514
3870
1983
6763
5698
4369
1585
2428
3981
185
3905
2894
2094
311
5947
252
1802
1804
3033
927
1106
4091
430
4099
3937
3009
949
418
642
2785
5850
1847
2983
4236
568
2758
2004
3507
6615
1403
196
2892
2059
2400
1537
884
4554
6728
4333
5544
2959
3343
2580
133
1226
2023
6543
4044
2895
4216
6340
4103
6408
4182
998
2433
1745
6218
344
2419
4490
1835
1482
3716
4438
2778
2738
332
6669
754
3642
438
466
3253
5690
6107
2937
530
800
607
6297
3876
2343
4552
5794
1836
1156
4605
2457
5736
3715
4464
3595
1429
1346
83
1057
343
4640
1019
3858
1086
2120
3007
4528
4467
333
3785
5793
2352
1150
929
5761
409
297
1192
1551
2358
6094
4032
481
1594
6663
4237
2549
19
1063
4122
4045
2863
4377
659
4219
5842
4611
539
542
5701
238
3355
6601
5660
1831
6433
6498
3906
1874
3234
1280
6466
3031
1941
1442
856
4486
1279
6402
1263
6654
5757
1240
1851
3732
2878
1987
4688
488
4100
6050
3599
4636
1128
3237
2923
1598
6070
1965
6215
2888
1494
5905
126
1922
4711
4561
388
3884
240
2854
859
5764
6637
263
3156
3161
4022
4500
1869
3703
6650
6764
6308
6638
5471
2722
6769
3200
4723
4551
5823
3131
1274
3963
2329
4092
505
4410
3791
610
23
4221
2501
6467
2345
5716
6389
57
925
6301
6749
2302
2990
5483
3265
2287
3891
4220
1155
2828
3704
1859
6091
6342
1396
4112
487
6283
4405
4224
685
5670
3972
679
2993
6110
1262
6075
6414
4416
3694
4501
5984
3784
5522
5752
6205
3999
4602
3429
6229
2064
2021
4202
4163
1738
4211
3331
2628
4401
3939
4739
554
2088
6188
2901
4718
2030
3203
2693
1024
1710
3802
3152
3291
5600
4713
4110
4207
5839
857
799
4203
4102
59
2299
1105
2116
4649
1889
4448
3596
2455
6702
3126
4191
6434
4213
6741
2969
289
6628
5644
1746
4630
3632
2767
4580
2543
4235
1425
5755
6148
2049
6706
1584
3723
87
129
707
1158
3395
2851
5849
4280
2292
1608
1484
2346
6233
4263
2589
6194
2736
3910
2622
1322
3334
6579
1319
635
2085
4508
2075
1803
2991
3356
5605
4708
3299
2688
5671
6484
6295
6630
2319
6743
3828
3392
2506
2326
3772
6228
450
2422
2450
815
5702
4413
1394
4245
2417
4145
1595
6296
156
1312
3327
3998
1945
846
1405
5979
5756
6172
5801
6468
765
6643
303
4057
18
1204
1571
3700
6495
6536
706
5547
4706
1703
1927
3918
3296
6494
2344
3863
6529
5901
3231
1061
4673
3714
2372
6237
5747
6689
2388
273
6207
1643
3351
150
2972
5953
6219
4097
1275
120
6151
1968
4679
1343
3711
3741
4177
1090
4703
403
5834
4378
387
4126
1335
3325
6065
1389
1603
178
5486
5903
1259
1152
6501
6705
3149
4120
3670
2729
4444
6145
2526
3450
1177
791
3
2939
2337
858
4660
3275
3628
3885
3030
1331
241
3459
237
3894
1931
2322
1446
2527
6247
2978
2986
3196
3307
1707
6499
5952
2096
1496
4206
678
5883
1071
3224
4560
5845
5581
932
197
608
2523
4358
3316
5980
5777
188
6506
1178
920
1532
4726
809
4610
503
1151
2016
2940
507
6609
810
4123
6266
3024
2456
1624
2505
575
2994
2493
2118
3147
1923
1823
310
5567
3734
104
180
6676
1469
3341
2887
6677
2902
520
1320
2373
3832
4137
1809
6547
489
2406
1529
1098
4209
566
6321
5675
116
3795
3345
2317
1713
4685
1016
6386
4170
28
6510
2502
3364
1249
1056
2303
2711
1306
2394
1541
3585
6217
5860
1143
4415
378
6653
1167
3917
4550
6549
3167
4004
1239
763
6231
2964
4748
5888
6280
6620
1755
1200
1744
4292
1700
6025
3830
540
77
433
5814
5631
244
2108
4408
6745
86
3748
2087
4690
1391
1270
842
4167
485
1994
2839
2301
971
4655
6664
3185
6540
3315
3659
491
3949
6100
5904
3474
6303
469
2320
6224
1261
2251
168
3987
626
4491
2953
6252
1676
2746
2442
2819
358
5649
2636
559
3428
6093
6503
1961
6528
761
4737
3994
3954
3401
3043
936
1424
4553
4157
1934
2823
6038
5729
1903
2078
5515
2063
5500
6574
5531
6
5703
2966
521
1926
5818
4515
15
493
2252
3993
2089
5595
6573
3288
1458
2920
2438
922
5851
5559
4014
2392
368
2123
550
1359
1211
1350
477
5791
1134
1751
2671
4479
3417
1069
1236
6505
63
3177
1170
2073
1456
3920
5490
2452
1739
1502
3535
2006
1010
4487
1212
5549
1247
2050
5492
3948
1873
3297
4117
6263
5498
3691
1445
349
2689
6439
279
5543
4693
4036
6604
1269
5538
516
4625
3358
2744
5745
2795
4188
2002
3418
3576
2370
5699
326
567
3979
6133
325
4698
4495
452
3641
3150
2448
660
766
473
719
2914
4049
362
1980
2734
2024
3668
2421
6005
1148
1161
2105
4526
4492
1454
1974
940
198
1553
3159
5981
562
1540
4335
6502
2824
3277
1440
2591
108
5820
345
1188
6734
4058
1064
5858
3225
2787
5473
3503
4158
637
1644
2856
1348
6255
312
5659
5765
1173
417
6585
1230
62
605
4701
5987
4150
3273
458
2975
353
2265
2970
3384
268
5817
3660
2385
1205
6216
3593
3146
6291
1789
5507
2788
1104
1101
5524
1474
560
389
4266
2796
758
3211
3597
4716
3798
4651
787
5718
1670
2351
85
200
1172
6010
175
6307
3779
2634
5495
5811
3005
4162
3908
2933
1666
2747
4053
258
4591
131
1969
3733
634
276
3947
2841
3006
1516
3878
6035
3319
6191
3782
845
1015
640
2804
2429
1916
2053
1251
2726
4468
2748
367
3854
6758
1452
1349
2459
1141
3835
1472
5612
1702
6286
1522
6211
6261
119
4005
618
1238
3252
179
966
644
1861
1171
5857
2853
6712
3586
1276
4442
4285
1984
1491
2658
6716
6238
393
4114
3257
6519
6623
4312
6572
585
645
5993
2692
1621
4582
4294
6754
123
5653
2080
6686
1664
6742
2987
1395
2341
1706
1471
4006
3961
4066
6690
3886
3693
2904
2958
2293
2371
6063
3930
6577
2440
4514
6279
2003
352
4365
1352
4676
2113
2481
889
1976
654
4607
950
161
687
118
6513
3867
2235
6464
1126
2458
331
1400
4330
5587
2386
6163
2635
6164
1175
653
2935
1701
4185
3769
6138
2482
6557
128
3271
1533
6756
5662
313
2779
1963
4639
190
6673
335
6090
3213
5723
4628
1699
2380
586
6507
242
2631
2724
1414
2047
1409
4678
3544
490
1946
969
4481
1199
3957
3313
6554
6619
3264
266
1243
459
6685
525
5580
5633
4412
1989
1051
3793
1356
4720
1504
1364
4747
3594
4594
1768
4043
1848
4332
2588
514
6011
4665
5465
1067
5512
848
58
1313
3806
145
5789
3689
535
2996
620
937
1711
4090
147
3461
2014
1050
5775
622
6720
4567
5822
1947
1854
4608
2413
3755
1679
3440
5624
3442
4407
1860
1970
4644
6076
6462
2390
6187
4116
4627
4648
1799
5960
6460
3725
6105
1557
6232
6174
4483
3388
2915
3500
1893
4371
138
1133
3540
2046
3903
4683
314
3951
6102
3197
6152
6608
1819
5927
4689
1443
2264
4288
5505
1193
1924
6213
3431
513
2029
281
1919
4144
4133
4517
3875
5577
2490
1140
5955
3634
1601
1942
796
3940
767
6275
65
3819
2357
1421
6061
5957
6046
20
3219
2745
3787
2444
5510
4463
3430
4730
6221
1877
3868
2460
4277
656
538
3950
3825
6140
6662
4115
1712
2686
2997
317
6471
1588
2245
3900
6387
6073
1954
714
6117
3366
4709
930
1589
2348
3434
3336
4130
5632
142
6703
3550
6246
3202
2000
3233
4309
1317
814
2848
3775
1321
6278
3304
4667
6235
5607
4087
1397
4643
6735
421
3286
942
3988
1853
2672
4731
6578
2261
1176
6692
400
4681
4624
1008
5463
4096
6627
2008
329
117
2375
167
1800
3883
2260
3243
6041
130
3645
3263
1116
4374
5656
4734
6027
6500
6707
6751
4140
283
2790
4398
4187
3402
3551
4030
4437
2254
4400
2981
3427
2545
4674
4184
5933
449
264
1118
1144
3931
2453
4677
2238
5480
9
1216
4106
495
6493
2941
4118
4360
6210
1996
4050
3370
1022
5884
3439
6198
811
4406
1966
6404
2713
1486
468
1764
1234
1117
3232
4138
1231
2412
1549
522
4113
628
2291
1575
1334
4503
4584
4555
3354
124
1939
4466
1224
888
788
1708
1918
3600
1449
1530
4139
646
4659
73
1450
5945
621
528
6715
1422
4590
3295
6598
3953
5674
2876
3788
2045
143
6057
6469
4039
2553
2439
1354
6143
1698
3157
1978
2446
6251
1055
2886
2623
2485
3449
2266
2756
580
5466
1218
2715
1806
1255
5652
2058
4559
3349
1136
6473
151
2475
2861
4746
3626
6748
4256
5922
847
1162
1570
6359
6701
1801
6538
4653
5462
6492
5677
1741
483
4450
1948
5545
1576
2095
2630
1415
658
4620
4179
4072
470
1473
6179
1213
2584
1572
1890
1900
2864
2550
5724
6030
5800
4016
883
6587
3790
3753
643
3800
278
3426
6195
2508
6624
721
843
6299
1820
2367
256
476
4434
1704
3818
2432
1111
3037
3662
3921
3280
3278
2899
3124
6051
3027
2516
4200
2583
2509
5706
2323
1825
3721
5847
4705
4195
3728
6186
5627
4176
3738
944
6533
1217
2052
3239
6640
762
6470
3584
6192
569
2067
5540
1680
6629
633
557
2985
3629
6575
2449
6656
3119
5972
4439
4742
2307
2007
2335
1333
5648
2267
2234
2869
2944
2017
552
1959
1366
4376
3122
5529
3228
2657
4000
2547
551
961
5646
2092
2242
4328
412
3580
3889
6144
365
757
3452
6482
4672
584
2488
581
6610
2900
2922
755
1930
994
1127
5679
3445
2110
354
4297
4243
2712
6655
6341
4581
4629
4641
5824
3542
617
6064
1435
684
1999
4654
3155
6166
1466
1682
3745
6761
6667
3911
6253
6474
109
4361
999
2019
4697
2596
2629
14
5899
1467
337
3658
709
1282
1000
5931
4215
6039
6053
4650
3869
2619
4255
3865
3823
4111
3447
1555
5812
1146
4740
134
652
6033
3820
21
1528
3151
3960
2443
648
6762
3710
302
3312
6344
5776
3451
4272
790
2730
1347
2852
2431
3309
6204
4027
3261
6304
2425
4566
1833
5539
132
6146
632
515
135
2384
4242
3821
5537
442
4691
1769
3129
6175
1814
2626
68
4356
1441
4613
6740
6292
6732
66
4156
2999
3415
1007
2040
6141
3335
612
2395
446
3279
6318
4403
4079
1476
524
1962
479
4071
2932
2661
2737
6287
4749
716
6136
1986
3967
862
1796
2942
1248
1427
3444
3441
3268
5727
80
429
2585
3907
4334
4367
4727
2061
2805
386
5739
6181
6465
6684
798
4732
6700
6222
3781
4519
2633
5748
203
2237
6066
3690
1113
3353
307
248
6419
165
3695
6542
1303
5902
3035
3861
2491
2548
341
6044
523
2874
1599
328
1824
2906
1180
1956
6300
5958
1536
432
4152
6613
4020
1089
3247
4199
2469
6671
3505
404
6757
3623
5831
3860
2300
5830
5700
1183
5951
526
17
6309
245
3796
2333
1174
6112
3127
3968
2952
3545
2632
1444
5693
1795
5575
6312
2066
1342
5925
711
2515
6096
2354
6189
4222
4633
1940
4616
4592
6710
3194
3636
1902
3974
2374
5470
3191
517
4585
4707
2044
5753
1849
849
1552
5482
1511
5501
5542
793
6338
2079
1072
1095
5628
284
348
3639
2081
1344
2903
2297
1673
1139
6178
1828
6611
908
201
1073
2982
6759
3272
3501
887
405
3038
1222
6171
2295
4159
3504
2513
4257
3371
2311
6584
4168
3348
1241
2710
187
2582
6532
5832
2486
588
2473
3555
549
1827
2033
676
2034
2599
3229
1554
5596
4436
5896
2324
5654
6633
110
2377
4151
6294
681
2718
4229
1852
414
4180
6036
2055
3475
456
2598
385
1182
2239
4729
1645
6724
1718
964
6614
1488
1506
3697
3985
3541
3736
5722
1981
1705
4694
1640
4614
3008
6103
3369
2312
4435
1527
3928
2879
1137
4088
807
1514
3107
6546
2122
4204
1186
2483
6407
6496
299
954
4721
455
4119
6262
3935
1195
3025
5908
2418
1088
4675
2015
4078
6223
3698
1185
3250
2936
3672
2557
6642
546
6097
300
6239
1917
4136
5813
4059
4001
3896
5557
3724
374
1985
655
5502
4449
2360
795
3822
6056
2296
578
3592
547
2330
6327
3582
3646
914
3502
5926
4623
6765
1203
1638
4715
323
1157
4359
6580
6544
3855
3747
2405
786
498
1501
6659
5978
5599
1524
2247
2857
6694
6478
2426
1336
1307
3980
6435
4311
427
1363
3350
803
6647
2031
968
3742
1977
1018
4725
2850
3591
5784
993
556
1328
4373
4212
1264
1246
2364
6184
3924
3215
3419
2925
3983
2249
3199
2768
1196
712
3193
6264
3258
3991
269
5586
6042
1005
3255
3405
2794
2499
5566
4173
1388
3915
5541
2332
2466
2830
4593
194
1232
444
3389
3269
2883
315
1590
3042
1498
6483
1991
4035
4635
4105
2846
4618
3227
3995
1006
4331
5783
613
1583
3132
1135
1899
5773
5946
6225
1418
1896
4603
2855
4460
3244
3133
4228
2791
5766
137
3032
6177
3719
1123
2310
1318
308
1677
6517
2913
2926
1393
2938
1906
3720
3831
259
4370
2020
3181
6714
2298
3254
785
6339
5561
4259
4523
2027
519
2825
3754
531
316
6150
70
3104
122
6068
2781
6545
1958
2309
3378
1898
5609
3671
1935
1402
2435
2430
715
6744
4310
1816
4668
3826
4440
611
4160
952
3339
2339
6077
5763
338
69
6440
2946
5485
125
2070
6249
3783
4134
2960
1544
6649
2018
2742
484
4038
4028
2082
4372
4700
5676
2917
6390
1315
2971
3301
2992
565
6486
1201
1904
4506
3959
756
1786
4363
1936
6413
4261
3892
5610
502
1208
2763
2962
3805
802
5548
2294
623
1791
6190
1361
351
6553
2383
5509
4230
4125
1512
3538
6185
6418
6722
686
472
2931
1434
2595
3311
3332
3989
5887
6699
768
1815
792
2258
4164
3633
2844
6358
2241
2625
3034
3205
1826
3208
1490
1477
4325
2989
2313
5760
5611
3102
4281
1410
1058
4089
6766
5475
2500
1311
3393
3422
690
1453
2086
4586
1593
4287
4268
4615
931
4687
4470
5658
3992
6632
3536
5990
2950
1332
3206
639
2750
5932
2797
3372
504
2112
3583
2408
3880
2117
6535
2916
2476
3547
1114
107
4738
2818
3984
2690
6176
342
3221
3955
3448
1578
1558
2032
6708
879
