401
1148
6132
6414
4678
4597
620
2054
2577
2660
5101
2128
3137
2220
5912
4640
1669
5275
2288
3498
3017
5938
577
2046
3703
3766
171
5911
4543
6080
809
6264
6282
1838
5708
5311
6374
489
4349
2189
2986
4827
3295
4167
6154
3476
6090
5256
3683
452
1280
410
4148
3417
6965
2784
6427
5151
2869
3793
234
5548
4549
6323
4210
1385
6331
5069
2275
2311
2147
1584
4228
5203
2910
2356
1872
3296
3996
4768
4161
245
1375
5936
832
355
3379
1172
3005
321
3409
5115
3351
6363
5603
5049
3617
649
5078
3817
5707
1040
2727
363
4176
225
1451
5295
2565
417
4864
4862
3548
3202
4329
2812
5642
418
3877
6934
351
6962
1067
4184
2909
5847
2354
1934
528
2726
6680
5129
4088
3215
2242
863
4302
3159
3007
4397
6301
2025
3825
6144
73
5983
5952
3725
2388
2357
5428
752
4168
1186
310
2807
5612
4662
3386
3687
4917
3841
78
4677
5472
1466
1095
4448
4102
492
243
3943
6267
359
2490
6046
6834
4391
2378
1131
1705
548
5042
6518
3395
2629
113
1673
4093
6220
5843
2698
3040
4930
2513
1153
830
4813
356
716
5552
5106
928
998
3261
6663
3065
2156
3113
2643
3059
5595
1786
6783
6136
1335
6688
6682
6502
4291
6586
2472
2794
2871
4065
4254
6789
1402
6072
2558
2669
257
5493
3691
3249
1
6247
1904
5908
3900
3676
1839
2383
1928
6483
5253
2738
1587
4223
6103
1890
5719
6565
1243
948
1035
1562
3614
5212
4893
6471
1685
5040
2700
70
1380
3201
1246
3096
6594
6102
1722
2004
833
2016
2863
4635
6897
2281
4580
766
4402
1644
4962
4409
5243
892
5357
460
5189
6478
3167
1185
4511
6008
1430
6825
2315
1452
4794
4791
3800
1300
5507
6096
4746
659
4914
532
5645
2401
2445
4171
5747
5869
5386
2718
4504
2607
1615
4664
2983
485
1294
4552
333
2927
6303
5924
11
6935
4854
907
1830
4744
2475
1513
5937
1097
2265
2134
5285
1165
1066
1926
4321
3000
6780
2649
3707
1049
71
2171
3390
3718
3884
1922
6696
4718
5684
4869
4486
6344
4271
5894
3969
5932
1426
5167
3566
2722
6222
2901
2432
2568
397
200
2124
6189
3777
5730
3146
6607
4577
3396
4984
4765
4340
5201
721
4156
5364
6905
6605
6907
487
4465
2502
6808
2044
906
2601
2896
2872
1733
6270
3575
974
3138
3940
2844
6876
6076
3163
3257
1570
4195
4129
3042
2716
6094
5390
932
2999
5133
5981
4455
2308
2452
3402
5276
5962
2196
5506
5060
3081
2659
4891
1291
6668
2166
3863
38
3377
6714
3627
4559
2034
1600
2979
4390
3253
415
1652
541
6238
1595
2471
3650
2687
3424
6468
1123
3127
573
1915
181
1274
5999
3477
5537
2005
3180
2915
1784
3294
3348
1561
1325
1864
4357
6945
2924
4076
812
4151
6970
5826
4553
1044
1362
5995
1680
2772
358
3217
1369
1199
5202
5456
4505
4629
1537
4372
5675
3719
6207
4727
3532
5810
5147
3991
2623
500
6622
2434
4428
5290
5594
6655
2709
1106
2729
6017
455
6812
318
1577
4410
3870
4764
1043
1370
6729
1939
3310
437
3798
2090
2335
2405
3774
4767
3254
3073
5677
1205
1061
3733
2701
740
3563
1607
380
6637
5161
5314
4119
1001
261
4313
4607
6002
5617
4656
1591
4499
711
3812
2200
3088
5535
5453
4492
4658
1730
815
4201
3052
1316
6198
2038
2936
4881
5851
1367
6014
1065
6358
4424
2515
3647
6587
3405
4995
2683
3506
4525
6139
614
56
2708
3889
1650
6933
4158
2193
3538
1875
5660
841
1634
217
3908
4561
4937
4073
3186
3075
1080
4816
1866
5794
5853
6508
4374
5031
6678
633
632
2188
6407
5479
4948
738
669
4711
6711
3941
6799
5033
5787
2651
4010
582
1862
2344
6738
6191
4573
2258
3721
2410
642
404
6706
4356
1091
5317
6084
1310
103
2827
4325
4927
6710
4598
4750
2015
1391
1365
786
1072
1485
4348
6620
3453
4380
2836
838
4799
4735
2142
4837
810
4125
3239
6533
419
2182
5462
59
5920
2415
313
4901
5355
3790
3401
5638
4215
2635
1463
5186
3606
6821
887
771
4363
1164
6792
6936
3378
145
5866
2644
3771
6861
6236
215
4389
3200
5858
1286
539
201
3142
623
4704
900
2741
4416
3597
5822
97
4592
6372
6356
1159
1933
4929
6256
3643
5959
1334
6779
4652
674
6208
384
6785
3297
309
763
5344
3242
5891
2956
4819
1446
2826
1078
5153
5172
5882
1995
6016
300
6204
1394
885
4246
4495
3037
4153
4259
6601
48
522
1093
2479
1224
4335
2610
660
6160
105
931
6215
2160
4287
2830
6513
4174
1336
5445
3182
2677
590
3737
1102
2320
1457
4641
4772
6165
4261
4097
5171
1767
4211
2889
486
2243
1740
6095
6054
1893
3957
4579
5478
4858
2778
2107
1882
991
2873
1803
3104
3012
505
5440
6840
878
518
1187
436
6782
4631
3106
405
4066
5410
5517
6621
5790
5353
4609
5297
2639
6584
6847
6606
2247
5076
529
5652
4564
5728
5600
4870
114
2374
1515
2314
3850
5105
1206
617
5064
3658
2567
3791
2179
5217
5005
1991
3173
5737
4367
4900
1585
875
5444
5574
66
909
5181
4882
6159
2508
4456
5917
4712
805
6770
6057
4003
1147
4279
4219
2165
483
4086
2810
2306
92
443
4951
3849
3262
1272
88
2929
6335
6173
6092
258
5946
3213
3867
5982
6324
1214
4100
5398
1305
3039
5043
1556
5211
4665
5933
5807
2098
1138
542
1322
6348
2569
4890
1779
5461
580
5338
2923
1744
1886
6517
704
3149
2945
4315
1250
2715
1889
1700
645
5123
2858
2692
3361
1755
1968
4928
1158
2694
1042
1601
2092
3557
1435
4370
3354
3549
930
2206
2503
6357
1699
968
2897
3786
2299
5087
4245
3357
3536
5746
1900
2347
6041
5280
5225
400
2650
6098
1183
1852
2656
3435
2184
4676
4487
4296
3628
3293
140
402
3988
5094
6295
403
469
4947
4304
1182
6815
6429
4242
1278
2703
1490
994
4452
3531
5748
2952
5580
6152
2271
4770
523
1676
3912
862
6393
4889
1202
2146
438
6658
263
1703
1242
2323
1771
3947
6773
3561
4628
2661
2798
6488
6141
2207
3318
2991
316
2152
1479
2169
5501
2581
4104
512
5206
3977
1085
5657
571
3547
5835
303
6186
4290
1762
1732
5455
1780
399
2267
4273
3171
3936
4140
4820
6697
2224
2753
4560
4529
3258
5713
729
6237
6232
2195
6971
2617
4108
461
2213
6927
639
2595
5564
3463
1525
3602
3755
5624
521
2804
3355
6904
5249
4435
604
1716
6543
739
3965
1409
3198
5383
2734
3196
6572
2017
2960
3529
6626
6854
3172
4776
1383
5812
899
1727
1854
6273
1484
2845
3987
2283
3515
5922
3486
1638
6387
616
2292
2229
5693
5836
6195
3229
561
4191
5415
3093
3303
6955
1961
4172
335
2493
151
2148
2779
2396
6975
4814
5072
2759
1207
274
2612
5157
1293
5763
5104
2353
6217
3975
6676
5329
4590
4464
3415
1339
6767
2450
6373
6395
3695
6571
979
1270
2875
6411
2728
3704
4157
3197
5632
2328
5010
4726
3929
5752
4267
540
3090
4345
5013
5487
5712
5144
2304
3433
2686
5149
2771
2663
938
2186
129
6391
4971
177
6900
5620
4715
3114
5286
2561
1319
1797
120
5118
2422
4445
4047
3199
4617
5608
5671
4955
951
757
1710
1347
1201
1573
1181
551
3051
5333
4885
4384
6832
5733
3853
3710
4829
4981
3686
2228
3883
4122
5892
5016
6908
1154
3830
4638
2922
5221
4177
1582
1963
457
4541
6150
4274
1163
5313
589
2696
6611
6788
1059
5238
4959
1665
5411
6829
80
6868
2946
1396
4303
5723
2129
5032
2803
214
1551
8
2375
1911
83
6109
6795
6108
5921
2705
6360
6351
1361
5803
2373
5380
4338
4322
5670
6899
5018
5615
3783
1954
5819
1421
5662
3746
6774
2675
6380
895
5961
1633
6172
741
237
2259
4178
3235
4482
37
4307
6114
2043
2474
2636
6712
1751
2518
5940
821
6751
6061
4845
3492
2962
5813
6401
2449
3765
4144
5053
4376
3412
2111
5725
1887
4548
4848
5246
789
5400
4222
2762
6766
1642
1853
1702
1441
4585
1520
2244
6120
3260
2416
6800
6532
146
883
4974
1301
4740
364
2977
4873
379
1007
2965
6867
4786
4501
4406
4241
1579
4586
2425
5073
4844
4815
5563
2545
3026
3913
1480
4639
3858
1760
1488
5305
6297
2222
4344
1907
4828
6881
1873
6316
2523
6511
557
3263
2975
276
4417
3966
3525
253
793
5148
1817
3665
4214
6367
5951
4785
6115
2359
6843
137
6722
3945
5466
2824
4952
3847
6077
4613
5381
2841
5282
6602
4818
1454
4588
3631
2390
3283
6305
4945
3166
6458
2681
1822
1993
4781
3963
640
1477
3072
827
123
5178
3410
5045
4809
3570
203
3345
531
742
64
4162
4648
4282
4975
1018
4661
1863
2834
2340
3382
6289
5299
3893
6902
6823
306
3540
2443
4023
6428
664
650
108
6379
5969
1176
3392
2006
216
4876
820
5702
1337
785
2238
986
3772
670
615
1622
1108
2106
3635
1914
124
484
2987
130
4258
2457
5362
1793
3082
5477
2249
871
5252
1663
2743
5449
6436
707
1594
6737
3314
2776
3309
3842
1527
6062
1636
5401
3001
3990
224
1124
2732
2337
761
3287
1494
4283
970
3824
2444
4393
959
6022
192
3013
5096
536
2426
1658
5435
1455
2081
4982
4544
5463
2181
3518
3714
3577
6384
1987
2796
764
5460
3053
4091
1860
4921
28
2560
6177
581
1252
905
6747
4441
5067
6556
5086
3522
5538
6746
2365
3633
2791
1918
2615
950
4014
2964
1667
2089
4278
3813
1225
4500
5575
3787
4342
3615
116
2318
4782
5029
4425
109
2764
708
2972
3811
5588
727
5235
3779
2552
4032
5966
3756
663
2882
5848
4294
1431
2547
4094
6790
2993
5260
923
6579
199
1388
5278
6140
3317
825
2333
5127
4253
2679
3008
651
4847
1982
3222
6853
1496
238
5765
4578
4721
3448
5044
2116
3097
6439
6560
3332
5840
6205
4095
4960
6233
5223
1313
340
5309
941
4850
5022
3083
4021
6817
1947
6187
4939
2400
2492
4846
3809
3369
3475
3607
1563
6550
3209
102
43
2676
1736
6659
4699
5169
4016
6199
1766
5729
2412
2177
3458
5654
2250
796
4654
6112
251
2713
1806
6826
2209
458
5057
2227
6399
4713
6633
3011
2710
5384
5100
4284
4920
6824
5683
3371
6811
6026
3136
3781
1133
3304
5593
5374
5531
6727
3915
6416
6006
1731
6040
227
3866
4752
5817
545
3255
2535
6938
3344
4112
439
6535
6540
1855
2655
1287
502
4247
4237
6562
5504
4286
2123
695
3626
715
2273
6296
628
5335
1631
1763
4188
84
920
6709
5306
1146
3062
5291
6937
6425
2808
3227
1323
5569
26
5688
3521
3214
6557
3122
1976
6721
3520
4985
1908
3573
4593
4669
3290
3653
3994
4849
4991
5346
1804
4964
4646
2530
6089
3955
3306
1135
4936
188
4127
3861
1657
4987
1624
3925
1910
5897
1510
3876
6850
6179
1321
3806
6632
4216
6507
6149
1378
3029
6835
6275
3544
5303
1974
6920
1200
2007
2402
4318
5865
5251
2851
3871
3648
3723
6272
2176
1521
4305
6638
4182
6576
4026
4007
4209
1470
2839
4463
3742
6702
4085
2256
6328
1052
3193
229
6206
1718
2501
3391
5274
1858
685
5637
6818
3767
5731
1693
4683
680
4804
3879
5823
3634
5554
6075
2506
2021
922
135
569
4992
2261
2926
4371
2935
18
5457
5361
2032
897
3036
1759
2576
2930
3895
4918
6364
6653
6023
843
5806
95
168
2103
5734
5231
3176
3120
1057
4149
4263
635
1303
434
3380
6420
5770
3121
1220
720
2973
4111
5901
2235
2118
5904
3099
5827
2862
6064
5441
2780
5741
76
4757
5975
3754
5775
753
603
4469
2621
2598
5437
1604
4136
2302
5636
6892
6346
1374
6863
1583
2079
4422
5135
3828
6368
1946
6612
4446
3732
6514
193
1574
4532
4887
4262
1117
5967
3388
1178
1728
3749
5050
121
5322
6885
1653
6673
1005
2735
3066
5150
2386
5884
554
5772
1664
1500
5647
5701
6662
497
3444
3269
1173
4381
562
3612
1009
6796
5540
4150
350
5091
6211
5761
2161
6200
4353
5640
4653
5709
2865
4011
2254
1390
453
5644
893
6137
2658
4576
4997
6648
925
4103
4266
6487
2291
2172
5239
6951
6100
1292
2645
1626
5578
3489
4779
5572
947
3632
2888
4611
5809
5559
6259
837
1139
5259
6134
6293
4478
5490
6050
5089
5432
454
298
2653
4659
6147
345
2932
6831
1443
2616
6581
4133
5436
4181
3219
5431
4255
3356
6135
4354
2036
5824
6643
3656
2971
60
3191
5551
3302
29
4649
1546
5565
5839
6325
2149
1956
3967
3586
6145
835
654
338
5066
4973
4604
1925
5185
6490
2531
530
6748
67
3572
6354
1492
4633
3587
6342
6452
4462
1843
1807
6574
6801
1194
2026
5233
6893
6466
5905
622
6869
426
5136
3720
4591
2494
4110
6327
5859
1687
189
3744
2736
5271
5222
2448
406
1794
2395
4811
726
1592
4015
6320
2282
6127
2806
4197
5331
5006
5893
41
1951
6262
5077
5541
3006
1058
4160
1531
2251
2056
5389
4387
2739
3533
3579
6704
4272
3337
4787
5655
2151
2097
4485
5408
3352
6705
5599
398
3231
5948
5423
995
1514
6828
4722
4018
2358
5358
5518
2316
868
2815
5878
3574
5154
3592
2943
429
2985
5427
35
2187
6110
691
4206
6496
2757
3221
1348
1842
4421
2461
3259
4775
27
3157
6958
3859
6694
5740
6589
3220
4008
4916
1865
206
1694
6175
567
3456
3311
2192
2208
823
6321
5155
1222
6251
768
3147
3385
4540
6569
1965
1902
3927
2221
2497
1190
2042
6400
5486
5674
1472
2767
2825
4336
5372
3508
5038
1899
3652
6012
3962
6475
3112
3864
4751
6421
4069
4725
6820
185
3457
4413
817
3610
6512
220
6086
6726
2121
1415
1752
797
3041
3067
829
6122
5944
1333
6947
1977
5283
3856
19
5085
2846
5896
2223
6769
5699
357
1145
3009
4382
3212
4238
5601
6842
1878
5337
1012
1016
2298
420
5250
4312
2840
1645
1857
4306
4878
4605
3761
6369
4429
2019
6332
1459
3980
2414
1309
6833
280
6474
451
6376
851
53
5562
6240
2483
3642
6396
3033
5828
926
2760
3646
6886
4547
1643
1071
6031
5558
4871
5679
4758
4114
3103
1481
4843
3403
6701
5216
2013
5199
3278
2921
3938
5786
4696
2585
5900
1867
5356
5326
5039
2216
2504
2822
6536
2540
5898
3139
6197
6355
6218
1540
264
4134
2045
4998
2379
6271
6642
4976
395
5340
6538
754
2211
3504
4385
6309
2085
6097
1815
3775
2310
4796
1616
1932
2361
2879
1640
3328
2035
6943
3685
4490
4029
6302
5230
1931
3406
2799
2939
3890
6482
2637
5447
5363
4105
534
1646
6521
1741
307
480
2903
4459
3469
1678
5268
3528
5009
5281
3922
3552
1354
2301
4902
1966
3370
1735
607
3905
2725
4377
1978
2061
2183
5960
694
3894
880
3364
5573
5001
3060
5112
671
2919
3992
4625
5549
4533
4570
765
762
5164
4132
6178
5875
6078
844
5075
504
5298
4944
4192
1377
4090
305
662
2418
6730
4932
1671
769
3491
6032
2110
3578
3366
599
760
6013
6592
6153
3843
4281
2510
6434
3959
1530
1623
2600
3115
973
2468
806
2239
2642
3815
6498
4062
2982
6007
4615
6932
4183
6961
2564
4472
3933
1003
2842
3047
784
2954
1837
1888
5025
5846
2672
1436
5183
4143
3822
2792
3203
5596
1611
1209
1127
2127
4825
4861
6214
1953
4000
4823
6464
6336
2893
2774
5998
3044
5438
291
1567
1193
1487
2230
4264
3168
2511
5738
3911
6467
2285
3084
3839
2584
3701
6703
1231
1203
5108
4681
1552
413
1251
6419
6164
5056
3234
3595
5296
1625
2832
3266
2702
4034
5166
5316
6148
1832
4840
493
5526
597
4778
1691
4346
1569
3030
2674
3503
3324
1447
5749
3960
46
6058
4196
2083
2175
2678
4401
3025
6859
1037
2073
6190
322
873
4071
2782
5622
2408
3248
6285
2109
2754
819
1792
3452
6469
3473
2974
1227
3252
6268
3404
1384
4364
584
5667
5494
563
1405
572
3711
354
2801
3319
1338
2491
4855
5266
2485
3931
2684
319
6631
6163
4802
4536
6720
6875
5194
5196
3950
1212
2332
2609
4461
3437
3274
381
6923
4194
6124
1297
4899
1707
3810
1162
2051
1848
2381
2907
6644
3944
2063
3187
4152
162
2707
6683
347
3478
3709
1572
77
4527
1836
6183
3397
3624
3605
5369
5954
6600
3507
3546
6660
1747
4719
265
1661
1298
1709
1046
602
982
511
6433
1053
2723
5925
4571
2721
6707
4872
3349
3107
849
346
6158
3651
423
3661
6245
4098
2274
2488
4792
5646
1539
4334
5145
2937
2619
4458
4207
1179
4784
3305
6949
4509
5516
1874
179
1610
1111
2387
5727
3192
935
682
5152
1414
4739
1849
5394
2091
4684
4496
5019
3428
6564
5945
6891
1476
5287
840
6604
818
1357
4234
4398
2652
745
914
2765
2838
2498
2039
519
3048
58
1884
3660
5284
3519
65
2641
1827
6806
6750
2988
5841
2317
5396
1235
1575
4706
4673
4841
4908
2324
6370
6880
4388
3210
3124
1398
1988
1829
3031
1161
1758
2022
6432
1151
1659
927
6299
1940
1191
2573
3649
5210
6528
4189
5376
2082
1892
2447
814
3782
50
5388
5736
686
6598
1695
3301
5142
3057
4761
5629
3939
4433
3333
3878
2731
2613
5475
3174
6807
3986
2278
3050
4383
5502
5430
4949
3087
2749
1825
2603
6156
174
421
5739
1917
205
2769
4994
2268
3407
5304
4009
6043
2835
5375
4905
2527
5988
1417
4569
1439
2429
4224
5469
6093
3502
6698
846
5098
4535
5119
3462
6677
5690
1834
5267
5200
1143
4468
5611
4392
6209
666
6866
5273
1130
4
1576
5984
1307
6839
1986
1074
3669
299
596
1795
3335
988
4934
3381
81
4299
13
197
3763
5399
2133
5391
3003
4732
3821
706
3696
412
5030
527
4741
1861
2809
5720
3116
4983
5881
6408
2456
2348
5334
5976
5420
5941
3068
2697
3511
4395
2248
1823
5406
777
6069
1726
5241
4326
5047
3439
1104
449
5876
2878
5832
32
435
610
2695
779
1985
5156
5414
513
852
4874
4213
4906
5192
3004
6028
4360
6116
4507
3591
5292
5793
6888
3339
372
2905
4702
6862
5579
2648
5870
6045
6570
1428
6856
5162
1773
4839
4730
5354
1217
6155
5977
5130
4853
4911
5082
4251
1800
6593
3204
525
3516
2594
133
4707
4956
6926
6534
549
917
3865
6451
5838
2284
1545
6871
3123
2167
578
2874
4993
173
6614
5768
985
4493
6845
1240
5986
3384
4175
1399
555
3599
4622
1958
2489
5943
591
1032
4774
2135
2108
4489
1997
515
5576
874
4558
2060
304
6803
902
4310
3500
3237
1568
3697
643
4755
4989
3984
3972
3247
1518
2459
6846
6121
3836
5887
2008
5532
5525
4502
5097
2526
6630
1593
2554
3576
2126
5616
1901
2096
4075
692
6005
4797
2509
1247
5422
3598
3657
1818
6248
86
6131
1223
4966
2892
866
2790
3690
6563
2473
6797
6277
6210
2998
6055
6883
2592
2894
1891
3758
2777
3958
2272
3659
4289
3873
3129
3796
2391
2934
4670
3046
4581
2590
6274
1742
5499
2606
2327
2958
3514
2829
6107
3564
4280
824
408
4043
6582
944
4556
2093
4400
4582
5485
718
1534
5198
5556
6723
714
3496
153
6798
3446
5711
2464
4444
3510
647
2024
2891
3419
4526
4087
6123
6489
6241
2622
3154
1010
5448
5395
1950
4941
3680
2966
2075
6787
3757
4231
2454
5871
4857
1523
2981
1765
2996
2462
5560
2322
2717
3985
5443
5783
3289
5301
4337
4685
1041
3724
169
6125
3216
4865
5530
3852
2088
2662
1099
2571
3743
1845
3279
1413
3434
6390
6463
275
5886
5132
4789
6590
3399
3827
6526
353
2704
5434
4946
3058
4212
6492
6887
2534
6243
3018
3637
6743
4230
2257
4477
2154
3534
1994
2185
1412
5714
3983
4923
3383
655
3727
3268
4295
3898
348
3145
6169
6595
5997
4986
3942
3802
6388
2174
1192
1382
1392
547
2057
5849
6073
1081
6615
2967
1805
4484
1637
3077
2000
5037
1289
3789
4002
2773
585
2816
1331
4530
1666
5953
3109
3308
2120
1406
2763
5831
5227
2226
6609
6047
2667
1306
2611
5934
3464
4524
2820
983
3256
5626
3128
6157
2549
1801
3450
6063
598
1564
3493
164
2906
2394
3487
2430
6053
1498
3413
6928
2477
1757
4124
4074
5020
4056
6647
6142
1330
4838
5665
1264
5413
5864
190
535
6010
5500
2521
4800
3431
2371
4248
4135
236
6509
5000
4040
2113
5483
1386
506
6338
5397
3468
2137
3414
3119
877
3764
3698
4411
4202
5539
5365
1651
3236
6809
3735
1422
6044
4963
4817
252
1000
5818
5409
4185
2618
2770
1499
5387
1045
634
5804
1647
331
5450
4450
4565
3111
2766
4754
4332
183
3143
3780
5378
3362
6674
3762
2296
4233
1618
2630
5131
5589
1895
4483
776
503
3032
4121
3804
743
2500
6088
5744
2389
2550
2654
4420
4808
5034
4705
4698
6617
6252
5215
6254
5658
1002
6255
3184
3801
4369
6052
1881
5102
5764
4061
6294
1033
4557
2913
337
213
4415
5160
5633
5931
2253
6671
4602
6129
3240
6036
6838
99
1775
5990
6749
3148
6230
854
576
5942
5488
4414
4166
2887
184
6314
107
5074
1449
5570
6221
1756
1614
681
1921
3891
5439
221
2341
158
1920
3888
4118
21
4276
1030
490
1533
773
3726
587
4860
1812
3292
388
4235
1753
4059
2350
6343
6559
4250
2583
2362
2466
4675
4856
4052
5209
477
2431
5195
1856
3706
5996
5879
5124
4672
5845
3218
3971
5244
1425
5816
553
1101
6118
6661
1126
1218
6924
3808
4431
4333
2755
2326
3460
6805
1055
385
1919
4173
1083
1717
595
6728
5248
6948
5158
4475
2351
3816
2041
4650
1098
4866
2814
1588
3223
5850
564
6873
2467
2370
5092
175
3527
440
2141
4137
860
1079
1519
4803
1654
3840
6527
4606
4513
5095
3750
6352
1208
2297
1964
2145
4895
2512
6099
2330
1999
3071
110
2260
1290
4520
2519
5710
2758
6940
4798
228
2336
2366
3340
1566
2848
1833
2714
3505
5609
3474
3141
5855
3330
4480
3934
3823
4154
366
783
6286
2397
5703
2948
3423
4453
24
4594
3316
5065
6015
1690
6915
2309
912
3389
4807
2668
746
1598
2742
4835
2438
1580
6424
5321
1942
5481
6921
2252
296
6317
4033
6865
1469
961
1296
4244
5371
5743
4101
570
5700
4460
4404
3342
6479
3015
1180
2199
2319
6298
2204
5651
6830
2012
1120
4427
3928
3973
1216
1349
4467
1962
966
176
6415
6901
6874
5672
196
4285
956
5446
3307
4743
1924
5373
4510
2033
3668
2384
749
339
2781
5613
2542
3205
867
3739
2286
2980
362
4432
1073
668
1144
3526
2122
4689
5163
4399
884
3630
5814
3589
4096
2406
1410
6912
3225
916
6070
4693
5916
2212
6889
4328
3620
314
850
1169
661
4805
3738
3169
488
2885
1088
16
4668
984
4728
1427
4913
2591
3645
6345
2580
2484
2010
4408
6700
5686
3688
4311
696
5534
4563
2048
3882
5197
1617
6781
5781
409
6029
5220
5218
5808
172
6931
4688
5433
6603
2198
3641
3919
981
2990
5754
1198
5873
4270
4323
6423
6946
459
4931
520
5704
5888
2287
712
3101
698
4589
1565
3135
1810
1467
5002
4868
1475
464
886
5023
4147
4830
2164
5861
198
5385
3976
4771
1502
6922
2138
1941
2788
2155
4954
2100
1772
255
2578
6969
6855
3993
2346
6225
4297
6386
1468
800
5821
5093
5750
3997
848
2218
5956
256
4903
2453
4045
2730
1089
822
6944
6265
5426
2440
4709
5325
4967
1230
3716
2270
1128
4836
971
2364
2632
5258
5083
6539
3421
2852
4575
3768
1835
3638
731
6930
750
550
3102
4479
4980
3153
1114
4123
1026
4277
5054
1311
3559
2095
6143
6389
5907
5134
5874
3693
1851
3246
1103
5146
3286
1826
3363
915
4924
6431
1047
1395
5994
3170
6685
352
4566
4001
788
3946
728
2933
293
4470
5240
5351
4208
6219
152
2382
904
1970
2733
1363
1630
808
5245
2688
2486
2307
3118
4476
4373
601
3177
5722
3513
4738
4169
4126
3715
5811
4457
6667
5489
6290
5789
211
3228
6037
869
4117
2355
1844
5482
1092
1142
383
605
3760
5471
2536
6754
1712
2047
4514
247
4883
724
1769
4320
6573
3585
6146
4875
1819
311
1555
5226
5797
1629
2
847
6279
3484
3074
629
6650
444
3818
3666
6030
5627
1714
4037
4666
6402
1100
5232
5279
4301
3470
6819
2950
5618
3819
6329
4852
5300
2514
4877
4894
6457
4896
1984
204
1062
4081
5208
790
945
4473
5327
6083
5187
625
657
3010
3049
218
538
3910
5993
1613
1743
5903
943
3594
2821
1656
6553
2691
5465
2559
4826
1134
4107
6608
6777
1679
4217
4667
4737
3769
3542
6234
4375
4517
2277
1802
4759
794
606
6708
5036
5007
1403
54
1949
5717
4657
4120
3035
1682
6258
5084
2666
2393
6966
1542
1723
803
6693
5213
2367
2557
2864
6578
4624
5059
6059
4703
4497
5048
4626
2680
2555
5885
3785
755
5774
4686
665
6802
3449
1027
1345
4220
2214
5691
6733
2752
6510
5528
3244
4833
6520
2201
5681
5780
4999
3481
1996
4645
1948
4788
4680
5262
1734
3432
4200
1090
3358
918
3623
6500
6442
6398
2853
4190
1397
5705
1255
924
4080
2833
3495
5971
4506
4447
3243
4218
1627
6300
2877
5332
3070
5425
320
2478
6284
4064
290
5125
2747
2978
334
5265
6794
6249
4352
2860
3284
1495
6623
3920
2139
2813
287
5880
1028
976
744
2372
3451
2925
4723
1761
1343
1150
3567
6529
6060
1935
5257
3338
6239
5117
208
5927
3105
6858
5068
5424
1708
1233
4691
1493
5081
323
476
2028
4972
5577
2657
6841
4587
2191
2783
2465
285
4832
3455
3270
834
6361
4821
2541
4644
5176
2837
5294
6870
4145
302
1967
4439
3601
4926
6203
1119
5519
4187
1149
1957
6827
933
5237
3677
4368
1701
1302
990
4180
6895
382
5035
5229
4762
6087
5324
2507
4780
4749
68
6003
3027
526
1381
210
4542
2112
853
6649
6568
6596
6657
3178
756
1509
2597
6852
3224
1440
5950
2376
5079
5347
6848
5046
2989
5926
2553
5293
939
5913
3155
1729
6470
4897
6269
2634
6350
4834
2153
1789
5418
3629
3571
6409
6575
3753
510
3784
2029
5137
2496
3560
6313
1648
3917
3291
4141
2279
3343
1501
1975
4584
1152
5992
1328
5592
3954
6903
972
2823
6292
5732
937
1846
3359
6480
6925
6914
2800
1295
4518
3482
3230
2665
3625
1450
3098
2094
3799
3411
3442
1372
4179
705
2866
1283
1056
5521
1969
4731
4892
2423
6311
6525
5370
3443
5367
1112
4013
5080
4710
1188
977
1686
2589
4249
5899
588
1938
3699
1219
3978
6333
4300
5659
2480
4058
4595
775
6957
6476
5368
6864
5099
4072
5107
1211
5825
5860
6664
5963
3054
4036
1110
1419
965
5777
5955
3949
2439
5815
1724
3667
1787
5139
1054
4655
6699
2744
1340
5476
575
6684
2895
631
1262
5330
2482
5014
6486
4863
3751
4969
6004
934
1913
1424
3367
1809
2020
4978
6034
735
5393
6691
1619
1973
15
3466
1204
2855
552
5544
3792
5341
6585
2499
6651
2693
178
1959
4795
5277
1632
3023
2602
2334
3509
6171
4708
5041
4742
2689
431
4386
4060
235
5698
1366
4583
6950
87
3282
3832
6530
1586
1783
5715
4070
5109
2614
3899
3056
801
1261
6385
4968
94
4694
6816
2900
6960
6757
4539
3151
2399
5513
6551
4403
3312
5224
3085
1177
1125
4961
2911
6167
125
3321
2215
6202
4810
1560
2233
2898
913
424
4965
4089
6759
3550
3069
5557
6278
3329
6524
5214
5820
325
2131
2857
3989
5606
2628
4777
22
1945
4046
5219
1341
317
5412
1936
2202
2217
2673
5170
732
3408
1478
1346
2724
3494
2793
4269
826
5458
3708
2262
2240
6890
414
4692
3611
3140
207
1927
2789
2143
5687
4205
637
2746
5800
3590
3684
6561
5852
3897
4232
748
5571
233
3499
2162
1683
1483
5272
4522
1327
2884
2269
5015
5503
3970
2928
5318
2407
1038
47
667
989
2627
2528
813
2018
6577
268
6793
6973
4898
2994
2912
2080
4842
5856
4239
2437
6383
1869
2321
4226
1121
6814
5464
3584
2940
6079
4621
4142
4451
1342
202
3132
6837
1356
4546
5204
533
3152
3961
5842
2303
3416
6670
5008
1713
2631
4568
5547
2574
673
4078
3024
1433
747
675
855
2385
4822
5323
1087
3909
5619
3232
1312
4674
5610
5017
5695
1170
4695
36
5416
2805
2159
1980
1655
3091
4128
5895
40
2419
6091
2843
4412
653
1031
5480
1260
4747
20
4717
4831
5452
4236
230
396
1543
1903
5979
3679
6640
4630
2003
2076
5307
4082
386
4720
4979
3807
3454
1351
5583
6435
1639
1317
870
1725
3472
82
3770
6051
6599
241
6974
432
4163
4165
2276
5716
1937
6246
6725
6597
1612
2745
1168
3736
2463
6339
2495
4601
5190
3916
1473
4027
6810
4106
6119
6067
807
5261
5854
3596
1923
5586
3076
6481
3251
4660
1721
2563
2881
4366
6616
2748
5442
717
4225
5496
6745
3857
6212
6804
4405
2854
5643
1489
3621
701
4608
42
4491
6929
3616
1416
5269
1916
4953
2624
1715
5964
5126
4186
5336
5829
49
6625
170
4734
2961
2902
3705
3663
219
5862
4331
6182
2071
4620
713
5497
5685
4418
3702
4763
6422
3655
6081
6151
2421
5919
6193
5991
4515
5403
1590
1215
1141
2556
1407
3160
936
5550
5978
4773
1221
4642
1898
2487
2944
2517
4437
1368
4316
4362
993
1847
1841
6378
4227
5312
1376
4919
4551
594
6011
5026
4308
1129
496
524
2150
2349
3483
5771
5138
2232
1609
5339
4319
4434
5857
2811
4634
630
1798
6382
1820
1444
6717
3394
6253
1554
4139
3797
131
1553
3373
6877
3471
2058
6381
3207
4554
6365
5668
3613
2070
1464
4347
61
6911
3398
2711
4550
3078
1777
4252
2377
3445
5584
187
6025
6162
2263
3276
3803
1737
5844
3535
3467
987
5063
2849
2442
558
4988
6959
2890
5180
4851
1226
2532
1017
5140
3195
903
5128
3288
5762
1453
2329
433
23
360
798
5949
4610
2197
1497
4423
5970
2125
2572
1019
5798
967
2529
6353
6394
4012
301
5345
2313
5614
2114
2699
4572
2682
559
1909
4682
361
4697
2917
3315
2908
4430
4599
394
3480
4130
609
4636
6939
479
4859
6223
3713
6359
1318
725
2775
1137
3134
2062
3393
6362
373
5352
856
6450
5191
621
1285
1719
2052
3968
1157
2178
2605
6516
2562
1550
6485
6371
1894
5061
6918
2458
3582
324
5349
3459
6126
5165
2157
5591
5830
6033
3313
3323
6392
5055
2604
4619
6085
2368
446
719
3901
4229
6170
3998
1684
1557
6963
1989
4957
4970
3181
2255
6035
1314
5234
3400
3982
881
3353
1465
1517
996
2476
3465
2817
5175
4942
2380
3558
4298
5514
6872
1350
6111
4958
4115
2976
3881
1641
3662
284
5669
5114
646
2968
978
3580
4204
3837
1023
1511
1232
5980
592
6021
4574
1050
6405
4146
4343
6216
4292
4528
2586
6283
327
3880
3374
586
3820
3334
3156
2626
3426
3267
85
5173
1791
1420
450
6174
4053
6071
161
952
1136
289
5778
1442
4647
3654
1373
3298
4442
942
1526
4361
127
5270
6066
6009
2343
1544
2524
6056
5003
4256
6180
6349
4933
1508
2325
3604
3896
3974
1589
3814
1749
3700
1649
391
6133
6813
4327
2546
1558
677
946
132
865
6430
6472
4990
6455
6744
5664
6250
2280
1754
6473
6176
4766
5111
3226
4314
3794
6822
6038
1746
5585
2295
4092
964
271
3868
270
5973
4922
4623
2300
2886
3523
1096
3874
2647
5692
737
1512
2417
5179
122
3999
6715
2861
142
6001
3108
5906
186
212
5110
3981
3562
5666
3921
2719
1432
5382
1277
231
2158
349
4884
1828
6851
583
5648
6791
6537
579
1681
425
3778
3887
1491
5429
1358
115
2690
2411
5116
4531
638
112
3376
6307
3175
1039
5404
6242
389
2266
1326
709
767
6334
6266
4769
1689
5028
6377
4355
1359
4438
611
5641
6956
6884
1086
710
4618
842
1559
4886
2031
4516
2294
6406
4912
5320
3189
2870
2802
3588
4317
72
2398
5877
5915
5837
75
5177
416
91
4050
2947
566
5773
5392
6919
6523
772
4426
3748
5088
1076
781
3745
6756
6456
6692
4449
3565
770
1912
6117
5315
3851
6724
2144
1418
1745
3020
6161
3869
2053
5359
3885
106
6522
3923
2587
6916
4616
688
3436
2582
297
1670
1905
2914
2102
2522
1764
537
2055
2460
1082
4508
6878
3903
5769
2428
2664
2633
3365
2638
6566
4164
2949
5889
6849
4083
5308
5989
2427
5928
2002
6330
857
1171
336
329
782
1906
6449
6588
6967
2203
4063
3130
1944
3272
3271
25
6636
4567
3918
5676
149
6418
3517
816
2551
5228
5935
2620
195
1536
2436
3541
6953
2608
2481
5062
3636
898
778
3855
478
3277
6686
1813
6319
1352
2646
2625
2570
250
3914
4538
295
2740
223
4268
6775
118
1824
4977
222
5621
2596
5634
6654
427
4700
5205
2339
4005
3387
4943
4745
5543
861
4729
1711
2859
839
6308
3179
5673
2538
3233
1438
6138
3692
845
5721
4099
269
6844
2168
209
2537
4812
5605
6753
5113
3845
2117
2210
3194
6042
2105
4275
544
1549
2819
6836
6347
4159
3273
281
3512
4603
5958
5568
4116
5650
33
2084
4481
5910
5661
3055
3644
679
5402
3829
2099
2868
5947
5120
17
2786
3872
2533
1774
4365
2640
2086
6413
4627
836
12
2338
6128
5515
4155
5546
2951
6610
1084
3937
2066
126
2455
3603
864
5930
3835
4915
499
5263
4643
4888
2920
3360
1720
430
1696
2750
636
6397
3281
4324
5417
1811
6503
2539
3670
3285
3061
6130
699
3846
4293
6898
4687
3016
