1732
3407
6657
1056
612
5853
5362
3117
2065
2418
3019
5547
86
609
5832
6097
6054
6479
6235
787
3350
2656
2735
1434
6069
4861
6482
3214
2839
5484
5192
1019
6701
4149
2057
1615
5831
6894
2241
3137
3482
5021
6231
5143
3380
6464
875
4771
3470
3474
3034
1861
376
6117
6044
2689
6812
1379
6730
6655
3682
3447
3193
5361
4616
5160
6182
6014
5375
5321
2832
179
4782
1976
5124
5157
5006
5576
5537
4098
4560
6814
3152
765
3100
4161
5054
4584
1764
246
6831
1387
5312
556
6073
5567
5510
6630
2871
6490
436
6458
4036
997
2517
4739
5708
4
4741
2845
2208
4568
4539
5182
1820
4514
1894
4713
5108
2174
6524
4975
4496
4476
2593
314
1324
4563
490
4762
4594
3612
313
1670
6072
2761
6373
1609
5723
3761
4704
674
2527
5186
3238
1415
1135
6369
901
4766
4143
3966
6598
6409
5017
2300
5370
5404
3590
156
138
3477
4953
5621
5272
158
916
5096
5901
808
4595
3787
5628
2474
1
5109
1755
2078
6933
5458
6724
1635
532
322
4754
3384
3355
6261
4880
4015
1504
1991
4048
2088
5104
5084
4308
3703
3000
27
4573
2205
5549
6904
1268
5195
6764
1344
3561
6382
4658
3869
5517
3394
1561
2408
1359
6406
2316
2318
4732
1937
75
2613
2138
1435
4180
489
6805
949
2820
554
6085
6186
5705
2964
5666
5652
2333
389
6931
145
871
5151
533
2338
3300
451
3897
3985
4756
4157
6794
5647
4020
5422
5579
284
3458
953
1930
6022
96
1573
2508
1432
1212
4072
4621
317
4216
779
1842
5222
3270
2212
6130
218
2833
835
350
4085
6210
2420
2727
3348
4731
519
5744
992
6572
3377
3527
5956
3190
5965
3511
518
6591
755
819
2049
873
3280
3525
4546
1694
2724
625
1313
3364
4358
3121
6791
4980
2351
369
198
5910
97
1189
530
4083
4529
6078
1996
2284
2850
5657
892
1484
1191
6653
4376
3873
5798
5200
1088
3974
6433
5365
4274
4488
3375
3486
3819
5477
5700
1270
6028
6108
1410
347
3965
3130
6934
3524
4441
2644
5849
4103
5829
5637
5541
103
5103
3442
5787
6601
6754
657
3099
5216
447
6023
4362
1931
969
2328
1829
4091
1213
791
3395
2946
825
4331
4245
5325
1175
6798
4210
3595
6580
4280
2096
5301
4491
3877
6375
2074
1428
2996
1219
4767
5223
3043
3381
2372
3202
1082
5067
6843
4455
5611
5727
3993
6672
3780
4925
3292
4033
1563
6366
6650
1240
1521
3538
2591
3003
1632
4642
1667
3072
6761
493
5625
676
4057
5873
3889
2237
3186
1555
3837
3306
5154
693
573
1456
4691
5041
4373
5102
280
5159
6667
6748
1466
4591
4081
5753
4960
2500
3166
3315
2842
6362
1372
4709
4708
2320
249
5306
6232
2215
1190
2203
555
6552
1430
87
1780
6343
940
6484
4538
5045
2668
487
259
4304
4608
4628
2489
4298
2904
2217
23
6096
4999
4246
3507
560
6782
4977
2504
1807
36
4821
1721
1641
1972
3178
5122
2966
6926
5052
6695
6640
4431
2094
1179
821
5776
2199
3114
1089
2628
3167
6828
3022
3517
4232
2565
1796
5966
410
3804
6187
6284
1303
3156
2341
2722
4574
318
527
5881
5585
2743
5737
4437
728
849
2095
4134
2768
3726
1669
105
1876
4526
6962
6033
1519
5389
5175
1693
5473
6160
2083
2849
4326
90
2224
5091
3179
970
2072
232
520
4963
5548
5998
5995
633
1784
194
4055
6167
1280
766
2434
2802
4203
2990
6025
4027
5563
6632
3684
665
5004
4973
3704
5460
2162
2766
5959
2716
828
1730
3068
3531
3908
12
5023
486
6029
5711
3722
3619
2601
4870
902
3601
6496
2865
26
5471
977
124
2913
6109
6156
186
3144
629
6011
2796
5137
2254
2747
2519
5979
1587
3617
164
329
2304
6662
373
5440
861
5819
4283
3124
2362
2197
6704
2424
3768
3219
5314
4252
5764
6530
1425
6176
5854
6220
5341
2452
729
374
2703
2366
3850
1786
5847
6751
2553
3483
2942
253
4532
4181
568
6150
6682
3990
4333
1134
278
4537
6624
4426
6099
3010
6610
5291
4456
6587
6681
6797
4188
6833
368
4824
611
1139
1924
4339
2325
1017
754
1974
1248
34
3905
1210
4337
5008
837
1237
591
2791
4552
5718
5686
1223
898
2931
2422
2828
1947
4356
6324
1869
5670
2626
3732
6852
1209
4912
6963
4089
1999
5290
5368
4312
330
939
326
1798
2058
1291
1783
6801
3201
3472
2396
6216
1072
5242
4694
5883
4165
4230
1119
1305
5274
6300
5419
6297
1509
5411
6218
1079
151
648
1206
4886
4699
966
52
1811
6595
1197
962
4320
3058
2488
2016
5238
206
1226
2149
4392
1805
1060
3879
1584
3189
3896
3745
3510
342
6320
751
4618
2299
5095
1583
722
433
2568
5360
6155
4266
288
5598
3999
4638
4497
4733
4667
4260
3895
6313
1108
5213
4190
5498
1855
1111
5516
2369
3574
6877
7
1421
6127
3912
5453
5937
1533
2015
6656
3340
6148
2177
3668
1378
6743
3815
6522
5142
5000
4763
5061
5871
1920
5466
822
2558
1203
1047
5892
4360
823
5491
1375
3881
2974
387
579
6856
3027
1818
3883
3760
1118
134
1352
3018
5467
4130
907
144
4610
538
3808
6272
3071
1731
6958
5369
2622
1833
5398
5288
6957
661
1221
3262
5229
4948
4275
6789
6729
6354
1205
4435
3978
5396
2581
2484
4195
1612
1812
654
5425
3563
115
4682
6835
4565
3893
1337
3636
4062
1314
6811
4841
6234
6941
243
845
5462
3004
5085
2184
3844
5789
3430
6035
1485
5513
6721
1512
699
5912
578
1834
558
3260
6327
2467
6626
1242
5320
6513
6585
2816
4895
378
3376
4923
5746
3969
2415
1568
4675
6639
5452
6363
6678
2092
3919
1742
5673
810
4146
1588
6866
1892
6194
431
3014
4306
5679
2046
5437
5791
4147
5529
59
6559
6497
2244
1163
801
11
5771
639
5958
4544
510
242
117
2574
6671
2389
5772
6824
3706
6846
1619
1171
2799
6315
6517
1363
1559
5997
5194
6446
5803
4399
4958
3571
209
4166
3598
634
3368
4603
6032
6119
4449
6429
6352
3228
4789
1492
4614
5767
1096
623
1039
1760
1368
3254
3707
1703
3971
6538
6920
764
1923
4276
5512
308
5662
38
4944
5878
1496
304
2835
514
1740
5464
3797
2708
1006
5682
39
2629
5996
5840
402
1170
5367
5493
3585
6716
3591
6430
1150
2627
6556
244
2081
4833
2529
2987
4730
4703
2464
6788
3848
2012
576
1053
2826
725
5809
6878
895
6159
855
116
4936
876
6623
6450
1945
1766
4289
3616
6098
1167
306
3742
2098
3468
1318
2977
2925
888
2991
1498
1021
294
1839
6641
1426
6503
2421
6800
3508
3241
4004
4186
2262
3932
3552
2276
1885
5950
2823
1774
4000
2361
224
1329
3724
2153
3855
3116
6865
1987
3011
3388
684
5895
5606
89
4932
814
4420
2243
4270
991
2165
333
952
920
2778
1429
6495
3602
6786
397
5303
608
5275
4231
1010
2584
6138
3840
1540
3793
2536
2547
4506
5782
4545
6772
1099
3813
4823
3287
3168
4145
2108
4043
516
265
2719
5409
763
1848
2232
6169
3220
4512
2856
1870
1183
5443
2932
152
4485
6178
3251
6271
2458
285
4132
1746
584
4837
776
92
4267
1793
139
6949
2056
2450
4670
2873
2485
215
6760
1250
957
846
1911
744
552
1918
5794
2146
4652
3998
4151
1031
745
1101
6377
5656
5948
3494
2054
1629
3281
3278
5747
3397
1830
3171
21
5848
4598
4174
141
5939
6769
5042
3979
4473
354
6909
1905
300
5863
3383
3257
6107
5646
3005
4846
167
3534
4533
3163
6102
4605
826
6303
1055
6294
4076
1536
3962
6560
4926
482
5350
6584
459
4223
677
5149
5733
1273
6567
3640
3903
3102
4014
114
6489
197
274
5649
5709
6597
3679
438
6932
2700
6439
4353
5380
6146
1877
5660
5596
647
3341
1229
5721
6236
1405
6817
3221
4187
6301
4060
3354
5206
4695
418
2809
4557
199
5227
627
5121
4118
3031
5002
5115
2872
2449
1269
5234
3986
6164
462
1525
1147
3026
2550
5394
5716
2332
3283
3578
2034
1254
4013
5373
6002
1465
408
1367
6537
6910
5594
4531
3778
229
593
2600
3427
1546
3634
4369
5816
2779
4248
1497
5752
3983
6209
5461
2364
2825
266
3763
2246
4550
6574
298
983
5544
2634
1333
6068
843
4335
5199
4882
5401
4878
455
4678
2938
3329
2283
1383
6677
5800
5066
4515
5087
1008
5165
6427
1524
4229
4971
1265
1640
2403
5925
1488
956
2101
1761
1161
2617
2085
4279
4636
5082
4251
6870
1081
5037
2218
2739
5030
3104
6738
6132
4883
2156
3863
2293
1575
900
5161
5025
4683
4117
228
5249
4577
2680
1445
3112
4969
6955
2685
3526
5630
6868
2869
4175
4757
6731
1347
1971
1107
5730
3956
3455
226
256
3546
4380
6114
6333
1896
6135
4650
1316
3882
1251
4001
71
6404
3173
4600
359
2575
4779
5945
4115
6192
5616
6016
4070
2377
4364
1260
2983
1202
2877
5181
1985
5976
351
2141
1295
3544
5671
5612
731
3229
136
2927
6237
5340
1458
2803
1934
4892
5584
4902
5658
5605
701
6242
4321
1296
5586
706
2707
564
1854
6398
6646
1716
3321
3204
3135
4590
1676
6747
571
2110
5221
524
1960
1151
6483
2619
1814
3814
1020
2302
5307
976
1014
1970
1882
1922
4723
3378
1196
1973
3118
5057
5406
2599
6336
6550
4433
1500
2226
4336
1739
1482
6047
3101
4213
488
2315
6758
3107
4008
5372
1925
6796
1304
2331
3860
6416
6564
4810
6089
5622
1835
6258
14
371
2912
1871
2534
5465
3480
360
3736
1994
928
4131
4908
2751
3362
5692
6334
32
3654
3078
750
28
4887
4359
5386
5359
4802
4349
3153
2915
1478
6523
4946
2047
606
1656
3013
1403
254
3713
2797
3843
2430
4234
4686
694
2551
1117
475
3400
2285
2209
5843
3938
6003
644
4711
2571
505
5601
2682
4242
2530
1884
3180
295
4099
6879
5917
3419
3650
5077
2587
6312
6269
2240
337
6289
6372
1193
390
1591
1185
4305
6875
2278
5631
6048
3444
3939
5636
2266
3765
5916
1124
4760
4021
6359
1289
2595
3488
4706
3054
4811
3181
1990
3648
2752
1106
1122
5230
2679
2483
6193
4905
5011
3416
945
1935
6508
3411
60
1233
5476
2997
283
5392
1862
6473
5058
3402
5451
4781
3647
4554
149
829
5330
820
3995
1840
6064
6060
4142
6781
6876
5069
5188
1480
2884
324
4889
5133
3243
4830
6045
3252
1520
4295
3635
2641
5807
56
617
3203
2788
6841
4095
4668
4351
5283
4054
4200
4758
51
1711
1448
5071
5691
272
2409
2623
1214
1046
3170
2661
4235
792
6745
5755
2164
5941
1980
4006
4127
13
5528
428
4158
4928
3369
4162
1724
1984
66
5178
3917
122
6345
4982
2202
908
5319
1063
4567
4646
4138
4255
2360
6790
1959
3333
3800
575
6548
3868
6770
3057
409
2249
1743
494
113
4323
163
1317
2705
3409
5060
1401
3154
3337
2882
4219
6092
3653
1278
6120
6606
3259
1949
2811
6454
6763
6873
6900
6337
4903
6673
414
1050
3772
3141
5722
3568
2655
3532
4896
2681
234
811
528
2005
54
3572
2028
5145
3781
2566
6502
4241
2883
5140
5672
6534
2821
6263
1393
1463
2109
707
730
726
125
2427
1348
2496
1543
5538
6554
1864
4415
851
2086
5696
2147
6694
245
2866
1778
5954
1599
6570
3779
5934
4271
5009
6766
967
5639
2124
5604
4992
5933
4466
3418
6922
1717
2395
4939
6688
2441
4871
3098
6310
1160
4092
4785
3847
3633
4897
4970
357
3277
909
1890
598
2062
1494
563
3090
1927
5515
5400
5836
1993
1066
4155
6360
2957
5527
4382
5456
1666
6487
130
4299
1453
2411
2126
5191
2579
6031
1182
785
3689
6603
3567
1414
6465
5676
4587
2282
561
5010
1377
5784
2732
3523
2204
491
2947
2017
1792
1549
4391
6661
6163
6001
3504
523
5833
4719
6675
3324
1806
1332
3952
339
6414
4121
1863
2830
5685
4915
271
111
2002
356
2648
2248
3530
5694
6588
4183
3864
393
5651
761
1231
2780
3038
2657
6722
5125
5031
3888
4301
1153
3192
4959
6600
3856
3758
6422
2894
6822
675
5861
5076
420
724
1963
5177
483
2907
1557
5923
1679
695
5568
4348
258
2219
2639
1308
1954
3497
2234
3024
4346
5496
1345
434
2555
6472
2596
662
4495
5697
4090
2385
2790
2491
6739
290
6494
5626
4144
3127
5244
3669
3313
419
417
1023
3146
5040
2781
4228
2317
4634
905
6166
4788
897
4105
6521
4516
3823
5768
4949
3136
796
5003
3610
2984
5268
1756
3756
4623
6017
5158
6213
6726
6881
2940
4649
1095
4067
4066
6648
1874
6636
5810
3207
2677
2373
1964
126
4184
5339
5935
5014
190
3081
2161
6417
169
6919
2382
747
4124
1727
994
454
174
3915
5405
3693
6197
4740
852
1995
3946
1702
1274
396
2472
6342
2717
2614
4869
2370
3246
1218
446
3822
5993
1507
3040
2383
6405
6331
758
3992
894
4593
3934
4094
1358
3964
1850
3263
6960
5749
3644
6970
6913
2207
4715
3032
1895
4862
4780
1762
1677
4916
5876
619
6335
2897
3685
286
1809
3513
5845
3437
3918
3900
260
2635
4257
3739
4592
686
35
5543
2950
3289
5225
1051
6947
6243
742
4273
4139
3089
6506
2236
4831
2592
3125
6394
4194
269
3454
1671
1396
3199
4361
3426
879
3812
6388
2649
449
4489
3802
6509
3659
891
5280
4071
3343
2187
2273
4511
6407
6807
5564
464
5026
423
5734
5055
6395
2437
203
349
3945
2048
3557
572
6774
497
3424
3767
6173
1138
2154
786
4729
6826
2646
2345
6329
680
2993
5957
6821
355
5533
1675
3412
2440
2277
4268
4692
3103
5254
6891
3637
6855
1516
67
1627
4671
1701
4885
363
6400
1734
3951
6478
1353
4899
1955
4107
2097
5263
6699
3803
757
981
3151
155
4524
2609
237
6008
4566
3080
211
2949
1176
4202
5494
4192
5518
4447
4256
5540
5984
6259
2019
5131
1328
5236
377
5397
5511
5257
3925
406
4448
3509
1690
996
5164
5929
5505
797
984
132
5064
1752
123
5582
1444
1551
3210
1404
496
3256
456
2730
5053
4911
4390
6940
6280
2358
5447
4716
596
3015
1678
4855
4745
2857
2201
2786
2998
703
5455
1579
4286
1647
4626
2647
1709
2976
6493
5817
6755
6715
1230
2368
4285
1692
381
2709
2876
5620
6551
5479
2937
3267
6649
5581
1249
5558
6175
2814
1090
4521
1735
4505
3673
6964
401
4994
3775
1132
143
1121
587
336
5316
2378
2178
1770
2050
799
4068
4674
4582
2659
5073
604
2704
6512
1698
5502
5556
6322
1965
1330
6438
4330
1172
1116
5300
5900
1913
6654
2605
4011
5205
4842
1565
3148
2471
415
5732
3858
1467
1744
6971
1422
5305
421
4396
2510
2663
2643
2117
809
1288
458
714
3968
4368
1875
1158
6326
1407
3500
1610
4799
1597
118
2841
2515
1033
4624
1652
1103
5834
3909
62
4440
1112
6105
740
5256
4513
4983
5326
5550
6736
1846
239
5866
3512
3021
6948
2288
3191
1657
1940
6686
6279
6081
2252
874
1630
4629
4712
1281
3948
1582
5885
6226
5790
3344
597
5442
1828
439
1571
1235
2559
4661
3475
6540
2650
2973
6685
2425
3694
5046
4087
5815
738
1293
6380
6386
2374
626
5968
5875
1649
3753
1977
4520
2435
4536
5644
4125
5062
1518
1574
2059
4281
885
5545
1156
842
4290
3365
1651
1530
5152
4111
678
3830
4809
3122
4093
4334
1034
180
2349
3452
5487
650
1443
4759
1025
884
3484
6924
221
5690
3006
3046
3792
2139
2687
4402
5342
2522
5536
2909
3826
6839
4818
6139
1570
3942
477
2155
6062
4363
2505
3582
2168
570
5921
4443
3735
3924
2812
205
660
1767
2611
2251
157
3829
25
2342
1719
2044
6403
5914
2805
6106
5874
2020
5825
1726
2432
1902
3782
5059
296
137
2570
890
6063
5353
5985
2693
3757
6897
6282
3680
5983
222
4398
2651
2688
4542
1102
5778
5886
739
2952
380
3712
3795
394
6215
440
3664
2348
4596
6292
4504
6274
6607
691
4047
189
768
2692
5859
5327
1795
6690
670
1508
5702
3436
5988
4910
1341
1936
3302
6061
5926
5642
5608
4372
5410
772
1126
6561
2130
5668
3301
3786
783
3062
1956
2846
2590
1932
1691
3558
3074
4685
3421
1699
3092
5036
2962
2763
5986
559
2667
5217
5969
2312
6357
6651
3195
2918
6888
816
3885
1728
672
4783
4602
5575
637
4901
2189
2160
1286
6819
2898
4222
2379
3422
3371
719
3361
6840
1989
6338
6848
4681
5170
1236
5012
5454
3239
6397
4599
6618
906
4354
4324
2042
5506
2416
6697
922
5474
2310
2880
1120
2557
5698
3930
1868
2185
3670
743
4406
1141
4951
1204
4016
4556
2951
227
5663
4345
4191
543
2492
3506
4547
2000
5943
5842
3746
1018
3540
6171
6608
6158
642
2971
1564
5270
5735
1042
3828
6514
3150
45
622
3605
2552
1436
3
275
2744
3846
4173
782
5187
6241
6191
3029
236
5683
6936
1327
5713
1594
6381
1026
5162
2104
2038
1315
6973
0
5572
927
3536
3521
3158
3933
2608
5566
452
2001
5992
4772
5459
168
6923
4931
213
485
5344
5262
208
3471
1263
365
5271
4858
5128
4046
5940
2720
1581
6526
6965
4784
6134
5289
3025
5336
5785
233
3827
2886
5197
4874
1052
3696
2498
3518
4484
1633
1373
5687
5500
1849
6165
3733
5308
3139
5309
2253
1093
6629
5654
3731
2413
4753
5450
1634
2516
30
641
5499
1514
3809
2852
3008
5240
1462
2071
429
161
2135
5769
1049
6340
2295
1566
813
2465
2602
1450
5173
1578
2838
1092
2250
2633
5862
6714
2294
2789
850
3646
6728
43
2327
2943
3434
2455
3835
1788
4123
6088
5371
2150
1826
6339
2756
3385
2887
3162
1847
5740
1356
2359
2723
5795
3461
1029
6185
6460
268
2831
690
4922
3453
2171
5589
6314
5552
6077
848
441
6170
5629
3492
1638
3353
582
3425
4522
628
667
6474
5420
3852
1775
5169
4352
800
1590
5560
4843
3604
5264
4606
2291
1371
6882
3052
4100
5070
3459
6777
3725
3088
5475
839
2764
3857
1299
4987
53
5207
2922
3589
4576
1859
4026
6975
4890
4778
5407
889
5638
5430
1781
5526
2386
6566
47
6614
1271
2303
3678
6622
4644
4974
3055
4575
6455
1800
4742
4679
6410
567
1867
6411
4564
1602
4471
6418
5211
6616
5118
1978
5317
2077
2640
807
3981
257
340
3904
1759
2854
1886
804
6802
1768
6906
5415
1085
5130
1395
2306
1365
5005
129
2636
5887
4493
3764
6349
2394
3728
3690
5607
3631
470
2862
6823
214
4976
6034
2888
4322
5112
5048
1349
985
1227
287
6074
4041
3439
5667
5088
175
5024
2577
4318
6565
3489
2509
5114
4467
4434
6687
4918
1785
1457
881
2914
3449
2697
5894
235
934
682
4727
4490
2702
3413
4748
565
2569
153
602
5823
4296
231
5729
3594
2225
1928
1600
3317
173
689
2231
653
3825
279
3132
6528
4530
5994
1078
2466
2520
399
767
671
964
3069
2503
4135
1962
6350
3675
6066
5775
5704
5267
862
6378
5830
3002
5345
4979
6358
1474
6140
718
3175
3817
1979
2746
1493
2080
3627
2134
3599
5412
4829
1266
5101
4080
4462
3805
2870
3443
1431
5770
1137
1057
5632
5781
1399
2777
6260
6578
4930
3611
1802
6617
1706
473
1618
460
2729
4816
5258
5726
4412
704
5253
705
651
3051
4800
5858
986
2073
868
1166
535
1065
2963
1468
1331
6898
1639
1420
492
207
5376
2919
6040
3959
5488
4743
263
3205
2445
4003
407
476
638
774
1086
1041
2759
2741
2229
832
6436
5123
4525
1216
31
3358
2521
3387
6516
1110
6330
3614
2133
2100
1481
1529
2210
4935
2479
4710
1665
5332
2402
4834
5806
4475
106
2166
790
6744
6485
3615
4601
4196
6321
6710
2970
1114
5136
4370
1958
548
531
1527
6488
1277
5893
5561
2891
5841
1162
958
6426
82
3697
4955
4417
3957
3349
102
5779
2423
4534
303
6834
5720
2167
1658
749
361
4929
6434
2808
5276
5413
6746
2981
6462
2972
2106
178
2063
2451
1168
2580
4108
2037
4357
5486
3091
416
2792
982
4921
1127
6070
3047
5018
2003
630
4463
6275
2975
2052
5975
6945
1169
2610
48
812
4738
6645
6702
4985
305
4065
4453
5156
5351
2615
3766
1300
5613
5952
3954
1035
5296
5196
5352
1074
6125
2122
2245
6172
2031
5139
1309
1397
4578
3185
980
624
3692
1655
3495
5763
2179
2453
5013
3370
40
2631
6116
6577
4914
913
2589
2686
5299
5509
4690
4429
3641
1413
1142
2129
84
2538
49
3339
4978
5481
3126
3285
547
5391
631
5688
2785
5739
1943
5808
4458
2917
346
4302
5695
5897
6720
2446
5942
3105
341
5641
4995
6762
4102
5542
2698
3479
3123
5193
1077
3441
2804
6806
6393
4284
4133
525
2795
6006
2806
566
4517
5546
6137
4178
3701
6351
4700
6348
1515
6563
971
4032
2363
4966
827
1603
1234
5033
3314
5750
5074
3253
4148
5204
5185
1572
2771
4341
5633
2895
299
6529
5329
2926
6663
4394
4249
4844
3359
5664
3906
1427
6863
6244
4571
834
6287
4247
358
6568
4792
110
6124
5599
3958
509
2275
4338
4244
2582
3299
3708
943
925
1736
4007
422
3922
4820
4562
1148
3738
2669
4375
93
2645
3559
1715
6670
398
4031
3290
3133
5706
4355
2684
1900
5279
4879
6295
2279
5328
503
5043
4265
5034
37
5063
6861
2625
6505
4528
6918
2929
668
4891
4657
5868
6371
1681
6144
3490
867
2755
3535
954
2561
6582
3584
3294
1912
6773
4728
6532
6201
4655
3310
5414
484
6734
2021
2076
2969
4828
2861
5590
663
3318
545
4193
2502
5762
1165
696
4319
3935
1893
6246
6543
6449
2011
85
2192
4815
4770
713
3658
3720
4672
6110
4486
3420
1845
4205
1155
1697
1643
2322
3429
2793
2834
6212
1685
3035
6908
989
1133
987
2890
338
5583
1208
3357
716
1562
817
1804
3316
1552
5591
2194
1215
2269
4481
2851
5824
1186
4647
3520
5107
4381
883
3709
6122
6692
6402
6222
4088
3522
6463
1815
6027
546
5765
5799
3326
4768
1988
241
3894
4617
3851
5233
6161
6466
6090
6842
6719
1220
5423
3824
1043
6233
5835
1827
4160
3094
6816
1350
2740
5758
3496
6665
5813
3777
5574
1720
6365
4750
6041
4292
5947
79
3564
4189
2025
4393
4185
1601
607
4483
3020
474
1030
4058
5571
4045
1024
2696
2330
1449
2444
1257
2868
5469
463
6264
1476
1604
1073
2597
201
4687
4272
1380
5879
614
3423
3884
2540
3131
1953
5978
5399
2800
2954
3580
5951
6179
3569
2195
1113
6273
2120
6021
5127
872
3255
6039
6184
2486
2247
3818
5366
960
777
4075
4654
6666
1100
6162
5889
5421
2354
3213
3111
583
1898
1061
1357
1646
1737
5593
5119
2658
5117
467
5645
5909
2853
6533
4607
5530
3592
5224
6095
1178
6813
6477
1283
2810
2308
1889
2006
6413
6385
3070
2487
4214
6590
2392
615
2944
6759
5424
1038
4482
6510
2305
1437
1003
3866
2145
3390
2934
4940
6599
4585
4906
2102
6440
3516
2070
2298
6100
6691
6256
1032
3603
4907
6767
2725
3711
4934
6929
6052
1851
5385
217
2428
95
6752
1821
944
1253
2069
219
5439
1749
1832
2053
721
1689
508
6204
6223
5987
698
4018
5449
3872
6453
1369
3618
2355
3322
961
450
737
6611
2767
1362
6091
4397
3960
6921
4063
2406
4509
479
6319
3304
5504
1904
4179
6525
1097
1238
5489
6740
5357
1878
5483
3406
5378
4717
5315
3446
1856
3196
6181
170
6396
3491
1441
334
2678
1334
4367
5822
4478
2478
33
534
712
2916
5955
3009
442
3911
1451
3621
4377
2115
999
2532
4154
1938
2819
4386
736
2921
2506
4101
4735
3798
3061
1384
2211
549
5577
2855
1687
1914
3776
2848
5294
6200
1058
42
5144
5482
2928
3754
2567
3232
6717
3890
3613
4009
2676
688
917
6732
6399
2170
6625
2837
6596
1950
5106
2753
1125
3581
2099
4140
6885
6845
2660
1256
6553
6884
4705
6500
2662
4332
166
781
542
5116
3845
1614
4225
404
3206
5148
5964
936
998
937
5220
3865
4553
5857
3073
5110
6711
4297
2233
1674
277
1146
5635
5804
5919
2043
5285
3225
384
3961
4627
3211
4632
2388
3656
4872
2549
3096
1745
1569
6860
2710
5174
1817
3714
4479
4523
6461
4933
3788
1787
3901
2216
5445
2297
4724
3296
3751
5520
2782
6953
1680
3991
2114
1307
291
2604
3303
5838
4860
1825
4808
4217
5962
3529
1325
1810
5818
425
4751
512
3160
4350
2939
1838
2131
3773
6771
335
3533
3600
2060
5634
5418
5982
3834
899
4052
1154
2543
1343
6896
2637
4806
4884
773
2067
1799
4169
4941
4069
4340
6000
5248
760
4163
4137
1409
6228
6893
4873
3042
6545
6902
6693
1879
2815
645
2230
6424
2501
5678
5759
3320
2221
2542
195
2955
6202
5295
4414
1360
140
159
6005
188
4385
2272
6188
5680
3630
4197
4919
1926
4167
133
636
3272
3332
367
6776
3231
1554
1939
6293
1207
2754
2324
2653
715
3049
6247
2172
2526
1908
4972
3743
1487
2222
1751
3940
599
3485
4997
2979
4630
589
802
1852
6575
918
5434
1366
2968
5724
6750
5129
5602
3448
1506
1683
1037
748
1016
1771
5915
3176
3718
2152
500
5839
1951
5609
1071
5569
685
6270
3149
1534
2978
2183
1013
1522
5039
734
585
1048
4172
3565
6392
5251
2296
4920
1184
2750
5441
3790
3342
4159
4805
240
3833
6007
1769
5623
6613
5754
3989
3752
3056
1440
108
6346
2007
1625
5971
4233
2036
1611
6291
3994
3539
3067
1503
4307
4239
437
1982
262
4796
5201
176
3926
4666
4450
1245
5155
6916
5302
1374
6038
3398
2920
6306
5417
6075
4857
990
6951
3053
4798
2009
3276
5760
863
5098
643
4259
2817
5707
2533
5811
4840
2274
1287
669
3747
3914
5725
1916
2878
5219
316
6083
364
4460
6103
5171
4494
6207
3734
3928
4793
4622
4022
4389
2181
709
5038
4012
847
6586
504
878
499
472
6180
6250
4469
6780
6131
4457
6384
794
3519
3667
1075
2586
6555
2544
1247
910
590
1252
1983
553
44
5457
1921
2340
2459
5896
5433
6658
3784
3095
4615
1672
3258
3699
5079
2564
1232
220
3677
1335
3083
2860
1860
6356
6456
592
6511
77
4851
5210
1262
2958
2699
5904
5554
6633
20
6469
4150
4269
2462
5522
965
618
327
15
6915
372
3155
5531
4237
1298
2143
6735
5911
5890
6966
4418
469
6112
1511
3007
1285
2905
3234
5089
4314
4541
3106
1241
5190
5265
2024
6515
3033
6562
1246
717
4734
6927
5659
4791
1707
5032
3408
4746
4913
2548
3810
5712
6448
68
3338
1631
3109
4848
6853
1624
5738
5899
5820
1626
5105
5427
4309
6425
4696
3082
6441
3501
5189
6268
2632
3282
6298
5989
3876
3586
3308
6049
1381
4211
4311
3551
6238
6281
3268
6057
4589
893
98
6683
4442
2675
5260
5472
1917
3997
5972
3172
3336
1961
6635
1725
457
4317
64
1469
6905
6444
4631
2093
4212
6615
6190
4945
1083
1753
4677
1824
282
4853
6901
3030
80
5035
2148
4794
3079
4344
4424
4635
5
4856
50
6972
5991
3683
6542
6907
2137
2941
4383
6286
121
267
6579
3367
1336
3464
6305
147
2267
2893
2612
5374
806
1593
2967
3528
2671
5019
4436
6431
1713
2713
4452
5183
5231
4947
2840
216
1417
6020
5349
72
1064
4204
4660
2652
76
55
2965
5870
6836
2670
307
769
6659
1084
6498
4037
4643
2447
6019
4714
6703
6443
3060
3298
3391
1302
2885
4428
635
4421
896
4826
3831
5780
4814
5963
2393
5714
1159
4388
1906
3579
2353
5252
2787
818
3161
4465
4989
6055
210
5015
3284
1473
1471
1822
5097
2281
6390
4220
4010
5287
5333
880
6803
187
5334
6874
2874
4480
4226
4518
4943
3741
656
2664
2376
1907
3695
2314
947
1772
4641
468
1319
904
1258
3716
3943
1346
2875
1997
2128
2537
4797
3973
2347
4171
6593
4777
6785
2892
1201
4825
6880
6196
3588
4405
2691
127
3553
4408
3839
4807
5081
1910
4282
6849
5232
1537
2259
5364
1292
3548
6094
3064
3870
5180
3164
3330
2758
3796
2546
5715
4659
6887
621
2572
5884
620
1326
385
1131
3705
2690
1544
1813
5198
526
5304
1040
4035
733
4329
1225
4676
5570
3941
2417
2493
5603
2448
3623
3086
3467
6195
5699
5029
2398
2419
2064
5802
5298
5689
5050
1080
2733
1710
6696
1723
836
3450
2090
1887
388
1310
2023
2384
1028
2091
5710
5674
3264
184
3405
4176
99
2794
1688
5444
4413
666
6557
1490
5751
3950
824
2554
2344
3177
513
3744
1738
6309
1837
3719
4250
4580
2151
6644
4378
3261
6486
461
6457
1623
4199
1750
5049
4543
5970
4875
1354
1866
4128
3607
1152
4502
5293
2022
6361
2541
6143
6872
541
2477
5953
5322
4570
6638
770
4106
930
550
4769
4224
1966
2200
1791
1608
4253
1272
993
443
1808
4684
4039
2576
2407
6141
3307
2227
6255
5429
6332
3319
803
3740
5756
1105
3463
3887
652
1661
4937
1187
3188
1370
411
857
2412
6857
1255
4122
3596
2265
6262
3609
6379
4316
4722
1560
2339
2169
4898
57
3457
1244
4819
1952
2607
2858
1104
4438
3988
6471
4662
646
6071
5072
3286
4477
1180
586
4419
6713
2908
529
2321
6535
923
1224
6323
2624
4040
5828
1297
3001
2603
6277
2008
3723
1069
1177
112
5600
2136
1294
5245
2482
185
6959
844
6912
5490
4042
6123
5090
6217
4961
3245
8
2457
5446
3386
4586
3237
6634
3075
1259
3462
2539
58
2774
1145
1712
4849
3435
4156
5555
1933
4877
973
3783
4079
6757
5134
4152
4109
4327
4277
3159
2514
5007
5323
183
6364
655
6086
6939
3334
6347
4645
3119
16
6594
3717
1195
301
5338
3431
6203
6698
3789
4051
4924
1418
5872
3849
3785
2027
292
5742
3227
445
950
5416
74
2397
2598
6684
6355
1705
4701
5078
6412
3862
5507
2032
238
5337
2524
5099
311
2528
2638
2079
3686
6679
312
5176
2142
6152
101
3821
2390
5503
212
6344
4559
17
4164
4366
2261
3806
1228
708
2829
2807
6890
6115
104
1036
3982
382
1617
3666
4168
2535
687
1157
2257
4002
4238
1532
352
6944
289
2494
3037
3134
6104
6401
315
3097
2945
2454
6668
6499
5480
6290
3643
2429
1461
3651
3791
2040
4835
5562
5719
4097
1700
1653
2469
5648
2066
100
2899
4988
2175
196
4867
735
5891
1261
2906
1199
177
2742
3947
4773
6067
5495
1438
1144
1491
4472
3233
3977
815
1402
1412
6938
5395
1455
938
2188
5286
5980
4801
6620
3389
120
4507
5595
3493
4761
6871
963
1545
6547
2783
3274
181
1968
3410
1975
150
6368
6118
4310
4141
2220
2480
5610
2995
6619
5774
4049
2836
1823
4468
5250
955
1222
328
6374
4293
3794
6004
65
1198
3224
5403
2075
1136
3093
6126
2726
2260
4129
6604
2405
6059
41
3681
2103
6536
3593
2773
3770
711
2864
3730
6391
5990
6674
172
3620
4374
2863
1897
5684
3113
5277
5146
1005
6660
1510
3771
2736
3853
1881
3063
4832
6447
5346
5147
281
6492
5650
1586
1880
4917
1644
1901
1391
4416
6056
540
1853
3976
2287
3297
3140
1729
5553
3700
4303
2198
6546
3174
6093
5588
3066
5557
2280
1382
5214
70
4086
1355
5902
3639
471
882
2606
5551
6592
4464
4264
1553
3403
343
4287
2163
5852
2986
2563
1217
4540
4619
3554
536
5627
3142
2630
3373
603
4965
1648
2556
577
3242
3414
2961
697
3629
6198
988
1087
2439
3360
3898
753
5745
1684
6037
6154
3550
5347
435
2375
1416
6733
4294
4813
5068
3949
3665
4470
5273
5094
165
2159
6111
1472
1398
3028
400
2499
5559
3762
6253
2507
544
3921
6864
2879
5796
838
4893
2286
4110
4669
4218
3230
569
5535
1944
2223
3194
1782
870
5936
968
4721
3608
805
4120
5311
6974
6199
2531
6189
3023
405
3555
5020
3514
4956
2560
5946
3312
6669
1548
5438
6476
658
4569
1819
3587
1858
4262
6043
1517
6851
2959
5920
5408
2818
727
6627
5523
1513
6935
5113
6452
2350
3248
478
3891
6637
2734
4726
3291
2683
3295
1801
3660
5141
1002
3456
3110
6208
1757
1479
3662
3244
5903
3143
1957
4850
3570
2701
3309
3183
1539
4064
247
3084
4639
88
3698
3502
3041
5793
4209
6304
5163
6145
3077
6605
6571
1392
2594
4221
1659
4206
6
6914
4611
5051
345
6954
3975
9
6229
6883
3729
6087
1663
3108
2731
4263
789
4551
946
6727
2242
6799
3138
1475
5080
3671
3346
995
866
6867
6680
539
2268
78
6569
1682
6573
1803
5432
3674
574
4664
2843
6787
5202
2518
3560
1173
6240
3382
6467
2399
6928
1595
6205
972
4786
3498
6383
3566
1642
2721
3363
6018
6082
383
4707
775
4839
6435
154
5468
5390
4625
1464
61
522
6265
3655
5974
2953
6507
3352
3059
2456
681
3576
3886
942
250
4653
6389
3927
5539
3293
1323
911
2116
