2096
5663
4470
5602
4532
5120
3061
3918
3733
3497
2546
5132
6271
468
2720
6467
364
1608
4388
4850
3819
720
176
6042
1393
1079
3435
2613
5676
4616
1451
70
3713
1116
5787
5920
4389
2264
1330
2979
3348
3607
5063
5394
5277
3482
2563
191
1481
3109
679
538
507
4957
4681
1727
2136
898
1624
1104
338
469
4712
2239
1865
2590
169
5924
1665
4046
37
5899
2721
748
3842
904
5746
5427
1604
5860
1137
4407
83
3572
4731
4182
3073
6123
4829
2335
1362
2084
3783
4649
3480
4857
3651
2060
2518
4644
2839
4780
1661
3054
1149
4454
4762
3712
1068
886
5628
1131
1088
1812
3242
3276
3829
1252
1848
5000
5879
1743
3811
279
5275
2440
5736
2866
3023
5234
1726
4300
5749
1520
5983
6447
1795
2900
2324
5192
1026
2114
5208
4575
154
1396
5354
3098
6352
4245
4269
5852
5516
6066
2933
4341
3802
2140
2580
3175
4034
3746
2479
3778
563
1122
5004
3553
2690
5769
2879
4546
3231
2068
377
272
4594
6078
2055
5367
2198
4181
1794
6494
5135
974
1556
779
3989
4045
3450
1144
5946
2355
434
3890
2950
2403
29
358
666
5892
2695
5357
6033
686
2465
1781
2710
2469
3367
1985
2993
2029
2006
1849
4253
2231
4087
5579
4746
3574
4684
4629
553
1525
673
3724
6128
2725
393
290
5440
654
2728
334
3879
4210
4859
3294
2364
1564
2936
6266
1920
1507
4691
104
4604
3173
4918
1988
196
2471
5194
2048
4288
527
396
3663
3079
1741
5830
3414
6095
5380
4688
1883
5832
3995
2334
2584
1887
747
4685
2682
6506
2325
2237
4939
4494
3719
559
915
389
1949
710
2443
2692
2445
2679
4573
4621
151
4205
1333
2439
3342
3130
5523
477
3928
5590
985
4692
1900
1725
2007
1062
3015
2736
3436
1245
4527
4275
5551
2560
950
4578
3555
2304
1808
3129
3720
4215
1164
879
1120
121
6556
2092
3859
1224
6331
1615
4913
2009
2732
2085
3869
5584
1764
4592
5156
5242
2021
5705
6515
5816
4169
2130
3026
4516
1341
4734
4662
3195
708
4752
820
685
4760
2002
3345
658
5374
4281
6290
4132
347
1784
4794
192
569
2373
6520
841
2131
4276
1383
1488
4722
1342
3400
2042
5464
5399
601
2110
1898
1440
822
1767
4243
5537
3344
2328
5777
1469
309
4601
2843
4216
369
3086
316
1519
266
2081
4496
852
2528
4999
1369
1550
1670
1621
39
1762
4124
758
2781
6044
678
6211
3332
2612
2715
6512
2524
2855
2159
2965
3226
5781
1894
1829
834
1101
1419
912
3815
5569
3134
5454
2703
2820
312
5252
439
135
262
2964
85
1491
1058
3609
4736
975
2521
1118
221
4295
872
5930
2633
2399
4382
4675
5565
2863
955
3058
2057
3559
4241
3707
5730
2099
5452
1473
1037
1398
2569
1024
4764
5518
2902
2288
2368
5805
134
5359
2041
1735
2585
2496
1625
2825
3696
2345
1510
6535
1924
5244
1574
1254
3591
4004
157
2753
3797
1336
5477
4242
2772
5436
343
2105
4198
3680
1775
572
5739
2409
1063
4455
740
5460
4082
3984
2243
4102
3664
6024
4851
1765
4749
2124
2851
5455
6519
5573
969
5939
3993
3799
757
1871
1204
1109
3245
5718
3410
2536
578
3881
2379
4120
5112
3703
4618
2942
2320
2249
2600
1095
1870
5333
3851
5684
1399
3021
119
1993
1154
2134
2036
1903
763
3048
3726
4706
587
2870
1355
3289
1042
350
5503
3352
2208
2599
2579
776
1235
5450
3341
2225
4041
365
1124
3732
5637
498
2921
926
2290
529
725
3451
4750
1681
1994
3630
797
4462
3303
5560
3487
3288
5909
1343
5622
2542
337
1729
1983
4084
1365
3603
2127
5478
172
1582
2941
4694
1594
4663
947
5885
4137
2670
1097
1108
5078
366
5538
598
4816
481
3402
6309
6207
2750
2455
4501
2047
3537
1667
2177
1850
3430
5965
3474
989
397
206
5911
4539
188
6136
6038
3648
4922
2201
2927
2147
6381
2675
6258
4315
6069
4982
3976
4179
5552
307
753
3412
4636
1997
2643
6110
640
824
1483
2991
1768
2146
861
5372
4469
2632
5775
3902
5778
1516
1940
5607
3001
6248
5256
5445
4848
4924
2823
1565
6303
2705
1730
4208
5559
497
2074
2228
4412
6131
4039
3360
5173
3573
359
4440
2983
664
3230
4097
744
4669
2065
2442
344
5541
3438
1770
1790
543
4152
1174
5496
4869
2101
2128
1146
2596
489
2171
4325
4740
3919
1246
5530
1346
4311
811
6414
2977
2137
5443
5024
152
1218
2939
2037
2952
4460
4645
1348
4549
513
370
6344
4200
3598
2716
31
3520
739
6182
5987
2982
3647
4948
4199
4081
6203
2080
4075
2648
3062
3059
4321
2729
5126
3233
5300
2280
645
1657
1496
2622
4367
2738
5962
3675
6217
257
1319
1018
417
5658
959
4342
2190
402
405
5022
1800
6139
1134
695
2650
3056
1263
6239
136
2815
5977
4404
575
742
5763
2779
5501
5082
2332
674
1223
19
4490
4813
5902
2857
554
1942
4849
4052
6561
185
5561
1965
4608
5423
5284
503
1782
2158
4031
1917
2374
3167
2312
4690
1424
4876
1106
5034
6015
2689
2930
1145
1509
2832
595
622
3018
378
3782
6264
2141
2323
4595
704
146
2252
1521
5888
3119
4633
2792
3159
6167
528
3016
2149
1103
971
2644
314
437
5071
4374
1161
1318
3012
5332
471
951
6332
621
6337
392
4113
4634
2949
662
4277
4088
5021
5446
1113
1596
1334
3896
3516
2086
478
715
5328
3371
4079
2967
5972
4418
3046
2207
4076
1573
1684
3997
1524
6082
6137
2989
6172
1140
2526
1747
6319
5798
3408
4743
5406
1956
4427
3333
4048
23
2886
2438
2491
1636
4249
6497
1043
2553
2614
5752
5863
1694
4149
2407
1032
1089
3282
3006
349
2958
4744
6477
782
2868
502
1350
6077
4711
6174
6493
2981
3841
5491
2671
3725
6213
387
2016
5083
3247
142
4872
348
4726
4080
1280
3187
5369
2813
4007
1991
3217
139
2819
2986
3511
3456
4255
6048
5202
6299
2783
3638
878
775
4098
6043
1087
2816
3011
2318
1802
735
4301
5480
542
6342
6504
5665
6316
3083
1086
1961
2395
339
2352
1916
2219
2378
2636
3100
5161
1555
5417
3903
352
5554
3000
2486
5499
1881
5720
2607
4730
3717
4153
4103
1237
2163
4735
530
3694
195
2998
3686
2745
2261
2495
5389
3147
3287
551
1080
2929
6496
3895
1823
5582
1356
637
2818
4108
749
4111
6345
1173
1321
2309
1220
274
5824
2844
4186
2227
5470
667
3355
574
3216
1890
4705
5605
212
318
3120
3826
6145
5250
4725
1251
3681
812
5568
2050
6295
839
3225
5642
1834
1324
2726
2178
4010
3477
5866
2615
3840
889
5988
5621
1952
6113
5487
1482
5869
1217
2904
2191
5171
1232
838
3139
2251
2376
5790
2654
3351
38
2223
2737
649
4509
2408
6075
3110
3299
1548
4783
1842
2035
5219
184
3138
1737
5186
2698
4141
1413
657
3444
4122
3049
6176
5732
486
3259
1168
2686
3117
3074
573
501
4230
1464
2556
265
1785
5994
1484
4254
2830
2382
3378
308
1948
4401
2027
5433
1266
2461
5048
597
4002
2056
495
5527
2938
1111
3452
1634
5664
6133
741
2220
5223
5995
5327
5338
3562
3533
5490
4422
1931
1803
1249
4328
4472
2642
3616
4271
3706
4303
2889
2629
832
3546
3586
219
1626
3397
1950
2077
1197
5162
398
2908
2333
1788
4345
3863
2544
4424
1129
5434
181
4656
5200
5532
1255
170
2046
4313
1971
4530
2962
5897
913
6327
4138
2289
93
2437
4402
4430
5237
1606
2814
737
3835
215
2169
1869
966
3269
4964
3248
2741
4821
2848
1623
1221
2597
1846
3934
5463
5498
2764
2271
4640
2914
4921
3380
2995
3123
3932
1801
4331
3857
5402
5224
2180
4697
2396
1219
3376
3381
3485
1831
3238
2351
1115
509
972
88
5393
5958
1685
4361
983
3873
1611
3286
3107
5015
5296
4943
4336
3908
3858
585
4998
3051
579
1609
2095
2984
1569
1426
5280
408
61
887
4612
3966
860
5858
3227
1899
1429
284
2339
3729
2946
3784
2968
570
431
2108
2467
769
2011
1325
4987
400
5377
5555
2168
2000
1989
4569
5748
4263
5756
548
2282
5601
4115
2151
4638
3359
3416
4159
101
6289
2665
1071
4229
5639
6389
5773
1166
3036
1669
2681
6105
4403
2292
5216
3246
4015
4491
2257
1690
632
1546
614
6350
4679
5848
3384
4247
5009
217
6212
1256
1351
2595
447
1286
6457
4648
1797
2934
2926
1159
3094
1739
98
4492
1979
6052
4699
1502
2266
6141
186
3770
4467
2405
264
3035
2182
5971
3055
3291
293
3807
4723
590
382
2185
826
1987
6270
3528
697
159
335
4193
407
3853
4433
4350
2527
1566
752
326
2194
5810
430
2248
1928
6412
582
511
4435
4819
2862
6158
2987
6341
6028
5113
5187
506
174
5177
1756
3551
5662
371
2876
4828
27
1476
4118
3268
6330
2535
2161
897
755
3364
3010
2429
2697
3979
1323
5067
2270
2880
1436
4556
3742
4252
2022
4965
1349
1463
4613
1472
390
3943
519
3325
5345
4719
1828
1019
86
3060
2646
4123
670
1877
5744
2853
4599
547
1932
2174
300
1974
4279
332
1946
2102
1738
2276
2669
6406
2581
5248
5229
288
1902
2841
1999
4577
1825
4623
4362
3687
6465
5934
5273
1199
6472
1090
5620
2142
3399
1326
866
976
1339
3834
5953
1631
252
479
3529
5887
3264
4195
4665
4190
299
3646
5226
3146
648
2701
4611
4862
1198
2673
4667
3496
3274
5353
545
4192
3099
2129
633
1809
5184
1813
1478
4251
4323
2919
6489
3310
5391
2175
1412
3998
3440
5484
2907
1518
4919
3898
6073
381
2634
883
3118
2066
5629
2619
2978
4442
638
276
1700
830
2777
3953
928
3267
4059
2389
2700
2363
1663
1662
3013
5263
6000
2743
156
5321
885
4886
4988
3471
3409
4626
2791
1206
901
3967
5238
5661
1191
4259
3204
1505
3215
4687
2757
3705
2435
4042
1721
6444
1345
2277
4140
4358
4464
2019
2922
1487
646
5014
2740
82
4381
5038
4954
2554
2833
5197
1581
3509
3135
3565
900
3366
223
6510
1728
1769
200
177
1100
5513
5195
4670
357
5903
5683
1332
993
127
5812
2267
2354
970
4306
4937
4590
1703
780
3150
5473
5494
2516
5659
5243
1480
3515
5475
4739
4541
1074
455
5385
3401
4742
4421
5259
1428
1884
2896
5795
760
2183
6392
4391
2393
6509
2500
3611
1964
1053
5770
2454
4392
4899
179
5697
5544
1830
2656
4112
3536
4343
3479
5201
3832
787
6529
461
3419
4147
2842
5262
2884
4630
5340
1817
902
5311
835
6101
5152
6114
3771
3293
1270
2025
5598
4772
1048
319
4534
3736
3568
4239
3927
6297
2888
751
6514
296
3674
216
3595
3082
4068
3975
493
6485
5647
6222
2576
1776
2078
3207
2336
5119
6349
4014
1539
4818
1633
1981
984
5215
5379
2234
4072
6180
5989
2572
576
1153
2785
5431
2446
5289
4956
773
520
827
1282
401
1718
4409
4977
4625
5907
5355
2157
4751
1267
1311
3704
4196
4385
3017
515
356
6413
1612
2197
2398
5694
375
2658
881
3823
2937
5035
3427
1400
220
458
2990
6081
1522
5098
1880
6111
2232
4257
2119
896
4244
386
3007
3141
2852
1061
5833
6001
3894
6204
6429
75
1553
4310
2176
190
1937
5654
3065
2519
194
166
981
5076
2645
3816
4495
2867
4812
1338
922
4393
3791
99
5708
1050
2731
1243
5212
291
1719
6106
110
3425
4875
4332
4366
3089
2415
2878
4220
1882
6300
5813
2577
2283
5529
435
1281
111
1811
5154
488
771
1265
4260
2233
2549
1745
324
3270
577
1766
5479
5100
3022
1901
5419
2433
3162
3222
5603
3404
2864
1563
3813
2319
391
4284
1292
568
28
5390
108
1273
4207
323
1094
4237
5711
1082
2386
4286
4376
6008
1257
5348
2604
732
3229
4384
3501
1421
4085
4698
2
522
3169
1969
2300
2203
2256
4942
5542
5211
5783
2784
2258
864
2809
2808
2684
4408
2963
6534
4672
5239
2794
5896
6056
6463
3884
890
1638
5968
3569
4105
3025
2493
6065
3044
4901
5142
2925
940
6121
5141
5415
3906
4135
5943
3064
452
6518
2796
909
6236
1123
3183
1799
1927
4363
3899
6296
2388
550
786
3575
698
571
5107
1126
2347
2226
244
2054
5057
6202
5316
2776
5398
5524
2534
2770
3498
1056
63
2349
3752
699
4753
2767
6089
5115
4695
510
2034
643
991
67
4481
141
313
4191
925
1567
3886
4639
394
6513
201
5881
5954
2468
743
5160
5985
5797
2362
2222
2145
876
2210
5745
6228
3186
847
342
4434
2112
5867
1759
1708
2053
4586
978
4148
183
3614
2082
4693
3500
4761
269
2664
1331
6288
445
4025
3090
4287
1176
534
2920
4019
5588
2522
2803
280
2641
552
1394
6522
6505
4606
2327
3377
2260
2359
1192
5780
74
4512
2617
6314
117
3132
4156
1091
5179
2678
2245
473
333
1513
2948
2132
1181
2831
3220
1017
3133
5185
2204
2010
2804
6146
2218
2603
30
4304
5678
1895
3271
4486
3113
4582
2953
2097
3554
2049
4677
817
5539
3467
4213
3750
6086
2125
4126
1142
2872
680
2075
1963
1709
1258
4520
6067
746
584
806
3936
2918
6439
5196
586
2423
4745
6037
4537
3265
2788
6558
977
2859
4508
774
6189
5727
3076
89
3337
3999
2980
3406
3535
2394
3211
1431
2687
4655
512
4280
733
6459
4228
660
2135
2755
3297
591
5641
1526
2449
5826
4067
589
2985
492
4647
5624
3343
5025
4489
1571
2591
4233
3091
1081
1225
6335
1163
1195
5973
1816
1432
986
5606
4547
4568
140
4036
2574
1986
5388
5876
2193
2913
3024
5895
3043
6268
1253
617
2377
2278
5103
213
372
4030
6135
4326
2186
5376
2973
5220
3254
2071
2778
3251
4373
1352
759
1010
2752
4417
1216
3373
5206
5583
3460
1531
5960
2422
5318
6148
4673
1779
809
526
1806
3137
831
4246
1889
5130
5430
2184
5304
1268
1549
5567
1955
2547
560
20
1057
4926
1763
2026
2285
6046
500
1619
516
3730
3700
3987
1444
815
5329
4136
3808
5928
2008
2279
3201
3777
4337
2539
3728
1141
6099
5646
4796
3905
2367
440
2274
592
3792
4406
2586
5811
873
3584
1515
3974
1450
825
2380
6045
64
5305
5176
772
1915
1941
3232
4947
4570
3445
1152
3923
2924
1814
485
6205
2972
2712
6014
3053
4294
2315
5375
4820
354
2109
3635
1506
3181
4224
1107
6476
1628
1485
5360
661
2582
3473
2476
4666
4426
5733
6354
4511
5636
3839
2152
1557
3057
5292
2727
3806
3041
3619
1960
4106
690
275
422
2780
4471
4202
3244
4063
3560
1135
2107
4197
3005
3152
4517
3848
6456
1607
1261
1576
6521
6244
2838
5547
5151
1276
2294
5791
1340
6283
73
255
5052
4377
464
5799
5420
2291
2887
5768
596
893
1732
5556
2058
958
2305
2434
72
345
162
4728
6
4651
726
1675
4659
705
2275
3104
5880
2718
3962
2836
6544
3986
1664
3008
4302
2680
3812
1614
2172
961
5774
5199
6486
5189
483
3014
3050
796
1150
5428
1914
346
4700
315
4572
728
4223
303
4488
4231
3199
5356
1327
2122
2123
5411
1489
1864
1404
71
727
4830
917
3847
2499
3158
6360
1833
907
730
1873
1301
4296
2959
1998
2155
3983
2915
1787
2281
2502
2126
982
4096
1973
4707
4297
4741
1076
2372
6061
5758
3491
2028
1551
1783
5424
3830
3433
5878
4217
5268
948
449
4933
1713
1866
5690
1632
5012
5549
6356
999
828
745
1130
3309
3817
5266
3747
1015
2482
2932
1786
5838
4664
4791
2385
404
26
2877
4283
5666
5439
2322
2655
1368
5917
588
80
3583
2834
4240
2583
1716
3772
3634
4037
1190
3249
3567
2414
508
2221
630
4801
3128
306
249
5784
2156
580
2003
4258
979
6004
1789
3314
5320
2236
3679
5467
4016
4117
4682
1214
1441
2974
4129
5330
6062
5109
5793
5976
1117
2235
2520
4678
4498
3622
2293
3503
4557
4
6547
107
2401
5886
3980
4535
5361
2473
3926
5489
612
6155
1820
271
3047
5236
5047
208
877
1562
1585
5845
3708
2392
3916
3502
4579
5704
3319
5267
1617
3197
2639
180
4574
90
2893
5509
385
2133
203
2098
2988
5904
2906
1073
3600
4709
2031
2153
305
1344
3564
2610
1361
5447
1888
230
4078
2749
4209
2793
5969
4282
1854
2451
581
5123
3357
6060
2667
6531
4423
3077
4870
770
4348
691
1980
160
5702
647
2268
3070
5167
3171
304
1896
717
457
3278
2662
4614
2341
2640
1796
2205
1620
3449
1009
2358
5409
964
360
5383
2951
663
4458
5217
4372
4703
1780
2638
2024
593
5457
714
4322
1761
5270
6402
448
207
2754
3372
4127
1635
3189
1248
2730
17
6144
1210
5600
145
1102
395
1277
4211
2421
3441
884
1733
5772
2038
5116
3781
2344
4558
5942
1096
3672
6539
2537
2263
1777
4646
2254
535
2758
5077
2484
1807
3780
5287
2651
5476
6336
33
2944
1250
114
6530
2593
5581
2215
4887
781
2472
2458
6446
4029
351
6223
1047
5941
3484
182
470
2361
2247
1827
4061
1630
4452
2928
2051
3126
540
6421
2106
5589
3577
3589
4134
5387
3237
4450
3140
5271
1845
5492
4234
3668
6166
3656
5144
3507
2589
3305
3290
282
874
4865
5936
4411
1275
1244
311
2795
2854
4436
3071
2798
2711
2206
3587
2426
3066
3683
5759
4721
2162
514
4793
1147
1540
4544
2340
1613
1247
3722
3673
6532
4593
463
1552
2044
5136
2885
3423
4628
4927
2475
4789
3111
6102
2666
496
5792
1559
2326
5158
285
1561
3093
3796
35
3963
5674
3228
521
5534
57
2216
505
2845
784
5210
1329
4584
1568
2787
2287
5493
1189
2384
3592
1049
1335
4757
2529
4643
2865
292
3629
327
1879
5597
4320
1165
4027
4598
2079
4996
1110
322
1052
4116
905
2166
659
980
4256
1674
3081
3127
3517
2775
3805
4201
2116
3224
4420
3354
4162
3710
5925
2674
5578
4142
4222
2751
2748
1760
105
6499
2087
2369
2030
2956
4811
721
973
1045
6029
1416
2875
1511
6361
4104
2202
2313
6549
3209
1098
5412
6071
2661
3755
1838
3432
1084
6526
5257
5095
5517
2462
1752
187
484
129
2976
5571
3590
5966
6324
1748
5679
3774
5686
2240
1934
1420
1560
3313
5114
487
3969
5599
453
5959
5213
6368
880
6516
2196
4355
5214
3642
5737
2935
150
677
1418
1824
5362
599
6030
3028
6440
6478
2483
4493
1878
4347
3301
1558
3951
5258
137
1347
4609
1234
2447
2598
6193
2797
5940
620
131
1438
2903
278
2602
2059
1683
4069
4183
4264
2265
1671
462
6334
2723
5026
3458
4032
1734
4689
78
3971
3250
5802
490
3363
1155
2631
4835
702
294
2628
4270
329
4540
712
1892
5563
2188
5935
3068
2310
4062
4871
94
5680
3424
3606
1722
368
328
6226
1209
1874
91
363
4379
3571
1443
5570
4171
1313
388
3855
2578
6124
3102
4093
2966
3978
5650
1656
713
2694
6036
5462
2083
2402
2062
4499
4375
5282
6449
2722
459
2999
5681
361
3312
1627
5442
5218
2020
5669
628
2360
3827
754
2548
5651
5540
5566
410
5688
2348
4759
823
4043
2685
4968
4119
2759
1600
2387
5170
1162
3045
3883
2138
1893
6002
1036
4566
5955
4529
246
602
4792
5358
6552
5712
4357
4161
5699
600
5309
4340
3608
1774
2342
4766
2306
3645
1570
5562
4882
6357
707
2719
523
4369
5625
4587
3263
1579
1599
3112
3505
6461
1128
5269
3280
1211
1054
3699
3369
5139
3775
204
4652
2789
1868
3356
4548
607
3429
1605
2012
813
2782
1460
1992
4278
2179
5507
5069
3455
480
5059
5459
79
4602
1125
1603
2943
2118
4476
5055
3514
1836
4788
2117
768
1212
2954
1222
4603
1791
1771
1702
1066
3760
688
1287
3615
5486
4755
3666
882
1984
3697
6090
5531
1447
5366
6358
1885
5623
3194
4400
3362
3992
4107
4893
906
3020
2023
4504
3676
4542
6326
4840
5558
2530
2150
2565
2883
2404
3558
2858
3350
3457
2676
4266
2045
2489
2940
531
6016
2846
5937
5796
5706
4114
3121
4329
5751
2742
5717
189
5998
731
2653
4218
2120
3652
4359
2298
1695
6483
6079
1132
1207
2840
892
1259
3398
62
5481
6276
3302
5104
1422
1717
3654
1040
5138
1208
2052
4380
491
5465
6375
4405
2217
3741
1578
3122
723
4701
2200
2181
546
3358
321
5290
164
355
2672
1067
4475
5851
1861
6091
5545
2103
2660
2366
2659
467
3405
6120
536
3221
3307
5297
2812
4661
4686
3952
1093
4951
5643
696
1547
1262
3956
656
3193
6293
1114
5418
2881
2637
1862
3504
2214
132
2104
1818
5495
4449
4396
2837
738
87
3702
2164
5043
952
5839
155
1755
903
968
465
263
2735
3682
1260
2810
2015
4674
5299
1512
193
5828
331
4414
2824
756
1200
3326
2923
261
4523
2307
517
4497
2592
2994
5149
3711
2165
3063
2947
6049
3388
2835
3009
5729
4090
4855
1644
3944
5438
5432
6034
3518
1740
2786
6401
1160
3266
3252
2960
2013
2033
5548
6527
2195
4130
2121
2478
863
729
205
3941
1038
2063
3920
5692
1158
5039
149
1077
4150
1853
949
6132
1138
5771
2630
4429
1477
4221
2017
302
4166
2611
1486
1119
3084
97
1064
2089
1659
3843
3526
5510
1
6025
1353
3390
3428
3431
3939
3165
524
816
424
2668
2869
3125
5990
2400
5682
2338
2618
5336
2570
2635
2212
1957
4502
2487
1051
3298
1590
4351
5514
384
5710
2975
1575
2761
3385
5673
5435
5283
3804
2160
1639
2512
954
1156
3095
2829
1425
95
4077
383
5260
1075
4432
5401
891
1876
5631
1742
3521
5451
1417
6260
317
5822
3069
778
2657
4265
1996
6537
1686
2061
583
1724
1388
3685
5222
3003
2497
2606
3626
4826
2766
4008
3257
5392
5993
4487
6018
81
636
1580
3439
4724
3864
1910
2882
3763
2308
2747
5596
362
1322
5997
226
6383
3766
2605
2088
2199
1658
2072
5750
4610
340
3154
1815
2154
3295
2094
55
2073
6536
1406
4758
1822
4144
963
2259
724
4738
380
4720
4903
1185
2273
429
4353
5205
2111
2346
1427
6021
5630
3304
2871
2873
4194
533
2241
858
6417
5632
1157
4627
1300
4521
4478
3334
2744
6525
1133
227
2899
3072
5820
4748
967
406
3795
6450
178
122
3103
4173
376
3822
2575
3739
2717
3545
3088
4212
1471
5957
750
4622
2144
5016
2533
1710
22
3621
6438
2971
1943
6482
4227
5734
3389
1423
5125
2043
2286
450
5175
829
3143
5604
5714
5617
66
5307
6528
4291
956
3988
1860
5072
418
4935
3751
2246
4852
2269
2064
1279
1105
4020
3200
239
341
3524
3617
2992
1083
3347
5166
5862
2693
5395
403
3877
5615
1610
4425
1841
5414
4273
3604
655
472
4370
908
3260
1572
1744
2746
4463
1554
6545
1479
4624
3508
5453
