3986
2754
4090
1149
3543
5244
5823
1623
3541
4472
2840
514
2533
4099
3625
4085
6331
1277
2051
6459
629
2643
5286
3943
2214
997
3750
5798
478
1231
5755
1309
214
5240
4086
2116
3285
566
100
4868
2400
3679
3524
4047
2412
5349
5797
642
5
4949
5363
3457
3683
6461
5885
1794
4799
4377
1964
5778
3695
5090
3406
4854
262
237
1010
4208
5108
1243
6006
4418
709
3520
5273
5956
6502
2143
6516
6520
768
1267
6453
6247
3949
4100
6106
4617
3208
877
5034
836
1030
2762
4136
2516
2415
2905
3875
2271
3864
6187
5735
6500
2897
3469
4329
5132
1343
5816
3846
4536
1245
3280
6489
6263
706
1366
6473
4878
4129
4866
2935
574
2456
6010
4612
3759
2096
6128
3686
1459
2964
6180
4615
3522
6297
669
4880
2689
5289
253
2750
5128
4546
422
5782
862
653
4425
2252
189
2392
930
3274
4467
6121
3416
4931
3641
5948
1117
5375
2370
6129
2270
282
2632
3015
5913
3958
2033
1265
5811
2210
1153
889
1414
2115
200
5776
3783
1012
96
2648
19
1744
3439
3460
969
3186
1465
5033
5418
3446
4380
4863
4338
2254
2705
2319
3723
78
2339
6287
6373
5670
5683
399
5594
3803
977
2811
2926
2917
2716
4595
2010
606
3532
3102
85
2408
102
4384
1176
2076
2577
2166
5976
156
4549
4980
5872
4118
3325
3725
1292
3466
5821
1626
894
6337
4217
4758
5742
3448
4011
939
4119
782
5437
6104
6477
3994
1108
1312
4457
3692
2295
3649
1159
5826
1055
6322
3632
564
4521
6527
2529
5206
5912
5920
2108
359
4921
3205
3270
1288
2402
4446
5442
1214
3664
2607
1281
436
4337
4430
287
3026
1113
643
82
6351
3324
1018
3152
1304
1782
3391
2481
2563
2827
1439
6392
4509
5426
2137
4798
1001
5129
297
6005
1039
2162
5390
3811
5156
4215
4392
676
5212
1544
3232
1308
1642
4534
4145
2913
4334
854
1172
5401
5533
2867
240
5625
2742
3798
5808
1739
2259
975
3722
791
5339
3226
386
2708
4496
5917
6184
4311
1828
1884
3968
6126
460
2591
4608
3079
1534
3876
6523
1757
2318
1798
4194
3358
2306
469
4138
5409
2865
762
1229
273
2657
4383
3608
2300
1670
4528
4340
3034
5850
1783
4947
5218
3048
4094
5538
341
6555
1064
5711
6266
1882
1375
2902
1272
5643
2296
1807
4320
2968
1192
248
1795
5585
4754
3991
410
2966
2655
899
226
3054
388
2081
443
2160
4409
2805
5766
2808
5849
2686
2378
1867
6400
6238
5990
4308
392
5139
2391
2129
2032
4912
88
6056
3525
5827
652
5659
4488
5210
179
4419
5444
6105
4929
2320
3243
2242
4010
1011
5865
1425
1142
5991
5146
2131
3843
2035
2169
2308
3969
6194
1863
5140
2004
928
28
281
5941
5243
1344
155
1748
6460
457
3375
1160
5653
4924
2717
1981
1628
4036
2315
1961
5963
5247
6445
6268
1830
5846
4104
243
3454
5381
2930
3329
411
5720
6014
1449
2685
1082
2696
3014
5246
2172
5587
4594
2083
1450
1711
717
4024
562
3028
487
650
4313
3081
1494
3586
4552
366
1047
454
4614
2367
114
784
6487
6367
4471
488
6550
3183
2937
1758
2141
1860
1854
2123
3878
5506
2773
4391
347
2723
1498
3844
2276
3731
1801
3813
6419
1166
4932
859
3533
5977
4254
3463
3988
690
1250
2118
6390
510
6257
3369
6000
267
4598
4774
3334
1497
1664
141
4933
5640
1491
2209
1485
781
4539
1454
2244
2888
5725
2725
5199
4461
5750
4852
4787
6191
3424
264
4487
4093
6279
1643
4415
5377
1777
970
2261
1647
3333
1403
2810
2506
6359
6302
1313
785
2236
1359
4339
3071
6528
4072
81
6341
2030
1607
2635
3912
1827
5299
2174
5241
3213
2448
1270
655
5858
5806
6078
2748
3179
2350
3387
2864
994
1129
225
6501
418
5447
4584
3181
4619
4259
4455
2353
816
3301
3517
3305
3366
2700
4475
2464
628
1446
2958
6490
4808
3293
5972
352
633
3573
1173
1352
3376
2206
2843
495
5697
1123
4214
2396
2170
492
3738
2580
6474
2234
800
5630
1259
4911
1092
2250
5576
6423
2346
3607
4018
5037
1062
6071
3432
1120
2745
6343
5318
1529
5306
2337
5341
5911
6185
1042
6002
4728
2098
5837
496
646
3371
3682
2073
5764
6117
6201
5284
3211
3536
4483
4141
1609
1050
5710
2727
4005
696
668
1631
6080
576
5598
2284
4006
4545
3856
848
6464
4621
3384
1255
4726
2200
4315
3845
5291
4562
4716
4265
611
2713
559
3103
5804
1508
5271
3020
5433
5157
3415
95
3797
4098
4853
4984
6421
4502
2567
3976
5967
3286
489
1881
5574
967
1994
5472
4438
5389
1443
892
2419
6064
1003
1220
1792
3605
3160
1357
3292
1422
3667
3150
5413
4613
3370
897
6175
6446
2570
2326
2724
3980
5094
4408
4406
4022
3789
6030
5845
3855
3724
4057
1280
233
3732
116
3507
1608
3144
798
5454
5457
1486
5105
4913
4804
3450
6449
1500
3760
2504
2421
4718
5292
289
5867
2248
5818
1885
5555
1226
483
211
4026
4460
1109
5817
1405
2826
465
1712
995
1991
2698
6244
1051
3982
306
5983
4341
2588
1110
2416
2124
1992
2099
6067
5111
4139
3495
4131
4777
6483
3169
1999
675
5918
4906
5748
1396
4407
1703
4725
4267
3062
846
5601
5883
1870
415
3126
6162
1413
6264
5158
1127
2599
3867
852
5589
1045
2205
1650
6139
2522
2885
5098
1367
3447
5860
3634
1636
1350
236
367
3565
593
1604
4565
1674
1136
5954
6507
290
6514
4317
2409
3363
4199
883
4402
197
2893
4796
5138
1252
6115
3161
4007
2703
1068
2198
1061
4927
1348
3945
2920
4416
5121
5385
2738
5815
1305
1363
430
4620
4591
5652
5144
5491
4557
250
626
1307
5501
5023
4513
1186
1447
1659
69
6458
2048
1632
4106
403
1361
2084
481
1736
3616
5910
1799
3380
1260
3287
916
1302
927
5430
1074
5269
1374
6294
3807
2644
3475
758
353
3853
3490
5489
4741
4028
6519
3377
2199
215
4800
175
2592
1470
2177
4602
6190
4191
1612
6393
4586
2597
6511
2527
2093
4144
1990
146
2829
2899
2863
5597
2610
2817
79
4192
2505
5805
4053
3277
3506
5973
3905
284
2324
2861
6426
4252
3687
1427
5495
2001
3902
5980
2139
3748
2684
4561
5201
1049
2828
4508
3497
5411
2287
5763
3493
6196
4014
4397
1297
1463
6169
5238
3142
164
4025
4527
380
6338
1605
1671
3276
1140
2697
3364
6499
6132
2652
4520
5739
5809
104
362
3837
3562
5272
4422
5035
3997
4061
6472
3538
1097
3303
4244
6114
1504
2693
4257
1084
4627
2848
2839
1317
3478
2180
2176
2286
4040
771
3068
5746
1438
4473
2191
5646
296
966
1875
4753
3231
4486
3618
4674
647
6361
4537
2661
1484
5929
3952
4427
6130
4607
5729
3315
1081
3684
2600
5149
3899
2382
5953
5999
3785
5057
2029
4499
1540
1824
1791
3615
3821
4410
598
5131
900
3908
3443
1404
804
27
5464
6327
5510
3465
4802
4511
4783
3809
5503
4948
1805
5986
923
4737
1812
4489
1645
6167
3042
4111
153
4101
2238
3494
3648
1199
4387
6110
1962
228
6336
5743
2715
3554
421
4221
1536
2426
3238
3100
186
5588
2743
2531
4207
3510
6203
1111
177
3584
4023
4103
3662
6450
1126
769
3900
3644
2707
2327
4219
3558
3810
1619
2604
6165
5486
867
4957
3852
3685
5414
802
4763
2338
2298
2560
6476
112
2089
1183
1797
4060
3331
4516
2393
4951
3639
938
5493
1635
594
2477
5707
3913
1174
1041
1223
1545
3989
1122
16
1079
4734
3587
3556
3185
1147
2279
6211
2413
2881
2268
5783
360
2740
4954
1236
5027
382
1099
479
474
922
3237
6551
2647
2910
4738
106
4986
6282
5095
4623
3419
3530
5282
3521
3831
1461
3172
1845
1215
1165
1152
408
6051
80
5305
2163
2766
671
2653
4451
5417
364
6052
3719
6318
2303
837
2014
3733
6178
337
4008
4205
1668
162
4112
2631
6138
1058
1706
5402
1151
6355
2362
4810
5645
6503
4082
110
6325
2135
5227
5722
1144
641
5534
5728
3096
6254
2341
3393
20
5347
2171
2838
5916
3675
2538
150
5595
5745
1513
512
4592
358
5768
5532
2352
3166
119
6371
3995
3425
1070
586
4083
5091
4253
660
6293
3800
4273
4915
452
3159
4268
3873
678
1376
4922
5058
5297
2709
4133
590
300
3514
1814
1543
171
6063
5477
902
5660
1983
4768
2043
5713
4916
4390
2121
711
2536
2454
2483
4445
3858
614
3859
285
5786
3784
5252
932
94
3539
1356
1737
3233
1457
5345
2039
1104
2636
841
4491
4052
1836
1838
6009
1669
5116
5304
5088
432
311
245
409
5654
5298
3318
604
3025
2126
356
1641
2418
1957
348
757
2873
4886
2845
3987
2965
1638
2847
1002
2634
4743
1858
4432
4195
4017
498
2601
2804
5407
3452
3718
1085
5453
4434
384
5500
619
6029
5367
5959
3745
3047
205
2598
5220
148
3901
154
4729
4441
4759
3954
5022
866
3642
716
2110
3381
6022
5639
1132
1181
334
274
6442
3747
3975
4326
6200
5136
6525
1080
1743
3215
1993
2256
6276
315
903
1091
4452
4386
3737
5752
3097
1194
2722
2714
1715
4811
5473
1960
1200
4051
2603
2132
434
468
1861
842
3072
4555
3104
6448
5759
801
3388
2173
5431
2520
1125
4558
1137
3606
1806
2924
5988
3221
1294
2869
5691
3089
2013
3693
5875
313
5344
2359
3663
2849
5774
6161
648
6491
5362
5840
1179
4109
165
3791
2803
6207
2850
2471
6560
3668
3023
1360
1644
4593
1811
2046
1347
3438
4424
5025
1488
4507
340
2502
906
2127
5886
2734
1479
3278
423
2225
2558
6428
5738
241
5404
2628
4019
3029
2184
3735
4002
5109
5606
595
203
3052
99
4401
2102
4587
6497
1355
5736
3236
3850
2747
5427
1616
3240
1658
6125
6451
3051
5200
1837
2085
1284
5497
2699
5479
2399
4599
2080
1071
6015
843
4009
458
4512
4877
5717
24
4875
847
5235
5557
4755
838
4000
361
6049
3652
2269
5118
5214
5838
3210
693
2880
2461
4107
4041
5350
6498
983
3816
3528
554
6290
3444
190
5432
3372
5469
864
6547
1987
455
6429
4806
6452
933
5572
3313
5120
2179
579
3851
357
4310
4760
2532
2201
4033
414
3297
2883
1052
3129
1753
301
1952
5575
3620
1037
1627
73
6344
4210
3310
3401
2266
6188
1038
5709
3209
1143
3105
2336
3910
4198
946
3651
3613
5405
2193
1989
4501
3162
3564
145
15
6111
3418
2463
2642
3689
288
5357
2272
5151
4258
3039
294
4069
3985
3338
2025
2807
6509
1276
2654
14
6070
5649
405
5791
5727
3177
1859
4414
6394
2660
2251
1402
5978
406
3906
3099
2904
1371
6301
3583
3804
2706
3717
1204
1702
5505
6534
2381
4585
2136
1257
5672
4067
1851
5465
6319
1178
459
6353
575
1282
1107
6159
2028
2213
3272
3430
83
572
216
2507
1996
855
5308
4450
5864
174
3012
5876
4370
1839
2503
1263
4860
1025
4478
2877
1013
2388
2245
5343
5564
6284
6288
4063
5378
2138
917
6479
3451
3552
4596
4494
5253
5706
1456
6081
2799
244
425
3808
3139
4030
1161
563
252
30
2906
6427
5421
3526
1134
908
6079
840
4752
5839
196
3939
5416
4589
4435
4004
1803
3383
6365
880
5369
5950
3672
3076
3656
2360
4522
3643
2310
3861
2514
1714
874
2215
853
5124
649
1675
2377
2744
971
925
1246
2662
2473
3268
6420
881
3412
1489
5279
5655
6258
5513
4919
338
456
1008
773
3013
1163
4463
2736
1416
427
812
918
235
1417
3961
3467
435
4936
5857
4073
5604
6488
858
4813
818
6469
6073
878
5498
5089
4871
3431
4989
2291
1193
283
2038
5632
5313
5371
2354
2764
2090
1398
2246
4751
2585
4982
4394
1822
863
5933
5698
2134
3488
6124
618
2961
2794
2358
1157
662
2513
1399
5028
5470
433
2765
1677
4075
4712
887
2285
3578
3978
4443
4374
3033
4812
6471
3674
1411
2918
4439
929
3496
700
5141
3074
3302
1198
1428
5092
976
1618
256
1056
4781
5310
97
5277
293
4530
2125
1426
2472
314
3055
5773
2222
2365
799
2384
2903
1780
4861
1233
1840
3083
6241
2606
6363
2264
5847
3308
2914
6118
3609
3134
2718
2398
5674
5661
2334
3222
5068
2823
1232
103
4470
2117
3022
5340
286
4332
4213
2564
1106
5415
5066
1499
5634
4216
5656
6018
3
4711
5137
2852
346
5249
4038
3298
4140
5861
4081
2587
5496
3247
2407
157
1027
4369
1538
2876
6274
5356
6112
6001
4456
3557
2596
3963
4669
2753
1060
6252
3409
2395
1141
3678
270
397
1169
1476
4529
1784
2509
3174
565
4773
5358
3078
5394
4134
2087
2052
3473
3487
3823
715
608
3501
582
2521
3067
1778
1787
4482
3304
3400
1031
2349
4154
552
3535
4794
639
4372
3165
5949
998
3610
3673
6323
3453
2510
6435
5832
5115
4789
3246
4807
4319
779
5749
1648
615
5384
6183
3559
260
3374
4375
3095
2257
6192
5480
4676
6360
6395
4551
5627
2371
1351
1412
682
5985
3359
1755
2323
5145
6291
701
4560
1646
926
447
1065
656
4942
2106
1296
5993
3396
2962
486
2219
1101
597
3242
6454
1212
1118
6321
5474
2841
756
2771
1235
3849
2569
3549
985
6120
1460
503
4333
5882
1624
3633
1866
2278
6536
6399
5361
1480
2741
5368
5944
1240
1440
5420
868
1423
1057
4270
1473
2122
5807
1734
6364
5740
3680
809
2756
5223
1415
5844
4400
310
5836
1501
3402
5142
2855
2317
3056
2297
5217
6333
3545
2000
5353
2455
3075
2868
4928
5605
1622
4864
2571
5123
4202
2772
2037
3937
3971
5337
5825
2480
6286
1421
1138
1781
448
5584
592
91
992
3309
251
3802
2629
636
558
911
6531
3812
5202
3456
1871
1436
6431
4070
176
4150
263
2866
979
4385
113
5957
2579
4666
1738
4373
1531
1175
1342
3434
5300
5314
3857
2186
3037
2895
5229
4990
1954
3721
1539
4767
1654
3699
2568
4428
1036
5209
2074
428
4189
1602
6234
336
6493
3801
861
6074
3365
3518
821
2008
3154
1162
6320
4055
1519
3317
212
4248
3101
5856
482
814
5934
871
195
5545
5651
3513
1217
3698
163
6348
705
3670
1542
5675
5942
2836
1196
2218
22
5222
4859
2042
3786
5947
4411
6354
5923
4096
3336
2133
4634
3560
1253
5424
3218
1320
5234
3206
3612
5548
1075
4917
1430
1492
1222
5031
1844
6164
4782
5270
2235
2450
3847
1073
3790
3472
5429
5566
5293
4978
2422
3819
5303
1746
5732
3069
3935
2729
4564
2072
506
5702
1625
2366
5134
703
207
895
3818
6496
6352
6177
4857
6518
3645
1269
4987
2833
1785
308
199
4715
683
1345
3053
231
453
1228
1855
471
1009
2379
1268
2050
4985
6272
272
2901
4923
1666
4029
1829
2182
3566
6277
5747
4746
29
5373
168
2183
4477
3580
3086
5544
107
2005
4464
4885
1809
4761
2608
1742
4538
5775
2825
5927
3838
4481
4879
4413
4934
1862
5067
4436
609
3065
3077
3979
5943
413
3168
2280
475
4500
4044
5879
345
404
561
3476
3527
1634
772
2458
1365
601
2406
261
5065
3234
2633
1747
6330
3320
4605
5280
6317
6233
2641
5657
670
1530
75
105
885
1100
4433
3874
5820
5099
4618
803
1505
1466
1289
4378
143
813
4135
3743
4034
688
5359
2343
761
2217
5537
3822
5723
3477
845
1054
6242
3862
466
472
1033
1525
2915
1834
4748
3173
2335
1751
3647
4193
501
3999
2165
1818
4077
896
3782
1177
1139
77
4714
3757
3981
1083
3754
5130
2704
5946
6198
3626
1468
630
815
480
3871
1496
1247
2856
4630
278
1434
3911
5790
6026
6296
3291
3629
2512
5880
2002
1873
2768
4137
4324
5859
229
4925
1188
5122
3148
585
4939
2770
2015
1754
2602
4952
3955
5696
444
4469
6362
658
3128
2875
1477
6457
2466
4325
6425
2751
307
6235
851
5570
6113
2846
3367
1021
1649
4035
6057
4012
5682
5580
4089
4955
4795
6300
1451
3746
6250
2017
3834
5629
5511
4946
3726
5996
790
4611
509
4553
2971
6270
4262
3136
1044
208
2095
2581
3973
6265
2097
13
5552
759
3087
3531
5030
944
2932
5997
5779
249
573
3579
4429
4776
6401
912
6271
714
4091
1358
4371
1224
4124
856
3440
1022
3569
3314
5106
4412
5455
4206
4059
2537
4080
2478
631
2368
5680
686
6441
1225
3666
1630
4907
5812
5869
1213
5483
3017
767
3156
571
2282
3449
2682
464
905
685
5908
449
1419
943
5843
3734
160
3965
775
6209
3244
5150
5781
5966
817
6370
5792
4731
1283
5038
875
201
4945
4021
1032
5482
4153
1775
2024
3385
6182
5984
2294
2769
692
5228
5602
1431
4260
5938
1249
6462
6060
1524
6468
5939
1273
4043
3426
5558
5204
872
3739
1000
1341
913
5024
3332
5549
5863
6512
2758
6439
1029
1086
6504
6173
5406
3909
3031
1959
89
90
2482
3018
1776
484
5425
412
4045
5225
5965
766
1823
3824
3483
4037
5955
1251
3582
5507
239
2584
6174
5802
4673
6136
1663
1833
3866
3328
1408
3694
1445
2594
5998
3659
2562
4881
2650
5294
1637
2302
857
5435
3835
3422
2207
6549
2309
978
4246
1020
4142
4149
1826
5147
4128
6019
5907
2752
1354
6557
4747
4604
5921
4381
4671
940
2812
3145
4331
166
1130
5242
5669
4398
5154
1865
763
4003
4633
6025
1515
3516
3398
713
2511
1793
2
4474
5770
1407
1533
2265
5348
3392
3411
6444
2007
1291
5211
3977
5603
3390
5471
4146
6278
3316
6195
4865
3575
2890
3959
1816
808
4625
4323
4744
805
5446
3035
3489
1182
5870
4046
5487
989
4316
2476
2960
4122
5676
5316
5968
4606
2405
3841
4523
1852
6485
5945
6335
988
6122
172
6068
4379
577
6075
2208
3540
2683
2305
5833
1424
5290
2403
6189
6059
2142
654
5563
1254
1207
2023
3248
4884
279
111
667
442
2834
1705
5637
5360
159
1035
3758
4074
2565
5975
557
2260
5428
4535
2712
1004
4196
1211
2401
269
5398
6066
793
2040
2884
5772
2178
2103
2112
222
591
3403
2959
2589
1158
511
5396
3669
5841
569
2019
5704
5302
2887
1349
3436
3658
980
3046
602
3038
3553
463
6181
5366
70
3744
1639
3581
2292
3021
34
4126
6328
2501
2380
4590
6065
2468
3429
298
4054
3691
2274
191
3653
3830
4197
3964
354
5631
5155
797
4493
5813
1713
5581
4116
4247
1287
5741
6562
2774
3271
502
1156
3571
2609
5878
3147
612
2886
1202
6248
3282
5346
4212
3080
181
4256
3576
3534
4368
6334
2649
4543
4855
4867
3588
4926
2701
2760
5705
198
6076
4979
5224
2237
87
2576
2429
919
5974
2332
184
4870
507
1998
4113
2894
5456
3482
441
6517
6050
5126
3947
2386
774
1662
6356
1154
3860
500
4603
3764
4540
6332
3389
2862
3378
204
4792
2637
6053
5803
1437
5119
3740
4312
674
2692
3339
5642
402
1516
5761
4263
1774
2912
5699
4492
461
5658
2813
2404
2746
6467
4495
3471
1167
755
661
3688
3756
431
2467
161
5810
3877
2844
4785
2340
304
3657
3577
5233
5315
4632
3058
2092
5245
426
4264
1988
6465
1752
3512
2372
2802
2465
5578
860
4328
849
446
3681
3788
2018
3043
651
4756
6285
4976
3950
3502
416
1271
810
3468
140
907
3394
1316
5203
1821
3914
5982
437
869
1841
4076
5274
3727
1815
3805
1877
4058
3131
4938
898
3132
6135
1709
5914
5922
6119
5093
2970
5758
3948
4910
3417
3655
2688
3322
2659
1657
4542
5248
3729
4941
2104
5059
1017
1741
931
193
5061
550
5388
719
3427
5062
4735
5801
4730
1234
5226
879
991
1796
3464
4515
302
3216
2333
3903
2586
3312
3555
6239
4485
620
2204
5852
4066
5232
4211
2230
3500
4710
1847
4624
4241
292
476
578
2605
5097
4775
4983
3630
5969
3940
2530
610
1673
4480
6131
158
5712
6432
4092
5096
351
6466
4723
3676
659
5551
3230
5994
4388
9
206
4719
4152
5060
3660
1170
5143
6237
3825
275
4740
2375
1115
3755
2573
1853
1135
2934
74
3410
35
3826
2892
850
1096
6204
6240
4321
935
3806
3407
258
3397
1221
1527
2021
1886
1015
2330
6261
1699
3420
6256
2578
1300
788
4343
2356
936
2290
5153
2907
6443
6508
4243
3563
3151
3551
5971
5829
255
3574
1346
4739
5579
2273
1094
3503
3519
5113
6368
2515
5440
1541
1278
3650
3863
98
4448
5562
4251
2299
5906
5793
5853
1982
2164
6166
3061
6055
1429
4209
370
2916
477
343
445
230
3795
2293
2860
3481
1059
5648
3283
4497
2188
3794
1869
115
4200
305
2228
2757
268
2711
986
6108
4364
1676
344
1290
3568
5478
6259
1879
309
6481
247
914
3848
687
1872
4042
5250
1148
1611
192
6535
2923
1697
5693
865
4519
4403
5733
1789
6210
1103
3529
2411
5152
760
371
6532
291
3561
5100
2194
3865
2329
2016
1293
1124
1005
1442
5439
210
6072
2022
3631
972
4458
5197
2582
5107
3207
680
234
5567
6061
2202
5365
699
1704
2387
3146
632
4977
3323
5756
4905
2526
2376
3175
5281
876
6524
2105
621
3368
1469
627
4770
2101
3480
494
886
4532
1441
6506
1072
4544
5296
2390
6346
10
2909
389
1955
1112
1201
499
5283
2759
6212
5730
5207
2227
5855
374
4001
387
1750
5397
1878
1832
1023
4049
5866
5795
3815
2077
1219
3143
5383
1517
5700
1145
5930
6179
5571
3041
6208
1444
2857
2175
6109
2091
1802
6434
2831
644
3275
4616
1069
691
3281
3720
2691
5777
5964
6397
5989
2239
3133
4559
4766
232
2212
6007
6345
378
3399
2936
3164
3220
2394
4440
5848
6538
6186
2420
1230
5677
280
6008
6260
1740
3060
5650
555
6028
6521
5591
2161
4079
1868
1652
3570
6003
5239
424
2006
4143
2258
5135
4420
710
981
4862
5490
5830
4444
5117
2211
375
4120
3093
1121
1510
3203
1410
4717
3337
3245
6004
4672
108
1205
3956
220
3319
2695
2508
4567
440
2229
1237
5110
1014
1373
5438
6283
1810
1105
202
1633
3073
2369
2357
4626
3373
3141
3617
5387
613
1197
4628
2690
5492
3665
934
467
1848
556
2719
5351
5231
5593
2111
4016
224
3140
1046
3621
5468
3814
2928
4525
2967
1698
1735
5463
2731
4524
5443
5638
2595
4250
1295
2374
616
3461
3567
587
5391
3289
1708
2071
4490
4780
2728
1876
560
2761
5785
4426
1651
5400
3235
3082
6236
1843
4132
1203
5540
2314
2385
169
5103
5355
1523
4988
3944
910
2373
5441
3441
1621
5462
4084
2453
5379
3792
2255
4389
3696
1026
6357
2797
1464
6486
3290
3421
2047
312
1864
5354
1155
3907
2763
6433
5703
1520
5543
1521
6398
5475
549
6243
3442
3499
1613
332
819
1239
6262
5744
5547
4447
5679
21
5834
6478
363
4245
5054
2304
4610
2687
3036
2627
3228
213
5951
778
1610
5449
5476
401
3972
3137
3241
5915
2289
2313
6281
1788
1482
5635
3752
4720
303
2247
3492
1846
4442
1314
5961
6127
1420
3636
6197
2120
4201
1164
4518
1116
5568
5701
4670
4078
993
2795
4431
1279
5762
6170
5596
3572
6160
2854
4123
3934
2737
1319
2929
3155
394
3470
6372
6326
5874
419
3180
5352
4417
1264
1298
1813
2739
1171
5312
4882
5317
4805
390
2908
3793
1187
990
909
1820
1506
4803
4504
4115
807
2646
3219
5512
182
5800
5102
2457
1953
4918
4809
1006
6347
1089
6206
1458
5715
673
2874
1483
3212
1306
1478
3627
4468
4327
5784
4668
6505
391
1656
398
776
5127
6369
393
3063
634
1502
3176
3523
2518
1286
1077
5592
450
5600
4130
5814
3491
4503
6480
5055
4609
2479
4071
5029
5981
2933
4048
3941
2267
3951
3622
6447
5148
4459
147
1958
3677
3671
32
6424
1448
4935
1078
6
3433
5509
109
385
1098
2721
635
6563
3382
1786
4095
1401
596
379
1528
3360
6023
1462
4421
4465
5087
4510
3335
1210
5583
3049
5721
2307
984
1526
1248
6440
5542
1043
6349
1433
377
996
71
672
439
4531
3661
333
6559
5410
3993
5992
1452
1418
4588
1880
5936
223
227
3094
5485
6084
3269
6083
2561
2361
1406
2879
2832
6171
3833
3326
764
5460
6530
6561
6522
973
3966
4342
144
4330
4505
5835
1614
2094
1511
5935
2203
5376
941
5550
974
1370
142
3829
5311
4526
3229
5599
6513
2474
6492
5573
2347
6340
4393
4533
5461
3458
6292
2240
625
3946
5932
4382
365
4376
3915
1817
5586
6137
605
695
5458
3585
3044
6116
6027
2451
780
5726
6082
1128
3504
1522
373
3508
6020
4600
2119
505
2312
704
5125
599
342
4631
1262
4065
3092
31
2837
1455
3983
4309
5399
2226
3751
6134
4335
5754
2469
4050
5714
4858
5673
429
4856
3158
5928
5787
1874
238
5940
4399
2640
3546
6526
4793
4514
5633
1537
1487
6350
6430
5307
1218
2806
1435
2140
870
4778
4367
588
3050
6455
4097
3840
2231
5877
1640
1131
33
2196
2820
4944
368
1053
5395
1749
194
1040
4271
3273
2389
1779
1299
1831
5342
2730
5541
5539
5684
1244
504
3019
3045
3091
1409
5393
999
2277
4437
5692
4261
4032
3024
295
4930
2216
1093
5753
2009
6021
6013
451
3942
2012
5767
276
4274
5230
2732
1256
1733
2726
6255
1206
4981
3646
4027
139
3870
4732
339
4110
5718
4151
1180
6324
5851
2911
1285
6011
2288
3938
1800
2735
5445
2187
3624
6249
5288
5925
2922
1617
2322
4336
2026
350
3548
4667
6422
5769
6275
12
2355
583
2345
4622
4466
1672
1400
1209
4255
1088
3379
4249
2475
4791
5452
1790
3016
3306
6202
2462
3936
178
6133
6475
5536
3167
2232
568
3437
2931
3311
4736
470
5434
3239
5221
2749
1507
3998
17
2957
4453
1432
2798
5546
4479
2822
473
5535
3749
271
3040
485
5577
491
6436
1090
3544
6533
5436
553
5780
6494
580
3330
1950
2107
2075
3170
4786
4242
3511
1146
2189
1653
2342
5842
920
5831
581
584
3435
1474
4750
888
1665
792
1102
3690
3030
1997
3171
395
1481
2041
3227
5319
1242
3064
5569
2031
4506
4114
3996
4484
151
1191
2011
2082
4601
438
2351
3361
694
1984
5467
5295
1453
2796
2241
1150
6482
4454
2253
5026
246
152
335
3299
2559
4275
5392
2311
1700
6510
3832
5824
2809
3537
5412
6107
987
4015
5731
5641
5716
5553
1819
6193
2109
420
1238
2410
3742
3204
3090
5958
638
5952
1195
4117
3787
118
4762
3484
2871
567
1951
3459
2818
2814
6163
4874
5237
3414
2036
624
1804
1849
5423
4220
4727
589
3753
3827
381
1701
2878
2528
3214
623
4801
2702
5788
5626
783
1190
1185
5926
622
1
3321
4318
259
462
5364
2535
2858
1857
1318
5056
2896
6016
2557
1133
6391
4550
3479
3970
3428
4266
663
4749
1028
3962
1963
1514
1835
5382
3654
26
4872
2972
5884
3106
5488
407
4102
3505
4068
2815
794
4908
2800
3362
5970
901
5403
3638
677
1076
657
5796
5819
4218
5765
4769
2428
3413
4449
2197
5760
3217
2821
2078
5854
1274
891
4721
1471
5554
4365
640
3799
3445
5757
2301
551
4121
1119
221
2190
5582
3611
6556
4757
1241
2427
820
5995
2870
4790
684
11
1311
6024
2113
702
5208
4950
5451
5133
2973
708
1620
3854
7
185
5502
1509
3223
2262
4498
4541
5219
5198
3386
1710
4204
188
4956
1168
2414
882
5556
149
1603
3284
1364
257
6529
0
