6223
4278
10024
8195
7322
10
12722
5546
5066
1039
6199
8073
4090
5995
537
9430
5816
6825
12116
2443
3995
9965
4601
10168
9688
10948
2987
12372
9043
9128
2024
1497
5687
13140
312
2275
3479
7283
1427
6680
12772
13000
6508
11867
3169
11339
13720
920
5399
11915
12973
8635
2138
550
7795
4306
8181
11793
10344
11959
8984
769
4551
9524
853
7746
13332
2200
9853
8823
10378
8574
6759
9444
13591
9030
8607
13095
1734
8703
5587
1996
9841
477
1058
8513
4994
4905
9969
11422
1579
2878
10208
2892
4707
6910
6823
624
4055
5097
9036
11849
164
4561
11107
3973
12197
9970
2745
8560
4497
6204
13009
13808
2671
3333
7823
7458
13264
3369
4940
4525
3334
435
7405
11162
321
10545
1742
7653
10940
5538
3263
12998
10763
3992
10771
4422
4869
4923
1839
9092
3980
5844
10491
7466
6285
8443
13003
3078
5051
9717
454
1126
6530
5319
5801
10173
4917
6827
13175
3350
11929
2122
11429
8564
12430
956
8749
9881
8608
2292
220
271
4944
2258
2339
10093
6129
7726
12753
8974
8463
1636
8163
2399
5960
11302
4586
6765
673
4678
13084
9822
4511
12513
9904
10326
2030
132
11675
4284
4715
6554
4501
9134
12074
10690
6841
4582
6145
5083
10402
4462
9315
1998
7183
6922
2003
9694
1011
2839
4053
9459
3221
1754
10821
7126
3143
12391
8206
7339
754
13290
11853
13827
737
10468
1685
373
13687
494
1975
5032
12731
5376
12073
11328
9617
12134
3858
3473
3282
9649
11204
2444
8052
2569
10581
7387
10861
3025
9386
6520
11942
11565
3386
5766
12317
13730
6906
2827
2327
13585
2273
11208
5725
13521
2438
58
5502
2585
8358
3614
7050
10313
12756
961
5580
18
7357
3897
2842
5084
9280
11115
5749
2623
9727
6438
1550
1101
3771
315
5811
9745
2178
555
7989
802
10729
10395
8040
10294
7325
4894
4962
11975
2316
7518
11338
13155
4425
6245
5128
3017
6389
318
5369
9954
8075
4128
11855
3112
3289
13397
2601
4911
3813
6999
13726
2591
1948
4686
3626
3523
10582
4087
3203
870
3610
1512
2972
3202
10906
7617
6207
4217
12055
5185
1915
5799
11561
361
10137
213
4639
9148
64
4787
10298
6661
11001
11012
10674
7925
471
6962
2028
5523
7493
9684
7903
5431
13045
1841
3206
12048
2824
9710
12804
2655
6820
1115
9361
12823
8309
11949
7295
6537
10831
2793
12489
11471
8287
9615
1746
5181
13453
2324
12622
13307
13696
8803
9252
8369
5448
1135
5463
453
10275
1695
3691
6857
6504
1666
8810
817
5374
8543
5888
3318
1845
4453
73
5016
3192
5039
3398
357
677
7377
6114
9513
12934
8763
11760
13562
6602
4073
9212
130
3052
12611
8334
1529
4687
1505
910
1173
708
1897
4304
5072
7259
9232
6586
10637
10412
1130
12456
11795
8201
10143
1544
242
13514
12386
9885
391
2588
10187
8410
12113
7025
4348
326
5647
2190
8904
4394
1145
8005
10322
5012
13315
4008
10964
10337
3041
13281
4428
1676
6696
12276
8758
10997
3230
7465
2272
6260
8291
4927
2587
8304
788
4071
148
8399
7503
11953
4556
8535
7311
10898
2288
8437
2590
5531
1435
8236
1756
1129
7894
1834
10910
11563
10454
5230
6858
11464
3128
10486
4690
12305
3415
2863
8344
11526
9209
3332
13761
12297
12071
3602
9312
10490
10261
5236
10285
5353
10104
3597
12221
6992
119
7565
4764
1112
7460
9382
5455
12401
9806
11389
3921
1753
1487
6034
809
721
253
12280
570
470
6931
11769
7064
10274
5406
8827
4602
10549
5895
13839
4970
3997
3629
10849
1979
10805
6375
6509
3244
12103
7385
7366
11748
8632
1516
13657
9541
3786
6259
5518
2843
13592
13600
11017
8955
10038
5649
11825
8683
11347
2866
4038
386
4145
4783
1601
12498
6638
4117
8549
8003
509
996
11541
11732
2111
12448
1159
1965
5124
12872
12922
1014
10820
2858
12522
11837
3139
13314
8619
5451
11089
1298
3385
6553
4507
6899
2297
6030
6518
9431
7448
1345
3971
7485
6670
8579
9396
4044
10644
6751
10384
9736
4197
6780
12400
1154
12955
10927
12369
5388
10204
4803
13074
13474
6701
1546
9802
13312
11232
8231
9417
5685
606
4901
897
7583
8771
8255
3802
13844
11690
11581
316
10902
9203
10812
7792
5302
9699
10843
6768
1774
8034
11911
2990
1098
9322
3060
6803
6077
10703
7471
824
1271
1049
7078
5832
11895
8562
3373
6779
5047
9494
11357
457
5917
9158
1093
8894
5702
9001
11124
13593
10405
204
11063
2755
3368
5604
4485
3954
6120
9017
4742
11251
2717
3122
8296
11632
7876
13275
4908
1496
9440
12099
6432
13502
4868
4906
3593
1768
13520
9334
8539
10014
11861
5422
10169
5789
9690
1862
4791
1137
599
7079
11190
6186
8706
7178
11411
1995
9046
6974
369
12464
8141
2577
3488
1150
8734
9484
2034
2970
8655
11766
8819
7473
655
2748
4932
8720
742
11221
6900
10661
11738
5753
4796
9632
7145
4460
8569
9111
107
8760
516
1224
9053
934
5387
634
1042
6394
1969
9063
1662
3227
7129
11668
7416
7843
9009
9362
10342
7160
12610
6063
12958
12202
828
948
2185
9891
2384
11075
13235
11078
1698
12525
9169
5256
12840
535
9858
11000
4309
2164
8863
6257
7625
7664
3718
2687
3011
11572
5978
13791
7077
9202
9715
9782
2874
3594
2881
2538
10724
9411
6387
2723
11520
6988
13714
11985
9078
7358
6653
2879
9199
13735
9241
11971
2898
11684
7957
1480
13092
4218
10234
3993
10300
2390
11258
8274
5645
4847
11761
3162
10686
4674
13602
8714
7137
5902
1574
1482
3422
11045
9049
9940
5515
8264
4770
4455
13646
12636
1035
1419
12512
3803
12121
11004
1824
9872
3600
6378
5457
13229
2528
800
13381
8120
1942
11082
12253
2929
11333
4878
2645
12698
2776
6369
8566
13651
9630
12285
5514
9107
10789
5474
6576
1804
9830
10627
9208
2904
3942
8647
11154
2188
12570
8232
9605
10073
12620
12761
11106
1305
12674
10259
554
11156
3636
6567
7093
7646
1398
11955
9555
4625
12503
6925
10278
775
7101
11219
746
2063
733
3549
3843
13179
12457
13371
5444
8711
9122
4757
10353
997
10311
3228
8039
1711
10579
10649
4935
6822
7573
4183
7828
1789
12038
8456
8038
6355
12205
13545
12683
5327
4321
8440
13518
7818
4319
7950
8178
8886
1003
2493
6314
11600
12327
11462
125
13796
10606
7402
8024
10205
4575
6158
293
7030
7851
4133
4168
1322
10084
12848
2104
2076
6009
1672
2391
4377
1254
8276
12577
13425
5002
13799
4245
11372
5183
5015
12474
5209
13153
2821
12058
7793
3439
7246
3744
13816
3291
12230
3273
10003
10931
1681
5510
9529
7136
3647
8114
6069
10965
6210
5650
2800
886
3216
9445
7981
5690
10605
5328
9360
11341
3982
12978
11836
13567
3412
3229
7045
8795
5486
8983
10354
12991
6744
13007
12781
668
9249
3104
3957
5600
1541
13760
2226
11554
241
7084
12162
5850
13048
3526
5300
6305
5272
10255
1875
9397
11239
792
10955
1404
4229
12486
4234
9214
1736
1423
11475
8425
6729
10423
12598
4047
9966
8014
11966
5407
12315
12012
4918
8466
2554
7024
6430
8964
10827
190
8239
356
1470
12083
12087
10072
11290
173
5773
2971
8611
11917
11440
3418
4463
1894
10556
8121
6150
6819
10903
3534
10131
2355
10589
11648
11113
84
10421
8818
2137
1898
11637
2730
11846
2394
7527
4082
9379
8049
7612
12214
11376
10735
6084
5880
7338
12028
2442
2994
640
10246
6029
7499
1542
11267
12298
3687
2448
10764
11459
12889
11460
12392
8364
486
7232
13549
1669
4554
11720
4968
12481
7847
9590
12237
540
10420
4609
11898
1038
5131
1688
11630
13020
11191
8498
6694
6279
7396
2387
1957
2254
2507
13658
2882
2733
2907
4950
11123
13079
10096
13537
9349
4830
4616
7833
2626
6254
12258
8791
11751
286
12185
1699
11979
7340
7091
10374
9938
1583
13748
13413
6256
13284
13387
8746
8482
7394
6627
7066
3914
12701
2642
13843
9679
5613
7831
2750
2964
2789
7960
5279
2
9582
10844
3135
13423
749
6125
6663
5011
10035
9921
757
4213
13408
10192
13517
184
3651
7046
4685
3562
8355
12359
8136
1316
5847
12754
11633
4799
13486
13388
7262
9188
10870
3118
7359
446
2982
3824
13793
7069
12054
4722
12150
7979
4760
3668
4443
12629
13804
12152
5213
9978
10262
9288
7599
4446
5981
7447
8989
3284
10883
671
13856
74
1642
9758
11108
6889
5970
5219
6266
4236
6648
6849
1494
11056
4963
8470
3937
4368
10795
1914
9210
3892
10147
503
8419
5661
8460
200
652
11746
4604
11981
3290
1723
2566
8377
11435
1971
8408
6327
8954
5654
5440
743
4739
5021
11272
3844
11246
9279
5146
2410
7058
823
1991
12423
13411
4816
7813
12511
8616
12608
11199
9997
12584
11539
3949
13105
12659
7516
10743
11902
5432
10711
10167
4097
11354
645
4191
2305
496
11909
2652
12471
10218
12709
9375
4614
4520
2957
3324
11382
6426
6255
6950
2078
4165
4216
455
9877
8517
12990
11582
6838
2734
13669
5635
3599
4251
12721
8107
8404
1720
11405
374
3870
12648
10619
11410
938
4899
7992
538
4709
5168
10715
3621
5609
5822
2531
4110
5700
8783
12613
3185
1153
10289
2315
5382
2869
5540
6135
2847
5714
4403
5553
11360
12992
4581
12186
11887
10852
11178
10841
9602
8651
12243
10270
5364
13162
2738
1578
281
1877
8776
2888
1825
6736
13762
6100
10688
11701
13180
144
1133
13424
530
1640
1566
3735
3103
12540
2291
3130
5189
12660
1408
2665
1190
2674
12565
11868
12108
2541
2794
2759
2317
9886
7699
2712
10825
9289
1315
7115
2726
9346
4591
5877
7367
5221
6122
3010
4226
12273
6104
11531
10200
1933
8444
3510
8279
11176
990
8066
13222
5603
3714
13037
7488
10317
5757
98
1184
8761
8730
10726
5473
5638
5287
5367
11562
3208
10340
4607
10547
8305
633
2728
12917
3763
843
2558
1339
11260
7964
9091
8670
10057
1906
10470
2902
4829
4732
1209
13526
524
4672
1317
4835
4254
4702
3605
6014
11590
11452
12896
4058
6584
6790
10526
11655
12749
6452
284
12008
2364
8045
11812
7306
4797
10749
5380
5201
4987
8116
3874
10740
647
1586
11073
3778
2025
2418
9810
2773
2223
13603
9521
6060
7280
2701
8992
2884
12560
7835
5459
7100
6815
975
11318
9089
6647
12536
6916
1507
2937
8074
10594
9729
8280
2672
5261
2704
10126
6343
8053
2825
3893
6787
2815
5255
2476
10783
10759
9890
9003
101
10677
5494
1576
6016
2897
3951
561
2508
9939
1117
5069
13378
5991
4239
13370
12272
6641
7540
13499
3932
9449
3088
4815
8025
5982
13768
11296
542
13400
1189
9151
613
1301
9548
5372
7804
6372
1856
12810
13815
10028
9018
2534
4573
12576
6436
13333
3821
6478
11857
11084
7124
4659
6996
6665
6926
2228
713
12771
3988
4035
13019
9852
12262
8934
5717
3134
8874
13678
1565
9762
6390
1481
4180
1143
2618
2089
12288
3648
11327
3402
7987
1451
4972
13574
6167
7333
9085
9654
12376
7604
4019
12084
11493
12257
5675
9563
11476
6727
3850
9222
13635
8908
12239
4286
1974
7572
9291
10198
4958
13259
2547
833
6463
8423
10383
3669
3127
5460
5633
8156
11295
12691
11060
1231
10588
7320
12088
13272
12841
1805
4200
13736
1057
8545
13360
9497
11140
4806
7001
13613
8381
7479
10803
1136
3934
13395
3817
8764
5911
11110
5005
9931
327
2666
1524
5336
9770
6635
9328
1304
11102
9672
11450
9282
11518
971
7613
1095
4596
2946
4559
4356
4818
7811
10237
7417
9851
2345
7423
10472
12638
988
794
1352
9173
10235
525
3962
5268
7364
10452
1858
9317
4465
4774
6236
12507
7896
12708
9026
9035
8382
9924
9251
4102
2430
379
12664
3991
8189
9549
8117
1170
4113
3657
7109
4323
11997
7013
13004
7467
6621
770
8324
3639
3031
5676
224
13671
10321
3109
12351
139
10002
9345
5819
780
9343
12059
3828
1792
5086
6013
13283
3978
4070
13746
3956
12174
968
5756
5931
12081
6757
13308
4275
11424
1030
399
6700
12555
10281
285
7850
553
11519
6633
4498
7936
13773
12226
867
11271
231
11733
4100
10335
2260
3704
5299
3240
8601
160
2249
2647
10238
693
12279
7616
9780
8071
4208
11745
11090
12583
11408
6239
3304
3187
6804
5379
10616
10016
13285
6964
6270
10181
7844
7919
7203
3008
6059
126
267
4713
6920
6533
5959
6299
10207
10836
2530
13401
9224
13550
9896
6092
13488
277
11878
6868
12346
1176
4103
7388
6354
8403
1982
13201
9719
13542
11535
2965
9428
7349
4767
380
10658
889
3543
13573
8960
4127
5505
10949
7090
459
10283
1826
3552
9498
4296
8048
12000
1410
5292
2133
9097
2695
9507
5949
4996
2509
398
5618
7067
11646
4491
6913
3274
142
2213
6715
2628
12839
6042
7530
2620
6527
2801
5135
13642
4375
1627
13500
12735
674
4065
1630
11642
4883
3670
7063
6669
7411
3720
403
2853
10403
4322
1350
13685
7552
5307
3089
4546
3915
383
5665
2956
6408
2415
9470
926
1549
799
5953
13586
10435
13531
1675
3236
10618
7953
9234
11814
12537
510
5694
13812
8615
5737
4588
1018
10092
10900
1202
5415
6847
2923
13788
7380
1131
8205
9756
11759
13255
1964
3378
13821
4784
844
5289
8743
585
2615
720
3077
449
1966
5466
12368
11054
11431
7621
3842
2481
11415
96
1738
13597
2852
94
10130
7531
5304
3692
13068
9912
11635
11821
7422
2828
10114
7096
5049
4157
9804
9847
13310
3301
6172
10443
12755
12723
11735
7605
565
6401
1599
10229
6987
7272
638
1614
10824
1626
8524
9526
5800
6377
6835
8006
9403
7871
1265
4694
7716
10485
2069
12983
13124
11852
12380
544
6073
13723
194
8505
11930
2718
8953
2993
9069
10355
3178
1344
9537
4903
13797
170
5602
8911
4798
11146
430
3423
992
10731
5308
11028
9825
9054
541
8837
2163
7029
4317
13433
6810
13292
2406
12132
13257
5881
4215
619
7990
681
9167
10480
6722
3480
9045
2086
11513
10826
7977
12996
3352
6045
9811
9589
9956
8723
2870
919
5401
1446
5428
666
6724
3701
12949
4095
3455
12676
9815
3723
4260
11095
400
958
3451
5117
12926
11375
11442
5637
489
389
1909
5963
4305
1918
2744
469
1674
10635
4914
5430
5281
6800
12013
12142
5480
9357
12127
11549
5679
13016
5869
7803
8134
2262
7154
3559
13711
2654
4647
6188
5663
3493
10460
7590
11686
5282
13053
13467
892
11560
3643
11235
11883
4997
2484
12035
9451
3795
11780
12618
1474
2311
8037
1606
8533
1405
594
5129
7350
533
1857
881
7618
4612
8200
9517
10302
5653
3535
140
7709
2147
9213
4043
4822
8768
7192
3183
8780
10721
8313
2142
5324
413
9711
7365
6344
5507
3034
2242
5338
9823
7496
9990
7544
4890
6730
8668
5984
251
11818
7932
6832
12634
10505
5074
12663
11142
4175
8980
5776
11032
2379
6970
12010
12006
5220
1065
3883
6323
6190
4444
5641
6521
6788
13080
10459
2624
2614
9240
5458
5036
929
11467
12742
4967
2167
3579
2045
1303
1462
7430
6662
6842
10031
4083
4302
10211
3129
7819
9692
13581
1356
6573
1786
12673
9511
13731
12796
1294
1124
13606
8096
12544
6118
4022
11922
9260
12137
311
12879
3329
2462
9601
4352
4624
11611
628
7744
4711
2098
13005
12120
6649
10934
2150
5868
6855
11674
10159
8555
4981
334
6258
13188
4342
7296
13450
13041
3311
2848
6309
68
6296
6538
6624
9117
11449
11227
2033
7671
7185
1323
12650
5629
4557
12591
13860
4650
3513
5634
2486
5395
5861
2651
3649
8013
2716
12455
5273
998
12290
4844
13098
8829
8212
7576
9183
7772
9757
2920
7728
12294
1794
8532
8831
1360
8461
9140
4745
1375
2604
11147
13647
7132
2051
8284
9242
11938
658
13386
12678
4252
5041
13212
3264
7580
6711
9734
1932
3419
10822
3207
2583
3631
11739
2367
3852
1278
9572
7226
8591
7783
4864
10636
9413
1806
5358
8839
4548
7335
7722
5829
9733
3004
11781
8979
1161
3861
3990
2661
5660
12003
4419
3257
3517
3080
195
8050
5222
7156
9384
7917
2713
5723
12161
2102
3624
6872
3782
2891
11463
9116
4187
2731
11508
4438
5772
12422
9365
12916
3255
13076
12789
8375
5605
13694
9385
1597
5438
13219
9570
1719
875
2559
9580
905
4326
10416
21
12808
10388
1696
4257
9515
8265
12774
931
8901
6405
10739
4069
7413
13077
12247
13250
1307
3725
8737
7550
7267
3964
1277
4130
8969
11522
12538
310
7218
434
1390
9170
11699
12164
8576
1945
13561
9844
10647
641
3198
3713
5426
13479
7336
11736
5796
724
3156
2740
1151
7597
8487
511
2978
10301
4619
304
13833
11177
1475
8235
8199
6099
4295
5056
7010
1889
9160
5848
7081
9695
10718
2889
9596
12429
1499
1467
1123
1269
1230
10522
4059
11171
2278
854
4652
2818
11681
723
381
9129
13472
8343
5837
12651
2561
531
2232
12765
4721
1673
9178
13151
7483
1357
11008
13527
10972
2787
6505
3583
10988
9248
2485
6025
2047
6083
12606
2865
8966
6516
5311
8283
985
8680
9752
13032
8712
2250
9060
4862
9499
2837
7861
464
13343
11790
5350
31
1458
13440
6386
6877
2749
8263
2195
13103
4214
7644
8945
5024
7824
6814
6192
11211
6021
7372
6883
10272
6878
5408
12348
12037
1373
6723
1582
887
13269
13675
12890
5208
217
13111
2431
93
1687
7026
1175
2996
10877
10178
12097
10338
13664
2669
12911
7337
7954
12361
8157
10100
884
6990
7963
5741
12046
4259
3743
5278
2947
8086
10067
3012
13073
7897
3090
5433
92
3209
7785
3408
5147
9025
6384
364
8896
12211
866
24
8211
6442
9937
1177
12080
1333
4324
183
2411
6481
13224
7849
2555
8659
7176
11293
6140
2056
1163
12210
11757
9305
10981
9402
9889
12419
3478
4242
11218
2175
4379
3755
5640
12846
9087
6110
4085
11528
9642
4132
12268
10154
2563
2246
6391
1082
536
7009
1370
2568
11926
3425
2924
8032
1743
1247
10874
2000
847
4139
5166
2060
5733
13609
8717
7866
10190
6772
11181
1157
957
11314
5894
12718
4387
4378
10481
7012
4086
13770
3174
6801
2116
7789
6040
5503
7601
3046
12323
3728
4946
2073
11704
12970
12561
2774
2091
6733
3848
3838
12883
7276
11610
13060
8986
5545
12075
9502
10809
6940
13296
3110
5080
734
9047
12802
1809
13167
2975
4937
7922
10551
8022
8880
6605
11813
11229
12231
6895
3042
4357
962
7270
10516
12705
7686
8702
5149
9769
12838
10536
6338
2715
5937
8176
11490
9374
12062
12333
6839
4683
13496
7314
4728
7495
11325
2001
2949
10692
5059
5233
8226
13801
3283
8209
6941
2505
7098
11071
11332
706
1210
2451
8348
12924
12067
4099
831
13156
3413
7928
10896
4775
5446
3808
392
5940
10736
3359
9243
4297
9496
12252
9250
3432
6356
6050
13792
12982
226
3275
10886
12077
8674
12997
1815
9264
5078
7393
1749
9426
12233
7230
10634
8583
9021
4292
8741
12238
12398
6311
10248
2935
8774
2349
545
5695
7690
2575
942
977
4451
10139
12594
5532
13119
4736
4193
4544
1667
11660
11556
3210
4744
4832
12461
7966
9276
13553
3382
8262
1274
1447
6326
8883
11634
2369
4731
4241
4638
8595
6699
10639
11567
12050
1686
4355
7404
7251
12719
4484
11165
11619
12910
2510
1384
9147
1383
8159
11986
3355
13463
2372
6360
1374
12119
5736
12295
6400
4301
11365
3474
3278
5526
903
7184
9316
10614
3160
12378
12596
9860
3557
4649
5020
2500
2681
3459
13260
832
5343
12764
13282
3588
10709
13389
7806
7661
1567
9691
146
11144
12426
9748
2519
1088
2543
13052
4974
816
10135
11201
4258
7128
1299
1935
10941
11511
6138
12682
3572
5062
3940
2871
8133
11770
6685
13331
4282
10651
13366
4231
11662
11862
5132
12800
12531
12832
8890
1866
12894
3082
8430
8293
13354
5835
6890
8620
6529
3168
4769
4824
10775
4042
11730
8421
12645
9303
11026
10217
6743
939
7180
2417
3696
8722
13280
6286
317
5754
5727
10816
3186
3536
10009
7687
7027
8063
10058
9899
3073
1950
3953
7877
10998
5712
4365
11196
7407
5346
6960
13491
7286
9235
13547
7211
3363
4166
2276
4978
5232
5651
11166
8260
8913
1737
10781
605
9878
4185
10842
6056
2752
8785
13510
9027
5114
1255
7224
9907
7120
9175
6740
12897
9492
2795
6719
6230
9267
7453
4121
5957
1236
131
6095
7245
13435
8208
13406
1783
8215
6575
10727
3849
898
5550
4156
9869
7293
4523
10857
8338
7053
6978
574
11413
7705
2662
8900
2388
7106
5413
13377
2817
2343
10493
921
1917
3028
2973
3518
5437
8441
650
13769
6718
7344
8704
233
6124
3679
8572
1029
9337
2979
3719
995
907
1573
5689
1605
3812
4063
6863
5260
5956
11083
6830
9983
3561
4056
3018
3736
4313
2210
11297
8122
1503
5403
10215
6510
3200
13220
11038
10818
3124
22
4089
12801
1353
13190
4120
13231
11044
5557
12217
8383
1980
2400
10471
13137
12049
9554
3968
8731
2380
9124
7086
1213
3999
9059
5007
350
4382
11046
10737
8085
6612
11722
5169
4171
345
9658
10209
10323
2487
3039
372
10980
12318
725
8531
2960
4750
8738
3446
12563
10199
10182
6702
114
4439
6090
323
10434
3689
150
6932
8245
3027
9168
5060
11927
6128
5106
2969
6019
2128
5375
6447
5906
3340
7571
11834
8571
3681
3578
7437
7535
7619
9618
5377
559
13817
8148
1716
3796
3220
3287
6786
813
393
756
1885
11270
4896
10156
10959
4081
13015
2678
6155
7891
11068
12582
12551
5483
11744
138
1836
10633
12016
2840
9319
9620
6574
10375
945
7784
9781
13814
6607
10864
167
6726
3428
7278
1195
6921
52
8469
3780
269
7244
12819
12927
6251
9964
8452
13826
13845
5247
2663
11434
7782
2065
5797
225
6393
2656
11552
9631
2598
9000
9831
2032
8728
8942
8389
5735
4897
6526
7652
9895
7913
11899
8391
5396
3787
12646
4513
11536
9039
12862
8270
8016
6429
8297
9476
10174
2813
7907
443
5244
13478
12036
3063
877
932
8688
13345
1033
12625
4138
8442
10244
6917
2061
13503
13163
9986
2523
5815
12737
4515
9336
810
8614
679
13805
10650
7379
5125
6608
10123
8525
8087
10990
7389
7164
12623
11741
2383
2127
9447
8873
6035
7432
8528
12265
3764
9565
12971
8820
2553
5493
4765
1593
1988
9205
4763
10350
5802
3184
2037
5098
9029
1872
5921
6287
6334
4192
1534
4666
7513
8030
10801
4598
2644
10657
8036
10986
12209
3767
1867
9976
1378
3456
11448
7235
3485
1471
976
12339
11016
2067
4921
7480
563
5573
9787
11186
3529
415
13598
4096
784
9040
1048
3686
10557
12228
12379
9486
1348
9197
3792
4630
2499
5026
6763
12966
8495
10815
8846
1731
10293
262
2992
2810
12106
8240
97
11126
13172
8221
12435
6162
6350
9077
4975
5217
7006
8376
7856
5018
4004
1290
10741
246
13061
9918
4411
3087
1879
11262
460
11773
600
13532
240
8411
9584
4628
10665
7739
4626
9826
6074
10946
6690
10241
6107
12786
12085
11838
1341
3846
7428
12552
157
10987
6023
2248
834
2041
10524
6549
13270
5154
8879
11145
4250
1415
11559
12768
12769
3302
6971
1855
1452
3655
7450
8204
12831
2546
6166
5918
10045
7049
6961
3351
7073
13795
2958
7315
1730
1758
5500
6306
9247
13013
702
5929
12299
1380
2309
1902
8416
2934
12146
6672
5356
9145
11420
4340
3810
6
2560
7945
6037
12635
13630
7810
11040
5479
1261
8587
12182
9463
3516
2124
5621
6811
6097
13546
11401
10078
13830
7627
9932
2011
5246
1664
4828
1041
5326
11783
12732
812
11894
4261
11777
13509
2849
12148
12776
2473
11656
11650
993
10604
9329
4303
3800
9935
12117
8420
6532
12501
8044
10382
5449
13392
4904
8220
248
3522
10863
2780
5513
10978
4010
416
1911
11575
7854
13122
4201
10075
9953
5591
7021
9377
1198
6271
2004
1548
2212
7324
4265
13305
9409
13236
3927
4576
10029
280
3677
8971
10462
9466
9761
3215
4813
5535
3000
10975
8216
10189
7300
1682
12184
9849
13130
7640
4610
7146
1657
8196
4973
12866
5050
13855
3894
70
13709
3640
8538
10753
5198
8336
5652
11392
4827
8012
6812
5867
10916
6501
5860
1831
7505
576
3410
5130
1778
7444
1819
8594
2023
7005
2767
10937
11020
8772
6294
11810
13682
6625
3924
2899
6406
11469
11792
9306
308
689
7838
4740
5762
358
5393
12553
5351
4174
3328
10888
3700
7948
10754
517
10478
5265
9061
876
2497
2545
12249
8126
5419
7659
2527
1689
12264
12427
6395
508
13412
9943
5680
7608
1899
10945
341
7414
4876
4863
952
7730
13351
11116
9944
4385
1928
1851
7123
3958
11798
8393
1282
12573
5137
5178
12929
11859
5874
13482
10577
1646
11466
5990
10107
9693
301
6710
5259
6880
4886
7704
790
6298
3152
1701
8068
4188
709
7858
970
6113
4412
13530
9779
10059
11288
6051
9354
8840
7536
2667
6708
6989
12133
10327
5257
2777
3819
11210
4057
9366
13327
1649
12818
9368
10909
2630
12811
13789
5207
11013
3256
12612
3638
5461
711
11500
11869
5750
1618
1744
7487
13216
6448
4244
10622
12307
215
8845
1394
5082
786
7638
12868
12381
10520
6713
4067
5951
2498
4857
13113
3798
5539
9333
4960
9638
661
13749
9052
1939
7523
1391
9323
13580
9257
10554
6777
5142
6363
9245
6049
527
414
5109
13469
3083
4500
8544
5706
1429
2269
10762
9229
2952
13399
8666
5664
12666
13645
8629
8458
6304
12837
5249
7341
10055
11618
1087
112
3231
9394
3448
13846
1528
7645
13414
1055
5309
13097
12746
922
466
8371
3770
7649
8821
3235
5264
10445
8809
6954
7242
9261
8345
10904
5843
2522
1946
636
7986
9586
7508
13744
5205
2594
12183
6242
2093
485
13681
4339
12558
699
180
12778
7542
10360
1953
12495
13393
2676
9277
2255
2136
7440
13096
9270
3829
5722
13348
7930
4907
10930
3400
3776
8082
10766
7952
1912
3564
4572
8676
13017
11673
4211
2101
2120
7253
396
7456
12438
12794
1168
3799
12549
949
360
6068
7874
2177
10712
6742
1904
11723
7331
8657
9531
3483
7555
5972
5807
12005
10287
5076
5411
8372
6957
607
1433
11609
2867
2420
8145
9051
4741
6410
10061
7995
7248
10680
1790
1221
11355
3276
5948
11021
8110
9326
8537
13490
12843
9283
6131
13729
8092
1407
493
4965
4771
5975
11188
13227
964
954
4718
10390
5335
7911
2925
7074
8431
603
9799
5405
4509
12654
3298
6618
5962
12388
8152
10523
7345
2114
7252
8462
5464
758
1186
8182
3900
5755
11532
12925
425
11344
10418
1034
667
5241
11952
3098
10213
8637
5740
7673
9773
8241
5456
9751
11368
7390
115
3658
5865
685
13374
2155
10936
5397
8631
9294
695
10991
4865
349
7567
6809
1671
6930
2465
8762
4839
9888
8230
2440
5530
8634
888
6096
6588
11829
124
9995
2649
4729
3970
8523
11594
11391
10858
8649
12867
5144
13320
7489
8510
6998
2844
3777
8652
3768
6366
133
6020
12530
9298
218
1615
7157
3079
9777
6934
5688
10574
2225
13706
136
11081
12813
13544
12547
6664
9818
4346
726
12945
10758
3066
3465
9418
7410
10992
8135
6496
4076
10251
5698
7243
1539
263
291
2786
1986
10663
12330
4779
7152
8981
5938
9560
6569
8312
439
4002
4699
13211
10069
1766
697
2679
10295
11598
13641
5840
1238
10979
1243
12616
5565
5014
279
13576
3869
5705
7512
12773
1009
5064
4817
5077
9701
13837
8677
12964
9387
8621
9648
2758
282
12086
2494
4329
10444
9627
10792
4060
8438
6674
2643
3865
1584
10552
7840
10623
8190
7912
8288
13459
2057
5194
4622
3401
1104
8445
2761
2227
7391
7631
4882
1400
12320
3827
11841
11387
11129
6632
433
11402
8949
5322
1120
12863
7678
5188
10626
9635
1387
7455
185
6808
5825
4172
11943
12363
6628
3519
12875
3261
8551
2617
4224
5668
3463
2139
10678
4909
6884
5095
8599
11042
12015
5524
10497
1846
9817
10859
2883
1180
829
3454
9006
12686
8465
6312
13477
9165
2822
7629
10837
3100
10044
10944
2085
3062
8516
1665
6061
12747
1678
4714
2707
10214
3542
11161
2070
8173
152
13398
2088
4134
3466
5384
8588
1376
6985
11700
4290
4943
9933
11577
2515
11703
9569
7481
9987
11487
8790
5901
9652
10053
13615
6585
9073
3050
11070
5022
12822
7033
11214
3416
11244
13539
4272
9763
4999
343
2943
8692
7177
918
9448
6745
479
7940
10974
9568
1639
12169
5305
3563
13258
9086
10448
7330
2775
12649
1729
10632
9959
12854
13612
5615
5276
1300
3266
8696
7820
2187
11163
2903
11944
8912
814
9474
13094
1798
3660
5758
2537
12820
12903
986
10742
10041
12954
48
13417
9446
951
2633
12601
10539
10106
12519
1061
6486
572
7257
1085
4543
13757
9640
7163
9893
8347
616
4833
8585
13556
2191
9416
6604
11283
11664
13774
7845
10030
1693
11395
187
2027
8725
1814
1994
10008
13154
3545
7213
53
10855
5958
10134
8727
5989
3253
5670
11785
5445
6417
3625
12662
12364
2234
10854
87
8792
9862
9898
2328
6335
6007
1072
6991
13207
8076
13081
9850
8472
6869
3032
12172
8995
6590
12942
2606
10982
2751
151
1334
2433
4345
10780
7561
9532
1677
785
2635
4820
9816
9002
11088
12597
10175
1302
313
1967
943
13066
12856
11919
7332
7829
6174
10359
6544
13230
7853
3131
314
404
11718
3293
4689
4676
9738
5242
7873
9724
12311
5976
6462
4431
8439
3611
9044
13036
1144
12931
13051
8374
12763
2696
9352
11871
11530
1970
1388
120
6693
474
5414
11326
13203
9220
5348
13683
7464
5511
8582
7095
9269
3499
12277
8713
8550
2631
11284
10498
7731
2238
911
3646
5841
6423
9398
3742
2031
13358
2782
7
6052
3057
6503
11558
696
1759
9680
5747
4300
6860
6267
8689
9399
8724
4692
2216
11077
10869
3607
1531
13470
11292
11624
5045
3431
10770
3994
8952
694
13753
12514
7600
3939
1634
12497
9422
676
2319
13655
759
2959
8361
13566
11414
9663
10848
9159
7749
715
11533
690
6886
10799
25
127
8238
7909
8882
1491
8681
8998
12365
4777
4399
9126
11182
9949
12154
7910
13529
13691
7602
12740
4593
12022
13725
13699
745
12335
3877
10599
12029
3576
4477
8168
8867
10587
6212
223
8387
6349
836
4717
1751
3075
5903
13434
11691
8406
2149
3760
9556
7266
10560
4836
5340
2474
13160
3133
10544
3383
5933
2808
10348
6458
12271
9832
670
13511
3656
1379
11696
7271
11833
10040
8982
12888
10449
12373
5495
10865
10232
13221
9185
13712
4256
303
8483
7551
2039
8366
5172
10081
6081
5195
5767
6734
522
8558
13693
9581
2218
10504
5704
8252
13750
11323
7985
11101
9195
6289
3678
3979
9709
7959
5421
2805
10808
7269
9963
11893
7103
10580
13145
7900
10601
5133
740
7166
6380
12198
11135
2464
3766
12334
6712
3570
1895
10630
9034
13322
1045
1959
8054
11029
8254
11322
7381
5559
1955
4545
5794
7075
258
1949
11492
3860
13605
8325
1206
10231
156
11750
5110
5768
8043
2053
10562
13692
12748
1054
5743
13339
3573
4859
10765
359
11141
2516
5739
1816
7982
4021
9218
7426
8940
11093
651
6821
3405
3337
11369
4310
9271
7348
3154
2602
6885
5924
9172
3507
2551
12710
680
2300
12168
13589
7051
4759
5544
1537
11688
12821
6195
13803
556
9433
806
8047
807
2302
13135
6859
11860
5037
1588
4354
10049
1570
2282
10730
10598
13572
7997
4924
390
12418
1709
11461
3908
13102
10172
763
3941
9478
7812
5775
2660
4547
10063
11329
10464
12220
1581
11924
11289
12726
8009
741
2705
2043
6353
4176
9606
3457
4279
1403
2374
7622
12533
2861
4527
8099
4414
3269
12144
1713
10813
1240
13266
5228
5442
7689
6048
12999
492
850
12880
1532
13313
2281
13120
12246
10846
10122
13452
1960
9400
6667
8645
7549
10099
11993
12236
7462
1684
3586
8031
3306
3509
11119
4679
8824
9292
10330
103
7700
11220
11657
11057
11628
8340
5492
6947
8511
441
4189
9321
8179
1241
5184
4406
858
12193
827
10233
3497
6079
4495
13038
760
4848
946
855
450
13420
1882
3841
3898
13091
13261
12898
6033
5699
3890
7657
10176
13429
3739
6691
7312
2169
6706
3409
12828
8644
8285
2514
6224
10698
5170
5943
1717
3774
4795
3313
3887
4514
631
10807
9050
6776
3712
4928
5331
7676
3353
7277
12274
7187
12109
7641
4288
10419
3449
6302
10036
8269
5314
13030
821
8198
8125
9304
11006
620
13136
6882
4225
5952
7715
11446
5592
11364
6525
8915
9457
5793
3371
6392
13525
5836
558
5863
3317
1907
4182
11488
7537
12799
7368
8446
11580
3807
9462
9278
5859
329
1951
1147
257
5277
12124
11275
9120
9186
682
7764
6919
2653
2456
3092
2596
10563
2271
9454
5691
12251
8320
10555
1977
10299
13426
7643
7756
11776
11604
13697
8693
5155
795
1770
12203
6477
10033
10343
3387
1326
3695
13178
13384
11096
2845
9415
1325
3414
86
11906
10466
11334
9776
11486
8835
2426
5746
1111
1625
7273
8590
1545
772
2835
9372
12129
5313
13177
8102
11529
8321
1110
7491
2161
8733
5932
4667
368
6018
9730
10077
10710
819
9490
3464
2756
5813
4066
10832
980
2658
7991
283
915
6451
12413
9728
10823
4094
7532
3196
3158
11043
12730
11597
11935
12850
3085
4634
5608
617
10219
7062
5019
9637
12140
3279
11437
8976
6440
11312
12571
5173
2044
4766
5355
8967
9829
2719
11753
4603
1830
1936
4758
5866
3825
698
9587
12600
171
5812
3525
4111
6592
2694
7374
9973
11588
5684
12068
9902
3987
7215
4404
1152
6331
11826
2308
5365
8479
4320
13563
6206
9194
5942
1937
12717
10683
12506
12167
9204
12509
276
11454
5996
13251
3242
7307
557
4939
8917
7421
8507
13849
10183
77
2766
12446
9628
12876
1013
3919
8028
1455
5447
2900
12407
861
1852
9482
3832
12935
7786
7347
1887
1409
7514
5306
11349
2483
3045
9177
9094
3281
67
12641
851
10458
4341
5585
1748
2468
3831
2257
12095
3622
13021
4979
10247
7978
4390
6802
3717
8327
9473
8035
8822
1418
8754
1881
7588
6291
7370
13088
3176
3164
4620
4077
2352
983
13083
8707
5666
10914
5777
1056
13626
11803
7225
7614
5485
4195
13067
1659
10373
4920
1363
6055
6080
5067
7658
8815
9509
6184
10933
7682
8077
3637
12031
9215
8127
3955
9187
10151
11148
13165
465
1208
5416
5696
4466
11772
5171
11599
8833
10364
418
10112
12178
548
10222
4641
2685
7486
8745
523
2693
10177
12697
5579
2502
13656
6098
1886
9955
13763
8100
10162
12352
11066
4493
505
12482
2605
1600
8020
1828
10116
8171
8184
5211
10542
4228
7454
4494
7255
10087
9894
12729
11503
12505
5251
9064
10011
4930
2650
1602
109
12780
4143
11527
4870
4812
11996
8088
473
12180
10240
11015
12977
3138
1591
6235
9190
2332
3709
9809
534
2026
8753
5997
3107
4959
12733
7768
10450
10640
5928
10225
11940
3247
10708
5543
11305
408
7898
9539
7327
8662
11564
11698
7173
9551
4432
8105
1079
1306
106
3305
254
11371
1564
5344
2105
13752
10747
13089
7721
13213
3885
10249
8257
9080
4574
9865
4519
6234
7656
333
206
118
1633
6005
11542
8477
5215
8486
11645
4029
12508
10656
8892
11014
8786
11840
2895
4007
5566
6796
9765
1367
2781
1364
9760
9718
1127
13265
2864
3044
5044
1119
2151
7510
4140
13614
8920
250
6570
3907
4885
4861
3224
1460
5790
8648
6912
1788
11138
7015
7506
1976
8143
8962
12394
3862
12913
11914
5977
12865
4119
12817
1215
5424
11685
3683
7899
4041
6225
6622
10596
6133
2219
12548
2330
1848
12432
11403
4050
7637
9475
2241
8359
9974
4998
5073
8855
6686
13755
6094
10474
9591
3065
13232
428
13202
8575
9855
2113
3875
10664
11337
9118
3458
11331
12382
4623
482
10426
3482
11579
6511
9102
6524
1220
13276
5006
10612
1389
967
11470
377
4881
10942
1822
2251
1552
9103
12806
10704
12326
2529
6813
4199
8804
3930
4074
2684
9996
13494
5293
8342
10206
5052
11228
751
5187
4013
13267
13660
12385
4734
10918
935
13618
3496
8684
1083
12263
8891
7264
10141
6117
12617
10157
11456
1239
10793
6301
2118
12153
1631
1008
3734
2062
13050
12919
13857
3136
2463
9786
7830
10406
12836
8682
13818
8797
7386
2197
8224
371
5854
6119
10439
8972
6071
3003
9753
5642
687
5321
2913
11185
7477
10700
12056
7231
11064
4030
6651
4107
3093
4670
409
13347
11304
7606
5909
12936
11385
1978
6446
9741
4454
5391
3394
4227
5029
6464
6942
6499
13809
10569
12724
1330
2699
2460
11778
7082
3450
10515
7281
8412
730
3374
12864
2833
8363
10091
5337
12968
6483
6146
767
13063
1103
11743
8294
12665
9857
5636
1750
10517
3447
5891
953
2859
5607
12189
11121
9133
3316
5470
5159
9880
8559
10227
1632
12803
9072
11960
6475
2015
927
6437
3022
13029
6785
12712
5352
8433
6139
13196
6176
50
899
1611
2966
1924
10511
10316
9412
10483
2524
12834
9562
5123
37
5043
1563
3123
6758
149
13157
5568
818
2180
1775
7461
12496
3166
10748
9508
999
6754
10451
5657
6218
13228
5922
5140
12130
11225
12282
7592
7114
8719
9686
3551
3674
2648
11099
3142
9892
2632
12082
354
13738
3659
13443
7519
10396
4762
6837
1771
5475
2607
9941
5252
678
7577
7702
1900
3314
3095
1884
7478
8509
6968
12995
9661
797
11585
7670
732
10333
10195
7195
4528
11904
2619
5091
11350
4402
7143
163
6851
1347
3438
6853
10083
4599
7662
12195
7929
1270
5927
28
2544
13183
3494
989
1554
9957
3177
12260
12225
6364
8247
13118
6596
1725
4353
5950
5912
10659
7970
10094
859
5683
5497
13187
6678
9138
2926
1643
365
2156
2720
363
8853
12306
8253
7665
12478
8871
6894
3928
3909
12783
7855
10356
13737
6228
11616
6159
1767
4605
7800
7247
10086
1453
10101
692
1309
6517
1990
13523
5048
13268
10790
4682
11816
5876
10611
9876
7615
2016
1296
1733
11947
13610
3043
10315
7636
8055
1694
623
10782
4457
1859
4487
7108
4384
8259
13271
1511
292
11652
9897
5589
347
7558
13072
13262
13195
5533
12792
1469
5094
1483
6904
8700
9609
8990
8548
4508
8963
10745
12176
9180
6435
8113
5817
7446
5434
3259
10509
2974
10595
10592
3268
1262
11596
8991
4421
7706
1943
5301
3783
13274
12261
6550
4206
10699
3612
244
10615
12090
4568
12569
11989
12213
26
11458
2778
10404
7199
4915
13781
11546
6044
6292
2435
1547
4374
5586
10394
9573
3733
11525
4221
8951
5238
526
331
5138
10212
1172
660
6898
7334
12479
13321
13026
3086
12437
4749
3300
3693
1508
13132
4289
12557
10976
11888
9843
13382
12704
13244
5156
4395
1683
883
13776
6189
12539
8903
9927
5672
3072
3407
11417
1535
12331
2757
6249
12463
9295
5090
8095
6136
6873
13256
13554
3762
12738
8328
491
4957
2245
10777
11615
2802
7816
4280
11034
752
11921
10068
10115
13677
3546
4018
8129
3960
13798
8925
12853
3002
488
2571
12904
7179
11207
11202
13551
8617
11788
13703
5584
4660
3589
10773
12072
9836
4814
4891
145
4014
8337
9395
12362
11885
3246
484
2299
852
5974
4126
10430
11844
5916
3809
8796
12974
5788
13150
85
8435
11873
5964
12138
2294
12825
6773
11310
330
4196
10570
4871
12179
12123
6507
3376
3596
102
10127
1037
12930
3396
2736
478
207
7419
7797
3926
238
6183
12609
7564
2303
3721
10939
2398
10719
13810
7971
12053
11692
1999
11570
11978
3484
7360
11877
9712
3598
8177
9380
4106
7159
10732
2746
8876
417
5879
5317
13298
6441
722
10380
11052
10447
7135
13588
11775
12165
8893
4880
5359
12283
9807
8860
8407
5678
12126
7763
6984
3051
1985
3666
936
5501
8852
5038
3965
5099
154
8273
4338
7864
8553
7399
11606
1260
2896
13263
2064
11039
5000
2207
6252
2342
4144
8378
9110
4637
1660
4046
7889
11243
10890
4468
10304
5158
10620
8418
7052
5939
4730
9837
8395
6315
4271
3671
3021
9004
11693
9161
12420
1521
12033
13166
9600
9743
10958
1258
4458
4912
2285
12166
9171
9900
9079
235
13447
8069
6739
352
385
707
4570
9772
6840
11896
7729
328
7859
6519
2002
12409
2646
5176
11412
9778
13293
10245
13159
3395
13082
7984
11423
4473
5893
12052
9859
13644
5115
8078
13001
11695
6170
13829
8618
7554
12434
3312
13548
2732
2948
2208
9066
7765
11374
2600
3308
7102
11294
13376
12845
7250
3056
3453
12304
10631
8478
7890
11315
731
8500
2945
9131
2446
13734
10125
8202
9820
735
10891
3876
2496
2901
665
8277
7237
3845
13338
2467
9314
1295
4283
13128
5710
4786
10667
8671
11224
3441
3931
7131
1721
8000
5729
11547
1992
11866
1324
10109
5986
12500
4872
4700
11678
10784
13415
6341
3840
12791
1927
13422
388
6111
6039
12593
6770
583
7723
5071
9624
2172
3879
13291
12957
982
3144
3214
8701
1827
5025
12667
13106
9614
6273
6455
8267
4505
7191
7292
7502
1466
13676
8203
12887
13152
8286
12070
10673
5275
3685
12541
4237
6459
11019
8149
9423
872
5390
2222
13680
1205
4990
2714
5136
12204
8755
5298
2119
4627
12160
4776
4049
8233
3912
4450
8303
10586
5383
11241
1940
4600
1772
3906
837
4644
10357
11892
13707
2518
4782
1319
1314
13485
9149
6753
9723
5542
12316
8428
9546
12568
6173
6203
12918
1773
10755
13558
2361
703
3115
11613
13357
11903
9666
2296
9355
1850
4856
13715
8004
11934
4033
10138
1276
1621
773
245
7043
7587
366
2489
12535
10804
5227
2356
7545
5919
12092
13607
13390
7794
6320
4040
13460
6161
822
12562
12232
6577
12905
5562
930
6650
3245
7198
9544
4983
13621
3896
7287
4703
6424
7169
2458
4190
5682
5728
1954
10806
9960
13247
10424
12637
5354
3694
5152
3399
4105
4555
3871
4550
9583
10541
4636
4148
1708
6540
10365
11854
181
1362
12680
3788
768
13569
3321
11180
2872
13385
8926
12444
9633
6977
8506
2080
2298
7867
2771
13355
5792
3285
1530
12289
8219
10744
7547
10052
11499
2046
5619
10676
1562
9392
12208
12592
12937
8210
3120
10098
11164
4334
7717
13192
3975
394
3417
8994
3357
2613
7976
8577
13031
12739
11992
4810
9493
6010
12466
11130
1337
13794
3427
1084
5983
10438
3947
2855
7821
4000
12566
8227
8183
1417
13364
4472
10527
13834
10334
10774
9233
4657
6593
2401
12725
13024
10160
8056
3061
1401
8944
2215
1167
5345
1280
11858
2022
13739
3936
846
9084
4841
4482
9198
13147
10346
4560
5145
2597
4578
12477
11995
6198
8398
662
4347
11399
9750
9098
8079
11946
13380
7934
9439
5160
8041
4613
11512
6238
11495
13858
8080
13513
13742
4913
10568
13759
5677
12441
13352
4900
1442
10838
10984
8218
11625
8333
5648
6164
4727
10018
2657
1596
5065
10242
11346
7862
4855
2564
10377
6861
12425
9523
6816
7313
66
5616
5342
5478
504
803
8191
13565
8826
9545
1281
10001
13501
9863
1958
3789
11122
6412
8950
3731
8197
5240
6945
9239
5471
4933
2040
158
3155
9485
62
9626
6572
3501
10685
12795
11811
592
6994
5806
11421
604
9347
11007
7748
7282
766
1043
9067
8581
6490
3500
11505
186
2403
436
4281
6684
7718
10296
5748
162
8002
6888
9559
348
9432
6062
9143
2862
3354
8735
4178
11002
9301
6333
9824
3297
5389
7309
300
2350
608
11324
1109
12580
1811
6116
1310
6461
13686
7860
7209
10221
629
2637
11100
2265
8029
6600
10845
11574
11436
6654
10528
6682
1763
885
11393
4606
2962
6283
12412
2981
6213
6615
6771
1558
1216
9657
3959
9971
7553
12039
11870
9552
5697
5323
5085
2419
9929
7534
9643
1359
9861
1952
11965
2477
12689
13747
8123
13570
9340
9353
11216
2310
12061
159
419
5420
13336
8042
12878
5111
11932
596
290
11127
1575
9062
3094
13780
1211
672
1860
9866
8927
7048
13039
5425
1864
7548
1286
1327
6599
6275
13273
11184
1525
2424
232
5826
7008
6175
2109
981
4948
8400
11702
12338
12979
12912
13075
9406
12745
9739
8710
6707
10768
11143
8021
4223
6609
9827
6143
12011
5904
6487
9076
12218
8019
3190
9401
3608
2425
8193
3364
902
7926
13316
9846
3489
12790
6297
9472
2340
7260
3434
1068
8832
1616
5781
6265
646
3729
2703
13758
11356
11994
11053
11048
3910
3059
6703
1406
8429
3585
8600
3884
12451
10779
7994
9286
11036
9150
4273
10695
13504
3752
7130
11259
143
11545
7880
8266
13173
6555
13297
2335
8353
9455
203
5992
4642
6901
11024
6866
2013
521
12188
11782
9871
2059
10993
12250
704
13198
5484
2348
1888
4159
10389
9744
4842
8748
6057
3222
3180
11453
4811
99
937
260
7524
7039
2753
13811
3527
7289
10110
7713
4219
387
4409
8072
6209
12266
12614
6196
8244
11510
1444
3630
12644
4809
12805
1166
12900
13365
10714
12254
4529
12777
12967
1485
4988
9905
2798
6445
1620
3805
748
11291
8484
8935
5778
11784
8779
11851
351
8626
3699
12384
9814
7212
7628
6041
5498
3925
1169
8812
7208
3615
2247
2710
6348
12728
11396
11647
12687
8828
1813
1724
6493
7776
10362
2261
5429
5329
2050
9057
9113
7941
1308
1214
10967
9998
6156
7808
5549
10158
11586
4922
12219
11787
13169
7384
7738
111
5554
6134
7560
9607
10269
427
13851
9677
691
3492
4075
2402
1781
2094
11817
5731
129
10828
9012
6973
2038
9608
7539
9662
6581
4118
13661
6413
13010
6130
513
2036
11913
3541
6346
4955
13740
5971
7712
8697
6329
2381
5499
11569
12534
5577
7727
12345
6972
5104
4204
12696
5179
6491
6936
8673
6318
10531
11916
4011
13070
302
9068
12281
2159
9775
2877
3238
13375
6216
6927
8958
12684
5088
11880
2074
16
11455
9488
4108
7703
6943
1257
4677
2636
12021
9856
771
12206
5079
4651
901
110
4388
2991
19
9759
8552
11839
2525
1638
11496
3830
7142
8370
4512
4549
13552
7521
3544
7400
12366
65
12194
5349
5824
1094
12713
9285
10802
3537
10885
11524
9219
12575
1784
11022
10607
13299
8057
2049
7193
9082
10500
5620
7425
6795
10146
9011
8225
4743
8609
4592
12688
13289
5628
161
10609
8861
4248
6634
12554
804
6015
4230
8272
12693
6642
13601
7353
11608
3391
2075
7570
1741
4386
2409
8447
2622
3851
11620
9196
6361
13458
9746
1652
1515
7356
12286
1140
8527
6611
2677
13465
6367
12643
6017
5165
7382
10706
11649
9330
11762
839
11890
6870
729
13441
5363
6290
11923
10553
8415
1962
5454
3404
7065
1448
2807
12377
4860
10919
12494
13421
8137
11737
1288
13764
3628
532
13373
4853
5581
4268
5316
3633
10769
9436
12242
739
1658
9389
11149
11850
6002
49
6231
5985
7807
13824
11631
3254
2592
201
3913
3856
9564
9603
3146
7475
8977
6288
7343
1908
6748
1454
4621
10951
11972
11353
1594
1880
1432
1024
3068
13396
9155
9700
12521
36
4039
5823
2550
7076
1920
137
9500
3550
2629
12881
9791
4654
856
10220
10761
1197
2967
8518
10442
11654
4852
13473
12395
7955
9793
5764
3194
4662
2436
12325
12671
3054
9721
13430
7802
12416
1823
11900
7434
3145
3933
719
13148
3816
13405
7688
12578
6563
1473
1160
10457
8996
7724
793
7362
11379
2154
11242
8436
10484
9706
12675
5988
12017
9338
3974
5087
9803
830
4186
11920
7032
8249
236
10465
2186
2724
9842
13022
4635
11712
11568
13850
6240
5570
6545
11687
7893
7133
13139
13362
5284
8405
9911
13771
113
9722
9469
9697
4142
10873
5780
7675
3272
2054
11566
6085
4212
12041
5398
12830
8250
512
4976
4889
4474
82
91
3148
5541
5632
6112
7504
13349
5001
11047
13062
2885
3105
11342
8765
6276
4790
7040
252
141
4155
437
5525
8847
11316
10230
5910
3571
7441
2533
13407
5885
11266
76
12690
8732
3226
4210
6157
12517
11640
2472
3707
11265
4164
10835
9290
5639
6523
9612
9127
2235
8360
7815
2857
7140
12375
1059
9105
4589
12915
13700
13498
12940
5482
7714
4392
13583
7648
11428
5068
11209
5547
1342
10868
5770
4336
4611
1368
4456
2287
2511
6420
8848
3740
2610
5055
3217
811
1647
264
5162
12014
10938
1218
11950
8816
5472
11676
6583
3477
10186
9106
3342
11236
6006
12275
8687
10508
3195
13622
12328
458
9420
2890
6893
1800
1479
9425
5945
3889
298
481
6193
11170
7037
7908
165
9767
2375
468
8132
12885
3730
234
11774
265
2373
6418
2082
6676
13210
6102
9578
7999
4486
7168
10140
8850
10492
7938
8162
10432
2035
701
12624
7515
1226
10672
12244
1762
4571
10989
4496
654
7839
20
8789
3241
7308
4503
3935
2995
9112
9071
5703
10564
3814
7210
10013
11990
5
5973
2117
10578
4693
13505
11578
11317
4934
9704
4697
8278
11482
8919
12200
6123
12744
6402
11670
3758
9641
8561
12278
11661
8104
11112
2911
8718
5112
1223
289
4114
3676
7303
865
7291
12762
178
11791
13199
10303
6865
9262
6657
6955
10583
4587
4733
4125
2377
211
6644
8643
5199
11097
4537
12626
17
6844
1645
6313
755
9217
9975
7459
8939
2005
13466
7438
10760
2513
3548
568
5291
6929
13652
11373
11397
12403
8782
11348
8339
7965
7769
12201
3688
3836
12527
1490
2612
10280
12860
3623
1125
8787
12284
2490
5890
10446
12882
7809
9525
11254
1027
9833
1697
6153
6923
11276
11667
2100
4850
11303
10133
2090
10971
581
1381
10681
1142
2688
10507
8870
12079
3234
9678
7742
6280
429
10224
10120
2146
2048
4222
3620
4158
1727
6200
12436
9302
7566
12815
13462
2072
12784
4358
1102
5057
12336
10062
7071
3950
4312
11555
2838
11967
11537
3286
6677
9130
663
1821
2589
10489
13215
1929
10840
675
9838
4772
5655
9056
2640
2791
442
6630
2445
2052
4481
10319
7197
9010
8993
4080
6414
1589
3140
8686
2595
6687
4243
5567
5263
7884
12259
9339
10090
480
10136
1785
3330
1193
5294
2841
13629
2910
3058
11447
12529
7773
2360
3336
12844
9287
2322
498
7217
10899
3250
7099
12952
12159
6241
3
4054
13410
3270
12312
11937
5709
13391
8663
11534
3531
6336
3341
6065
8567
3389
12793
7557
2301
2768
3703
7238
5760
9256
10573
6036
1252
3690
9503
1732
3197
7975
3918
1456
10005
3452
7593
4617
13784
9192
11665
11939
5371
5360
13023
11999
10318
6373
6552
11238
13436
8540
10585
6792
9798
2512
10297
12411
13194
7297
11724
12347
8598
12476
11215
13695
10513
2860
2742
1207
11847
4788
13476
9393
12216
2586
9075
12199
13058
5751
12089
9664
9716
8665
3461
2639
12433
8365
444
10705
8326
13475
6415
1595
6944
4274
4701
1249
3722
10203
8426
80
1829
2214
9005
7556
7882
8930
13536
840
13324
13174
8258
11050
209
12057
1551
3533
499
5558
7323
3904
7436
7695
9558
3815
4203
4430
9121
4879
9109
10000
5846
287
1283
2854
10521
5053
6303
13650
3243
11362
991
7141
2267
5536
1012
7740
237
7677
11711
11217
11103
168
12661
12224
2886
7301
13842
3757
6610
6407
9660
2989
10202
4858
12414
9909
8705
4162
5662
10696
13571
5392
13442
12064
5010
7541
1425
13579
7526
4540
11281
6282
2256
12019
5385
2160
10653
8010
5512
4135
4311
4926
2434
10512
5120
10165
2325
6229
6871
13204
4985
2304
5288
11583
2968
12588
4351
4315
8457
6121
12699
6937
11248
8109
11345
2700
10716
13402
12001
13218
4916
10908
1073
5081
5522
2395
2641
2378
9875
12135
9696
820
3099
11358
11622
9650
5286
4480
3785
8654
1397
3445
8243
13035
12145
6382
3033
9682
1598
12060
1335
2470
6671
13727
1399
5122
8
12404
3384
10437
11796
10584
9408
13575
5373
6675
1312
7761
13717
11987
3433
11065
9014
3165
9441
153
1510
6767
13306
8214
8083
3348
9887
6542
9070
5258
11728
9465
10306
7089
8323
4521
3574
4293
4124
2625
3380
8851
1022
10860
7190
6766
13363
7011
4461
6471
3708
13208
11593
6237
11074
566
2582
5626
7241
4449
9919
8868
2393
8921
11717
5225
10345
4789
3784
7525
79
12002
9923
10567
1015
13665
12727
11964
7846
8660
2584
5520
11105
4051
9141
1916
319
8999
13372
3016
896
9230
5886
8557
8504
8801
8808
8906
4837
10422
5467
8800
1097
8242
7857
9788
12871
256
5999
13672
648
8923
2819
1745
7249
8864
10684
2556
1019
4706
8301
3508
835
8138
1690
4629
6756
8098
4583
2347
9007
12439
11301
7408
6948
35
7598
11264
10853
7733
2868
2799
6639
10197
3437
13225
12798
3532
8869
3106
5341
4327
874
7072
4397
6598
6582
8302
7302
9246
611
6559
5614
337
6411
2557
2132
8089
5103
5283
6818
4423
7119
6381
11786
71
8726
12066
4376
10707
3005
6637
8875
1242
8051
11639
10243
56
13673
2673
9013
9299
12360
2280
6219
5035
4363
5947
1869
424
3946
12948
9989
1000
6629
4034
7239
1053
197
796
12528
2359
5285
2396
11726
72
12490
2019
7397
55
2449
370
8778
2784
8167
3750
5190
9916
11067
1128
4653
9784
2912
6620
6277
3320
5481
6012
7902
5226
9310
1044
3654
1256
3179
4025
3793
1199
3053
1919
5504
8777
1182
448
8843
375
9137
618
5297
4846
192
705
11153
900
8959
3064
7484
4442
3251
9273
2392
2194
2130
11018
9585
761
642
10834
6214
7087
11433
3761
13329
9528
3983
11086
6281
5646
7294
7674
8898
11451
10720
13325
12472
8046
5312
7376
8961
8064
10850
1292
1437
7092
13056
1484
6547
5627
3379
3616
7445
12170
6752
12223
1619
2552
6789
1847
4169
7848
9840
5508
7837
2576
1461
9281
2192
12639
1883
11441
5223
412
762
9364
10079
10431
10669
13115
6106
13043
6226
5214
5873
11879
5853
6697
9424
10413
9166
10034
8699
4308
8008
490
1903
863
2811
12556
2290
10325
2376
5552
8675
3567
5612
13847
10282
8491
5882
1222
8770
13835
229
5738
10025
12163
2416
12149
3205
2983
1050
12630
11409
5752
7127
7969
1138
1590
9038
4989
3460
5239
7418
3749
6769
1623
11820
9936
423
2068
4566
11991
9958
12007
8872
11457
11309
13777
13287
6652
382
191
88
1585
13751
7642
5831
12595
912
12658
2906
13303
4154
2029
11626
9845
7036
12941
13540
3582
9566
7398
4266
1273
1438
3503
2517
13448
520
2243
8160
11638
13300
4436
11617
13240
13330
13403
8401
2338
3977
11158
8246
13590
2354
2066
4264
13121
8146
1025
7883
5108
3603
8623
1063
2097
188
9903
12938
7492
6595
6606
61
8640
12462
10179
3797
4986
8217
1833
6681
43
10488
9114
3888
7708
4420
7949
7801
9163
13538
8108
1941
2312
591
10921
11159
9421
2690
9992
5200
11591
4467
7151
3096
6066
6075
12909
3239
4373
10943
11848
420
1704
11982
2439
13093
5622
9592
5769
5134
9742
57
13278
6480
3013
2570
2683
6488
4530
440
8805
10166
6321
4873
2950
13245
7774
2115
5113
7022
7701
5537
10265
6268
5724
1853
10276
9917
10428
2201
11705
10258
8018
3632
10621
13107
6008
9142
8624
10223
10787
3015
5610
10973
5833
11514
2918
7562
5521
543
344
1052
2698
4161
6557
5318
3486
5153
10925
12155
589
3356
5667
11062
1228
11682
1004
8798
10495
10048
3442
3108
11571
7470
1062
587
7595
2429
13239
11755
11658
10603
11823
9993
7200
7842
5139
4564
445
8639
11969
6168
7609
10776
2314
2193
4825
5571
7060
10153
8695
3753
12026
3232
11030
12956
9644
4209
7681
11671
2574
4253
12310
11958
2836
4565
8897
6337
4984
155
3715
4698
7711
10662
10117
1801
597
13765
8351
9801
10829
6824
9538
1702
5914
13049
6342
12615
13127
1780
13786
2944
5186
13732
6564
12520
13350
6222
9670
11377
8222
10074
750
10453
2796
2764
5254
7007
12309
4726
1832
11027
11573
2014
11400
9096
11489
7958
4476
6836
3213
5574
5274
12920
9206
4584
2549
5046
4184
8781
959
944
1555
5827
575
6643
12396
4834
11956
6202
306
9766
7104
632
7788
3392
6689
567
4052
1340
7369
5715
9265
2181
10797
6956
10932
4746
2721
11801
2581
8033
4945
9673
9619
8213
10529
8914
3580
10957
13492
6087
13033
5357
8627
12458
13599
8709
9707
13495
13404
13110
5477
1248
7111
4579
5270
5206
12105
3310
7779
6359
12681
11912
9383
6105
6127
12943
9714
969
1005
2997
8111
1861
6617
593
12104
1428
1661
1443
3684
10371
12923
528
4150
13766
10026
5908
5899
5334
13181
12115
9768
5759
5804
569
2479
925
11058
4768
3495
1934
5913
11277
10628
13126
11663
6749
6482
9370
2521
960
1217
7543
9797
4632
7449
3358
916
4751
848
6376
7635
9656
4024
4434
4785
7439
1047
7125
13170
7279
8414
9410
9479
11498
7134
8488
13197
11540
8161
7836
1983
4843
712
13668
9848
2680
6221
4383
6500
3117
10414
928
228
5362
11517
10878
10590
1707
6967
2173
1395
12460
8514
8889
1349
5783
1331
11250
11845
7507
11881
13193
3917
8633
6328
3581
3702
259
7626
5107
7228
1393
7918
6433
11683
5588
255
1641
1365
7222
9653
6946
89
7632
6165
7753
6379
8362
8750
2421
3772
13577
5671
1439
12421
431
8928
10279
6358
2909
8834
5966
10236
8268
8956
1162
2112
13185
13832
6469
7148
8628
10897
456
4738
12181
10679
5987
7088
8101
13138
8878
12147
196
6541
10188
12750
8968
5631
10372
6764
11426
11155
1569
9597
9518
10882
8895
2095
3756
7144
4115
13301
8672
11137
2985
4413
4001
3680
9737
774
908
5450
7650
11444
4020
12574
5404
10201
11822
13114
9685
9527
10400
202
2875
10983
9231
506
4680
5325
8449
610
501
3294
5296
8546
2203
6078
13457
10097
7574
5583
2165
11716
9259
32
5857
5202
11747
320
23
1624
3468
2135
8857
5234
1074
8306
11432
7216
6262
5196
2471
11169
1185
2917
1863
12694
6332
5409
11010
3491
7781
7097
2334
1321
3866
6892
135
5490
9732
1355
7596
955
2337
3467
1192
1146
7059
2283
8849
6828
1782
12383
8090
6428
6646
2535
495
10884
8298
12485
11249
4952
4719
5167
10339
3365
11669
9731
6981
2058
2092
1007
4489
12895
909
4307
11752
3159
9253
4954
3617
6908
8811
3338
4141
7240
2362
9193
10996
13813
9048
714
514
6368
6091
9610
3759
4656
4350
6794
7056
12516
11765
8586
2326
4673
7055
12873
7741
1080
10385
2121
2284
6151
8769
467
1092
9324
9237
4542
3823
2572
2823
4831
2936
1793
7743
9501
11802
3985
8667
13800
7161
13454
3204
7610
6514
5096
8139
11980
1259
9747
10751
12171
4146
13252
8154
8593
4277
10216
1905
12884
9350
12487
12833
2834
12342
12953
1311
11361
8862
9136
1465
2830
13427
2452
10144
7993
9327
4964
13238
5370
7752
649
5765
6217
4577
6108
13309
8497
5967
11261
10600
4238
5669
1921
11551
11104
2919
6317
8907
8292
5946
6565
9574
483
13104
4668
11679
13161
2908
212
10155
8481
4840
9968
643
7236
1837
11910
8357
13840
940
13012
3319
8679
10629
7261
3470
4663
4371
5875
9390
8023
13743
12493
9702
10660
7031
6163
8494
825
2189
13767
815
10875
4854
78
10876
12406
8946
10671
7406
2580
5830
12572
500
8282
3882
13302
4936
4405
1893
6396
9414
842
4640
7204
609
13117
9300
12518
10950
3076
3188
8975
463
6470
9942
117
12094
4061
11035
5693
7817
8613
5576
1086
9033
564
8905
13206
7517
249
7770
5926
3938
4524
1963
1922
13344
134
5561
8307
3349
9547
2320
12510
10566
2682
6843
12065
5569
2894
7719
2783
9967
10738
8522
3899
4884
13100
9868
13854
9020
13323
4447
9674
12408
13428
12824
3049
4716
584
1017
7943
3170
367
11884
0
11388
12672
2221
10691
3969
6215
923
10105
1412
11771
13819
3911
10037
7924
6484
13123
8140
1105
5784
295
12752
630
2692
5402
13471
13418
13431
1797
3853
7468
637
10257
9948
13754
7904
6655
11831
1926
3047
6472
3435
274
9870
7112
10772
10791
8813
12700
1910
5719
11614
4370
4418
8490
9108
11230
879
688
4006
3826
8207
13141
6067
779
6909
4671
2659
1187
1016
4534
7433
5896
913
10952
11005
7181
11957
12020
7118
7660
8556
3663
4170
5378
2233
11715
13640
3271
12473
8877
1553
13662
13515
4233
13636
6673
4112
2709
515
12695
6492
4298
2286
3577
6616
11815
3664
11587
1648
8658
2765
3421
9181
4475
7220
4362
6495
11268
4888
8519
11061
4710
4400
9284
5237
13233
4
7085
9651
3366
7000
8987
10767
4804
11128
451
12901
8172
11907
11111
3171
29
8570
9979
2851
6443
5936
13242
10535
12543
9991
8384
3996
432
2270
5496
8295
2371
9191
12454
3895
5439
12619
8467
2754
4949
7668
4109
6054
7651
4247
2743
6695
9884
4867
3344
8112
10693
12715
9535
6468
2237
10271
9274
397
4433
13046
1234
6589
5818
764
1489
6310
10331
1420
6905
11886
941
10118
11351
11237
384
7732
7117
11689
11299
6086
2277
6308
6829
12899
182
4396
10613
13522
6403
4664
2229
2204
13616
12679
3498
12852
7003
11641
5834
738
11336
11584
8698
1703
216
1740
8541
1923
7578
7378
9982
13528
108
7288
11157
13040
8603
2953
9221
3540
9604
7018
8542
5210
2224
10499
7121
3346
7219
5488
2804
987
2914
9834
6580
7107
3665
2540
639
1870
5418
10142
4951
9024
1817
12143
12986
2762
11592
6725
6965
10734
7589
5742
11882
5851
11807
12465
5594
13670
12972
5151
13149
6269
10064
7070
222
12545
1556
10263
8459
8580
13146
1561
1735
1191
8417
2916
12187
9227
9481
9947
5527
3972
8155
8985
4318
1089
9764
5347
10561
3901
5878
5089
10429
13249
1320
421
1001
1285
8529
9598
10947
12656
5143
4372
2131
3711
11206
5560
3976
11150
9883
13286
5070
11984
12344
3443
710
13176
1637
13112
1871
7655
9184
2333
5872
12296
7317
7584
13639
8715
2351
1245
11059
10756
6300
10267
336
8568
10391
3984
3193
10477
12706
9543
10506
3745
11094
11213
12484
2702
2963
5516
7750
10111
6109
13449
4893
10540
5692
11516
3377
268
4506
8838
4116
4993
891
1519
4661
9557
7778
3361
3223
9623
601
10810
9908
579
10960
2413
12300
13042
5716
3343
11553
9882
5656
1201
5892
9925
7916
12632
9275
6631
7647
10312
11767
4595
2174
8508
7138
2158
7352
8103
7150
1036
11394
582
6038
12589
12431
8367
3303
2941
7346
2457
11383
9629
6072
518
2428
3258
3462
9313
7113
9101
9980
2143
1081
9703
12585
11269
10962
9792
9341
11659
5119
8885
5042
6949
9453
7725
7318
10046
13659
6497
9351
8910
10113
2887
3370
7153
10314
13480
4415
6101
3201
2634
1931
9754
9634
9429
3295
10022
2363
1291
11709
5839
3613
13379
4220
1067
3716
11300
10054
12241
12647
13489
9388
9839
3487
6896
6845
63
10608
10305
8476
5993
1251
7116
1436
12443
13432
5121
9812
2144
11033
11951
547
1873
1517
4003
13065
2323
9104
6177
10546
7509
1232
5141
11756
11485
7298
11203
2306
12550
7189
3738
13775
5821
3590
8793
497
4479
8554
1668
4464
3331
6558
7881
10381
4437
4048
355
8788
4167
7939
1064
13064
11623
4752
11340
5596
4643
12959
9999
10638
3001
11167
3948
10210
3475
13741
5934
1739
1803
214
5707
3323
7758
9755
10021
12628
12975
5423
40
9790
9146
10042
9625
4562
12227
1272
8314
7697
11352
2170
2627
3035
12091
1650
12932
9796
3048
7754
3863
10408
11386
7639
1346
8001
7167
7935
1118
1878
12125
4393
12702
1604
9491
6419
10455
12902
5630
6688
9713
3504
6180
4499
8751
3309
7165
6115
13654
10399
4877
7751
3886
7014
7469
1777
3822
5075
1116
13596
6513
4510
11763
6806
5855
4016
7951
422
4991
5730
13304
10239
12141
4805
894
3558
11605
13209
4426
2397
6264
12030
3375
1842
12293
13277
1414
5267
8685
2922
10401
1139
9201
6409
7771
8175
10953
10565
2998
6498
11976
11538
10867
10309
11521
1795
10572
3026
5034
11988
12960
12685
3878
11480
2741
10800
6181
5593
12157
2266
2153
6798
664
1382
12354
11234
1807
11468
8275
2450
914
9373
324
4502
10654
3891
3515
9725
9879
8947
11273
7412
13134
9828
5174
3967
10441
4947
11257
1114
12350
13057
11136
8455
2220
10537
8729
8390
1984
10032
10361
9483
12136
12716
13507
4982
5644
6746
11330
6903
5182
5266
12453
11832
4173
1060
6864
8316
9645
9156
7265
2329
4027
5013
3981
6603
13133
4490
7361
753
2205
7274
7533
12869
6421
296
1533
1968
6535
5925
6714
6953
9381
10307
3662
10336
10503
2318
2492
10518
12357
10007
12356
176
5845
10728
7061
1422
700
6425
3737
3514
9906
1227
11629
1071
6278
3345
3587
684
6560
8773
3102
9595
2938
7879
27
7698
11009
11740
6848
4122
5782
3653
12770
869
13071
4325
10145
1501
6959
7895
1264
11359
13143
2407
11483
4552
9599
7747
2772
6450
174
808
1843
9
5551
10088
7371
10433
11977
6704
3151
10675
100
10367
7766
11263
10226
5771
5701
2880
2562
3560
12515
4417
6250
10963
11282
6969
10694
1752
13334
11200
7869
5177
4773
11287
8922
13631
8158
6362
10752
860
342
4793
11764
6731
2145
1148
7672
1973
857
8380
1377
10702
11031
11247
3902
3920
1413
2236
7268
10593
10006
3989
3592
5330
3037
6152
2616
6963
7603
625
4522
683
2252
6089
4072
13326
5116
10969
5803
8767
7017
10332
12604
1020
7451
9055
230
4416
4712
7162
1513
8806
2344
10610
9223
3521
1421
12449
9575
3024
8578
10415
12229
2289
12870
6444
1876
9698
9083
10817
3121
3922
10794
10128
6720
6760
10713
5248
3903
5245
11049
2697
1607
5864
11928
791
10273
7329
13191
5905
13638
11509
12921
5394
9740
3601
2686
6001
11804
6191
3249
12504
1107
4558
9622
656
13356
2747
7967
1336
353
11321
11800
6799
5900
11713
1488
12989
11706
1680
11627
8844
2988
736
3023
9952
4615
3554
10473
7420
11974
10193
9238
1854
577
6551
169
11233
10923
8512
12524
1495
3804
12670
9579
6562
11222
7149
5033
3650
4569
7375
8856
6986
2803
3881
9669
1156
3036
10655
2977
2368
46
6325
4232
9874
6692
4737
1289
3916
13778
8392
1612
8142
9981
9800
7760
6043
3746
13484
340
11313
3307
13416
6506
716
4255
2081
3335
3732
6928
11908
179
11491
7591
11523
974
1279
2414
10253
11245
10862
4580
5828
10911
950
882
4539
3388
13728
2239
6939
8341
13087
1901
1523
12814
1560
4177
3619
12101
6307
11311
1520
11479
1287
5968
1891
11824
13171
966
7920
60
3779
12393
7401
5611
5809
5216
3727
1925
1028
9022
4471
6031
13451
11174
3943
10347
8941
13158
2307
2084
4380
1449
9683
8708
9088
13341
1021
4807
8169
5180
13807
8061
6460
13369
4330
243
13409
11091
5489
346
7328
13317
9934
8988
7354
