1324
1791
380
2771
1778
1995
3372
1610
1488
1971
3528
578
1495
974
4246
1795
4247
1657
2058
1083
2033
486
1816
2874
2679
2603
1119
1713
1832
1909
3969
541
1913
3894
3681
287
3670
1161
1089
929
2871
3560
4079
1402
4094
2417
2107
1838
475
841
3577
3433
313
1158
3860
2966
461
3555
3773
4248
2051
932
229
3005
174
1826
2375
3702
2214
3322
3339
1782
4270
2414
530
23
1509
1942
2474
3370
2930
3355
1957
911
3207
1120
4199
2219
1444
1350
4358
1115
4034
3546
1416
1823
1413
122
3278
2038
2084
1866
2543
2443
3093
2948
1853
3657
3763
612
1362
2877
2410
257
3946
3761
1452
3122
3722
1570
1555
2312
362
3918
4353
3470
2925
2260
1050
2137
4004
796
2503
1591
273
1812
4018
1215
3395
3659
4002
3964
3194
1279
1287
2041
4060
1792
3803
2391
3578
547
4180
3196
431
2716
2967
2055
1525
157
1163
1476
3216
1355
244
3420
242
2754
1635
1829
389
3749
757
4341
789
2706
3627
587
2678
2986
3596
4090
3729
4331
4061
1041
1244
3700
4033
2254
2232
3421
1589
1398
3357
1928
1075
2604
1708
775
4315
2595
2588
3623
1021
3234
1577
1486
3734
940
302
886
930
1106
3343
261
2703
2290
2462
1751
1811
1704
3340
2077
3660
1771
1962
112
2241
1035
443
3978
3640
1016
1425
1522
474
697
2730
1821
3031
4028
643
982
779
3331
473
3415
829
681
3507
4184
1220
1036
912
165
2392
1523
747
1552
858
2316
2813
2156
2119
3506
3062
3557
709
1153
1478
1123
3830
1649
2900
1611
3599
3464
3139
4039
2519
1985
693
3874
3780
46
2182
4167
2952
2149
1753
278
335
4265
2565
3950
2940
2469
1207
17
1292
1508
4185
2123
1673
158
4067
1068
1676
1581
1613
425
277
2515
3487
3895
978
1513
4019
1435
4218
1549
1223
3525
3612
3824
1263
4140
364
1448
2382
3267
241
663
3678
1860
2115
2338
961
1731
3720
1695
3983
699
833
3692
4374
1875
754
1170
3707
1499
4005
1642
296
574
1895
696
4278
405
2791
2007
3318
1006
2280
1047
1084
3611
3129
163
3533
1783
3233
2643
689
3600
2246
2538
4321
1354
513
1206
586
1376
382
2144
3198
3827
1156
1027
433
1756
3717
2829
2909
1245
3474
3347
3039
1100
2273
1438
1769
2306
1414
2030
2688
3661
2434
613
2568
2951
3945
195
1729
2220
2618
3014
2117
2718
2261
2750
3012
401
2524
1606
3026
1240
2504
1629
3671
1316
2784
1996
399
3892
1813
2112
2789
4213
297
811
1961
4179
3223
1621
1880
1079
3779
24
3590
2863
1451
1149
211
4159
1607
2415
1109
265
4029
2229
3004
203
2571
227
2573
2759
617
2269
2994
604
2204
484
2412
4126
3516
1978
4106
5
2838
4181
716
723
411
676
1017
266
3633
824
1850
4048
301
3785
4373
299
1532
1125
1691
687
823
4084
2550
566
1535
2765
2374
2683
2437
69
1762
2049
1881
325
3825
1312
2732
3777
4375
1861
144
504
1389
1639
590
1501
2767
3958
2141
2677
2990
3142
2370
2608
3674
2653
4053
2143
337
1815
3621
2686
1375
8
3023
7
2428
2729
3028
2175
3350
2368
3548
2387
427
2244
2968
1827
2258
2501
2089
3239
263
2649
2705
2633
640
1644
1315
84
177
3582
2745
2293
2945
1849
742
3030
2931
2042
2739
2168
1467
466
581
2923
1865
2237
4052
2425
3373
2430
2596
3193
2590
1711
1269
1722
3706
1600
1210
1
1043
3752
1086
4277
913
1663
3801
75
1074
2552
259
3308
3821
388
4210
271
1241
2388
1054
398
1912
2422
2601
1723
3529
803
2748
4120
2689
599
2339
2460
2311
2
1450
3591
4072
3594
819
1837
3400
1628
178
3425
2919
682
4208
1243
374
2002
439
2191
101
610
826
3175
2120
3118
1625
2901
3689
3804
2442
3450
4183
1045
4128
183
555
3235
4118
3712
2281
3061
3867
1266
2976
2342
514
1014
1972
2032
1457
2150
111
1490
295
123
2566
521
3728
931
3143
340
1761
4101
2225
1921
2897
1394
3286
1302
2776
365
4320
4050
1407
572
2088
1563
421
1852
3324
1590
3996
3208
685
105
3518
4152
1734
2482
1759
1775
3413
1636
3648
1790
4211
1804
10
1772
2110
1730
3102
1454
726
3490
1964
2567
2554
4280
2725
3323
3301
1300
752
3526
2620
4049
2159
3114
71
3458
2886
4154
2998
1371
1305
384
2975
3482
2480
2722
206
3200
3977
2365
2570
4068
2518
3100
1768
2105
410
1001
1666
477
3126
1330
1496
2738
1950
3747
1863
717
350
2542
510
3071
994
1991
92
1197
1507
2044
4174
3436
4241
1874
973
629
620
3290
3406
3786
3248
3635
3914
3675
4177
1920
2953
4044
1593
4093
3443
527
2321
1346
1055
3736
1750
1112
3493
1441
1494
2934
2330
4350
3619
3654
3679
3765
1180
936
1504
2507
2379
3743
592
3887
3524
2076
2631
1651
721
615
2192
1230
1268
3513
622
3437
3242
3075
290
1146
2383
3641
2127
2059
3251
2878
2209
1211
2203
1060
3113
1763
1424
4076
1339
1046
3442
4006
740
2938
4340
509
2660
1392
2840
1545
2888
1154
1018
2008
333
2035
847
4132
1370
3697
2071
1382
153
193
3466
462
2446
1028
968
2619
2029
3695
3306
298
3878
409
3000
187
2991
2020
702
3905
38
1528
331
660
4074
646
3472
3718
2563
3478
565
1155
1136
2492
577
3206
1882
336
2663
2956
1968
3403
3127
618
2962
1081
821
1646
1048
3369
2632
3402
4055
2288
3337
1721
755
3839
2166
4160
2251
403
2803
3865
883
4207
4105
1686
3760
1020
1653
1498
1320
1293
4260
2814
2276
776
1529
2707
990
207
1347
684
1038
800
328
396
1797
2243
1379
4164
3535
3576
14
549
2266
1550
136
354
417
3822
2509
4173
18
1684
1897
3336
2592
1989
1799
369
899
1342
1537
3644
3108
2950
1638
12
2239
868
2674
3809
345
280
3904
3680
3209
3165
1296
3586
2622
1599
2783
3131
2541
4063
1959
3584
4216
1364
628
2124
4080
2289
1433
2755
3783
117
3274
2021
3663
4135
42
2403
764
1824
2319
2731
2556
2308
3882
2128
1526
2696
4266
3753
987
642
3503
1166
3762
2405
3721
2887
1574
1801
2532
2343
3291
3265
3095
1633
3543
1395
3572
3266
2628
1559
2181
2252
2253
367
4308
245
3440
2625
2153
186
4092
980
831
156
552
1879
2516
539
802
2961
3133
2790
4104
1630
4148
4245
967
1111
3305
862
1099
3837
415
2184
40
4117
2711
1492
2985
3330
2890
85
1906
3491
650
1308
3597
3342
608
873
4150
965
2208
3088
953
2675
1474
2292
659
2513
3299
832
1802
637
2441
837
1819
3709
3020
2024
2717
1351
3730
4059
2506
1814
1247
2970
3409
2926
460
332
2257
320
1143
2666
3059
3300
1057
167
276
3962
3990
185
707
2527
1655
3831
864
882
2665
3056
2052
1836
286
619
275
15
934
949
1515
981
2377
3593
2802
420
1103
2593
1273
3006
634
404
1541
3568
3391
3549
1367
134
2172
1184
1524
2095
730
2056
1793
2162
2364
1619
2973
1141
3866
1232
3708
3240
1941
3224
4194
480
2698
1381
1468
3625
3432
1857
667
44
641
2741
1514
3871
3705
314
1787
3994
2954
3703
2680
4145
985
312
3085
3948
1603
3812
3168
445
472
1404
4371
848
1299
975
1777
2317
1152
219
1327
4143
3501
1805
3523
1958
2868
2769
4102
359
2995
2132
3566
2773
1796
4223
4131
2816
1306
3776
3212
731
2160
2553
4136
2235
2778
2859
352
455
2933
306
437
3655
3975
1877
2402
3363
3120
589
1594
4058
292
2916
1615
2249
4065
3816
1484
626
1602
2386
1390
2439
884
2817
2922
1869
1924
2855
596
2869
3048
691
1520
3935
843
416
107
3632
1179
238
225
3902
1031
2757
216
351
4282
2329
2963
2996
368
311
3573
1851
2676
2314
1825
2781
1748
321
1794
1271
3756
649
162
1669
3595
2617
2691
3601
3359
559
2727
4071
3232
2804
2898
2389
376
1093
2599
3310
2145
4047
1176
597
1254
453
310
3521
1868
878
1527
3297
989
1542
2522
928
1867
2672
1662
1735
3971
3173
3626
2658
2549
1255
1546
4304
2906
1911
2407
139
2999
698
1256
865
1700
3429
1803
2821
1648
3303
4158
3017
1475
4020
4054
3011
558
3029
1789
842
2305
2245
4332
1105
2531
1142
1889
1652
1042
1576
3955
2736
694
719
289
569
771
2240
3245
1098
2223
2233
1993
2248
2664
4064
4345
3733
665
954
3545
291
1313
1914
894
969
1069
3148
4125
3622
966
322
196
370
98
3645
2344
1517
3220
1934
3515
3793
3667
1858
3244
1049
729
1672
874
1469
1905
3933
1393
390
1102
1134
1843
2858
1618
1780
1384
3302
3968
773
2358
3264
41
308
683
1516
2965
712
327
1331
856
1091
735
977
820
192
1321
3360
759
3784
3656
3428
424
896
61
3792
189
1632
1010
1785
4274
3106
3852
2354
182
519
315
2989
1886
3236
792
1225
561
3089
3538
768
2827
647
1325
1727
434
2409
188
3294
4289
3489
2187
3441
2045
1108
246
1807
3418
1295
4012
1518
1981
4372
2770
3018
3462
880
21
4098
849
3512
2656
1365
695
2899
1893
1573
2200
2129
4015
1997
573
4099
1660
655
231
3356
2000
2924
3581
807
1818
1033
788
2535
2039
777
102
1322
4109
4011
1133
3588
2574
3380
2864
2579
2546
2170
2461
4112
781
761
1420
2420
1862
1809
668
1198
1910
686
3204
2380
1378
3346
3275
1544
1175
2313
3658
3848
4027
2611
2559
1272
1251
992
1482
3519
1925
3010
4122
2488
2697
2651
1936
600
142
866
1423
233
2278
127
1839
1845
3684
2807
1578
2979
2226
1931
933
734
2837
3630
1489
4057
2955
2131
1746
1275
3268
4021
3710
2918
790
814
4009
4066
326
1261
3292
4016
2487
2116
159
3084
4022
3298
2600
4237
2322
1786
904
1157
1562
294
1318
1872
1609
2872
2164
1534
3642
1317
3354
1656
706
2974
1491
2502
2935
3152
1456
2537
3742
4100
4268
3162
917
2764
4086
3704
3123
834
580
1538
1162
1333
1963
255
3843
3090
2903
3412
3419
1290
3153
478
3631
324
3381
469
780
1094
1598
4281
3686
588
3930
3647
542
2905
247
2126
3896
3662
2185
1717
1030
1990
1357
1332
202
3974
630
2572
3032
3926
1493
3917
3408
2272
4257
854
562
669
2586
2947
1151
1387
916
4197
1497
3754
1567
2017
2372
839
1297
1902
2202
2262
2652
2544
1095
1015
2709
1667
1173
3589
2892
700
3688
795
208
1616
4042
2895
4096
217
4352
1743
986
3668
2138
1935
95
2178
3605
2275
2384
2708
3551
1374
2193
3929
2775
2158
3295
1661
2875
3740
4264
4338
1443
501
428
2655
867
579
3407
1267
1369
3757
3739
1285
3766
3906
3537
3417
3554
1236
677
3454
3851
2640
2630
1470
1643
1252
373
2028
2494
2714
3263
3444
239
2690
1178
4088
342
360
1217
224
1131
3758
3676
543
2733
4298
3227
1557
3556
4138
2712
214
2196
1848
2283
2163
2834
2805
2500
3502
2101
2001
3453
2198
1808
3517
2525
3344
450
635
705
2915
787
2146
3963
2072
2113
3985
983
3379
3192
3476
28
1705
3288
1891
2079
769
1200
1975
1011
1930
1641
2395
2763
2100
2086
441
1779
4166
2286
1833
2148
4339
2367
2068
1519
762
250
1604
4123
1053
6
1185
1732
2140
1228
571
2562
1262
3542
2866
288
3146
3174
4111
570
1986
3585
4003
3410
355
3505
3982
2393
3719
4253
1249
4008
2018
3504
4296
223
639
3473
1281
711
2242
3845
1070
2083
3376
3563
877
2216
2591
1503
2648
1892
2154
4201
3797
2529
1090
3701
3751
3434
1282
1688
4144
1859
2475
1012
3211
397
3468
4115
3552
2505
546
1298
232
3393
1465
4231
4139
4062
1822
993
1216
1856
2760
2623
1237
2795
3082
2594
2023
2236
94
1539
2495
2912
654
1960
4293
4284
3669
2589
4249
3033
846
1685
4254
3715
349
3002
3096
2539
1224
4137
1758
1199
300
2457
2179
551
270
2009
1222
535
2646
636
3639
1943
4153
1147
381
3136
1487
1039
1873
1124
3673
2921
4155
1226
3744
1614
4305
1749
1140
3307
2265
4178
37
3735
282
2188
2809
180
1698
1709
1631
4133
1246
1248
2093
963
2751
891
2914
1679
438
664
2724
2639
4087
926
3111
2174
1307
3565
1377
2558
606
2108
2654
3826
3481
3276
885
738
1409
3550
1310
483
2458
3270
2969
3514
3562
4024
2569
413
3561
3858
3875
2880
1752
3019
3475
2704
3160
3060
3253
356
2941
3806
767
3449
520
3389
2883
2671
2401
2636
2508
1671
1459
1260
2493
774
13
3117
228
2336
1784
2381
784
55
3399
1745
2597
4380
3799
4110
2318
3636
2436
3833
3808
256
2351
1359
2796
3840
1122
1757
835
3677
2165
1044
1770
1736
1855
875
2205
3531
3009
1726
850
1597
2352
3034
2928
451
414
3151
1472
984
1620
3492
2673
881
1817
2465
329
3405
602
1301
2026
269
2787
3388
1680
1174
361
2359
594
164
827
1172
3888
4354
1773
2564
1066
2523
1422
1741
923
502
1944
3813
1144
2946
220
2043
1386
479
3067
3861
3927
708
2004
2882
2121
1707
3921
1368
1309
1304
2340
962
3961
81
2740
557
939
3221
4124
725
2756
648
1171
307
3949
3745
2896
595
2296
1650
2808
1485
3327
1436
3025
3132
481
1077
3137
499
1481
2452
671
1139
1212
2710
3694
143
1034
2693
2490
4040
1842
168
2036
2702
852
1933
3027
1201
1065
1235
1399
347
2735
810
2687
2151
1927
3426
2891
1982
616
3110
471
1410
1169
657
783
2984
3445
937
3460
956
2406
2247
2027
316
1694
1953
661
3225
2908
4204
1595
751
1078
4127
2483
2448
2721
3553
556
1835
2641
1274
1781
1916
4306
2114
2932
4070
3283
2142
758
1242
1647
2016
3791
2670
4081
3313
2399
3564
607
283
817
3939
2063
341
2612
1806
2536
492
1890
440
1774
1640
1601
1938
996
2957
1937
3182
2497
678
782
3397
1689
3571
2958
3024
958
3094
870
2629
1740
2551
2022
2050
2060
3231
2210
422
4337
746
813
927
857
1878
2190
2325
2699
3672
2274
2453
2130
3714
2454
2194
3823
3144
4189
4069
1458
1008
1605
243
2207
2987
3815
3579
653
3731
4364
1558
3070
3447
366
972
2726
2585
1345
3972
209
1626
4056
3508
2992
2217
4363
3817
2433
2092
2189
4343
4032
2307
2109
2471
947
3401
2997
393
898
1348
2285
1998
2514
2580
19
2642
2324
3459
1205
2528
1506
4276
63
3650
1417
3732
4307
3575
3598
609
1659
1356
2626
4362
2576
1682
703
2575
1466
1566
3592
3723
3618
3536
1940
4240
3788
1058
3125
305
1204
621
150
1531
1218
3889
3685
2303
3534
3255
1658
1064
2685
918
4151
631
201
3352
1840
2747
2981
1617
2385
3431
4089
4292
1335
1505
2786
3349
1939
2234
2398
1831
2438
2682
727
4285
3007
2650
3469
568
334
4175
3699
3520
3008
3374
4001
3997
1259
710
3050
2199
436
4347
4157
3527
957
1556
1483
915
1798
1947
748
1479
2498
1329
3587
2419
500
3422
3530
2852
1338
348
4010
1899
465
1196
2530
3541
2843
4147
3176
4192
4385
1907
97
3333
4205
2287
2284
2499
3810
353
3293
2347
679
838
3341
2054
418
720
715
859
3430
3973
377
304
3371
2057
3698
4031
1137
922
808
1455
1400
2761
651
3716
2139
4238
3696
3446
2749
2440
3124
4286
4171
4275
2356
3967
385
2826
732
1270
812
3544
1654
2700
722
2737
1430
3738
2561
426
184
739
1284
801
2341
1037
2555
1744
394
2125
1846
4017
2264
860
1754
152
1733
73
1766
1283
293
198
408
3931
3862
2942
1854
1954
1884
2811
1191
2545
2870
2228
840
218
3427
2472
1373
1946
1234
248
1062
713
1344
893
3367
925
3759
4242
3683
1984
1533
1901
1584
2830
303
252
2135
3800
3984
2621
226
3956
1994
1841
2582
1742
1969
1009
4325
938
2429
4196
3312
2048
1955
3610
169
2014
3979
2106
3497
1714
2271
4146
672
656
1288
3746
175
3134
2762
3135
2099
212
3980
1716
419
235
3435
1061
3424
1460
4142
1160
358
318
1257
1471
2879
2744
2366
2334
2881
2304
537
4043
2584
3604
1311
2766
264
2972
3277
2157
3725
688
3748
3789
1059
319
970
236
2743
2988
3188
3358
4200
2548
2484
2431
2013
2102
644
2010
2463
1948
3180
2097
1432
3471
658
2065
3832
155
363
4182
2865
1876
3226
3609
633
3477
1903
3332
391
3411
3086
1258
1209
468
528
564
2397
448
718
1219
3540
2936
3615
2684
2960
942
4141
4169
3280
3016
4051
2853
4357
1019
1264
4290
2040
674
830
2459
1286
199
623
532
1983
575
3774
3893
2780
1289
407
2212
1380
611
3087
2959
3959
3947
3058
2082
1724
1765
237
2147
2867
2300
750
2581
4381
1363
3383
379
1800
2723
2034
2578
3637
2627
4091
2003
1213
395
4283
1999
844
2662
279
3726
2250
1477
3755
3651
120
1896
825
1976
1088
2085
1024
2993
2466
1372
2971
2661
4250
1738
3258
3891
1253
3289
2161
3494
1073
2799
1005
511
809
173
1145
4252
1352
3915
2728
1980
3794
2394
1303
593
3345
4162
2080
454
766
378
412
3511
1720
1138
1214
3250
2893
1208
1063
4236
3366
2533
442
3364
2801
99
995
533
115
632
2818
1949
680
2323
1540
798
1165
3616
1977
638
3884
1114
1828
2031
2848
2610
387
4203
2782
2404
523
2577
1401
1888
724
560
2752
3620
4007
2667
960
3195
3547
1543
3666
3539
3558
467
4041
4113
1013
2413
2828
3624
3835
3202
2964
1195
1082
3737
3727
240
3438
2173
3567
3486
2910
22
853
3092
1439
1366
743
3498
3898
2213
1097
2373
2800
2904
1396
3741
2447
4114
627
1181
2694
371
531
3942
2136
791
1844
2122
3237
2785
3617
2983
267
1530
4000
786
1512
1291
3463
4288
1965
749
110
3693
4261
1587
805
230
1703
4225
430
4377
1004
4083
3638
2169
4348
1945
4342
3496
1690
3377
1547
3965
3375
1871
793
284
3386
2647
2937
2378
605
2255
3509
1870
93
272
4230
3614
3309
2713
106
1973
2602
2583
447
3613
2701
2155
2455
701
2215
1521
3149
1239
591
3021
1952
4272
357
2421
3646
508
3015
625
2222
1588
1624
1864
548
91
785
4328
2118
3215
1900
1585
2927
851
924
4228
770
3814
254
4367
512
2894
2885
1113
1334
804
1132
1227
1830
338
1328
2103
760
2788
2073
1265
1608
3269
935
1764
2980
2025
197
4220
2279
3653
1956
262
4030
1918
2176
3807
1908
1067
3603
920
1353
4097
1645
3934
2390
4085
4095
1323
260
2167
2152
2929
2291
4156
3767
2320
763
2659
2477
4077
2746
2772
2473
3499
3652
890
1164
2476
449
536
1575
1326
2098
3081
3687
4013
3764
4329
2096
3769
652
2715
2263
274
3724
3607
4014
3252
2557
1966
1536
392
