8308
7589
4813
2516
11197
5024
1470
1418
4672
11513
5339
5780
5420
236
9969
2447
7858
8011
6632
6854
11570
8303
7070
903
4580
2194
3813
10784
2413
11335
6992
2251
8440
8593
1202
8738
8850
8416
3893
1877
9358
12002
9906
5159
2969
7221
4289
1040
9554
2082
7722
4435
4824
8490
7107
6836
926
278
10982
11411
7290
2863
4045
1075
3025
1061
4309
3528
7821
123
11087
8278
1503
3994
964
10121
2160
3487
1723
10829
11315
9798
6354
3981
6598
4293
3356
12283
6091
471
7235
10662
7748
85
3016
3964
7311
4077
4863
4844
8981
5367
11695
6542
6545
2430
7340
12336
3223
174
1918
3225
612
4868
10396
159
11994
4414
4964
7557
10638
4602
659
12212
4385
10048
3461
10567
5647
3442
1713
3743
1743
8324
10023
9149
9645
11366
4669
11558
4642
2616
11786
5398
4698
4710
5280
506
6565
3350
1448
8891
1236
7973
8263
8794
8004
332
5393
3324
2093
9919
4130
9593
46
7233
399
12361
1274
9736
7432
4380
603
3269
2858
8264
5491
787
4726
4390
5547
9639
2058
11381
1717
6082
8428
1648
5558
6682
4355
11829
8508
2581
3240
3960
47
2941
12225
4426
12338
436
199
1234
6388
6807
7660
4115
1644
9106
10319
9766
8645
3083
2075
5861
8713
10148
8134
5920
4386
6531
4998
947
10376
10665
4502
3243
10874
11905
1115
1510
11804
8609
9432
3089
691
10792
8611
10757
2027
2547
1118
4832
11948
2168
6633
10937
2949
6489
7467
5774
8455
3858
8363
5730
3186
1511
7895
5880
11985
8127
8130
3595
963
9887
914
1161
5196
10827
9053
10104
119
1077
6748
9369
134
8256
3599
10919
1697
11684
3673
463
12304
7637
156
4069
4955
6278
6685
5934
1664
985
5925
4277
5180
3938
2064
9590
12157
5904
11920
4013
7030
3189
7670
10444
12067
5334
4849
7194
7598
1562
8635
1093
6523
7054
6149
13
370
3263
4869
2939
2552
11491
8675
7537
6340
9988
2761
1630
7908
6230
11860
11964
951
3552
9929
12133
3277
9676
2392
775
4387
7759
6981
4571
3403
6131
12329
8548
11313
4049
377
2687
2717
5795
2361
6899
7984
3835
11847
3486
10686
2814
3551
5979
8332
2094
418
4811
6187
4446
6847
8468
6218
2638
11293
1788
6681
9405
12175
4402
2531
1043
8157
933
11586
10570
76
1869
10342
7838
3024
7983
2352
1264
10716
9733
11560
3605
11939
2978
6322
8797
1432
10807
5234
11980
4041
2919
10609
11329
2129
9889
2913
11266
1685
11012
4788
8884
9199
8562
6328
10232
9581
5810
12191
8781
5816
2720
3046
10079
7636
7721
2759
1968
7518
6736
4770
7044
1575
5225
2943
2722
2272
8159
4632
5466
8361
6446
7202
7314
9640
10313
3128
7200
131
7426
4398
12355
8353
6432
2880
11404
3176
10524
8288
9689
11137
1992
3689
1430
6605
11383
10694
5973
6463
10779
3494
10336
4678
8135
4239
5165
10594
5854
9015
2333
5790
7075
9018
859
11138
10925
6102
5005
10733
2185
255
11187
11188
2945
3126
2987
6476
9023
12164
6590
5055
9804
6519
8935
3764
4595
8648
1796
4220
1536
10830
6886
1938
11534
9040
1806
8084
8968
9300
8418
4768
5346
11579
2331
1012
1066
2988
1640
759
7020
4230
8274
2640
1070
3944
7086
10888
11017
10076
365
10278
2446
8161
5358
9504
5859
9043
8386
4990
1422
7122
5935
11493
6405
4870
1528
10244
9396
7525
215
4359
7533
1578
4037
10138
10362
12240
4685
9378
9145
7061
9684
10432
3613
1171
11993
5452
8277
11424
2830
1098
1749
11862
4131
1191
8311
4713
9899
3266
2327
1787
1464
4965
5305
7256
1874
6455
1629
2608
7455
2992
3846
3984
11454
10
10843
6193
11556
10261
4752
9697
542
6021
113
5314
10522
2267
11547
6905
6397
2669
1716
11767
4554
39
1450
851
5068
3123
7504
2161
5945
138
5897
11656
5430
9119
3134
6238
2505
10118
10306
5142
6313
7986
7896
264
11999
1469
141
5315
7130
10999
902
7114
428
3881
3035
5946
4181
7045
3170
9754
10715
10106
2403
7917
6949
5595
2827
4330
7116
7396
10771
2627
460
11709
4730
555
11921
8770
6580
9672
4238
1641
2961
1441
3220
10160
9181
8359
3680
12029
792
8360
4634
7376
8244
4577
2576
1595
4428
585
9066
10899
11327
5049
6532
9894
2670
8319
962
478
211
10150
11974
3097
9092
12113
7567
571
2813
2473
6719
9476
2518
6217
4302
11887
7047
9666
10893
7478
2439
4766
2180
5064
114
1031
5485
10742
10366
9465
1081
9558
3381
3987
4547
8552
3759
3218
9270
218
10914
2440
12217
4871
12232
337
2346
11552
9710
8230
435
12373
9097
6299
514
3042
9801
9082
10164
5940
137
5872
3937
2470
10097
2684
2639
850
10722
2338
7970
8143
6426
11831
9331
2967
1045
284
9975
11588
11918
10314
462
6423
1488
11045
2788
7806
12357
5873
588
6114
6041
3084
10677
7738
819
4960
9474
88
241
1931
7172
2708
8172
7178
2086
7215
3390
3790
2279
7977
10054
3795
1792
12278
4756
2294
4444
1047
10938
5022
12050
307
1008
8661
6530
9797
11161
9502
9088
2424
93
7110
5188
6802
6456
10718
6735
4247
12118
5555
8499
5948
11528
2039
247
11027
8476
3425
2907
9363
4453
11345
8662
6806
9982
7239
9261
11246
9521
7295
7186
11220
9376
2234
684
8606
2115
1893
10528
2994
2693
5735
1944
12151
3745
1626
3712
11889
5382
2825
12161
7528
1714
3807
12207
12227
9741
6718
4994
407
10769
10944
11271
2523
10518
3742
3420
2130
10988
10479
6323
2195
6105
6564
8933
934
4076
7097
9313
1700
2367
12318
2803
310
594
2173
548
849
6188
8209
1913
2906
3767
5959
1945
2824
553
1357
1228
7421
11199
10509
2178
1155
8647
10606
3830
10712
10911
12351
9085
3594
9827
6306
978
8236
1803
11577
2425
3513
11143
7175
6249
1120
449
382
9808
12284
5381
5889
2696
6142
1981
8566
2070
8569
9671
12193
2228
613
4337
12299
4734
32
9970
11715
9054
9370
5209
8588
5042
6925
9367
8364
12122
5369
10671
2395
8338
2313
9907
2781
375
7452
108
8692
4433
1583
12167
10656
7776
9567
2931
1760
2530
11364
11737
6013
803
1041
8469
4284
6363
11647
3029
4078
1732
3935
4383
1598
5061
1698
7498
10353
9073
8992
1015
2463
12013
4073
3028
6957
9959
7196
9218
4035
1772
2549
10702
9086
7017
9918
7840
9484
9060
972
5320
10510
2409
2658
8743
1782
6044
2258
9129
6787
7679
1711
9022
10503
10120
10033
6997
7766
2541
8775
876
2472
1337
232
7662
10000
5058
11354
9050
7755
5397
9658
4511
5518
1764
9925
12249
8229
475
5607
5914
6514
5421
3086
1794
1563
380
7857
9208
10266
9656
3121
6945
10553
9788
5950
12310
9446
12083
11864
4455
6378
5588
12033
669
1961
10563
2089
4044
2230
11846
8826
6140
2296
10753
9831
147
11559
5638
12177
2354
1149
8809
9858
11818
6699
11321
11700
4540
550
1777
10235
2037
11811
6231
136
427
9161
7603
5324
10648
8307
11423
1915
3337
4486
4572
7839
7049
2269
5869
8514
11616
4382
8722
6877
8725
1804
3373
12172
8714
3205
1757
4361
794
9573
6252
2543
3705
3171
4754
8618
1217
6687
11437
7284
3801
6975
9638
9347
11943
7953
23
8971
7051
1189
958
11501
4999
5013
7069
10139
8556
10010
878
7181
545
5988
5437
11597
11339
11221
5618
9448
865
7624
11009
10499
10525
1021
1741
8827
11992
2843
9005
301
2573
5247
4410
648
6225
7784
4630
8454
7849
1670
5500
9626
12145
5069
5264
7386
11090
10802
4493
2226
1647
11725
11257
3075
10596
8712
4671
5915
6000
9487
7834
11555
2165
6273
8154
7143
1336
9682
5660
11965
3044
3014
11895
7270
11930
3600
4613
3535
4552
1526
8186
7251
9924
5396
7871
8365
12298
5150
12026
10040
10158
9202
5337
3681
9770
9705
4271
3709
924
54
1058
2024
11741
1208
10211
4523
6095
8667
3149
7395
2340
11312
5860
4874
11642
8450
688
5608
9412
4062
3165
2538
101
423
10997
3952
1490
2040
12222
9457
8510
10163
4092
10484
11287
10695
977
2167
1888
4279
2356
6486
11978
10764
6481
11936
8149
12316
11232
4816
10112
8058
5204
7723
7390
8877
4604
5941
6977
10975
9718
12102
9388
10633
10034
922
9393
8564
142
4636
2225
2152
2007
4872
4136
9561
4703
7578
1742
11260
6166
7737
10607
3007
2455
9000
9257
7842
7844
8782
11425
4297
9320
10080
10420
1029
5135
11880
5287
1522
9653
7099
5059
6689
9852
5257
11801
4749
5266
8146
2324
7577
6460
8581
9302
5347
5331
7864
3582
11460
1990
4384
1818
7307
9276
3118
7092
11451
1495
9986
6964
3737
10822
11213
10698
11630
2460
11224
10710
10041
10035
7976
2347
7409
3685
4706
671
916
6916
7853
12079
10192
9999
949
8671
11531
110
3529
8432
8385
11929
8607
1445
7206
10008
11701
1531
8102
9777
4501
8214
2584
6956
358
1625
7750
356
7397
6968
2253
291
2742
2520
11735
2510
9525
4973
9635
6508
8493
10739
11044
7436
8197
11348
6200
10387
2689
3800
4819
9204
7663
6655
707
12108
10932
7609
5157
4575
2100
11442
3996
4395
8587
11506
3325
12200
7542
2960
3940
4782
9701
5141
7229
1998
2791
5395
11504
2571
6499
6165
2918
10413
1936
6237
7158
7405
9133
4117
3788
2509
2517
6015
9560
7480
6377
1050
8721
9867
11509
1111
2738
7154
1820
9951
8408
12190
8289
3812
4605
10848
955
561
10174
10245
3311
11826
3429
8822
6828
9310
1069
10371
9824
1096
5724
6713
8247
5825
2081
9277
4351
3729
8376
8357
7611
1622
6558
12242
4775
4647
8652
12371
2504
10243
5284
6169
7353
1720
10016
8788
7990
2119
9372
6851
9471
3197
7148
3233
5999
7778
10144
6472
11517
8751
2980
885
10913
10746
12201
7156
3057
8391
6985
1677
12331
2779
10586
3598
6512
2188
9227
9490
2416
786
183
3472
1438
4986
3201
11590
6144
11904
10027
7995
6694
7091
3115
7752
3648
4081
7681
4400
6118
9987
3771
8768
2904
3754
56
5212
2853
1201
3278
8952
10966
109
1683
8887
5419
2078
3342
9170
1736
5319
5232
7481
11871
12277
437
1181
1927
4639
1908
3404
12365
6296
11209
9107
9814
11243
5217
5429
6986
1505
9823
1833
11868
970
326
1479
4836
9877
4443
3526
6287
3490
861
1768
8912
410
778
5977
2494
7230
7025
3242
4985
3531
9025
8465
10383
10521
8926
11856
10862
10728
11368
10206
12072
8321
11661
5819
5778
7308
3193
5017
10434
8965
5340
960
7781
6497
3997
5207
2682
5267
7050
11463
9159
6473
6347
3447
6616
8882
11402
5866
3473
11445
5554
8771
3752
8571
6003
3398
2840
8663
11064
5220
10026
419
11283
1920
10626
2433
1018
11546
3362
7238
7060
9792
9524
8366
11304
857
7900
3826
4246
8796
10227
4098
10585
8140
6076
3779
3493
11477
11102
8862
7219
3135
7907
4753
7204
2702
4840
8260
5303
5644
3192
2661
163
473
2063
9555
2394
8496
7145
6547
1010
7013
5480
9449
10663
8483
9920
7816
5910
12198
9436
3319
5175
12
938
1882
5177
10621
3481
10195
4711
11896
11529
973
10141
4920
150
2642
9926
2574
2606
9848
2773
11086
3948
9198
2290
8999
7511
7288
12271
3822
7163
5067
8717
5192
1331
268
140
3235
118
5425
11032
315
11732
7309
6319
2299
5101
8222
4218
7732
10787
10818
12000
3389
957
9853
353
9437
8669
10797
8460
7085
11807
9500
4295
12211
4876
4772
11007
8286
7529
7316
4278
9985
3612
4799
2107
562
5998
6036
283
11592
2798
10544
4689
5226
6147
6414
6683
9507
8513
9451
1853
7207
7287
4080
6783
2144
8860
2618
11226
2429
11349
2461
7715
9038
8987
3725
8335
4650
9298
9002
6213
447
4847
2437
9374
10799
9047
5201
7583
9553
6202
12119
6443
11612
1211
8452
10169
4603
9633
12345
5081
11614
11222
9009
7559
3843
7301
10249
4053
915
1174
7079
9881
7582
1148
10666
6442
9802
323
7464
7607
10812
2493
3056
2745
8705
8019
9406
1512
11467
812
11736
1501
9213
5261
9506
10679
2343
2887
4140
11264
7078
120
9526
3640
3478
1489
622
6595
6855
7746
5865
846
12188
6634
466
9239
10391
8113
1789
1690
10998
7996
5937
266
7332
11440
10440
10442
10175
1542
3208
7818
8908
6298
495
6469
2135
8351
2072
5023
2038
7872
11459
576
4206
8507
5312
3601
9144
10406
3365
6715
9940
4256
5986
6235
4340
11854
5511
1919
2877
4553
9859
7786
7292
5309
6350
760
4207
780
9742
3986
6349
3662
6609
10927
6412
8182
155
10832
8246
5255
11236
11673
9258
1011
3906
367
3540
6861
11399
5871
1468
3370
222
10815
191
7753
9833
9179
8110
4797
1819
9767
9479
4224
5043
12031
1339
11599
6837
10683
9865
1187
11676
4126
8117
8462
1779
3320
10629
4557
11903
686
1669
4281
6203
10363
3728
5881
4740
4185
4578
6944
3275
233
10949
7046
6030
11476
8326
630
3388
931
10446
8312
5012
7780
2381
208
1880
5254
6652
2315
4741
373
10427
692
1719
802
2820
2580
7209
5855
11331
11208
5377
10233
1573
7708
7530
818
161
6120
7800
5954
3254
7302
6154
10558
590
213
3683
7187
7832
9255
8425
6482
469
9762
4997
9630
7742
4177
10672
4661
10560
4169
11554
5779
6047
7388
5566
918
4866
2556
10042
3264
10593
11128
2097
2273
4019
966
11325
3252
6513
7389
2686
10936
6959
7676
2995
429
4089
11915
9410
383
9572
8122
6987
3036
2681
4416
8710
98
665
8248
2065
7034
7214
1846
4186
8285
3992
735
4781
7706
2666
9178
9575
2448
8605
12093
2602
5958
4113
25
4300
5637
5294
4724
8980
1152
3693
7076
9065
3969
11235
9595
3651
2010
8422
6539
2790
2096
2551
7571
4027
9319
12186
2374
8984
5596
4419
6730
1088
10470
11443
9911
6167
6394
7508
1035
3861
9111
11925
3440
10451
11031
11341
2896
11489
164
2826
7343
12295
1715
7123
5252
7412
10130
11971
6638
3136
3116
5454
3592
11668
6534
4310
7004
627
8897
6700
4057
9594
635
2974
7586
952
1436
11115
651
1873
4223
4583
4535
7641
2927
3050
2434
12139
9387
5033
9273
1926
3268
965
10758
5278
1000
4900
6637
8314
3587
11777
11121
10630
3172
5333
8620
442
2579
2973
11565
10897
8559
11744
6097
4665
2342
9464
522
3469
10564
11962
11738
2594
11775
7095
8188
7325
5435
4290
2214
3184
11518
10108
11951
5781
11663
10854
3221
10704
10045
2014
2703
7852
4033
5151
8914
11104
7913
10126
1645
6310
2747
8421
9338
11301
8427
6665
5851
9462
3581
7153
2795
7790
11039
3738
5229
5300
9825
7402
4221
1784
2823
5296
2011
1594
10110
1790
4007
2539
3703
3459
7735
1131
392
10863
2521
2736
11471
9021
11873
999
10015
6357
11370
5942
10315
4457
9538
5316
10816
8005
2726
8128
10355
2271
58
217
9910
257
5927
3166
5269
7403
12324
4757
12143
8101
10930
4733
4215
7886
9922
3349
5402
3294
3164
12362
5823
10725
683
360
6862
5028
1675
10950
1117
2846
2491
11021
12110
11133
9108
1950
11711
4907
5990
6920
2022
3129
3804
3724
1102
5541
7326
975
3792
4423
3346
2889
7370
11746
12165
10156
2051
6180
2172
7616
8907
9760
4346
976
9571
7739
10105
7745
1104
10502
8859
1452
9365
7176
10857
2769
4266
4450
577
9644
3054
11648
10538
3055
1774
2956
5791
10018
6219
4167
9781
12247
3559
2128
1974
3003
5283
8950
2350
9192
3993
6141
4267
3796
7724
829
499
7743
3430
10181
11681
2499
5911
6294
4147
3720
2166
5258
1570
2620
5091
10574
79
6688
1569
11631
6190
6780
10455
9974
5521
3271
8565
9541
12289
1212
2667
11179
8543
799
7720
10668
10161
5443
7398
10866
11270
8930
3921
3463
7536
3276
2958
1457
5010
531
4705
6026
2731
3733
8763
8574
5268
4008
3117
8347
9983
4596
2489
7629
12313
2756
1606
7494
3782
12353
9886
4645
6668
5562
10875
6470
2402
2762
3125
3577
9081
8602
6471
2329
9182
5214
2641
7217
11259
320
11347
10210
7367
6720
7685
10536
4627
8279
6369
10043
1518
2789
11018
9143
5818
6365
8838
2659
10400
4912
3413
6677
5801
7293
10303
11306
9747
2643
7541
6709
4252
9869
8691
3162
1964
9104
7731
9072
259
5524
6117
3148
3713
1776
7027
2923
2597
5403
11662
3832
3063
1034
52
2062
3147
9819
2882
4858
5374
9785
3583
10561
822
7222
2650
875
9292
10646
6063
11407
8577
3400
1748
2712
1800
3586
10699
180
2852
8509
5899
11972
11225
10031
11956
9155
7155
8728
2683
11163
9625
9452
8828
3114
7521
5563
5675
5876
11035
950
7981
7040
411
755
10976
1114
1548
5147
9419
2758
7028
3103
2592
228
5371
9160
10588
6707
11802
6673
10659
376
10707
3634
7089
9935
11275
10073
9343
9180
8909
8099
9116
997
7809
8948
10545
9686
10472
11405
10504
7460
12275
10501
12204
10385
4865
6318
8760
11650
324
11462
1639
8270
8294
8299
10540
7538
8144
5071
3259
5800
3541
8498
3719
11927
11875
2318
9345
5755
4421
3781
12319
12215
11449
8125
1607
2422
4097
1129
6164
9972
4222
8869
2373
1901
1426
2646
12012
2170
8630
2199
7077
11050
5539
2534
1079
2462
3525
4146
227
2605
5650
1816
9752
3524
9118
3198
3272
3567
3246
8348
11240
11637
11664
1182
12055
9719
10751
8227
8966
7413
3876
751
541
7041
4915
3303
4555
5423
2046
12367
2677
3432
12244
8757
1759
8905
9673
8784
6050
5666
6763
879
5077
7303
5843
3821
4066
6408
646
3653
2451
10772
1049
10959
9216
8787
3522
6607
4745
6818
9434
8735
7323
3659
11753
8804
12279
6765
6743
905
9866
6584
2952
5394
11766
1555
9134
3179
11139
4030
4401
3475
10881
8575
10046
10393
8003
12281
73
3833
2953
6644
7059
10719
1708
731
11935
1132
2695
10994
10652
3052
160
3909
5559
5615
7658
7876
11743
9903
4670
8755
3038
1643
5292
3802
12231
8301
3859
1925
971
6074
3806
12343
8399
4818
2959
3298
4137
4882
12148
10294
3624
1894
1883
5985
11666
294
10331
9834
4265
8163
943
9532
6576
7699
2233
3963
11455
2828
3636
5190
1687
6829
6201
4917
2438
12340
8492
1540
10948
791
3584
4588
6269
83
11575
250
8142
3104
12237
2895
6459
3281
1933
340
6447
4980
5080
10922
8252
3415
3047
6391
4038
1614
7813
11757
4867
11622
10565
10977
8162
870
8080
10678
4681
9141
8184
11494
4728
3033
6654
626
2657
10436
4567
8124
9128
2208
2816
2399
4255
11207
1133
1775
4273
6043
8854
10155
4786
3067
5570
10129
1967
1932
4114
1624
4292
11835
940
11609
6424
12117
2653
1618
6484
9186
3314
9514
12045
4773
2382
4
8439
6177
7649
10411
7318
5896
637
4691
12007
352
2322
8644
1646
8878
3124
1525
10060
2435
6409
44
9836
6768
6075
2718
12043
7967
1533
9670
6911
10215
8434
10981
4793
3096
7393
8183
5626
7216
860
371
3267
11105
8201
6453
5376
5271
8654
7364
6247
10989
1636
2532
3290
852
300
7628
9013
5995
2879
8379
10304
99
10265
2320
425
5864
10193
9011
12246
5820
5224
5200
148
5589
3504
4043
2418
6515
11844
496
4984
11200
9791
9283
9414
5390
3076
6179
5929
5849
5185
6341
10147
9846
9217
2713
8282
4253
10514
7297
5354
1044
9783
7615
9123
11160
3409
3338
10789
11938
7193
3455
7608
1875
8855
5327
10467
5970
1142
10452
10912
5228
11472
8582
6656
2649
6734
6541
5892
9628
11967
6622
4408
687
5311
11959
8280
3174
897
8126
11182
41
9773
11422
11378
263
10762
8629
880
6551
5853
3597
4784
10750
3565
10293
9001
6998
11633
969
9469
10433
9993
8993
3466
10926
6846
4469
11239
2432
10441
7657
3468
11356
3704
9941
1811
8715
624
7625
3150
2337
8619
7579
9352
5527
4850
3256
8842
11689
12021
3751
9328
2837
9240
9591
7117
10237
9357
10226
7733
105
3262
10983
7119
6370
877
7596
3591
2217
9366
5991
5590
171
11428
1710
4331
11421
1783
6256
11495
9608
1745
4175
9745
12179
4807
4166
5556
3009
2989
3450
6276
6951
5997
7575
3093
10808
10365
1139
10819
7277
9045
10494
12223
4437
11794
11441
9409
6980
4210
6973
1109
2083
11468
6458
2662
9308
9295
9444
4112
4977
1609
9611
4270
8687
2503
4133
11123
984
6332
3643
4377
3477
4011
1493
2971
9303
1052
9408
7675
3544
1916
1852
7115
12220
11824
9800
11040
9264
5414
11911
5614
11991
9445
10074
7310
8358
6259
4125
9248
7489
3248
3309
12239
8295
5093
11605
10622
1739
4085
2464
5363
11975
11987
11070
1199
12068
5016
9659
8232
690
1722
4978
888
7328
9235
8160
9652
4473
8098
6524
5471
2901
2536
6457
7747
685
3670
3482
5966
10801
6526
4485
11759
4982
5754
8845
7183
10500
9428
894
3488
9112
2264
2291
3382
298
6374
6029
2151
2502
11919
2431
10597
11934
3253
3990
5654
7503
5218
1616
2601
10785
2419
11747
2891
4082
37
5506
9845
11486
2778
2056
4211
3854
9651
8641
4519
1332
5349
4179
9597
5918
12350
3576
6109
11640
9478
1921
5688
1141
11734
92
6037
3479
7071
9895
1420
2423
5231
12009
4981
12109
10552
7031
1427
10661
5560
3772
5963
3414
1956
9265
5885
8658
11171
8683
5967
10748
7515
6433
6325
7173
7431
1509
5125
2145
1543
1843
2772
9008
2817
11081
2774
4379
11168
10618
10348
9439
2067
3700
921
8002
6485
9117
3901
1589
3641
9121
10513
3279
2697
3408
431
11917
4226
1747
8390
6731
9691
3015
4106
8789
2570
2801
12263
3692
10726
3629
2390
6054
4550
4012
5530
4790
7815
6194
579
9598
7174
2205
5916
7342
9236
7022
815
69
8764
8345
7939
5858
3133
4914
8841
2456
7966
2866
10506
6983
4589
10828
4071
10478
2587
9453
9361
10850
9727
10519
7779
10992
11367
5222
8205
5265
5310
10050
4532
2572
3688
8730
10546
7833
7824
7767
1059
6969
644
6454
6439
12216
11849
8021
2450
4413
930
10583
3111
6430
1538
350
7072
2441
4342
10892
3962
441
6002
10768
7985
2141
2754
9614
5734
11883
11984
11798
11165
2132
12015
5534
3566
7882
2136
5528
9224
6663
3930
6805
10917
3313
7686
6336
306
6588
9843
4525
592
7982
3173
9353
5073
9089
7374
3602
9423
10414
112
8330
8769
11952
1506
6062
1620
9646
8843
5341
10017
4812
2979
7347
12228
2560
11492
63
207
9757
6507
4556
8920
7875
5143
8894
12268
5689
4148
11773
8861
3625
4490
116
11419
11478
10491
372
1797
7205
11055
4228
10128
2990
1955
1020
6679
12209
9407
293
4006
10011
3081
9711
913
6232
9395
11000
9454
5621
11859
9829
5388
5039
2844
11901
4694
10773
9872
1928
4118
4600
7001
11760
3995
1585
5407
5630
10775
11320
1016
869
4585
4204
10599
4495
9692
3119
4995
12334
9721
3510
1572
10840
6191
569
5357
6972
12010
9157
452
4482
6779
8711
12185
8121
3140
8632
9176
7124
1962
4507
1704
4325
7407
4039
4785
9657
10608
10421
4187
2200
3918
12305
2698
10328
9425
4237
2962
11046
9559
4821
3212
3850
4586
2721
5646
4388
4593
8181
7605
10896
3331
8457
2483
5567
3285
1813
12149
12265
9942
11970
9253
4440
378
8472
2375
5295
281
1940
3945
272
10401
9375
2932
7317
1475
10669
5251
9138
4608
4471
8573
7879
1146
7949
2847
10456
11899
2335
2444
4068
6333
2680
3637
9309
8506
7474
3155
11778
2077
3489
7554
11410
917
8322
11060
10167
7829
2369
4798
6784
8136
11908
6950
2061
10770
10384
1099
8313
11300
1462
838
401
8553
9103
7167
9124
1628
7680
2590
9648
10980
5062
1568
9142
11966
8955
9275
3445
11036
11545
11490
8292
3070
7037
5227
1219
1195
11549
11810
7562
5662
10088
8840
3589
10643
504
8578
5766
9059
2845
9505
11830
4833
11479
6538
6288
38
6069
1597
4048
7334
6234
11953
4042
11014
3219
5525
1547
6884
7993
2149
59
9237
11671
7170
7456
6621
2975
5857
1731
5807
7756
10297
4202
9604
10095
10085
8109
2118
725
1905
3087
385
8173
7656
11572
4570
1699
941
9417
6418
9177
12053
5250
6401
387
6245
4886
7315
9146
10251
10049
4122
8646
9623
7587
11482
7492
1564
4360
6006
7664
5211
4628
3568
416
4896
4503
4530
4801
2053
11866
3914
4948
7612
4268
4288
4257
795
7560
6610
1801
1767
1218
7614
5870
3292
1546
6427
1617
750
10918
2114
5027
7210
9348
5804
3538
3988
7006
4254
5612
9730
9314
8339
7241
2330
9165
2109
5095
616
6954
6604
5066
11095
3289
12234
9068
7057
4510
11894
8284
2878
10641
1453
12366
6104
6326
9233
5242
10289
2679
10257
4592
2585
4420
8806
3768
2819
12127
5065
10003
7273
554
2197
3230
12219
6151
9296
1982
11995
7257
1025
4375
122
11043
9826
4352
6324
181
2636
12075
3572
11397
3392
2048
5890
384
9382
2685
8942
400
2069
3626
8094
2211
10537
9099
6392
11742
3563
7668
845
8925
12160
5063
11643
7887
6289
3239
1160
1231
333
12084
5808
8349
9247
9851
11464
10351
5604
2900
8041
11527
7225
6311
11034
5629
2042
9854
7291
11211
11029
2871
2477
6413
5326
11111
1678
8709
11376
12272
3448
6579
11135
9780
2888
6407
10612
4251
3098
3562
4729
9501
1165
8653
2023
2857
3961
3956
10131
9723
9070
1137
6084
2481
11526
6646
10465
9346
10260
11730
11947
11475
3596
8917
2344
6057
10323
9458
11151
438
1334
584
5909
10714
5221
1810
8892
7665
9654
10580
3049
3295
9297
12197
8138
2613
1758
11957
9390
5497
7052
3351
1545
10443
5282
2965
10942
8561
34
4072
6596
6436
7320
8224
11068
3177
43
10741
7169
11227
834
9960
3222
4953
2406
368
7327
8375
7550
3199
1754
7574
5198
2449
6984
11417
8739
904
11627
7831
12095
12150
4093
10347
8915
6072
10664
2057
5537
7655
5428
5380
4841
11553
11548
4336
6411
1684
11886
3099
290
11748
7106
10229
3039
9724
8832
2261
7039
5290
1167
8449
4088
4095
7548
8397
3849
2936
12071
4497
7104
11267
8451
2734
10339
4544
11334
700
5796
8896
4317
10855
2231
7056
7825
445
8485
7569
10246
9394
11770
1159
6906
4638
3209
8238
9126
7416
2836
9667
4481
5164
10171
11385
9191
4677
8139
4911
2946
11636
9844
1444
9850
7380
8904
8061
7087
11731
2865
6121
474
10717
9259
10680
2250
4240
10463
9268
12124
7461
7620
5493
1899
5112
3687
10457
8918
5276
11600
4704
5348
7433
11878
11125
10480
4282
4199
3677
6635
9481
6271
5060
7565
11170
1680
3977
10973
9459
2044
8695
9269
7535
1858
4956
9166
7218
7659
8857
1679
2163
12203
11436
5532
8192
9637
2982
9704
7278
4214
243
8666
11659
11557
11103
6756
3776
10179
5107
1983
4887
8975
5008
3701
9613
11184
3247
4758
4810
9231
4475
4526
9923
4354
12368
858
3511
4968
4349
3062
1478
6305
1076
10747
6781
3633
12346
1840
4837
11092
9544
4760
11745
5813
5206
4003
3532
10562
406
6385
5965
3333
6093
10701
2765
4508
5930
8447
5549
3679
10759
8329
3257
7254
282
1605
1214
374
11062
1892
10212
3791
8333
1837
8919
8835
1960
7298
8601
1596
3456
2589
5193
9470
6087
8495
4009
362
4225
6974
9498
4195
10516
891
11961
639
4313
9636
10482
4582
6205
10483
8758
9063
2471
1667
8305
9647
7651
2624
8512
10512
12104
1254
2839
11832
11469
2984
6035
3441
2699
10089
3932
11514
9519
6978
4559
9495
8928
2443
695
3896
5025
8381
10022
6651
5474
7684
5579
1232
4235
9794
11761
4465
5907
12282
7580
1097
4165
2596
11361
3058
5593
5763
515
10408
2020
11117
4478
5350
9339
12290
7134
2690
6410
5984
5856
12001
10615
7711
6355
10032
11827
1530
3545
10566
4363
1461
568
4820
7382
10183
10092
9936
8344
5663
4350
10555
1987
6024
10649
4308
3974
9622
11884
6176
4969
7096
6402
1825
10426
7014
9291
1107
1205
10228
10755
1860
6398
1190
10310
9333
1579
2309
10124
8523
6389
7003
8555
8323
5732
4619
2171
12121
8702
608
1634
1924
600
11596
9020
7053
252
7761
8766
104
8819
5166
8405
4919
2202
4338
657
3829
4168
11183
1056
1467
5342
6268
1753
3573
2733
11816
6575
6301
11857
9209
9821
6570
9603
4248
8038
5835
10823
2794
11968
8936
2725
1185
4736
11452
7024
1637
6059
867
10298
1224
6239
2398
7669
7513
11453
8198
12178
12041
10736
11696
8171
2187
10036
5002
10125
11205
1746
3339
642
10587
6116
4460
10221
6617
11338
10984
1896
4323
9290
3497
8656
8740
3004
1832
4923
1443
10454
1842
12128
5463
6227
10958
5405
1830
11783
4517
2045
10532
2957
8116
5167
2278
8503
6989
10610
7338
7714
2603
6360
5308
6228
4679
1435
10107
11074
6399
2625
8147
7111
6581
10611
833
856
8572
4936
4498
5882
68
1615
5355
9135
841
4635
9238
3143
11288
12181
1878
11
6647
3457
7899
9413
20
8231
2156
7220
9578
8923
10711
9183
2905
4040
2138
12344
1969
2148
9262
8834
6628
3355
4505
8808
974
7553
4959
1577
4656
2970
3632
3453
5473
2087
9989
8441
5968
4324
6158
1755
1440
5345
6639
8680
10691
1026
9769
5332
6425
988
9061
9421
2025
1550
6503
4156
12251
3880
5306
8316
3358
11241
1995
7889
11796
6061
4700
8340
11571
11698
9737
5322
1335
10199
566
2981
1083
3109
4404
6627
2991
11692
9167
10834
6941
11749
7108
762
12155
8599
3746
1984
4976
8522
6773
9164
8973
6488
7862
11212
6608
8829
6133
7321
10906
991
4646
3929
8190
1233
4376
6292
10140
9102
10821
10972
7805
2688
1828
4901
2009
9949
3273
6912
5494
2719
42
11566
8129
4563
4018
10109
1941
6786
10013
779
9371
8393
1821
8583
7011
11660
3647
292
9616
2673
7363
5197
8985
9286
4759
4743
10005
8521
11372
4060
6979
8008
7344
4652
6295
3227
8800
3139
4406
8954
3983
9722
9242
6243
9662
3020
6023
4104
11389
871
1656
12315
6996
8649
5277
11169
9266
165
6578
8174
8401
1991
5020
895
5353
2831
2746
143
1062
796
7048
5202
11375
70
3364
9735
3741
2459
492
7980
10469
4655
11679
8563
1527
2859
77
6708
9743
7865
8331
9649
11949
9712
10684
12195
4856
11094
4599
2408
200
10349
8527
8570
8585
6032
5980
6667
4333
9624
8417
6752
3897
3574
8479
4269
9509
10861
10957
6415
3571
7506
3427
11292
4723
9101
10083
11713
7523
2810
12245
3421
6844
6557
3244
2730
7043
4881
9904
11247
10533
4138
7120
3458
5450
9576
4606
8550
3435
11075
8015
8542
3237
11099
10578
7998
682
1123
11089
3341
3824
11808
390
8805
11983
6900
11229
11521
2123
5249
4219
9386
9004
7150
4695
4548
4161
2277
8106
4560
5299
501
10841
4364
3757
6376
9796
836
617
1472
3187
3520
6566
1471
1106
10878
629
11841
7068
10295
7974
8228
11483
7381
5416
1261
10931
5868
9483
7299
1110
5301
2131
9427
10551
8108
5154
11986
3152
10166
10591
2457
2428
12352
8384
4303
12156
5431
2323
10687
5230
5046
5519
4365
2511
9042
11589
3726
3060
2899
1203
5132
2750
7713
10573
4381
580
3762
1957
10145
9698
12065
498
4925
4680
5263
3665
1022
331
1196
3431
3299
8148
4058
9398
1727
10375
4002
10486
4463
3622
11210
12006
10253
4032
2292
1080
3363
8196
11177
10688
10213
6096
316
596
10218
258
11157
1769
8624
5409
11106
800
12267
4022
9703
11845
11510
5044
11185
10081
3954
3433
7863
6909
8446
9964
7146
9355
10900
3827
8532
10364
9879
9564
9569
993
6516
11233
7650
508
12081
678
5029
10541
2655
2126
7769
3815
4660
4735
3867
9113
10651
645
4845
7971
1413
7159
3460
12130
2466
4296
1105
6286
3555
7543
2282
9384
7038
6143
10910
8346
7373
8091
1124
230
6361
1735
9693
10805
5707
874
9322
7692
6106
4079
2898
9812
9289
2707
7630
10956
3265
2623
11979
9678
10240
8497
3224
8890
3569
7856
5609
4838
10029
8193
6631
12099
2753
9838
4877
7777
1659
11234
887
4804
10867
11793
4618
7349
5469
11651
10575
9263
12074
2848
8092
9875
3970
9323
10697
7572
10099
338
66
12347
6747
9588
9817
4597
1692
10873
9244
8765
6935
9028
11273
11322
6572
2122
11316
3369
3204
7695
1166
6691
11788
11242
4584
6067
349
5121
1463
4633
7600
231
10761
7718
6958
486
8703
9278
5507
2766
10172
5472
2792
6571
1943
3144
7081
8665
9695
11658
7561
9252
4839
4778
1465
11108
9383
4949
9031
3394
11942
12291
4826
3436
11516
3072
892
1856
2219
5144
8239
7128
9991
9163
1829
2359
8251
424
2968
6053
769
8336
3803
4991
6859
10754
11305
127
10670
6371
11752
12018
6623
10886
6666
9810
557
8355
979
10824
11158
10402
8825
989
11465
12307
1491
404
190
5678
8152
10052
1428
7463
5536
6624
1156
11828
1997
1180
3041
4424
3428
3658
3978
7112
4972
10279
6901
11457
2404
8546
6428
9765
4640
2121
9234
5597
2614
4791
9946
1977
4607
7531
11707
11285
11544
928
6224
749
9805
1556
4250
8622
1827
9012
2071
4102
8538
1455
5187
1553
9863
11359
7830
12182
3798
3603
4515
3579
1068
1561
10055
2930
2120
4686
8651
6697
7890
10851
5956
8377
11369
10933
7368
325
8474
1271
10907
3953
7702
49
4153
4100
10127
4174
3000
3805
2227
9939
7064
202
1785
8484
1204
10234
11487
6907
6066
2021
10477
7682
2192
11330
10619
2855
5928
11674
4159
7140
10187
9272
9087
7066
5939
4489
7312
10267
2266
6208
7131
11954
11447
8810
5352
5932
10335
9674
8989
2777
9455
9708
3377
7725
5379
9110
11228
6450
11988
7133
9976
11598
4529
4405
4201
7861
422
11326
7850
9411
1032
12141
7826
10961
2862
11153
10087
6509
5448
6561
2564
8627
14
3900
2363
9311
7757
2818
8153
12129
8478
9955
5975
4579
9491
3130
7552
361
11763
4341
10535
9093
11113
8737
1340
8151
195
229
862
5943
7208
4327
8639
11655
9438
5181
11561
7201
8141
7026
6505
7391
9246
5695
4649
11803
7851
1095
10895
7509
7502
4622
1642
3968
2216
5572
11657
2190
6048
9873
11928
11379
205
11450
3922
10392
3379
1004
12135
2263
4000
5863
10582
11729
5097
10645
10623
831
3564
505
9761
4780
11156
8400
9871
4751
10136
8541
8820
11923
4708
488
781
6090
490
7394
3274
8934
6478
1703
11484
4825
4928
6052
2706
1676
3502
3137
3926
11785
2047
1168
11028
4494
10284
10765
529
1138
5479
9120
6049
8372
4623
4321
9702
5501
21
1184
6128
1554
10340
912
12326
6963
2244
2110
6474
9304
1809
4396
3509
8202
10995
398
5874
3183
3955
1672
5952
11699
4528
9189
2411
10620
8864
1480
9122
2966
7469
3203
6898
5949
6070
3073
9856
5236
7893
9472
4796
5951
8296
4774
9738
8177
9052
194
2678
10379
6152
6303
5176
2540
322
8752
10453
544
3383
8704
4487
4261
1477
2080
3695
1007
8103
2091
7501
11837
11840
4673
11215
7507
12337
6466
4624
6890
1766
10974
10557
4434
11013
6390
1671
5830
4203
9318
634
9726
12101
6778
453
3019
4829
2651
5359
11261
11690
2565
3623
8988
739
5655
7989
6045
6803
26
3467
6078
7846
9249
3631
7322
3789
11839
11284
2351
747
3811
2609
5424
12025
11535
9312
4025
3614
10352
9019
4476
7677
1729
242
4051
8823
12221
1544
4983
7594
9284
10817
11496
9315
8818
7423
2775
2
3419
9293
3749
3449
3470
8442
420
4746
6020
4074
6372
2512
11838
4843
8803
5018
12294
3775
3763
599
1162
1036
6648
5585
1127
185
1822
4620
10786
7351
7654
2442
3027
2276
10056
3943
6641
3411
7527
3207
7139
7975
9301
9220
10273
906
295
12100
3628
8745
1721
12333
11296
10205
9510
8
6711
7324
8747
3167
10223
9084
2916
2821
10176
7540
7384
3195
11346
7195
6602
10515
10275
5203
9168
12205
9207
3090
4769
2357
3317
11853
11065
5917
3548
8265
11488
9035
1333
1158
7847
5969
2142
6073
10264
4942
3908
12300
4701
530
5400
6535
4180
8682
6910
5422
11815
6536
1635
8545
4087
2645
8824
2920
277
3178
6754
10640
11762
8461
6664
3516
7906
2134
4197
11497
10258
764
1914
8290
3332
9385
12152
9404
8580
4447
9709
1872
12174
7333
10409
11825
3310
12369
2101
5649
7113
6184
7101
5529
7304
168
7544
7422
7526
4127
3855
7473
3617
3127
3410
9779
11628
11308
6755
4318
3374
8047
497
9912
10810
6178
10116
4374
4294
8487
3547
11789
8727
8145
9210
4369
2711
2016
11704
4890
5439
1517
2146
3549
10149
130
9492
9749
7036
2850
11507
9488
100
2496
8519
4094
6464
8111
12309
6344
288
9755
11022
5208
1946
3406
6714
12328
9389
10990
2691
11280
11244
6214
10953
11186
5460
8466
5392
5007
2052
10965
8216
2537
2787
10082
2203
3323
8039
11025
9489
11848
7471
1599
7246
5465
7232
1178
3684
8597
11291
8027
5383
3492
90
5223
1762
6244
11324
12348
2841
5561
1824
9818
7770
11728
11230
6504
2300
4543
12030
10397
10879
2872
10740
1183
6077
4480
12292
4545
9615
6265
668
1151
6771
11446
9441
4696
1876
7102
2268
12111
1885
1028
8337
1290
8756
6196
7500
2784
4817
9661
9789
6253
6716
1481
10476
2386
2304
9996
1207
9891
3619
7960
9901
483
10216
10404
7369
67
2546
666
1186
7296
7414
5447
3168
1223
1734
2189
11154
10361
3965
7337
11342
6129
4687
7430
10417
10346
7345
7595
11384
2209
4534
9336
5344
11820
4587
10795
9282
9327
11323
8540
3405
2553
9962
33
11819
3787
3153
7375
2751
12140
201
6858
5161
6320
3770
1227
4879
7392
9771
11977
8293
3507
5551
8958
6529
11355
11214
6757
5036
7009
2385
11582
11629
5338
1558
4123
2265
8414
1411
397
11499
7762
11049
4373
3002
3714
2555
12086
267
11393
7234
1904
6952
6982
8731
3777
5239
3947
1145
10084
4702
12354
8748
17
2808
3321
7265
7783
97
4306
7090
1485
11167
889
11667
4987
10165
9537
3216
9700
4950
10978
7555
8708
4193
8352
8093
10143
10439
1694
4213
2316
6577
3045
11976
1959
4182
1965
8245
2809
3875
12317
11390
1529
3818
5583
8481
10132
6022
10185
11768
10230
11310
9930
10380
4477
8242
12048
7282
9420
2162
10549
10389
6012
5919
60
10592
4024
1153
8362
2371
10254
9279
6346
3238
12214
10963
187
8500
1474
8437
1657
11030
7787
8463
2004
12042
8600
9517
2287
9416
5671
5814
6080
8211
4017
9379
968
9354
10571
9557
2922
8166
3329
2370
3512
8132
5974
4499
6260
5275
5578
2599
11784
3786
3991
9337
5891
7808
2704
12311
6946
2049
11792
3823
8998
2815
189
1814
5184
2254
2940
11248
1048
6014
3755
9547
5643
623
10752
10903
674
837
10884
7355
3857
6870
10151
2312
6517
2842
1900
5173
9928
8528
3951
2874
9809
81
11852
8269
12047
10100
11687
5102
4326
7358
3521
11047
9477
11374
8456
7602
1154
6040
9147
4229
7690
11950
1504
4344
10508
10703
615
9095
7250
4725
2073
6210
1221
2467
10250
10373
12056
946
10838
10946
9841
10464
36
11362
2883
1884
7936
11944
12322
9400
9485
11610
6329
4028
7300
2306
72
9397
11638
8874
2388
6772
1460
6729
11278
5867
884
11754
3980
9835
359
5035
11175
2378
253
4895
11551
9813
9582
10153
9433
8544
12112
3561
6550
1986
12051
10831
10511
540
5119
8911
10539
5410
8237
4683
1864
11142
5078
8233
752
9548
5564
10883
10581
2196
10196
2885
149
5362
1781
3652
5415
7763
3287
1520
7962
3753
5385
3702
8547
10940
8586
3736
11420
2182
2364
5145
9212
9715
309
1807
6060
5776
8297
7837
4878
5149
7437
1791
3976
388
503
8744
1449
1084
10584
6636
9041
11337
6962
758
5233
4353
8964
6926
11727
6195
1906
12022
1126
709
1696
8014
9953
8306
3646
204
770
5136
11836
11140
8951
4521
5912
2515
6591
1638
4496
5000
9847
221
6065
1566
919
7634
847
2041
7726
15
8655
1674
2743
8836
6449
5011
8368
8272
12230
6007
7820
8531
3399
1483
8525
9732
4576
8539
10231
3393
868
12162
2427
5179
12011
9466
6246
5502
5526
546
9497
6034
6110
11282
3618
3642
6502
11537
7339
10123
1576
9473
586
9849
3380
12196
7978
4921
2030
2223
5898
4014
3200
10920
6490
12325
1580
6782
11874
5900
9493
7556
929
4056
7881
11525
4183
8170
6396
8470
5721
2341
1654
5569
10685
9945
5894
1673
11265
710
4935
8685
1557
6272
3367
7083
311
2280
7999
2055
10191
1497
1447
2529
10882
4789
396
5731
2893
10157
6741
5516
125
8660
8643
8589
7758
11456
4178
6157
1513
9734
10730
6337
8969
4280
8642
2076
4533
9251
3959
6479
10783
188
7459
6573
4776
3496
3234
6723
6086
11795
9139
5908
10466
11564
4091
3092
1855
6342
3250
6081
9687
5922
10735
2015
7638
472
8742
1017
11373
8949
6150
4861
4514
2157
1175
6915
6908
4483
3556
3785
11750
10002
5052
8612
8761
5921
9768
10782
5496
6993
4755
4208
461
12037
4744
9731
4162
11274
3590
7177
2600
10744
4272
6198
7161
4913
7627
1886
3706
12136
8551
12090
10681
9324
8778
6085
4612
10627
8459
5291
10673
7606
1508
5368
5981
9756
4897
5446
10272
1861
6914
4765
9175
6864
2664
6840
1560
11268
2224
1417
593
8373
1177
12125
4287
9898
6554
8448
5297
8677
9883
4666
2482
11623
1988
1055
8006
2533
8489
8017
3138
5438
10423
4731
5130
1895
12158
1952
4345
7765
2835
8870
7359
6630
10700
2207
3847
2604
12254
10809
4054
1866
10312
581
3018
2421
6543
10766
10307
7475
10354
9536
3480
9402
9995
177
5273
10490
5293
10858
2832
10201
11511
4738
9442
9194
10676
7244
8380
135
1707
9973
5978
6330
3423
11371
9429
7576
2557
3354
4615
9994
6127
10543
2748
8175
7271
9932
2079
8488
6264
10498
5464
2934
10248
6263
12189
5074
7243
10449
10309
734
9
2031
1112
11776
6019
2568
1726
1593
1582
7457
9014
5957
9330
8736
2193
339
1521
10595
9763
11608
274
3917
4192
2611
4142
2469
5895
9885
7385
5652
11388
2286
4940
9288
11669
9799
2804
1649
9828
8258
102
9184
9380
3533
8706
6480
4397
9114
1834
6762
10915
10094
3375
4217
12229
1817
8689
6726
6930
12154
11255
6170
4675
1571
767
3732
1033
7184
6546
11311
4314
144
3557
9344
8255
7272
4852
2484
925
8749
4370
5759
1763
2326
2452
6940
10277
8328
10527
11448
3707
8518
5389
11780
4862
5281
117
1851
9977
8786
3251
459
5304
3372
11791
500
9694
3102
6495
1383
10204
8383
12236
6819
5171
2740
1689
1632
1524
3819
3554
6207
6438
1584
5162
12301
10734
8535
12339
11098
9362
766
3534
240
7427
11057
12194
8924
10996
10345
12238
1487
7283
1966
2270
11202
7514
7807
7689
10239
2105
3607
12024
12166
4050
7000
5610
2415
1948
776
5517
8419
4512
9902
10429
8341
7551
1458
4304
740
9029
1414
6051
11675
225
11645
4055
8430
2633
10781
4449
1023
9351
7073
4026
7247
8137
8009
9271
3213
11252
9663
6960
12224
2284
11751
10220
4892
5329
6675
6947
10658
3396
5477
1456
3023
357
4750
7242
11907
10168
2117
785
1532
5191
4004
3376
8811
2133
8576
6209
3905
2770
5658
872
6468
6939
5504
5272
1744
7365
10859
8719
3059
754
11902
6494
8889
4263
9675
4522
3088
8287
4108
6420
2583
3907
1980
2615
677
3444
11038
935
7891
369
1434
6016
9468
9979
3766
11916
1534
2401
8388
4909
10507
3077
1113
10285
10887
9173
9660
9776
12302
9356
11216
6089
11601
7103
10529
5467
11538
3816
2127
4291
10826
4315
10833
6559
3519
6001
2034
6601
12076
10738
1733
9360
8107
2944
4531
1170
12202
10358
455
10098
5054
6976
2912
7764
10388
4393
11693
2116
6620
9586
4189
9359
539
6889
4590
8940
6115
9696
8974
1410
2629
289
10713
11758
8699
65
476
5288
11906
5634
106
6825
3302
10605
7945
6339
3175
1975
5606
10941
11882
3107
4945
620
9868
7799
6223
186
9740
6444
12028
11114
4101
3008
6422
1230
239
4172
11512
3340
4846
7522
9342
2933
1808
4319
12106
2591
640
4941
866
9349
8772
12327
8777
5944
12266
4537
2125
9215
3723
5581
2780
7399
538
835
11344
8088
2474
1850
8795
6896
8694
1655
10282
1591
10692
5006
3210
7149
1030
2319
12285
2924
11059
9463
5962
417
11258
4857
8598
6262
6653
4491
11307
9913
10359
9241
4021
5047
4988
10075
6092
8105
5313
4236
7593
1398
611
9499
477
4103
6728
6395
11772
6461
405
12091
224
2285
4412
2715
10497
1225
154
4311
4241
4721
9132
7129
1179
10845
7094
6039
346
537
280
5235
10894
12303
2799
10481
9482
6379
10655
3499
7360
10590
9650
3773
10790
1780
10066
4662
1706
6706
2951
9151
11204
5923
297
4764
3820
9515
12105
7236
7486
1200
9934
9140
6174
4427
6431
3967
1014
5976
1085
2143
10877
7488
4149
12255
9587
11913
7387
1024
6367
3142
3780
5582
3051
4884
11340
6307
3182
9219
9503
11403
4432
3101
2569
7008
10063
7519
11406
2676
8218
7937
3543
11931
5442
8298
8505
6027
3335
7590
6498
6659
6556
771
3013
3718
10613
7185
1592
5837
7005
10419
9214
319
5520
7597
4367
927
6216
2648
6995
11617
6233
844
4996
3454
881
3620
9203
4742
4407
5903
12163
5641
10403
7788
3750
11909
8938
6366
10657
3958
8225
9980
9786
8078
12120
4513
2926
192
1157
9201
1296
5577
5936
6146
9153
4067
1889
8681
6031
7546
660
1600
10111
11277
2911
7698
5557
7914
7969
4601
11581
9460
10898
335
726
7010
62
8697
4654
4520
3769
8875
6698
9096
4668
1039
2112
1314
4283
9892
10647
12314
7406
1651
9542
2767
2104
3446
4245
2387
11026
3747
6671
1631
6955
2177
7335
341
10090
6386
10682
4005
1770
6068
5931
5481
1610
641
2339
10589
7678
8590
11272
1958
3326
5321
3765
3627
6799
8104
3739
1051
3206
11309
3645
3731
5994
5883
8089
8273
937
2383
5580
5219
6764
7132
2150
4329
9440
3710
12257
1100
11380
7253
532
3284
7258
4626
10951
10870
1053
8387
7916
6661
2210
8534
2632
8959
4967
6942
5901
9981
3682
1738
4609
5642
8261
7306
2714
444
7281
4371
6100
6254
12170
2221
9424
8636
3546
5426
3722
10554
5034
1134
9774
6308
4658
9062
5399
6236
5482
12296
4616
10061
9169
12027
4653
8813
2728
782
10398
1130
2999
5440
4176
763
4737
4456
4952
10576
3366
7197
179
7476
198
10102
11989
6348
1065
10435
6881
1603
1935
5515
10800
11697
10037
11149
8420
10458
1352
3232
6971
7319
6533
8799
12218
8944
7411
1922
3518
1046
559
1226
6615
3017
11276
883
10316
10860
5021
3037
8678
8453
9274
7259
6832
7841
9329
11865
9915
3936
7023
10428
2786
11297
3301
10724
5523
11172
5964
6285
8100
10356
10964
5032
11008
1519
8000
2793
6583
4047
3853
1937
6173
2274
8243
1725
12210
8334
10776
7691
737
10637
10603
2095
8486
2588
7592
9280
4064
7223
212
8300
3245
7
2454
6088
5364
12306
9950
11955
7429
394
3630
2003
7892
10377
9401
12264
8716
6345
8650
1446
842
6766
10263
2672
3296
7439
717
9793
3005
7645
4637
4191
6
5318
6056
7354
10777
3336
8097
8001
12153
6491
6506
10993
12088
2155
7791
9577
5090
4200
2937
7330
2158
3352
1802
8594
9534
386
7991
5736
8983
11015
6240
10431
10743
4667
9403
7415
10803
7883
11998
2668
9137
10749
5163
7042
7495
1287
9046
4712
4541
343
12054
9287
8906
182
8187
4853
9905
10550
12004
7539
11426
3982
9079
3071
8480
4276
12019
11072
8516
11299
3734
3966
7922
1897
10885
1312
2925
7696
6702
4767
2176
5624
10311
5838
1662
5108
7740
8304
9643
8423
11771
10732
1416
11858
3721
9961
1379
2800
2054
11430
3580
2563
2220
8511
12098
9494
3611
11444
10971
5648
7674
8673
4561
10880
6744
2705
246
3160
6867
10134
7964
11863
2393
4693
6798
3315
1492
1871
2317
3523
9681
10791
8291
6475
206
11206
3501
2986
11680
5489
421
2870
2513
10186
1841
8863
9585
6300
2644
7144
11353
8200
7127
3778
10207
7771
954
9601
7870
9077
6686
9010
3836
789
2856
9562
2184
8315
681
9426
6999
1001
5592
3848
4591
5902
1942
8807
4573
7792
11231
87
7646
11585
10189
354
11990
3322
4883
10459
8960
5665
10301
4205
11435
7055
1486
314
11850
2490
8435
6255
4709
4933
10142
10425
7972
7428
7910
8536
7063
673
7672
7211
115
607
3080
12087
5098
11126
11245
5933
12180
6965
3417
8367
9152
16
2018
2942
10065
3280
4943
2626
2113
11237
9094
10322
3669
11251
6563
8327
10487
1612
6122
5812
6600
4947
2709
8945
10101
3061
2377
9619
11533
5487
4034
48
6522
2694
4539
2137
11861
78
3113
7812
4339
9480
11112
4110
6562
439
7032
7563
9728
10600
3074
5842
11756
3727
2222
761
7341
2000
11869
733
8858
9997
6199
512
10517
9091
4422
9717
6359
11774
549
4442
4111
3190
8158
4099
9897
3359
8013
1862
6842
6934
4860
6356
5378
82
1188
8881
11067
10381
8941
8343
3283
7532
4699
10939
11705
8903
10308
10006
8482
8529
11085
6826
4922
7694
7730
9430
6270
4129
2308
9861
4828
6017
9206
7719
8741
11912
11646
2380
4086
7716
1972
11893
6824
1193
7524
11892
10460
9583
265
8223
7585
11387
6866
10338
10047
7357
9512
9618
4783
2218
3639
3760
3664
7880
8901
2417
944
11611
2768
2807
2500
2519
2797
4299
7350
4805
1147
9381
11855
10604
5436
8700
8848
11587
1730
11317
9874
9668
9100
7520
2414
11141
4682
7142
7898
381
7505
3671
6918
4716
899
4046
7510
2752
7705
1500
10424
840
11703
1586
1313
10970
10813
2833
4307
882
2376
823
1839
3484
167
5505
9655
3761
5905
12192
10986
5651
3066
4389
8240
2355
7938
4403
12103
95
2362
8867
8916
3384
10745
9713
11429
11427
10044
3255
2663
10281
10069
4809
8235
1907
7797
6626
10327
4459
10374
9064
6678
9965
5365
911
6434
12146
11314
12097
5057
5140
3305
7836
5274
980
10197
1549
8792
6801
3838
5205
8732
10820
5248
6148
2710
8638
11458
1623
139
10934
7479
2360
4992
10969
5051
543
7888
94
2476
9033
10890
2566
4070
8403
75
1063
8676
11360
5075
7517
12213
4598
172
4951
9855
7632
3347
3031
6417
9200
3260
1494
11607
9078
9787
10856
1067
3185
1005
5240
4937
10667
470
9546
5138
9966
4722
12276
6046
8120
1213
5289
5906
4429
3318
4748
11814
5001
9600
2124
7828
9254
1701
3312
12259
3395
4527
5129
5113
12364
3699
8477
10330
11332
1210
6669
10968
1567
7280
2785
7404
11997
2389
2281
7604
9790
5174
582
3609
6660
730
9748
1119
1101
4629
7074
7285
1890
3691
10200
6138
7496
10137
3610
9820
12014
9187
7366
11073
12359
11817
12078
9669
11439
6064
9048
12052
6988
7331
7992
176
2297
9162
513
12321
6094
11256
6358
9211
9185
4212
11289
7465
9750
6282
11982
10908
5573
2621
11946
8893
5373
9422
1209
517
9115
6279
11717
2739
379
10531
5317
1552
10021
5513
3131
5004
9450
4391
2886
6241
11635
8754
11005
5769
3343
5089
4848
8241
6903
564
5619
3151
9026
5553
2283
11433
9496
1688
7098
2737
9772
8404
9839
4285
51
10283
6483
2637
2436
2724
1409
1078
9830
6560
4023
10014
4173
4462
5238
8023
11016
10634
9435
5037
5285
10242
1934
7189
5330
3697
9720
1027
10624
9565
4806
7667
10495
9325
12003
402
1898
5878
3215
8776
10217
6226
8994
10020
10001
8902
166
10012
2407
4558
11665
1588
7383
6769
3158
5031
10696
9775
3989
9746
11474
6936
2628
1799
6537
8759
4692
4258
10905
11652
10952
5418
3972
6873
2542
3357
4135
2235
6493
2963
5375
11217
11480
4657
8753
3560
8990
4989
5050
5336
798
9443
7568
6257
8729
6518
3157
2453
11800
11823
619
10159
11508
2716
111
2902
8991
10430
103
9984
12243
2059
3353
7228
1971
4621
12293
4581
1724
8733
2492
5270
9956
2358
9055
8318
10625
2554
80
729
328
5070
7671
5877
5241
2562
9024
2307
2812
7789
8631
1405
158
3808
11413
11254
2420
5183
12330
6895
2298
3464
5829
10654
4158
4343
10496
5509
8431
3514
3817
5550
1668
9605
10523
2701
10170
9938
6848
169
6692
10184
4993
6994
2288
6382
3774
2675
6932
7785
2796
636
1176
2508
9606
9083
10296
10070
11739
6880
1356
10412
1565
6695
3348
2782
10341
6923
3517
8932
6261
3828
9105
11682
11063
10836
489
5155
4506
8762
638
9579
6058
8847
12077
6083
4392
7874
412
6740
5815
1752
4566
10505
2867
5617
209
3946
10693
9431
7276
197
2090
757
7305
9782
9326
8670
11498
2147
8943
8608
6487
3361
8927
10202
8679
4720
2834
511
8718
10962
8426
5194
6593
11024
4264
2524
11176
8790
2468
664
4536
9566
3462
6804
8634
3649
518
6528
8034
9316
7729
5048
1891
3842
5325
609
848
5260
8657
6445
5993
8637
2671
5627
8558
9447
5323
0
6316
3503
2729
10068
10901
8317
10188
45
7458
7822
3030
4107
6705
6746
2749
5386
9377
1712
6275
7988
317
4259
805
226
2660
10271
173
4500
3422
12169
11813
9612
5189
210
8204
4335
4141
8852
446
8215
909
5719
2567
1437
7798
783
2301
2259
8210
9716
5628
3241
9884
8268
254
9978
6953
3696
9281
2153
3122
7653
4963
8591
11363
11562
12349
7545
11294
7648
5844
2550
945
11541
8524
2723
9267
3471
7168
6221
7462
4792
12059
7126
1751
4464
9580
12023
3316
3424
3293
3616
6745
10767
8221
9744
4714
10616
3694
4198
8436
2092
9617
3794
5953
6004
6211
5690
11615
3678
3621
57
9948
6161
11926
11192
5633
12092
2260
9890
7264
1433
2255
6970
9641
8929
1103
2884
12142
2497
7269
4488
4015
2914
1499
6645
2938
11198
7744
7905
2851
772
10461
6101
8746
4971
8118
10916
7581
3439
9307
6192
7262
3588
9706
3180
10078
2232
7751
4643
6266
9516
5244
5404
9816
5657
7843
11412
3799
8592
5492
9563
6380
6018
1125
704
11670
9232
4090
11076
10133
1375
1150
11096
5215
2088
4771
3975
6419
3345
10247
8579
2607
2972
5987
4808
4063
2875
6421
3650
1246
4823
6384
6393
4905
2006
10450
1253
7018
1728
2983
6331
2829
12363
6011
6406
6657
9044
8283
8458
813
2525
1750
9882
10062
5356
7240
7088
10847
11006
4851
9074
9699
5019
12020
9958
8185
2921
1054
7263
5056
3211
3730
10731
10462
4957
5366
8844
8633
4794
10317
11269
5216
11781
3851
6961
5938
9058
3068
4368
8614
11809
6353
4611
5092
9225
5445
12063
430
4105
4568
9461
11604
2993
11634
5279
11686
998
863
10333
133
8217
2622
956
9947
10399
6797
4918
9806
8560
10839
2488
5960
6437
8407
3188
6501
2528
403
7147
10943
5924
9334
8986
10617
126
11253
6527
11352
3506
9075
6680
3542
10256
12280
9230
11940
10162
193
1963
9857
4194
6548
9076
7062
8504
4216
5971
942
8281
520
11922
8370
10849
10344
11769
658
6594
6643
4448
5406
5432
10985
741
4549
9036
53
10928
7135
8085
146
6721
10343
9335
1778
9545
363
9136
9685
3903
7775
896
10241
10653
3558
1476
10209
10154
312
342
10418
10727
7279
11888
7848
9391
4944
7902
9057
4031
2001
5972
8947
4888
9399
7141
1551
8112
7164
6589
3391
4328
1823
5253
7424
4430
11787
8885
8302
2397
9294
244
10369
507
9714
8195
11201
1037
2353
2507
936
10837
9952
598
4466
753
24
10493
9688
2029
12115
5846
1574
3438
8156
6291
10378
10929
4594
3578
1859
3418
8595
9131
9683
9864
6251
1765
12046
10252
1702
4242
10086
2732
4777
5996
11409
456
6614
9285
6462
2084
9629
7226
11740
7137
6640
2026
6281
2302
8356
10473
4451
7683
3500
5391
6375
3862
9332
1172
3784
1947
7410
7707
7213
10636
7965
245
3
4061
10534
10935
11805
10286
8931
12235
5158
8220
3043
1854
1140
9822
2405
2996
10794
4409
2275
6134
11764
1681
6284
11644
8115
10415
2036
1826
7584
6696
4802
633
3146
2561
2647
9778
132
8271
6690
8674
2612
11706
4732
175
4470
5100
10268
3401
1930
2426
953
11391
9299
8350
8382
10360
2928
502
5691
1408
6785
7180
7643
10238
675
6028
2169
11398
1425
6071
3711
3434
1143
11891
4954
4962
9069
12159
10225
2475
12323
7854
2929
3191
8604
8816
5613
11937
5461
4961
6055
8413
9305
8686
9030
5072
8724
9051
2303
9908
3931
5045
2861
6314
825
5417
12286
7867
10350
10492
655
7687
5182
2085
8734
9609
2478
10262
9418
5335
4358
10947
9963
6555
595
8972
509
9226
650
1989
4075
4688
12070
11203
2577
6966
7588
12360
4617
7516
433
9222
2595
11333
1604
7227
3950
1523
355
3300
923
1164
533
6585
2236
9003
1682
443
11088
7873
3877
10390
1718
4362
4814
7736
3291
11418
4648
8815
5961
3094
8615
9364
8517
11584
3615
4880
10806
2334
9811
3570
10114
4939
6770
9221
1847
3011
6315
1709
4128
567
11080
10852
8793
11870
5620
5913
3330
1484
5015
2802
5237
3527
4232
1650
8549
10059
7835
2575
4873
11503
7869
2977
2838
4509
1042
4815
9815
5243
5351
5879
7118
3508
12183
4966
12253
12138
6567
12116
8189
11524
3939
5186
170
11542
6788
8780
10291
7019
9540
3608
9197
10572
491
4631
8165
6435
3550
9130
886
2700
8249
10471
2201
4574
256
2485
4347
4663
3476
1194
9642
3371
10214
4614
8707
2103
6280
6290
2074
9171
4316
3934
4096
10198
1929
2948
7727
7212
10259
10868
8206
5821
4479
2372
11148
7313
7033
10326
2998
2544
9067
4854
8114
1412
1909
11127
9148
1815
6304
12016
11914
8133
3904
10445
8726
7933
7633
6009
145
3593
2654
10320
4524
2019
1845
814
5361
7266
11298
7773
7547
3001
9341
10290
5152
8997
6119
6416
10632
5259
11532
2410
8150
5862
5387
9205
10177
479
7760
1970
1482
6777
1198
5552
10119
10096
3708
409
7093
4298
11755
5470
4762
2610
2890
11048
547
9195
9193
203
2445
12032
10091
3495
7121
7199
10182
11134
5947
4827
3604
11716
11625
10437
8374
7109
5706
4717
6921
996
10798
8567
10660
8774
3957
11400
8640
1466
10173
269
4438
9842
10706
11574
9832
11540
8325
6574
9350
7329
1691
10967
4378
525
6197
4458
777
8913
3154
3012
3999
8900
1985
631
3973
3258
7749
5661
4518
5360
8961
12131
9027
7165
1903
5824
9998
1661
6642
11522
10642
3048
9795
1057
4569
10889
10846
7192
3181
11897
3110
1273
5884
4835
6343
6222
9223
5026
5622
7534
920
4010
7255
7774
7379
5210
12082
6500
10117
5
3270
7252
583
5413
4372
11724
11386
11290
10447
6293
864
1996
5441
9392
5603
10921
18
2771
11145
11539
7361
3758
2527
9306
10675
6967
10178
5286
5053
9725
5711
8491
11520
1038
3141
11963
2479
5453
5926
153
4454
8557
9992
1902
4243
11900
6274
7160
1602
8131
389
7348
6025
2950
2465
11109
10631
3635
7599
10093
1798
7015
967
2757
7138
3933
3034
7237
391
1910
7188
12147
5411
9007
7782
6882
1423
9568
6441
8208
7021
853
6387
86
6079
1835
1693
3229
22
12168
8012
8802
6749
7485
3809
7029
6364
6277
4231
11263
5451
1793
2849
5478
8119
11515
8203
8798
4052
1013
2325
632
7610
3397
6722
8051
9896
8801
9090
809
8530
8096
10474
8194
7274
1338
5488
8865
1879
5631
736
3360
10299
5384
1857
7673
3249
7885
948
4234
313
9456
10146
756
3979
1415
932
10468
9017
2764
1686
11851
8257
2295
5575
7466
12252
7065
4504
8628
3328
7294
10280
4644
9840
6351
214
11365
6693
9927
12288
9607
2635
9599
11945
10222
2154
12094
5096
9034
3515
7987
8095
8533
820
347
6599
11603
494
4467
7823
9415
8410
2017
12248
3606
11797
9620
2400
2964
10904
6618
10422
11416
6717
10357
4445
4492
9914
6440
11683
91
4842
9803
6928
7191
12187
5160
10674
10520
2665
2365
9373
6938
8698
9937
9475
4417
5213
11395
10004
3998
10650
8213
2495
2763
11377
2336
10763
334
9632
464
8007
8659
3941
8502
10276
4356
6611
11505
8433
8690
8839
1812
2181
5307
11286
2012
3010
10902
8668
7845
11262
7286
5199
10407
11721
5444
7468
12250
4415
6795
10569
2480
4332
4322
8354
151
11563
6625
7470
11722
11569
4109
6492
7661
10405
7712
9784
7248
11688
10438
10923
6467
5768
8445
908
2345
1507
10788
4065
5030
12308
11996
1973
4286
817
3021
3483
4830
8821
1951
3530
661
12171
4083
4132
689
6990
5401
10869
2332
5246
2213
8767
2066
11550
8402
4425
1771
129
6010
6206
8963
5602
1539
11822
9172
5302
11530
6362
4719
11037
6710
7203
4472
12107
10058
7260
5449
7100
7166
7352
9260
3985
364
8473
9990
11358
7419
7151
3883
10556
523
11461
9154
8672
