112
273
100
98
184
270
158
17
167
251
35
99
169
170
151
135
261
75
279
204
65
134
37
72
281
110
156
140
165
219
26
116
201
101
285
220
236
78
180
130
53
224
208
40
62
245
186
39
188
63
114
89
9
1
255
3
137
136
217
46
127
174
15
21
154
164
268
239
16
79
42
283
272
73
179
94
5
102
231
247
68
133
111
144
29
109
160
197
205
128
177
246
28
193
214
51
278
250
25
131
157
106
237
71
95
141
57
118
88
45
70
274
222
248
227
86
244
64
22
119
10
120
56
202
240
48
209
143
232
191
256
265
238
168
67
200
284
183
147
235
172
115
52
132
195
83
59
264
113
12
47
218
124
50
27
125
181
249
138
190
252
153
259
266
55
97
253
126
241
178
159
24
18
61
31
213
229
84
107
0
189
58
173
4
44
6
198
76
13
258
155
80
149
234
32
96
90
206
267
11
74
123
146
20
275
212
36
257
216
91
104
8
129
139
162
215
152
282
85
194
192
103
263
182
276
254
117
233
7
