112
105
205
398
401
98
391
304
25
293
266
279
89
19
132
263
246
144
319
174
381
374
152
336
97
260
290
209
317
377
306
194
164
291
189
343
138
34
288
101
213
318
298
125
269
154
180
178
236
177
261
131
83
359
117
354
240
149
207
378
172
394
74
49
45
313
160
276
369
179
253
366
225
389
14
52
361
171
9
229
332
356
122
384
55
146
303
64
23
27
264
267
206
81
103
277
233
294
395
301
67
151
85
230
113
331
3
13
79
88
183
274
321
353
106
387
158
362
75
302
175
338
337
5
39
244
393
109
54
37
241
167
373
128
311
235
185
222
68
62
115
310
1
245
93
224
265
108
82
70
59
91
243
84
196
192
33
270
330
220
121
36
107
44
346
40
202
99
159
135
323
28
360
379
186
349
217
208
399
6
31
51
136
119
78
76
15
198
335
280
392
129
286
382
46
300
165
204
256
397
77
29
173
383
184
116
41
215
250
350
255
221
216
289
312
214
273
0
181
56
239
292
351
340
73
254
38
143
376
372
193
114
345
258
228
104
375
24
341
42
248
218
7
314
227
342
242
315
363
187
344
156
211
63
365
347
16
327
201
320
238
169
71
281
328
86
370
61
133
357
326
168
4
199
162
200
232
126
282
367
316
190
275
271
96
380
140
285
212
50
2
400
139
390
364
12
371
148
87
120
8
226
11
203
307
18
295
219
252
355
161
297
386
278
153
339
333
195
92
197
10
308
