624
583
654
182
171
461
5
196
972
1004
212
842
1
767
522
604
93
1012
232
312
1030
187
878
84
647
1027
379
576
12
53
813
197
411
781
183
790
455
446
533
482
442
927
793
139
547
80
600
610
733
175
138
857
1008
85
994
841
387
369
314
364
791
554
0
711
676
787
664
737
629
716
475
593
466
614
283
71
223
194
652
234
819
782
736
8
611
217
619
932
1038
226
319
645
809
266
398
200
153
699
625
431
824
361
149
418
800
550
318
1018
333
342
636
486
1021
450
36
126
1011
939
377
648
65
1020
68
1037
897
414
818
1014
978
528
211
987
581
141
541
875
209
265
429
396
49
136
224
594
485
882
168
371
251
231
334
692
1044
513
758
351
751
801
543
928
719
82
827
508
394
289
22
990
434
121
386
786
679
551
584
326
706
114
993
967
943
700
872
113
37
762
523
380
462
675
1016
660
744
174
241
471
966
338
637
227
640
181
633
986
1029
1036
31
345
40
162
960
735
713
639
588
710
871
189
766
375
254
834
412
15
850
590
50
347
180
459
293
432
75
626
683
870
797
354
861
924
949
912
179
297
178
752
478
52
133
195
701
829
102
288
301
689
602
94
727
258
393
925
892
20
667
416
221
134
164
48
856
739
686
270
491
151
714
764
653
776
747
806
926
945
123
601
498
441
666
263
229
185
1040
125
900
496
95
59
595
741
445
290
553
761
280
540
858
999
307
132
555
239
331
896
886
327
480
507
558
199
720
663
63
623
717
267
579
78
451
219
980
816
661
851
582
514
977
62
662
208
493
696
184
112
154
218
935
835
1031
388
976
242
681
778
821
538
1042
365
320
146
938
603
32
163
825
309
222
395
311
920
894
131
854
749
76
517
120
403
693
753
88
705
198
127
671
381
19
908
802
617
316
501
173
933
755
803
643
383
188
108
29
1000
527
4
81
668
698
585
262
634
157
160
106
586
440
332
349
1003
561
880
901
191
1028
306
425
161
44
838
572
658
355
777
995
712
424
876
756
192
941
742
669
635
606
672
968
1024
831
954
929
494
360
376
216
352
315
570
295
884
970
236
804
722
807
546
456
206
860
609
936
176
544
9
72
670
324
272
109
169
271
915
565
449
23
709
124
738
564
612
399
563
743
725
673
974
895
771
27
28
358
746
238
448
907
203
177
913
452
707
644
201
779
13
852
557
7
873
740
830
530
122
578
335
296
765
58
992
310
772
1007
1017
531
382
1043
923
308
525
210
1033
840
792
405
511
678
444
57
105
937
454
552
159
879
789
401
292
608
428
542
956
718
757
97
732
556
833
128
135
690
116
616
991
329
260
298
257
519
328
302
437
887
225
587
560
566
73
1006
11
14
1019
269
973
430
799
1015
67
677
823
436
843
845
287
150
657
562
877
245
406
92
362
569
510
649
539
240
950
962
286
374
69
575
336
963
305
724
368
910
144
998
24
774
931
117
697
427
504
400
74
529
573
505
142
443
339
279
704
366
98
979
129
811
64
490
891
695
726
951
477
975
246
763
165
86
780
775
51
628
888
687
34
723
340
137
87
1013
469
947
43
890
580
101
130
89
817
285
90
484
536
497
770
204
426
419
152
390
631
39
60
337
1010
862
243
605
488
685
571
955
16
413
207
863
158
785
253
453
273
942
659
866
304
655
303
56
104
597
220
981
417
1032
119
244
911
330
384
463
754
646
275
535
1039
438
794
874
410
363
228
773
409
534
848
750
532
745
641
1002
321
323
284
458
889
855
91
622
684
107
344
769
1001
261
248
156
281
47
103
70
902
521
674
948
957
946
118
41
982
574
476
844
1026
1041
370
798
264
213
650
291
479
26
10
481
868
392
988
397
918
596
357
483
1035
921
613
524
512
215
548
186
499
760
250
294
708
958
66
190
350
812
489
30
276
822
826
903
372
516
944
916
997
233
965
