481
4585
1795
249
981
1387
1371
1022
634
4197
2201
5468
4943
6565
6775
3443
1302
4616
1560
4400
4736
3905
5015
3178
826
5248
2044
2203
1505
6776
6786
1841
4549
5402
3111
3652
5393
6573
2011
1311
2134
5818
4687
5296
1471
5459
1262
6924
3563
4548
3131
4220
3454
862
3703
1606
4233
4966
5050
1378
116
4058
6695
3004
475
945
1897
6509
3655
3183
4345
4796
4559
6346
829
4382
6513
4766
4529
4951
1461
4595
82
3770
1701
4730
944
272
1089
6597
3500
2230
2083
6553
644
1361
5435
3317
4957
4384
1185
1035
725
3307
5733
5020
4997
5551
5029
160
815
5472
3230
3221
393
1950
3160
3647
5851
1029
5163
56
6799
456
2099
6437
1692
6427
3669
4237
2223
1270
3456
5451
4414
4838
4456
1316
4218
818
1338
1823
6852
1682
5272
6669
4919
1300
5391
4422
753
5413
3566
3047
5486
6520
6599
2154
1996
1566
4296
3064
5341
6777
4136
4145
6838
6886
1785
797
5190
4527
749
3667
5785
3140
1474
1420
3928
4916
1451
1408
996
1776
5221
5122
245
571
6580
3760
1558
921
3997
1514
5230
1689
4749
274
863
1194
208
5504
5781
6530
1403
2070
2034
3502
368
4496
6833
3409
3110
5277
1822
485
949
4836
1908
243
4596
6754
6572
865
254
6907
534
126
3552
4099
6810
3573
4695
5404
1971
2196
2219
6666
6398
123
5242
748
6589
6510
675
1768
5200
1843
5195
1852
6434
376
3158
4644
3820
4613
489
3699
5158
1226
2102
4431
6481
5555
871
1983
4849
3255
737
3870
593
1694
5669
204
5768
1128
3112
5604
1288
3535
431
4605
3593
4948
659
199
6609
4173
91
492
5194
1794
3397
4854
6578
2225
891
6745
6952
196
6643
3797
6476
3212
3831
4684
4365
407
1357
3569
1613
715
1884
3388
442
3274
6915
1155
4835
5395
1428
4047
1707
225
3991
6914
5548
909
2090
1545
3767
3742
5173
394
79
1103
0
5507
2013
1709
6708
3173
3408
6734
3195
3197
1826
3461
1072
6328
1284
463
1319
666
5729
4126
319
1090
4689
6814
5400
1220
6583
5573
4678
4127
4163
3550
3527
444
6792
1949
3838
922
1074
3280
2040
5523
4379
3035
6342
4860
3247
6433
1410
1752
3251
4591
5528
1370
5369
2206
372
3187
5534
4538
1998
1352
2172
5643
5261
765
1449
3259
6526
5761
5641
4088
5010
5201
5467
4177
3375
4252
1375
1166
2228
709
6716
5169
1070
6430
1881
4611
1756
4719
1455
798
1093
1726
6706
4567
3510
1303
317
5043
6729
3009
3696
4767
3925
5276
5532
741
3963
1415
5178
153
4947
6795
1898
3129
6585
6396
3890
1391
5856
795
2027
6439
4187
6840
4366
3718
5868
4754
1328
3869
5198
5021
4152
5605
1333
1593
6486
3826
6420
2089
1071
20
19
3891
5655
1918
4594
6719
163
4192
5786
6423
3725
3727
3014
327
4442
35
1496
4143
398
6844
4856
3046
4897
6345
3833
4582
6482
4157
1036
1999
1153
5265
3705
3606
4147
773
926
3617
377
4571
3683
1261
3814
148
4725
1320
1530
5127
4472
1182
6491
240
3961
5345
351
1393
273
804
2033
6457
3642
4097
5667
5022
144
4787
468
5090
54
325
6823
6965
5473
6549
3017
350
880
791
5442
1326
5829
158
3801
4155
1042
1666
3795
5530
4490
800
2135
1904
3665
6696
1087
2031
3044
764
6536
799
4944
5564
5076
5007
3202
4428
5346
3818
3252
4807
3008
4245
1477
1161
1956
279
4343
6837
5491
587
1213
1237
1191
6460
1786
284
1349
1394
970
3506
4391
5137
3847
1678
5120
4699
3898
6739
4528
6528
1679
790
5073
4688
3325
370
43
98
3588
3561
5764
3006
2186
5420
3540
5875
5638
525
950
776
991
201
4902
1441
6796
866
6321
483
235
1265
661
6451
4128
751
582
5148
5531
4662
3117
296
6492
139
3663
5762
4341
6562
474
193
1758
877
4904
5822
820
6507
3639
3756
4615
6964
5289
3680
1686
3051
5063
3804
4451
5603
5766
4458
4915
2053
6951
4186
4133
5219
6812
822
143
136
1702
3445
3781
3571
5730
4882
6415
915
4658
4408
128
733
3499
1222
860
1923
4086
3644
4023
5013
1599
457
5251
3575
3894
5340
3815
6424
3810
5042
6725
226
969
6335
3368
1683
1749
1212
1755
723
4217
96
6347
1183
387
1321
6935
1395
1404
432
3515
1791
3715
562
1719
5665
4371
4778
1295
1665
1249
6961
1473
5254
6413
5747
400
4184
3087
6758
5682
3586
3958
4289
4339
5820
1875
5252
6670
1359
5212
1792
4586
4182
1201
883
1332
5632
4855
4560
1617
1668
1407
453
934
5571
1254
4532
5080
1292
1704
3698
4285
6864
1688
5287
523
3196
2194
1227
6832
1450
6574
3466
6590
6511
1809
6514
4331
1896
3128
5749
762
4195
3693
3313
3823
4829
6471
6741
6416
6975
4424
5144
3651
6811
52
1603
6790
6955
3539
4961
1325
5138
3234
4522
2226
4420
3374
6884
6804
5419
6400
3181
6635
3851
114
5279
6933
2151
1263
6435
3985
3458
1926
1562
4376
1951
3174
5858
4660
4581
4025
260
4355
4416
2023
3974
5109
5533
3107
4896
3871
1363
1214
1379
1348
1243
4196
6560
4103
3504
5075
986
5613
3144
4757
6591
708
5001
41
4879
3366
4842
466
5058
5209
1751
3370
3664
4598
1020
4898
252
5634
1639
1465
1217
5045
643
6425
1921
5458
731
1754
1197
902
5732
1276
5165
3893
4360
6576
458
4062
443
585
881
590
5876
5129
2179
1360
4057
1430
4158
6570
3582
4412
6608
3142
6909
6438
5082
4701
5006
4281
3712
2080
6531
3092
825
4543
794
754
3392
4380
6675
5776
5189
5659
6851
6595
1789
5
6728
3068
664
636
1497
1670
3266
1780
5849
4063
4742
102
6747
2123
3405
1656
4637
1995
3102
6807
1156
2156
6407
4601
5488
191
1947
4716
5724
1026
646
4794
3312
209
3658
3413
3134
4758
774
5000
4011
6611
1167
230
218
3862
1495
602
1401
471
1400
2124
5315
1431
3104
6853
4812
598
4110
1693
3714
5036
1777
5066
5660
2136
4064
5403
3231
4709
3957
5153
4734
3041
5629
6957
4336
4580
2181
4735
1608
3950
1075
4055
4129
1499
4002
4530
4863
4642
1762
9
5510
3521
3932
6677
168
3514
1559
5680
1660
5862
6688
1827
6522
1021
4236
6817
3589
3175
1456
6930
1596
6474
4092
3813
4800
6584
4363
6847
23
5871
1052
782
3330
5295
5270
5134
3472
4859
6348
31
2182
4087
3229
6712
3334
4817
900
5034
3109
1080
1915
1412
448
3674
1453
6601
1083
1422
574
4583
5723
4534
3090
5123
2175
6944
5570
1384
236
285
1429
1039
5414
4253
1421
4200
3214
5141
712
1247
3226
6615
5479
2189
6594
4176
1847
747
4407
4894
6785
4789
1723
1952
6787
3333
1510
6721
45
4843
356
1561
1669
6467
1160
1640
3139
1565
589
946
5364
5635
5568
5113
4445
3979
1564
4952
438
5204
1310
440
1076
4609
573
6529
4148
1771
257
557
3444
5412
828
745
5365
1614
6478
349
3096
1077
156
1844
3832
6738
1347
4429
1654
3033
1783
6568
2028
1869
6711
4174
40
4784
2158
281
6480
3694
6468
155
821
3052
1642
1651
2127
5845
5656
1757
388
4061
3864
3750
6550
3447
1267
5351
588
5428
6938
27
4446
4612
6534
3710
5008
229
3471
4799
4706
1980
3263
6771
5544
3824
6563
3233
4156
34
6521
6857
5476
641
5678
48
6665
487
6402
1825
1369
4604
5608
5465
4793
5236
4912
3284
4953
942
584
6784
1447
1000
3367
3956
4247
4250
1556
1063
763
654
1041
112
3250
1871
4592
5091
6490
5408
1382
2119
3222
6962
6613
3373
3545
5037
5167
1882
3686
1829
1973
1064
1641
2075
5070
262
3143
2093
5780
5210
1597
3662
3171
5434
5565
6569
2025
97
1662
5046
2000
5381
232
5493
3309
982
1690
6377
5373
1737
6835
5143
5044
250
5040
6940
5288
918
4698
1294
6709
1033
3822
6699
5639
3387
1045
4191
198
3955
988
1198
707
1830
324
228
932
1443
4875
5748
4946
4090
1699
5142
3753
1081
993
6381
6551
2008
5406
835
3585
3049
5312
4700
3265
4
6762
263
3591
767
149
3768
3745
3668
5342
1234
2209
5617
5009
4021
90
5574
5052
3394
5133
4470
454
1846
1034
6766
5763
5409
1718
3643
4814
3508
6341
6846
3949
6848
1028
6455
3697
3568
1834
3314
6647
3463
5778
4696
777
3100
3677
4190
3704
1552
5372
4704
6461
16
1058
310
738
6603
1732
3403
901
2082
4521
5213
5048
4107
4713
1358
6408
3010
6873
665
6446
74
347
5064
142
3845
1126
259
1848
308
1595
6691
322
4693
452
2019
455
3967
1646
3399
6702
3533
1065
6698
6868
6664
5569
6442
4568
36
2067
4467
5758
1051
1731
5249
6742
4397
668
728
952
447
4402
2063
886
6379
868
1508
205
1053
586
2087
6834
1770
6667
941
5490
5023
3846
533
3857
1879
1532
4286
1037
6459
3672
3707
4329
3393
4600
888
4816
2036
1094
3141
5374
3384
4584
4060
42
4579
4880
4506
5002
3311
4179
729
4481
3690
4659
4832
6449
5136
3043
604
5679
93
561
4862
990
3407
898
486
1506
2096
3675
4390
3186
4358
11
1835
920
3543
5077
39
3184
3157
3587
6634
4242
2204
6911
107
4198
5425
889
3058
1782
4468
4697
1645
4368
5469
1604
3839
2114
651
6326
4396
1892
4576
5769
3037
1069
6586
5238
780
1611
1417
4433
1798
858
3130
4607
899
4049
4413
3310
5166
854
779
1164
3577
3802
873
570
309
446
4683
6436
5879
6710
875
3098
3681
28
4545
787
3193
6323
3227
4641
4563
1425
931
3192
134
3650
3754
4712
3636
1364
4958
1248
5294
1246
3040
3763
5047
4815
5378
4803
6405
4877
110
1409
1773
3538
3503
6397
6644
5125
3323
271
3455
1165
6861
3604
6466
5477
4756
1901
5662
1218
5237
4008
1511
4194
1253
4907
5441
785
4457
3852
1232
6845
1025
3362
1376
2050
5205
940
5234
4370
1909
461
1337
3509
3127
5384
6602
1784
4487
1787
647
3389
5824
187
6929
4405
3395
3170
292
1845
3182
812
2147
3613
3365
852
5094
5854
113
3406
1250
5313
6782
2062
4328
994
5844
5322
4104
5285
1598
1691
2192
5152
3308
359
4022
265
927
5267
3578
5745
4895
207
1854
5437
6687
3719
772
6412
4764
103
5440
2133
1123
3460
436
2020
408
1306
2048
5661
6325
1605
770
3039
5817
5823
1061
3722
5376
1684
5744
6713
5722
1765
4027
885
2030
6858
3547
5290
4131
3599
401
278
202
3924
2043
4707
6910
6958
4965
6707
4504
1600
5454
4301
3268
1507
150
6674
4354
5688
3990
5880
402
4096
1544
4020
2022
3993
4526
6454
3837
4180
640
4840
2021
5478
6429
4409
6671
2049
3685
1154
4475
1396
5168
5124
1078
1380
3757
6604
4357
3363
4900
3306
6874
5014
4403
948
5233
1788
6547
346
6875
2149
5026
1887
1223
3282
1489
256
3805
4499
3556
4558
4427
4333
3507
5232
5019
6740
3549
3849
3618
4753
4240
6788
6582
5396
2041
365
591
3581
5053
5108
4193
1722
3271
1186
4858
3126
3654
5274
1405
3053
4665
6768
1648
1790
5255
5370
5385
4505
810
781
3223
3747
6953
4443
1202
4608
348
5211
4141
2161
1240
1700
266
4338
4003
6733
3834
5726
2015
3283
6331
579
1196
5453
2001
5572
3400
1945
6948
3601
594
3089
1903
3099
221
1287
2103
5041
1334
5197
5777
5438
3336
312
4026
639
392
5740
3258
6558
1426
4462
908
3156
5155
819
3386
6689
3094
5325
490
255
4282
5877
3602
5855
4618
3902
1894
1054
756
4685
3095
379
4801
4244
5405
746
1910
4635
766
5032
6778
2009
1550
4833
4640
3966
5470
6506
5084
4751
3452
3546
2202
3559
3329
3137
4874
905
1398
1356
3901
1766
1252
6892
1452
297
1557
3019
4251
6769
6937
653
3927
3821
3113
4593
1729
3135
381
4373
4054
2177
1652
907
750
719
5196
4463
3614
4893
1653
3583
5466
4574
1073
1229
3988
1362
3013
760
1327
655
6963
3069
4831
714
403
3537
6443
1329
313
4839
1383
6913
1129
4491
5821
1551
535
2097
1874
3180
3048
367
1192
3326
4500
4238
4135
874
1948
3562
2039
6533
301
5157
78
5631
1309
6850
4017
1256
933
5819
4733
6974
6946
4780
3779
3972
1216
3470
5734
6885
5494
4720
2142
87
6351
1219
6327
2198
1667
5513
2101
3451
4846
396
3659
4788
4638
5772
1195
5741
4342
743
437
5246
3695
5074
5850
3554
1838
987
89
167
4802
1978
4101
3723
6445
1200
159
5654
3315
895
5035
4590
3462
3267
3954
853
5375
5859
1101
1224
14
5089
3275
1720
5423
3764
6973
5506
17
362
802
1941
6494
755
3960
409
656
1793
1044
1543
1242
3708
4335
1085
3
578
966
2141
3551
1681
919
5175
3726
6465
5115
5668
5097
4029
169
5245
5430
378
138
4603
6440
3016
5874
1547
161
3609
300
565
4018
6703
1134
1230
6732
5607
2029
937
3246
4541
2138
3570
4065
6843
6912
6350
5399
3501
5319
2121
3806
637
445
1353
307
1733
1842
4146
3528
5524
84
6849
1650
3532
306
4911
10
4383
4410
1323
4160
6419
4221
3220
3594
1266
244
85
5622
5093
2037
4710
6731
3371
3201
3807
6943
1774
4332
650
872
5545
2081
5426
3402
5371
580
1163
4009
3088
3612
5156
375
5280
6344
6456
5027
277
5550
4299
964
6815
936
916
4643
965
4501
4334
5275
291
4452
876
5401
13
4448
6759
2056
5771
6765
910
5161
4386
1274
768
4587
4012
4682
4573
3302
4478
5079
2153
1448
5253
4219
1098
771
1385
3572
662
5028
4295
95
217
5292
2188
1533
4494
3590
6535
5320
4497
1190
5260
5775
1096
6950
3994
1685
1187
5742
3933
465
6399
1503
4544
4908
6926
4415
6956
5297
6322
1944
6700
80
6645
30
1976
5174
3661
5867
4892
569
3517
892
5681
3162
1059
210
1491
5387
4691
5549
6329
3285
4813
405
3235
124
3829
3724
3516
5352
4636
1318
1236
6813
1279
6353
6349
3450
354
1313
1210
3702
6694
3411
130
2187
1445
2232
404
2010
3592
276
1181
5072
303
6552
5765
5411
4050
3136
4954
6866
4093
4520
6409
302
6386
323
4899
1870
660
1397
29
4004
4746
6714
2002
4493
739
194
6421
1414
258
5394
5055
3700
6693
5633
3848
1322
222
3018
1806
6967
4959
778
5475
1057
1206
3872
2185
864
3721
6614
1675
3070
6805
6337
3610
6484
2143
1801
1750
658
1389
6870
3948
3684
21
5317
6470
947
3761
433
3412
4561
5567
275
5159
6525
1711
3746
6561
449
6592
1734
4450
3185
5563
192
5620
384
6971
3828
1920
1350
4747
3530
4750
3752
5030
5092
6865
3518
3396
1204
1609
3059
524
6378
727
121
5229
4013
1047
2227
3713
5546
1643
1050
5746
4298
635
6493
6633
5068
761
6431
638
1158
6637
6668
884
4455
105
4565
1469
4364
4546
823
1873
267
224
2131
4999
1373
1911
1460
6391
6821
1464
1424
484
985
389
326
5864
3449
1796
710
4945
6878
4729
4768
3682
3321
3660
5857
4154
6859
4785
203
2132
3116
3115
3448
4300
4203
3021
3364
4204
4738
3861
4052
1502
3930
4708
5825
3648
1040
4740
1475
3007
1406
1472
3576
3249
5217
3600
1312
5492
1298
5130
6819
4006
478
1399
3534
5612
1043
2072
4762
2018
4853
3253
1828
796
831
1763
3691
459
4805
803
4059
3133
6566
146
4109
6448
1444
25
5202
3836
667
6686
1890
4394
5728
3656
5003
5847
1184
5870
4971
717
1268
3855
5566
5552
4956
3203
4399
3744
914
592
6855
1886
6908
2184
3565
6893
5244
4234
4032
4188
6809
6942
4385
1799
5630
4015
4524
1657
1672
807
4189
3995
3688
3327
5439
2026
827
2221
559
157
6417
3272
6750
22
2059
5116
5193
287
4350
4913
6748
1977
6767
568
4421
3217
5132
2210
1297
6727
3207
1925
3935
4575
1272
3155
1335
4302
2051
595
971
5828
1659
1832
4340
4714
5118
4486
4694
371
3511
4786
6450
4134
3542
3771
6380
5060
4144
4562
6888
999
2052
290
1975
4569
3062
3529
5637
4850
3279
1411
2200
669
5872
4752
5268
2042
77
6581
430
5284
1086
6518
3105
1708
4454
5866
5471
4019
3765
1427
6783
321
26
5543
6469
3607
429
5264
1457
2155
4597
4254
111
1091
4085
4381
2074
529
5025
5416
6841
3983
5056
2045
2006
3989
3457
5621
6970
4539
805
3560
1278
6755
6761
4327
3404
195
3050
3061
6959
6479
4781
6746
3809
1663
1459
320
793
789
1133
361
1504
3679
1121
904
1546
560
3929
3649
213
4199
1432
72
5114
3769
1125
5049
5421
6475
1095
3164
4447
4359
713
4547
5016
5145
3970
451
4149
4998
3172
6749
6856
4542
597
1251
5085
1492
6774
7
5278
3519
3611
3615
83
81
464
1548
1724
5615
3670
355
3635
5767
18
3775
6638
1601
374
1916
882
5757
924
3762
1676
1615
1293
4489
3194
1512
4498
6390
997
3257
122
3056
5418
2129
5368
3926
3199
4423
3063
1092
1638
3969
3782
1997
2178
3749
3213
234
5191
5110
4782
4138
127
6593
857
1644
1764
5487
3339
4479
1824
4374
3305
4114
3524
4523
5457
3844
364
86
1807
5350
1781
4024
5750
76
3975
4844
4726
5024
1032
5154
2157
4851
740
3825
2191
3646
878
1082
722
125
4537
3953
3962
1131
1880
1258
3224
538
4765
3335
1068
3055
1046
493
3015
1259
2183
2095
269
6527
6672
4564
6532
2071
6392
2085
4881
5627
231
3557
1872
6724
1808
6800
6692
1655
5083
4466
2065
3980
215
3701
5316
2117
3778
1912
5343
3360
6330
983
1088
5433
5614
3060
3442
734
4761
1753
154
1392
1811
726
3324
1760
5258
4918
3200
4484
3525
4711
4001
4632
5606
6780
4955
4162
6488
673
5243
4633
6928
3934
2140
2211
1304
6966
3023
4507
4744
4680
6616
6972
441
233
6463
5522
4453
166
1554
5018
4914
6376
4222
6598
4996
3641
4705
6753
5382
395
4347
3132
879
5067
1324
6820
119
887
1982
5727
397
1902
5731
264
4404
3003
1553
4239
6735
5061
1468
5256
5684
6339
314
3391
1330
4536
3513
5004
5390
4905
1779
6404
4614
2159
4393
1943
670
5553
4495
972
1836
1079
4000
5452
242
1211
6887
4942
4474
4361
3208
6554
4369
925
3751
3067
5422
4235
4048
2054
5366
5314
3965
1289
2058
3678
4175
4477
3776
1647
5686
188
1124
5367
603
6600
2104
5860
938
5436
3167
4395
5071
3536
2190
2007
5271
4325
94
206
6447
5112
5291
1868
5556
212
6863
6797
724
33
1555
6464
3159
118
288
227
5783
4503
5031
4389
162
4661
1833
4950
6744
1775
4352
1271
3964
5843
861
470
4007
3277
3922
1308
3558
1876
1899
3842
4201
147
5529
1812
152
316
4917
4461
6720
6485
6557
1677
6793
3114
4476
995
2195
5616
1529
5266
711
4763
4724
3856
3595
1377
164
4033
1060
1030
6577
360
526
1470
1725
4602
2068
6794
4224
3446
913
893
5881
311
3005
5039
1721
4337
1759
1104
6642
596
5456
1203
6382
386
3206
530
3992
5263
3261
4100
5171
1889
1027
3986
6555
4681
6432
6941
833
6763
3766
137
2
3168
2180
1273
2145
1419
897
5618
1388
151
1290
5117
1831
4294
47
253
1563
6934
867
1055
3772
6
6945
1476
6559
1531
4760
3978
911
3859
3780
3248
923
4183
6385
4330
5038
3086
1084
2231
4830
5059
6704
5199
5177
1049
3645
5215
53
5033
4249
6947
4970
816
3322
1331
3189
5281
5282
6931
2126
3215
4845
3011
1228
5146
2098
140
6872
645
2100
6441
3553
200
6715
576
3045
4962
4091
133
5827
1877
3759
3608
1528
6854
4028
5398
5657
928
473
2207
2176
1946
6877
648
2222
2208
2073
3022
3085
211
3269
3867
4378
3066
270
3605
3951
3084
3673
5547
6428
5619
3467
4130
642
3340
929
2125
1712
5397
3176
4417
3318
3414
390
4722
1664
1778
5323
4804
2005
736
6332
4861
51
5760
3301
5162
5424
3390
1567
912
4377
2076
46
3774
1233
4287
834
4852
450
4326
1840
3808
976
6487
2120
1913
6564
5431
3020
2160
3264
4375
3505
1215
469
247
1127
1727
1366
50
1919
32
769
6743
2148
3337
55
1102
4469
3260
5770
1207
5269
4089
4372
3103
6730
1225
3303
5383
406
4304
2084
3743
5610
1221
4113
3544
2152
1264
3706
38
1286
6336
978
809
6414
1802
1849
2118
5240
5160
5207
6607
2014
3209
3860
385
1513
4356
3054
4139
3896
1761
1714
4679
4798
4690
4969
3211
1193
4949
1953
3401
73
238
663
3973
3042
3952
3895
3232
3579
197
1697
399
4748
4178
775
1494
6462
3812
106
5853
5344
806
6751
975
5865
3166
6646
6588
3002
3777
6969
1805
6612
6789
1099
1418
3038
3262
2038
3331
99
6871
3616
6489
1275
141
824
4910
4153
1954
382
6356
8
237
4572
6773
92
2139
6571
6925
1315
1132
6452
5664
1354
5259
4790
239
5379
3034
1307
1056
6697
4779
5429
4471
3072
977
6515
5415
706
4834
4241
3854
1498
6606
3459
4848
1285
6426
3959
4540
4444
4535
435
3567
894
6383
3640
5176
1454
1283
6567
1130
4743
6605
6403
6519
5443
3819
4732
1728
6641
488
1355
1159
6384
5743
4005
2128
6410
4349
5293
4108
6842
5852
4577
3286
531
5779
3304
572
5147
4566
3981
3796
6587
856
1120
5448
4098
3657
480
5449
4909
5086
6610
6639
3332
4727
5206
132
3596
108
3692
4030
5349
5257
4398
6516
1914
1905
3065
391
951
817
3205
2086
4387
1205
2130
3523
3827
4810
4488
4745
1458
4473
5611
3093
4418
6936
4202
1710
315
6517
2150
4741
3653
1235
1023
5208
3817
1305
1673
3198
869
5407
2061
5432
6839
4631
4172
4960
189
4718
214
5311
363
4112
563
3758
1440
4967
261
1716
3057
5687
906
1810
536
3666
6860
6891
5347
4519
855
6752
6867
6824
4095
973
4702
369
4401
5096
5826
4014
4664
3163
462
6343
649
6927
6808
286
5088
2193
1803
5784
527
6524
528
1535
801
4737
5011
2144
4731
4578
2212
6340
4353
567
4728
583
4525
3803
1906
5164
5450
896
903
5640
5192
1767
4464
657
870
917
299
3468
305
788
558
44
5318
4094
268
5474
811
4589
4105
4483
3398
4811
813
4663
1260
814
6798
383
3328
1269
3106
6395
491
1698
935
968
3071
998
1878
4617
6726
3190
6355
6354
6406
5203
3320
732
4723
6876
1851
1001
758
5054
2032
3469
1386
5380
3638
3840
2146
5846
5511
6512
6453
5725
1390
4056
3464
5505
4460
3361
3717
1769
5878
1122
1797
5241
3830
3278
2060
3125
1612
5128
1800
566
1208
5095
1509
1610
6894
5388
601
1209
974
5863
1199
120
6939
759
216
2057
4392
1257
5150
6705
6718
5012
5410
4906
3892
5348
532
6895
4142
6791
600
5273
3671
3580
1423
4411
295
4053
5526
2069
1031
1594
3101
6690
992
3225
6960
4806
3228
5286
4449
6523
1467
1713
1048
1351
967
4459
4351
5861
3204
6770
1462
5247
2174
3385
3853
1493
1188
720
1413
1231
3219
6422
6663
15
4283
3687
4721
380
4533
6636
6472
1238
5149
3843
3165
1062
730
117
5525
1893
5216
165
1255
3755
1244
3835
1907
4809
4485
5062
5759
5172
190
477
1706
4876
2173
6334
3598
5283
4878
3716
1895
3976
1703
4248
3169
2064
537
