3308
6116
3884
1430
5617
5230
2264
4474
1233
3964
3150
3663
3655
5880
4400
3567
1935
2923
5417
4820
5334
3389
6141
3689
3631
3770
1651
5673
1201
1526
1034
4855
1811
3200
3580
1710
4685
1436
5946
4623
532
1615
2204
52
6400
5242
5022
4116
1144
3564
3464
9
5984
3544
4464
651
3179
326
4206
3157
6503
4105
4030
3619
3243
5098
5395
3158
3098
111
1202
3658
4586
665
732
3816
723
403
1519
1259
4967
3174
4733
4909
1216
1394
3739
5741
1700
1897
6500
5982
5058
4857
3737
482
6153
5002
2113
1943
4866
5861
1893
5061
4342
1795
2552
2191
331
5538
1806
3861
4032
3687
2367
4667
5973
710
367
2796
6248
2807
3167
5099
4049
2918
6154
2595
5222
2914
593
3781
4433
6151
2380
2198
204
5508
2177
1766
5039
999
360
2756
1685
5505
3264
193
4133
3672
404
1650
4251
3446
2274
1150
1172
612
3669
2749
527
4247
4915
6483
2407
4872
6117
5629
4472
1962
5924
3366
370
4818
6263
6356
3055
875
1506
4997
5318
4884
1258
516
4257
1191
3651
5789
1287
4022
6406
1269
5763
19
6001
5379
2865
5433
4840
3868
701
1115
3457
568
2765
4330
2776
1535
61
1957
1358
5781
3949
2943
2604
2614
1342
5999
3479
1894
3762
580
4069
966
4203
1539
6484
2930
1096
2892
2255
402
5462
879
2186
45
2688
2115
2153
996
1715
2270
1355
2786
2064
262
5638
4847
3535
5814
3824
4047
3681
4925
4531
962
6221
5901
6477
5635
2938
1592
4104
681
450
3431
6143
6322
5040
3879
3470
730
5662
2957
5645
1503
5089
5792
3953
3421
2683
2088
5560
582
260
3325
3458
2946
2478
4126
4683
1132
5821
703
5128
543
6130
1122
2072
5571
1211
6534
2389
5689
277
595
485
5550
2489
2895
5747
2536
2660
4196
3721
1606
5008
5770
3843
1002
852
4924
1396
643
1239
3034
6519
6229
4084
6328
5723
2972
3772
4823
2951
5989
1996
5948
5391
3274
2785
3340
1525
2005
1681
5464
2624
1031
1285
1444
3561
400
1502
2876
2486
280
2919
6236
5363
3071
5639
4339
5685
3441
2448
1293
605
814
2141
3146
1493
4613
3196
3424
3573
1987
6404
5996
607
435
6512
2406
348
3539
988
1874
46
2011
3197
1247
4063
4492
4396
4200
1643
2873
5060
872
35
1391
209
1390
4456
5389
6409
6005
585
6206
509
2980
4921
250
3161
6416
364
662
4329
5977
5705
474
5528
4879
6286
1196
3563
4625
538
3198
6545
3849
683
2625
212
5426
2148
3368
5518
5949
1185
5724
2464
2073
2559
781
836
3316
6384
2752
430
4193
1240
4446
4136
6347
4078
5736
1253
6488
3630
2991
1831
1521
342
2269
843
2411
2360
4483
78
1118
2543
2658
2978
1218
4145
1920
708
1138
4839
5586
3607
6003
1499
3240
535
5320
2983
3793
467
5774
3236
2763
969
5444
1504
911
1926
2633
1751
6133
1953
1359
6068
3115
4359
2130
3938
5188
4357
3377
2166
4343
4288
4368
4817
5739
1252
4775
658
6405
3654
4195
1883
3690
3247
2010
1246
3307
392
339
2590
3797
2871
6202
3152
5811
3080
261
3012
650
2123
4018
5632
2929
49
5644
4253
1888
138
3422
883
1595
5998
2931
3870
369
1895
2585
6077
1661
3959
2811
4853
3652
1511
29
325
22
3656
2197
4773
108
3021
1268
3192
714
5195
6410
3880
3814
1036
1520
112
5337
4331
2802
2569
1733
2151
1140
4690
352
278
1288
1098
5726
3019
1994
5396
2127
3726
1451
882
3190
4497
2961
2340
4363
3042
3051
804
3612
6285
2170
2781
3897
6272
2890
1596
3944
3956
5420
5879
4939
6470
541
5859
2067
5900
3831
2078
3951
5896
5940
1827
38
2129
2966
2386
476
308
2522
3018
3361
4919
678
2838
4362
279
1273
385
2640
2121
4864
2859
3745
5782
1433
4968
4697
660
2490
203
2540
3365
4645
1226
4460
5895
3836
2882
6381
5634
1443
637
1314
1209
3386
4473
6323
1611
1030
433
1015
3147
1120
5155
3073
2354
733
6113
1130
2032
949
5936
1251
1956
6110
3063
2013
4132
1114
5048
2711
3363
3069
6079
420
68
5392
4286
4658
5224
5219
4938
3850
4490
425
5553
1023
3962
1922
5087
475
5150
2629
4401
1508
1483
6394
2840
2894
4340
5712
772
3873
5557
4449
4646
3668
6218
4258
2008
200
5055
4199
473
2205
1361
3319
5588
4091
197
5771
508
2404
4671
524
4345
214
1866
3768
3802
5764
2699
2861
2738
5309
3085
5280
5349
499
2602
3231
6385
5902
1666
3638
1854
5975
3263
3693
5145
906
2212
2761
4644
4108
2597
126
5743
5264
2948
2808
3773
1387
6546
2739
5015
4971
4731
2831
5348
2644
1656
1942
2596
777
5536
3259
5409
3031
356
3775
4408
344
3057
100
1583
773
4878
1449
799
6399
5384
1133
5226
617
3013
5570
2832
1992
5217
5341
4956
3168
480
6246
4037
4043
1399
4954
3443
6397
1263
4089
1106
5976
5495
5703
82
909
1193
1896
5129
2939
831
4493
302
2402
6346
704
2594
2211
5947
3978
3678
4548
2484
300
6232
1317
1750
455
3577
5357
779
3015
2125
4600
5092
5922
719
6476
1086
4677
616
1690
6123
1378
3087
1350
102
1380
2900
2867
571
6523
5102
4688
5356
4835
3125
4592
4090
4665
5731
1657
728
2784
1877
1524
4946
120
5447
2384
3960
3907
361
1598
5615
5252
6126
3315
5986
6467
1011
255
517
989
2777
821
5304
6539
5988
109
2899
972
3808
5502
4676
2574
5761
5274
715
4005
4153
3181
3967
2381
3940
5053
6482
1284
739
1934
521
2372
3817
6383
3642
1745
2806
5914
970
689
399
4692
5871
1614
4814
4534
502
5767
2499
809
1109
6076
5029
5091
6462
3260
1384
5283
2694
5088
6132
978
4457
58
5921
5250
6498
6210
5683
4276
3529
1793
1033
4013
5339
125
2907
2910
5154
4191
6454
390
3469
2779
6411
973
1788
4197
5987
2495
3224
1818
2687
1814
3621
4154
5406
313
776
672
6059
687
5347
5311
6148
407
3072
824
1757
5822
694
3625
5196
3256
1761
2276
2002
2554
5780
5691
5124
863
6493
1434
3429
4672
3660
3097
3985
2281
2085
530
5887
6289
4913
6109
546
1958
4082
1092
6135
429
1774
3385
6208
4244
6521
1487
5063
2526
3574
507
1375
2925
5016
3982
2649
2607
5340
4277
1429
4337
5667
6535
6358
1419
5728
6250
4017
5443
5021
1365
2615
2112
529
6251
1696
1442
4722
2175
3371
4655
5532
4993
2692
132
5506
3320
2071
2782
2553
1107
1306
69
2571
4208
4102
3352
2623
3641
1236
890
4834
842
2132
5132
6128
1667
711
3811
4264
199
2176
6245
994
269
347
579
5962
5945
4361
5470
699
1194
5448
3252
6415
899
1736
1243
5239
1527
1254
1272
40
5236
2877
2891
4689
5757
1270
4680
3575
4633
386
3159
258
320
3151
3461
410
2799
4450
6158
5878
2472
444
4999
5647
4772
4991
5044
1301
3462
1379
540
4958
5485
3
6320
3767
5607
503
4453
1983
6379
3124
4011
3627
70
2709
4415
2767
2021
3905
716
2209
4395
3894
1027
3226
2926
3379
2134
526
4640
3074
2018
3701
252
6417
6216
598
1600
3324
3339
1382
2408
5259
887
4635
3650
5243
3872
1829
340
737
4961
5047
1320
6352
501
5671
5235
216
5746
774
1374
1514
648
729
2947
1784
1664
675
570
2768
4057
6412
5352
4048
1213
4148
545
2342
1224
718
5261
604
3449
3961
4146
1402
6212
7
2524
5722
2080
2117
1679
4503
1074
819
428
3713
705
597
14
1437
523
5544
4265
3664
2182
4642
3044
1245
303
5753
6489
5493
3360
6234
5707
868
4023
4383
4434
5184
2114
5194
3632
3834
1737
3108
1087
680
1479
2534
5959
1537
3913
6525
2140
5558
5385
4599
3020
3314
8
451
2394
12
4272
898
5679
695
676
2904
3327
1371
4028
4046
227
6492
1801
6231
3016
2077
618
4679
4045
180
5955
4934
1869
1407
5665
1205
5547
3712
4384
652
3756
1439
3720
5960
5046
3178
2558
1803
2116
1497
977
2697
2483
3066
3182
201
1517
2581
1925
4327
5137
5248
2778
1289
2457
1813
1214
5564
5929
3825
1496
3452
3700
1678
1668
359
1303
322
2485
3101
2630
1997
2856
5869
1585
2745
3860
4279
419
6463
3253
1689
4779
5494
4696
3606
5130
5572
1713
1210
3629
4771
1310
381
4844
3620
1068
4666
469
6258
1662
2131
2862
2521
5621
4704
4860
2898
869
2563
4829
1094
5422
2146
5721
2364
2702
3359
3143
4064
2942
5933
3023
4708
6214
1780
5619
6215
5345
1642
5813
1659
2810
1663
5463
2208
845
671
270
5051
226
4737
3970
4441
1241
2022
3234
3715
4211
1017
6256
6267
3541
1853
785
3432
5408
6054
1405
2136
3346
4454
4242
3799
645
6147
2850
5794
4127
1473
1415
6112
1586
3973
3175
2493
5455
5776
426
5354
1171
2612
4885
5050
6007
4107
1014
249
3202
5545
980
5939
1257
1961
5708
2424
2362
4019
2391
4388
4973
4713
6145
5041
1952
2525
4410
3707
653
5778
4350
512
2844
4287
3769
5158
5952
3538
5684
6527
2790
4778
4850
5527
6453
6473
3671
1099
861
1013
792
5516
2196
5131
1275
1855
3810
53
2986
3835
2160
276
178
2031
4528
892
2412
6526
5994
2459
3123
2561
81
5686
3068
2769
1802
4477
5307
5877
2542
5942
1178
2800
395
3035
4619
5768
752
5745
466
4634
4732
4930
1684
4499
3440
5927
2619
964
1343
1079
5815
4092
2878
5438
2410
5670
2956
4414
13
638
1108
454
2580
2144
4684
876
6375
4280
3821
2463
4261
808
1982
5059
1491
5258
1392
6111
3588
2390
1441
3755
3118
2913
4052
5749
335
263
457
2075
3531
686
4701
1385
1779
3886
4110
3639
3550
1296
93
1005
5521
3911
5400
4952
1177
1505
5990
2163
3054
5065
1937
4506
1488
63
2188
5525
5583
221
603
801
5625
179
514
1475
2641
2157
5424
2142
3876
4524
3232
2385
3426
5654
5729
4076
5820
5325
1783
1192
1603
5756
6536
1421
1076
3246
5744
5486
881
1447
3697
3171
2033
5549
382
2835
3571
642
2869
5036
377
5383
3257
5677
6329
332
5328
1386
5101
498
2885
4008
3704
3796
380
2016
5427
3220
3723
6057
1641
5702
1949
4354
3981
855
1753
4101
2058
827
465
981
6283
1082
1123
4364
4832
6507
588
470
80
1605
2178
3942
405
6388
3090
4874
1692
3266
452
131
3734
3416
5066
3255
1998
2056
4845
4699
1890
4338
2576
1816
702
1648
3041
2192
5537
3794
6120
974
4099
4029
2742
914
2582
5461
5920
2336
4777
1117
4341
2413
3635
3189
6220
2473
4246
721
189
281
3375
3815
5457
1808
315
2805
309
5312
5365
5860
2797
5350
5007
864
4036
5344
2149
609
1885
5064
1103
4392
542
1357
1587
5533
6386
357
4585
3840
1758
961
2338
5748
34
4480
492
5135
816
5884
3347
1008
4042
2200
2651
3753
493
822
4245
4654
5568
3451
3566
1604
2833
871
104
2870
2579
4591
4960
1686
2059
391
1824
5904
829
1276
2537
3983
1423
5910
858
5481
3378
979
6201
5807
2916
2202
6225
6069
1062
2449
4998
4051
6538
2355
1528
1807
5816
4886
2755
334
5885
5852
1102
2538
4610
1864
268
1494
4521
4458
3609
461
3195
1820
3046
4674
3909
690
5011
1348
2477
4435
1006
2531
1768
1702
1022
857
2348
3673
42
1825
487
1412
2171
2973
5321
850
4448
463
6084
1691
5796
446
2927
1283
4113
1129
6509
1789
73
4868
5126
6200
2541
4995
6544
4541
1037
837
746
5663
950
3193
5855
3343
4282
1195
5156
306
5706
2068
2267
878
3040
5004
4859
4595
1764
3677
5333
5892
4932
967
4290
2082
5266
396
4509
3341
3882
6066
5831
3445
3974
6106
2573
1238
3358
4210
3910
6241
311
5153
5777
3160
3142
533
4590
1785
271
4112
1682
722
1928
5786
338
2794
1302
3858
4065
3106
416
1221
1602
1741
6254
1142
3036
3267
4974
1009
1770
5641
4355
4213
5133
5484
894
3837
362
1932
345
5585
794
3818
5086
3934
6213
5026
1828
5373
5386
5540
1024
6481
1105
1340
1481
3841
4537
6219
4588
4828
3113
2019
4071
1187
1675
2933
2256
2903
1075
1769
3856
913
4439
5517
649
2253
5241
5416
1697
6129
3844
2020
497
5454
3269
6122
4369
6204
5971
5332
1512
1173
2249
2836
2560
1738
2846
544
1300
2645
1356
253
4836
6064
504
3188
5437
4944
5915
6287
3028
953
1754
3891
3477
1687
4936
5657
3039
2788
4769
3562
3543
1613
589
4714
744
636
1250
1812
4972
5186
2487
3637
4616
3747
2062
337
4523
745
4852
5275
4739
1482
6157
2932
5759
1857
6418
6239
1286
5256
2070
5035
835
176
3653
3183
6277
5411
4080
4926
1695
2248
312
114
3390
2416
901
4270
2638
2944
1991
2462
1591
3779
572
3261
44
6472
3187
5316
5856
4730
3582
5270
1540
409
307
6461
1800
2834
4062
2369
491
5346
194
2278
3420
415
1063
2955
1921
2706
379
1743
982
5049
105
1204
5276
4869
3548
3082
4079
5828
1777
2603
813
5650
3107
2969
4914
4505
4100
2359
5964
414
3219
3166
4437
5249
5317
3750
5492
6380
5613
5401
4875
1705
1403
510
1035
4436
1189
2753
5100
5894
4269
4095
388
3425
2896
1516
5512
2654
5247
3428
4703
3393
2772
25
5068
2860
5611
2084
4198
5793
5730
1435
6382
859
5919
4487
3278
5182
1746
4332
5025
3450
1264
6131
4390
4504
4815
1933
2570
5513
5267
2717
4482
2960
4466
5404
5234
3945
2325
2421
1206
5498
183
3823
1116
1544
3155
1755
83
2701
825
5566
5928
6270
2757
4520
1534
4385
4470
1676
5090
222
905
6319
1255
952
440
129
6458
3806
4054
663
5858
4120
3730
3052
656
1424
1104
948
6072
6389
4059
2328
3391
103
3242
4539
1950
1714
2600
983
3413
646
3565
5371
3634
4686
6261
2740
3102
2500
2414
3833
1782
6514
520
6502
3321
5732
6510
304
5278
1111
468
3952
3323
1772
4111
2471
1188
3265
674
1739
3373
443
1832
1069
1862
548
5483
6392
6506
3584
1174
123
2874
1510
1951
5180
2839
1712
3578
2252
310
1649
1984
1763
4702
976
6104
116
2634
1797
1145
5546
3804
448
2418
1879
6395
1064
960
5565
4219
3251
3780
6513
351
531
4335
84
2137
5646
6266
2555
2591
6268
1799
2324
4865
3636
3557
3049
743
2639
2689
4134
5618
5453
1175
815
2632
2203
5974
2789
3569
5013
6226
5526
3902
3946
1360
5666
2646
2027
5414
1426
5361
1351
4511
333
2345
6222
6065
2000
398
3890
1804
6081
5873
6357
4077
265
3728
5369
6071
5775
375
3317
3111
5622
3616
6118
4715
2883
6471
3842
6061
3900
1305
5362
2173
1294
3465
5353
5806
5972
713
3070
991
2422
5968
586
3848
1370
2766
225
2263
1373
1448
5970
5223
985
3605
4035
2750
6496
3711
408
4522
119
6542
3889
5500
471
5911
55
6508
4908
4386
3537
583
5254
1088
4545
577
4068
4597
1792
3649
21
5504
2775
1242
3245
2110
2399
6559
1025
2656
3958
5656
1010
3885
4333
5272
346
4014
207
79
3435
1954
1256
4942
1028
4594
1809
594
88
4024
2837
4406
6269
2456
3545
3839
2557
4138
3887
5144
6378
5336
2277
677
707
2401
4621
4776
1097
3029
3191
4743
735
3936
3813
5717
5576
3547
3114
1889
720
3826
2271
1061
186
3955
4945
50
3966
2162
3827
6522
4774
305
5285
3095
5574
4766
2529
4475
1948
6376
4119
94
2886
5539
6
6155
3392
1711
3736
1767
6520
5390
522
442
60
1798
3657
1936
4348
4673
2988
374
797
206
1244
5925
600
2133
4347
2258
2195
2124
3899
3448
1345
3705
915
1280
6317
602
5488
2617
3803
5460
1522
3758
5648
741
6469
6149
1513
4720
5995
3716
885
5755
3311
2481
5326
2941
3154
2934
3280
1237
5030
1923
6067
3332
2262
573
1673
5397
926
224
3050
3763
2737
3173
2924
3893
1900
1588
1230
2528
3688
441
4041
4970
3417
90
5014
4467
2954
1128
1509
4525
874
6134
927
5097
2545
2704
4144
6009
74
6209
1759
6391
3342
2974
3828
569
2107
1471
601
5867
3026
5459
1084
1032
4130
860
5951
417
6288
5358
6115
2028
2373
1999
4081
10
727
5496
6558
795
2527
355
1960
317
5863
4273
323
810
1880
299
4606
4661
3079
3611
6237
5944
3309
6414
1220
1495
4876
3576
4614
182
1004
6387
191
4033
3536
5510
3084
1001
3185
3249
4826
5788
3696
453
5787
4627
30
3540
2881
5980
3060
1708
5704
1899
1176
77
4612
995
1707
6107
1706
2006
2388
5038
1500
3877
2014
1903
5487
39
2550
5519
4094
4741
3774
5244
5499
3438
4291
5271
6224
3086
1981
2843
4664
896
2161
2622
4463
4652
2398
1993
3760
6450
4693
6063
3454
1422
489
3865
445
4218
5891
4518
4403
847
5874
2076
2879
693
3122
6511
5123
2356
1858
4647
1989
1538
1073
5918
688
5429
1121
4858
4906
5991
3554
2458
3857
3233
4953
2975
5562
1381
2657
2866
6466
4931
4476
2063
5642
5620
959
5926
6058
1425
2762
5451
3896
6326
4668
4927
4745
5997
1432
6008
1742
670
1080
2716
793
4204
5633
1963
6555
2023
782
3801
2968
4922
5522
1852
1822
6105
5969
3078
6198
2849
6515
2185
5893
2588
5477
1219
118
1307
1515
5985
1290
4540
2592
2636
1408
787
3698
4910
1931
3027
4190
6474
3558
1200
2268
4391
1776
6464
378
5660
5524
91
4248
256
3270
4053
591
5366
1352
1295
4006
106
1518
5032
3941
5338
4486
6257
5658
912
5758
211
2609
1368
2025
5216
2893
2469
447
844
2551
6279
2322
1212
2491
3646
3303
3846
1067
1744
873
5678
449
5193
257
2152
4918
5819
113
5567
1198
3694
2060
5407
5279
4861
1353
697
3099
5888
2395
4966
2172
6217
3572
124
5122
1781
2809
5664
3613
791
264
5531
5709
3979
437
6468
3977
889
4397
1533
247
1409
3743
2875
4830
4929
3570
5057
1281
4139
2350
644
6264
2774
5474
3306
3950
709
5034
1599
1646
2987
418
2544
4863
3283
1868
2984
2626
319
6203
5854
4484
4648
2393
2344
615
2598
5542
4656
1215
3751
3838
3746
3436
5342
4137
1620
2575
5430
3093
4131
6494
6465
2653
1291
3862
57
6518
4738
2909
5802
2568
5134
4289
5419
5812
3282
5954
4833
1901
4070
4736
2842
2387
3056
4201
384
1924
1867
2194
910
5958
1411
922
1090
3912
2686
2327
484
1584
5555
198
5149
3847
4740
4202
2156
5515
4662
2857
3530
343
5623
5765
4221
4122
6348
2964
1939
574
1887
1489
2337
4252
2017
4907
6125
1660
3819
5552
316
4721
3262
3348
684
5906
128
771
2122
5714
4087
5653
1367
984
3064
2855
205
3466
336
4256
919
3104
833
5908
1420
1393
6413
4527
3939
3032
1484
2353
4067
4843
3867
3708
2548
2139
3659
1865
2610
6156
5983
4106
4638
1930
459
4842
5360
798
3453
4923
6207
1012
490
5284
3683
6249
6374
1704
4765
5410
5268
4849
1501
1065
2087
5185
1964
1947
679
202
3883
2346
5674
1297
3268
5255
254
2250
2024
6146
6265
5941
28
6144
2705
2108
3765
1876
1875
4508
1601
86
3376
5142
1944
3059
4975
3058
3222
963
431
6455
5862
2747
4344
6078
2746
4118
4669
37
751
5017
1131
5890
1184
2365
4632
5825
789
5439
3852
811
4096
5246
2331
5012
4462
5935
4949
5006
4141
2366
2083
2648
6354
5725
4207
4856
780
1492
2468
1388
3710
1884
2257
1927
778
5335
6004
832
5467
4694
5220
3165
3221
1740
2643
2158
3895
2635
4031
4356
5950
1208
818
5445
3364
2189
1817
1274
5541
5472
4780
2700
3271
3184
4061
1589
5027
328
4700
4209
1398
2326
5257
5826
462
5324
259
4128
3033
3549
5760
5355
5458
3335
6327
6114
4516
3869
4994
2181
376
717
613
5883
5507
993
2376
3148
1756
2370
389
5281
4670
5909
667
1644
4044
5
5231
834
5364
4085
4275
2830
3061
2383
877
5965
358
5094
828
3859
4249
1089
27
712
5676
1354
5577
3238
907
479
4012
2696
4489
6278
5779
4405
4943
2804
2392
5993
5751
6377
5561
4366
4281
3105
2710
3845
4725
3812
2693
4837
4533
2333
217
2801
1135
5024
5978
5001
2109
5146
439
537
6199
4117
184
4103
2583
135
590
5690
1477
2848
3533
1833
2872
4764
786
5359
5715
5394
2945
2637
5306
4285
4659
6053
2647
99
1863
3661
1498
5903
1346
1404
5452
2323
6561
904
5534
5367
2358
33
2475
805
3170
2339
5377
3336
349
1698
803
2429
3275
4066
1861
1986
5559
3349
6497
314
5669
1658
1748
6533
1486
5824
4387
3617
775
1377
4710
2004
4445
1217
4729
4719
5056
849
6230
2787
4687
2780
4399
1760
856
2371
23
107
3854
3318
5886
4040
4205
1892
1113
3414
2708
2349
6350
5277
4034
1039
3914
2691
1919
880
5031
2911
6557
6495
5804
24
2783
2549
4841
1735
5509
1474
3116
682
6060
3965
4452
5762
3735
5221
3643
5668
4609
525
5456
365
5551
483
36
1235
2206
1490
3777
2143
2962
1234
1364
3351
210
2741
5315
2606
2480
4851
4262
472
5374
783
2138
1059
329
4267
6052
4544
6541
2030
488
2120
3229
72
661
6136
3766
6456
5233
1647
5713
6062
2254
6253
181
1127
3045
15
6355
4365
3608
870
1778
5612
3586
3455
5238
5785
6197
87
5468
6321
5323
3727
2334
4215
685
1593
753
3096
366
2053
5609
4283
4629
5382
2034
1542
5672
1674
807
5626
3186
56
4816
986
5923
3866
2280
3740
823
3901
3276
5795
3532
916
5889
5956
3433
3467
1545
596
1959
1225
6556
5478
851
731
1607
5329
190
1786
6124
5005
3241
6271
2423
3047
5659
655
1815
2111
1859
4630
185
4093
368
5979
5465
3014
4447
838
654
669
726
5582
3943
5442
220
3640
1007
3024
424
4964
98
6351
5228
6393
110
1228
1282
6505
1183
4636
2977
5436
770
3076
26
6562
2906
3075
3437
5898
1898
1298
5798
599
3559
1872
4604
1834
2759
3972
6244
2482
6359
5497
2920
4649
1309
5981
3156
4009
4507
1060
1680
853
3986
968
659
4440
1021
3110
4021
5466
2167
3614
5440
3356
3103
4530
2454
1179
4711
5218
187
2884
1341
6280
3863
956
5020
4074
1003
606
3043
4650
2275
5801
5314
1480
48
5805
3337
826
3717
5475
1871
4955
4846
177
4940
2532
1316
3731
3729
5432
5095
1665
666
3447
750
4624
213
3100
2251
3065
318
5482
5450
3684
6451
2937
1946
6537
2953
67
3709
5916
2488
3971
848
413
3703
2760
5403
3935
1019
854
3583
71
830
2455
3025
5830
4657
5240
4536
1349
2773
2901
3764
2539
4822
4717
2126
4957
4920
2751
4698
3473
1016
5829
4770
5529
1476
4124
2922
1645
3302
3312
4916
4992
3749
6504
5817
4465
1653
3752
5850
2764
4862
581
5147
6228
3423
547
4259
3795
393
6408
4194
436
6407
5937
3338
2164
6487
3304
51
6205
4950
3279
3695
5853
1860
5716
4819
5232
6233
2690
2001
918
4326
41
4543
5018
3648
1265
5961
3053
2682
5052
5435
6396
1830
4353
3954
2792
2854
1278
6284
4603
3149
2266
1619
5827
20
1450
2905
5872
3798
954
1304
4501
3434
4742
5851
3676
2029
1277
1413
1124
5282
4660
62
3534
3145
5262
3618
4726
884
1222
4088
4459
5740
3088
6486
1610
5931
3362
3947
4639
965
2572
2009
3980
1416
897
2498
891
2949
2379
3177
64
5305
2611
5652
477
5402
740
4027
2863
505
2055
4744
3463
2335
1929
4707
1955
2985
5587
1248
4495
5042
1670
2887
4268
1507
5441
2363
6401
1796
3626
5687
1873
5319
4443
1267
6049
3227
5380
1363
59
3334
1941
95
1752
1077
1227
888
3670
1771
4060
2921
5037
6282
196
383
1134
3382
1590
2959
5882
5818
4854
2798
895
6501
4873
2578
4962
5183
421
1071
2496
4097
2207
4336
610
4618
3062
3456
6459
1902
3957
5554
4151
4705
4413
6150
3030
2547
539
5523
2183
5735
2415
1878
4220
6235
4641
496
1093
2979
2450
4274
3674
4217
4709
3937
2589
2851
5227
4996
3832
2467
5636
4691
3738
2347
1119
4478
5479
1810
2479
5019
195
4712
3248
4394
4605
1990
4937
5376
998
4481
6490
6080
2210
5579
5368
584
5093
5783
3476
4928
5784
1146
2074
4631
1694
2465
6002
2193
5054
4020
3471
6330
2608
2201
3427
5251
464
5181
5680
275
5489
2382
66
1000
2069
3367
3560
3680
4409
1417
2712
2259
3331
5413
3686
2261
3328
867
4334
2169
3553
2613
3169
6524
5876
2460
528
3354
734
4723
2026
1826
6011
5688
3277
324
2981
3778
2793
6240
1427
800
4682
4214
692
6006
2057
647
997
3374
1312
3864
5823
2902
423
371
2564
5375
5473
3800
4152
3807
1223
3615
1141
1823
2650
3685
4407
5148
4140
1112
3644
4393
4485
1445
2915
5720
2616
614
4471
2119
5405
4468
2847
3067
3038
5393
117
2330
1612
4513
5769
6243
427
4727
1199
1882
188
3878
4109
725
4442
5381
4598
4349
5718
2950
4535
1536
1529
5773
3968
3344
2003
4883
4611
1819
1701
1344
4678
3742
6247
3017
96
4935
4877
1472
6152
1672
2165
2661
6138
902
2593
3144
4075
4526
1532
1523
2007
3622
4502
3444
5750
6073
1072
2858
3579
3881
101
1110
5992
3254
2685
5630
664
3387
817
1654
4260
136
2199
1148
115
3722
134
4491
5797
1266
6255
387
2332
2168
5800
4941
4870
536
6273
2970
3552
513
673
641
3888
1091
4496
5446
990
592
5905
3662
5966
5045
3120
3418
3284
900
4016
639
1231
354
4593
5431
4123
3460
3871
2150
4411
6360
3091
481
2868
1699
31
350
4015
2562
1100
3699
43
3984
6540
1126
5189
272
6480
1541
1186
1851
406
2880
1609
5569
3628
1749
5865
3475
3915
5388
2771
4538
5530
2260
5953
192
4360
6530
6140
2190
866
1397
3776
321
2845
1988
2620
1078
218
3176
5631
1137
2054
1070
1762
987
4083
5711
1773
5096
802
1229
5907
3369
1886
3478
5343
2556
89
2841
6491
955
4546
3250
4
4547
3585
2967
2917
6139
353
2476
668
5681
5661
3394
921
3092
5799
5535
4734
6274
3109
2567
5584
3963
5514
1143
4963
706
1856
1026
1485
267
6349
3272
5640
2533
3037
5643
3281
5412
5327
5469
1383
3754
5310
5737
886
3121
2397
1406
6070
1805
5000
4250
3117
5637
3415
5543
5957
4142
1261
6563
511
924
2963
841
2375
2928
1891
5192
1197
1995
438
5932
5866
2935
4519
2426
2400
4584
3355
460
2427
1821
2587
4529
920
208
2535
3230
2662
4602
3714
5434
3228
840
6238
4965
1095
434
4911
6398
519
5415
3237
3874
4969
1594
4587
2086
2065
4025
1271
736
4284
3439
3692
5575
4768
3474
4848
700
127
820
5010
75
4620
4515
3326
3757
4389
5809
3555
1418
2184
4056
3908
1020
1389
2621
4150
2374
2015
3725
3542
1376
3724
5899
2279
742
2791
2803
3180
3645
4098
1530
4882
6529
2147
4716
422
4367
1617
4637
5548
2128
4494
2971
947
2352
2492
2940
3235
3194
1669
2409
5009
5387
3741
749
1366
2989
2605
363
3759
6275
3153
3822
1081
957
5157
2474
4735
4728
92
3903
1683
4675
4948
4438
5710
2744
5742
3528
747
3666
5062
2897
1775
5273
6242
4947
5682
1125
5556
1709
4498
5428
3419
3719
1747
6403
4125
506
1083
4241
6560
2378
5141
4212
5269
1180
5399
4695
3665
3892
5351
3851
2748
1597
273
611
2618
3357
6108
3370
4951
3239
5897
5754
4542
1410
5881
5810
4192
137
971
5651
5330
330
274
2187
1313
373
1791
691
3430
5864
