834
6902
3037
2818
2047
5790
1540
2233
4631
5190
3984
3109
5948
1337
1121
3801
3593
261
2385
4489
5004
4525
6577
3284
486
3852
6873
991
5634
5337
4539
5502
42
1218
2421
5568
1534
3841
2141
3988
3639
682
567
2505
2470
553
3098
4305
4737
4864
1067
4421
4958
3244
5834
6193
3308
6057
120
5847
2690
5779
2280
6062
3002
27
6393
6125
6539
6274
1911
6826
669
3255
3497
5769
6422
1797
648
5500
3679
2451
928
5273
3083
1810
2020
4072
4742
6738
5828
1638
900
1523
3634
5530
1140
5900
2316
396
479
797
1153
965
1342
5144
2999
4356
3122
4002
2915
1543
3898
5690
6781
2080
5617
3321
5091
2863
2418
3872
3184
6079
3019
76
885
1774
4513
1410
820
1488
5810
4584
5885
2913
4387
4248
5306
364
6038
2024
4398
3948
2836
1298
5709
5910
217
3259
6924
790
2440
5326
6128
3155
3127
3443
5156
1000
3075
3959
6321
32
3839
2268
4473
920
6169
5541
4656
4736
4487
4133
3687
916
5361
1355
5336
6490
1974
3481
254
1502
304
5354
2966
4889
3923
4862
4823
6562
5176
250
389
4976
6853
3823
733
2515
6195
5747
1936
2802
1076
1310
1061
2741
4448
4224
5914
3953
5115
98
2789
3807
871
3280
3114
2004
2060
4581
865
6332
869
3868
2432
2284
2303
5109
4256
1763
2599
1243
4891
2349
6096
1138
2375
1240
6026
5897
6043
4508
3544
5170
898
1399
6157
4417
2459
5301
2212
609
1851
5169
3335
1969
1120
4338
1978
1078
6039
6573
5224
2181
5344
694
968
5112
4620
521
12
1970
6508
5277
675
1164
146
6706
4185
2241
4600
3899
3655
1812
4395
2242
3735
4645
5286
6798
5433
4963
5321
4043
2029
3946
1756
3733
2028
4696
6451
3404
535
2971
6479
6802
3469
6010
1909
3972
746
3903
4388
4170
2097
3449
2689
4349
3470
2016
5353
3571
2235
6757
6933
3627
4849
5302
2938
1924
3918
1843
2929
3985
6785
37
5005
5432
4261
6724
1309
2035
5471
53
1479
2496
213
518
5297
401
6227
2607
6082
2927
2526
3290
5281
3163
2083
4888
6086
6810
4728
6602
1385
3456
4591
6471
4551
2216
606
873
5688
6371
4859
6954
80
224
1573
6939
2545
5586
2716
4929
2073
6056
6561
3600
5229
2916
6331
6930
2834
2282
52
809
5517
38
6210
6777
3715
539
998
6167
268
2156
373
405
4269
5659
685
1317
4899
3662
3827
412
5347
3739
6354
4640
634
3405
2975
40
3406
3428
6275
4938
4612
6532
2638
4134
3339
6034
5832
3328
5033
2926
1346
6073
3073
372
3534
363
4343
6816
4242
3374
832
3997
1813
3336
296
5873
1166
3693
672
4094
6076
1952
3977
2991
1787
2923
2446
1558
6358
1190
188
1643
6476
1289
841
3491
3145
452
2193
6424
5543
1207
1544
1231
4482
5782
1106
5892
6419
6377
3846
3225
3727
5629
2847
6014
438
1191
4171
5304
5410
4919
6935
549
3748
6369
4069
1374
3465
6120
1975
2967
3557
2238
581
1381
6480
4798
6969
822
598
4900
4762
3350
1771
4255
456
2804
285
6141
1150
4215
2801
2675
1704
5214
5288
2498
4743
1438
2559
4101
6748
6679
3095
541
4977
5343
4959
4372
6140
4700
6153
1059
4725
4697
4379
4164
2106
2124
115
5578
6041
5374
5740
3415
110
6222
5228
3495
6948
6957
532
831
4626
4350
1669
853
4741
1476
299
3310
769
1092
4771
5289
4412
6380
977
2166
2768
3210
4009
2974
783
1719
5734
2387
6803
1657
5039
2111
4234
5339
5917
5300
4013
592
2884
3197
399
5264
4247
421
5867
2095
1096
6667
5610
310
5106
432
664
815
280
4239
5279
1044
2909
5482
2422
4119
4605
594
1632
5345
3906
6143
622
5192
1786
534
2478
5250
6608
5962
2908
5728
2864
6065
6177
4254
5047
3228
4520
2481
983
3168
2099
4887
6133
2427
1026
3580
5014
6944
1847
2101
556
5826
6875
3283
942
2613
2460
2491
1754
5392
3685
5196
4613
6244
6110
1047
6015
574
4131
2307
3268
1804
5102
6587
2403
3538
2399
4978
5073
6357
6929
4435
3362
99
5335
2017
5721
6694
1460
3138
4791
4533
709
2031
3817
5469
5594
1834
1057
4202
1690
4167
4722
4408
6880
2582
5162
1165
3863
4805
5094
3435
67
6399
5485
2731
5317
3413
5623
4769
6477
197
2116
566
4257
6351
6246
1894
4424
5443
1441
3344
1202
415
3407
2363
5591
1661
3505
5715
489
6905
4754
2604
2255
3832
5645
2312
3708
3954
5238
775
1845
5018
5153
5920
4603
1720
4486
2669
142
4307
1010
1225
4442
2772
4962
5751
6338
1137
1134
1485
5248
4506
2
1624
1796
451
4203
588
6028
5809
4524
2846
5577
2892
2206
1935
4703
297
2472
281
1881
5853
2983
2995
1101
4845
6208
2871
4376
3814
5901
799
2358
6231
6423
1264
2956
3861
2881
2045
6300
1552
5388
1966
6174
4403
3373
3877
925
5589
577
647
66
6045
2151
4843
6186
4093
2278
6213
3015
4126
4916
6925
6439
3503
899
369
1962
4074
2634
5086
3077
590
203
6642
276
1005
5127
824
3504
6175
569
6212
713
3514
2071
3779
1318
710
4812
3367
3046
3800
5596
6916
5427
6604
4478
952
5271
5358
4608
3093
5097
6485
6714
435
2256
637
2565
5605
964
5480
1447
2832
2533
4140
4563
4583
1576
3023
206
2469
3725
1957
2710
418
784
698
3232
2405
536
1395
3936
340
3410
628
1687
4149
6778
3072
4438
5511
2118
3584
50
1501
5189
6356
3170
4114
5711
2787
4479
5272
3239
3448
5863
2922
168
2676
3857
1959
909
290
3724
5383
1950
2213
2720
1481
5739
2606
1832
2627
5829
6118
6874
5067
1890
5165
2591
4419
2471
1951
895
2708
3204
5661
6323
6350
6468
1607
3260
5932
2654
6914
4397
2105
5676
4377
6088
1129
5693
4994
986
2783
3139
6546
292
4639
6771
2288
2630
172
4065
5143
1283
1622
5111
2509
768
287
5154
1466
5658
5242
1566
4951
2760
1905
3201
5570
5486
3377
5947
3907
4066
4295
3494
3384
4339
3931
15
979
3049
923
1255
2012
6525
3115
6158
5539
3835
1352
5017
5296
2310
5714
6857
5294
2934
1146
1808
2455
2381
6404
1694
3626
2190
2115
3434
3559
6498
6847
2703
1862
6838
446
2953
3199
5167
3864
1531
3195
35
810
3202
6030
1963
4867
1339
3400
386
2936
4995
1973
1364
6791
3314
754
5027
51
2477
2912
6166
2228
751
1253
4765
3311
4374
4895
3996
25
5843
3060
114
1214
780
1472
3858
1853
5898
1428
2135
2404
2549
5096
2113
2352
547
3159
6136
6784
5236
1673
564
5928
6228
2985
6241
4335
6163
1729
785
2885
1262
1151
5677
300
6317
1946
4449
2002
2705
4629
4174
2958
6456
22
1922
1613
2321
1371
763
5437
5641
5894
6617
3011
2845
2142
1872
4987
6339
864
4693
2739
5068
2685
3840
4146
6811
4366
5807
3332
6261
5422
6801
4364
5722
5342
3070
3579
1823
1360
2652
625
4943
5309
4724
1065
4465
6697
419
1414
4415
1297
4264
5536
5477
5183
3196
1219
5084
4474
3821
43
2732
5227
3064
879
997
4653
2573
4522
5298
2751
5305
747
2759
5971
3793
5066
918
6450
1997
3442
1547
6253
183
3589
3029
227
5849
5697
5945
2021
3562
5293
61
77
2223
2592
5575
6865
5906
2879
4484
3786
5598
5682
5275
6671
1480
4498
3833
5702
3942
4169
1660
5752
4121
4018
1761
4168
1805
2978
4676
3486
1906
5263
3528
6250
1765
1899
5770
1800
5006
3427
5299
5030
2882
705
3445
2988
3729
2384
6295
744
1280
5474
4680
6877
5943
4982
2188
3233
5166
4332
5627
21
4572
6087
320
2134
1251
6779
2733
5717
5694
5435
572
1233
4684
5607
3636
6142
2396
5862
6202
3347
727
2039
2806
5950
2207
1397
4329
4786
4287
6302
3818
4651
140
6808
4658
2946
1088
262
2618
4491
4752
1900
5798
4589
3067
734
3745
1033
3394
1448
5042
6578
3678
5929
4464
6071
17
5868
3044
4537
921
2485
2467
2862
4975
3866
2907
4619
3847
6971
247
4284
5478
4717
2450
4582
209
5886
4654
3104
4721
4441
6698
6145
505
818
4285
4802
1363
6211
4011
1431
316
2294
4841
2493
2165
5269
5152
3243
3614
1769
1551
220
2944
4596
1958
5185
5360
1592
3171
3462
6892
3947
6843
1172
2499
5980
4836
2204
6616
1811
1440
2249
6235
5545
3658
565
5458
345
1888
4869
3097
1557
4844
5490
2171
4863
6540
1795
1198
5226
6904
2718
717
1392
5225
3525
2560
4598
1910
6523
5456
1341
4359
2557
765
5881
4064
4446
1641
6661
585
1848
5880
5864
1131
3473
1538
693
2254
2672
4262
5012
3513
6442
1984
5138
3211
5841
6613
1200
2251
2138
1684
5687
3862
4084
6072
646
4258
1636
5308
3253
5292
1921
2400
4796
124
487
2661
2129
6106
3962
966
163
3166
1358
3074
6519
6148
5822
6889
1785
4323
388
4801
2540
2158
5394
2883
620
524
913
1546
4800
1080
4673
6527
6829
1487
6198
4930
2108
3390
6098
2397
5735
5459
3376
3160
5282
770
6713
1623
6414
4375
5961
3463
6788
1838
3246
5251
5195
2416
3970
6709
6516
458
2518
3707
4319
6786
6684
1583
2899
4385
264
5116
5998
3922
2534
4029
6484
4456
3665
6197
5700
2490
4503
6401
4414
6537
4190
5278
4406
623
5029
2393
3179
3058
6726
3966
2608
3212
3277
5045
173
4444
5090
6715
3631
6946
1087
5083
4507
6391
3901
1062
3129
6854
5551
3026
6773
3004
4896
5879
5280
4885
6938
3649
660
1988
5414
850
2844
4866
6473
5367
4407
429
6083
2355
2761
3194
5647
3501
5409
2209
6437
5209
4587
457
5991
1090
5673
3597
5852
5287
1091
1296
1695
4423
4292
4216
3930
988
944
5491
1179
4632
2647
2900
5640
1093
1663
3718
3189
1949
1825
5145
2489
6522
3980
2571
1365
1642
1081
6398
6379
2265
4271
6730
6683
4628
97
4806
24
5549
5377
2283
4677
4839
3285
1046
686
411
6844
6225
2146
158
3153
3552
230
5052
2005
2464
4665
6677
3926
4017
6467
2189
1051
5312
4173
764
212
5419
4579
5064
490
5935
3738
5062
6963
5999
1500
263
2160
5260
4699
6255
3036
2636
4903
3426
5725
2939
3041
2215
3652
6376
190
2614
4713
312
5245
4263
5205
1860
3068
1250
3471
6960
4156
6159
480
6900
5181
1432
6259
3917
4516
6886
3914
6503
930
5324
3484
3699
4960
6543
2222
4666
6824
3286
3554
5698
2196
1293
4494
3667
5674
5126
4452
4991
555
1710
3723
2516
550
2869
2564
436
5429
2952
4160
55
6878
507
4404
3943
6101
1945
2815
1252
5349
670
3028
1671
4100
1854
5719
1230
4108
1419
3588
5884
4615
927
5518
692
180
3040
1418
4058
4026
6289
3722
6407
1178
6949
6361
3380
1232
5489
3451
2504
1683
5983
3706
3343
2748
6659
6894
216
6445
805
3472
4326
3307
5327
1450
4547
1405
6093
6004
3717
4218
1580
4317
4818
4715
2261
6737
5844
1672
1859
6749
4015
5765
1820
558
929
5738
2351
4308
3466
2585
5310
3395
4217
4210
6236
737
5560
2442
4555
796
1829
3613
4189
4972
5924
2063
3782
6588
3757
497
1421
6568
1206
5866
2925
3433
4147
319
2996
2197
5401
1839
1402
2053
881
4213
3226
6861
1302
1123
1
6632
570
1612
6245
4445
6593
1118
761
1987
3963
3265
4405
3174
2114
6434
4647
5993
6638
6109
2574
1777
3885
1305
5553
2435
3889
967
2208
6316
4558
5870
2932
2354
2553
210
5565
109
2530
309
2951
5973
4730
60
1826
2186
500
3066
2589
804
5951
2737
4777
679
4714
6147
4517
4436
6744
5252
6512
2643
3423
1611
5079
5141
557
2298
3424
3536
105
5002
434
1759
1913
6870
6333
3666
2457
4117
1855
4535
971
5191
6903
3991
4400
1743
5521
1333
2840
4389
5177
4328
6112
837
4447
1596
3994
6251
3762
3819
4932
3590
4678
3849
1937
3069
4766
2848
857
5902
3790
2940
999
3960
3302
6599
2373
5699
1666
3711
3567
6517
5994
1407
4682
1539
6207
1258
48
5532
4782
1617
6102
1968
2820
6191
5963
2849
3266
5441
2507
3704
2356
4947
4179
2645
5376
4457
6601
5121
4095
6965
3845
3483
1412
2240
1773
4348
2777
755
4944
4941
3401
1084
1824
6322
4763
2343
6327
1609
6500
6273
2221
450
3247
1103
3815
397
5184
5215
3909
1055
2788
2935
4270
2857
3154
5385
554
3694
6492
338
5939
2745
641
912
3650
6011
3533
5528
5243
6270
5816
4909
4865
866
2155
2950
5846
4197
1362
4534
2641
6923
3137
5919
2390
2653
1028
4511
2037
2780
843
4702
6688
4086
5839
5893
2086
6168
2347
1204
5148
6178
2344
1478
5125
1964
845
4710
2903
2195
5233
5137
2161
1817
617
3312
1148
5616
125
2468
527
3957
5614
4221
4663
3608
3850
3624
1340
4092
5895
6621
994
88
6029
2994
5666
5380
425
3207
4879
657
6789
5749
6402
2928
854
5311
6951
6576
257
126
6723
2362
5483
3383
2870
6589
5704
3112
2299
4846
3220
2785
5944
193
1292
5821
3240
4585
3887
2306
4229
1066
2335
1097
4365
274
2342
1247
4719
1170
499
5338
6466
3749
2524
1758
6968
4852
2778
2062
607
4220
5172
3592
1348
1689
6091
4826
1368
2270
887
4686
5733
1068
3710
5534
481
959
3737
2092
1918
1409
5514
6682
5619
1012
1835
5276
3992
5515
3521
1351
1299
2902
135
5463
6896
1903
3698
4898
6035
1640
3680
6054
2597
6155
530
6571
5202
1919
766
867
4519
3647
4195
1260
46
3368
5531
1604
4706
6420
5221
4816
982
6851
1125
4409
6224
4062
4453
2650
1908
4274
2183
561
284
3319
34
6792
5291
3945
701
2423
5988
6154
635
6926
3764
5023
4139
2230
339
739
1497
1844
235
1879
4604
5637
5412
6240
950
4098
1705
2502
1056
5135
813
153
1653
2328
2408
771
2853
6173
4541
2437
3215
2169
602
716
4166
2473
1541
3516
2179
4937
5493
6387
2466
3062
2955
4731
4042
5113
5180
192
1757
4275
4344
511
5303
4514
5720
691
3143
5555
1925
4045
3371
3829
1035
849
2452
302
729
64
781
4154
6620
2218
5574
6276
3526
5160
6909
3860
3187
1762
2577
1725
2015
4740
6352
3457
6285
528
83
2087
4813
1522
5431
3133
6794
2775
6362
4360
621
1161
5888
4966
1528
20
3132
3783
3752
654
1703
6856
874
1390
1216
1222
3105
5124
3572
798
348
6906
1514
6481
5132
6002
892
4971
1979
5259
351
1575
234
3269
6759
5649
6790
1422
3354
4939
2258
4007
255
4652
4238
4416
3643
3816
2856
3181
711
525
454
1223
1917
976
3492
1982
2462
6640
4345
1334
2318
665
4875
2660
4973
5668
4014
3605
3039
3543
4132
2738
4512
3278
4330
6657
2825
3017
6711
4159
5060
4410
4733
3527
583
5621
847
3496
4300
3769
2893
404
2104
4797
6007
5705
4858
2380
915
984
5736
4032
4566
1591
6867
2639
2819
5601
1735
5585
5465
3436
2827
6800
4153
381
2388
1858
1996
3646
1784
3330
6831
629
1519
1790
6426
5681
666
6475
5069
214
73
87
4272
6256
6521
4659
4251
4290
1659
861
5133
875
54
6171
185
3986
1464
2391
380
5010
4692
931
2567
1015
5284
3728
4661
5081
5365
4077
5904
6280
5630
6775
6249
4571
5411
1126
244
6040
6281
807
3474
4553
260
2522
4401
5464
1593
668
5056
5099
5840
6137
6505
4067
3853
1490
3990
6263
1382
107
5307
1753
402
4956
3912
4614
6959
2611
1071
3691
3217
4793
1099
5984
321
1383
5488
6299
4325
1874
6305
4136
5020
3288
3014
4983
4183
2941
1180
5131
5197
506
6008
2109
3615
4906
3005
5908
5701
3696
2628
4838
3293
1627
3575
2220
681
3736
2855
1734
5803
6279
443
6269
5405
4998
2668
4936
3356
3218
938
5370
3982
878
3843
5643
3653
4669
589
5615
3111
4855
6216
5348
6252
4687
1212
5421
237
6535
980
4367
5179
3108
1453
2998
3348
6242
2880
1766
3897
3076
4477
4911
4820
6131
6931
5891
4662
70
5525
4245
1429
6626
4250
4986
640
3032
3540
6766
5777
184
5428
161
4577
4120
5322
5644
1857
3161
1312
5913
793
4083
3276
4840
1227
4496
933
3908
1369
3884
546
2436
4458
4877
2572
5710
3156
6247
2876
5778
5053
56
4148
6474
3611
3042
5927
4201
477
57
2232
3774
6812
4214
3306
433
6243
2959
2531
2128
4111
2082
6668
6291
5193
5990
6550
5996
947
5210
1789
4526
1040
6899
2617
2781
2646
3273
3955
2329
232
6122
5009
170
5025
1415
5319
102
5359
1406
3124
1915
6378
5390
1914
2415
3668
3432
2043
1169
4979
1194
4711
293
478
3690
3227
1779
1701
3870
4399
3810
1788
2886
295
2888
2447
5824
2148
5808
5909
3524
6089
3938
2411
6203
3796
3219
4883
6349
2110
4910
551
6368
2374
6782
855
2048
3987
1509
863
16
6364
6297
6509
3142
573
6126
5164
5332
5150
3315
75
1967
2271
2122
5934
4808
5997
6891
860
2458
1127
2137
3118
3719
6575
3656
2854
6226
791
208
4352
4989
1572
3808
3272
6945
2125
6313
3549
1707
6234
5512
5966
1856
4462
2766
6569
391
6411
5399
3645
2826
5082
3596
229
2865
1682
5825
743
981
4331
1278
5789
4671
6580
6325
1599
1354
6675
5241
6428
3916
811
1706
5860
2594
1484
5448
1444
5019
2891
4370
2272
6341
4085
4128
4222
3396
4298
1211
5814
2330
410
1747
3478
3989
195
6652
4188
4105
1864
6283
5239
2058
6334
4564
800
2665
6111
3582
2018
6820
6753
1792
6787
1272
1494
6219
211
2456
3676
1577
1597
562
1564
5753
719
1849
3364
4
2314
346
5571
6582
5992
4322
2980
5426
4595
611
5403
5481
1367
3574
4913
4142
5537
3894
5877
1467
1815
2338
6822
4950
6846
4606
3713
476
3256
1224
4123
772
6292
6597
3031
2649
464
2211
5712
1529
5402
3506
3973
4602
5001
2244
6006
1549
5763
5077
2492
2694
6359
1861
1764
1086
2911
484
3375
1614
1141
318
6429
5107
314
2658
6705
6409
1114
4208
5815
5436
1618
2933
3120
4192
1491
1732
6557
6077
5046
6840
1445
731
1525
6643
2817
6048
5707
128
2332
2770
71
1902
2680
4908
3874
4778
3913
1483
591
5871
5851
6912
5372
5022
4451
2229
4931
2632
2576
6108
544
3683
5497
2257
2503
6883
5794
6469
6600
4003
1388
6805
2735
5608
3236
4311
728
2648
448
6138
1496
1869
3879
4756
6793
3106
6607
2336
2309
2874
4205
4034
1730
6266
3797
559
722
6205
2285
510
174
4955
289
3487
2389
3967
2448
2656
1696
3732
1001
2465
6653
6085
366
1562
868
259
8
6864
5479
4310
6510
4799
6031
1884
482
4792
767
1361
3941
1679
504
236
1518
2202
839
2799
6707
187
3249
3744
1285
2126
1745
5606
2771
3090
2164
828
3633
2488
2326
5442
3480
5330
4099
5915
3357
5842
4850
1807
5368
6570
2078
4847
4279
6260
6797
2831
1912
814
2644
5896
106
5274
531
3169
1837
6296
5650
5820
6534
4362
2383
6421
4599
4515
111
5845
4056
3493
1665
6623
4580
3765
4297
2919
700
2247
4361
3188
6819
2603
2982
4529
4301
376
4871
5548
4781
4118
4832
4207
760
6700
3758
2642
4720
68
5542
1746
2586
4150
4824
3824
1686
4241
6482
3455
6049
5059
2563
2480
3447
593
862
1416
6908
1639
3292
2993
2263
903
6871
3152
2973
3468
1325
2286
4394
4914
2094
3622
6189
1030
4794
6830
2887
1953
3091
2162
5516
5850
2056
6770
1948
3971
3657
2726
2651
6860
5595
840
2525
680
2575
6286
5063
1836
4431
6590
2182
5230
1644
1495
1316
4708
4070
2776
2191
2877
6584
3281
2535
6416
5554
2937
6431
6209
6585
5375
6834
6911
1321
5723
1023
2635
1775
5949
4033
4588
4531
2763
3751
4518
777
4227
3316
6060
6769
3459
712
6472
3842
1133
4138
2372
4244
5965
4969
2340
2433
4727
5583
2807
4454
2529
3149
1934
3686
3393
4953
5024
2981
2085
2746
4834
4540
4642
1570
408
323
4001
2691
1277
883
6804
4334
5328
829
1724
3981
3146
4630
5395
2536
1600
47
6123
6044
519
6217
5559
5476
6487
4396
1111
3974
1691
4739
1228
2842
108
5088
3270
3009
6337
5314
1398
4675
2707
4391
2601
5208
3134
353
4788
3566
2139
6533
1181
1387
718
2376
3391
6394
6680
3237
4089
826
2325
307
3136
2260
3778
6013
922
2323
830
5446
6390
2337
4488
2149
6271
5569
6239
349
333
5613
1579
2774
1621
3342
4273
6885
94
6132
2175
3295
2677
358
2942
3047
4868
3385
2291
4027
5731
4923
1768
3952
3895
3353
1070
1722
4212
3746
2823
1809
337
819
301
6893
4688
492
6862
2348
2406
911
5857
5065
4668
2527
176
644
6973
4528
3301
4228
4925
6036
19
5675
4354
5580
1678
6835
6716
2317
4023
4672
4426
3794
1527
2172
6606
6895
2757
880
1828
4373
1723
271
4243
5636
5793
5218
4158
3522
5729
23
6832
334
6596
4355
6384
2315
2044
533
5404
3976
2901
3387
2860
5120
5487
4544
2623
3630
5048
4434
4012
3791
427
1336
1616
5503
3882
2805
2333
6920
4521
5040
5095
2728
6633
5889
2542
1656
4825
5058
2154
6232
2612
4574
3929
2013
218
1434
4624
2947
1002
6066
5823
4107
5812
3677
3700
4990
1956
4872
3113
4996
4907
3743
362
2187
779
394
1286
2914
1650
571
5384
2006
6381
6052
6486
3252
6365
786
2150
85
3921
1425
5683
595
5504
795
5158
5105
3925
493
2538
4176
4746
3564
6913
5200
4163
6814
4625
3502
2425
6594
833
3956
5254
6743
2678
4901
5035
776
4302
2954
4000
2904
4698
2368
4157
3101
1018
416
5420
4278
4747
4504
3178
4113
2301
5819
3661
5538
2009
1726
579
1377
5557
5212
1130
3020
2426
4609
3157
2810
5438
897
5198
6440
1158
2102
1391
6464
2704
4459
3123
2313
2924
182
6722
2311
5364
4079
1335
4390
238
5685
6915
2997
6907
5393
5576
6053
1994
1947
3296
5743
2096
1349
6842
5632
4848
3203
6107
1290
4993
6746
1928
6037
2052
78
1319
789
4881
4246
6099
6075
1927
6320
186
453
2750
4814
4821
1145
5246
2131
1521
395
5415
3632
1217
4304
2281
1256
730
1645
1977
2814
5270
4432
6080
3251
5513
3071
6941
3910
4597
750
6005
4926
265
4837
6363
1054
2117
934
3055
1482
1465
3110
3141
6564
33
2093
4137
2727
3414
4830
4880
4988
1512
3606
696
6927
2364
3248
3755
6392
6815
1916
6852
4340
678
5424
2429
2359
3726
36
6970
356
4981
3792
4861
4807
996
5258
6513
6176
6074
6183
1182
688
2100
177
1830
5247
5163
6625
4543
2036
2917
6290
5764
4643
4952
3565
2555
5726
1142
3334
4320
4732
2346
5216
1574
6649
5977
347
5155
3999
3065
3949
1733
5397
6612
3775
5558
1468
4968
2519
3355
4115
3705
1895
4616
3561
6383
4333
3100
3222
5093
4180
4252
5139
601
6395
2412
904
488
4386
3051
6526
1585
3363
469
1393
3610
1183
5960
2989
3517
4237
1699
520
58
2687
3198
4695
4842
2185
3297
3602
1728
6673
6536
2550
2395
2581
6727
1036
6947
3784
5562
4565
1370
6373
6631
305
4004
4648
2428
5775
2769
5244
3635
6836
1752
3052
2734
1085
5579
946
6529
2357
406
2729
1032
936
806
2822
5217
1654
3007
3081
3088
2583
1535
3345
6430
1923
1074
5501
4635
6022
650
11
3180
1384
2145
5978
2610
5371
1965
6032
3828
2424
5830
1144
943
5454
1152
3851
41
2945
1053
2541
5827
1717
2292
5085
1221
6696
4481
2379
2868
2631
1376
3619
3586
4594
3392
4299
3896
6614
4641
4946
3511
2633
6179
6116
3542
3820
2266
2743
1595
2968
2143
3221
2878
1110
3591
6530
6754
189
6139
1749
4061
6117
4607
4554
2833
6272
5695
4141
5797
859
3358
1806
6712
6664
2596
2438
5946
851
2794
2843
995
4337
3238
3175
1350
5899
5544
2949
3629
4527
3140
1016
753
6524
1187
2730
2369
3282
4774
1043
3856
6881
291
4152
4611
3888
6406
5329
4578
4776
4707
3789
2616
4637
131
6353
2852
5957
4211
4286
1985
1646
973
2812
2474
1446
1709
1220
1396
6061
6184
4819
1550
2394
6097
2287
3460
3305
4037
2824
5761
437
6551
2517
4753
3245
3531
3186
6717
2407
6230
1048
4165
2558
2226
2046
6611
4749
2205
4267
4562
5034
5357
444
835
5703
4393
1060
6050
1664
821
3766
3595
5911
5255
1173
5730
2203
4480
639
5564
4088
3594
4383
6869
6190
2121
2742
742
3087
3641
2551
2334
5958
4627
4949
1803
3030
1261
1737
5220
3767
383
1304
4428
3482
5773
856
2025
6685
1631
6563
2054
1565
1887
4670
6144
1347
5016
4382
149
2277
636
3361
3352
3165
1209
6910
1841
1561
5449
4683
6470
1007
4282
2837
3403
424
4053
6172
5041
3618
4492
5363
926
1112
2740
5351
2201
6799
2889
3905
5633
4321
3776
6324
5136
4318
1226
1960
1901
6452
902
3216
4764
65
1100
1907
4623
5972
1295
5848
5883
6764
196
3563
5783
4109
4928
5323
3911
1892
5620
1072
4873
526
4822
4347
2683
4005
5007
3013
5556
5746
6609
6518
3869
3417
5369
4575
4735
13
3131
3379
3359
5021
5671
3604
5267
3754
1713
5732
1303
2987
5905
5186
6307
3529
6303
2605
5316
1751
2500
2033
4917
2214
1610
6413
5748
4219
2962
2057
4052
6309
1842
2367
1731
1833
6502
164
5811
430
3084
4912
5206
2688
738
5938
5976
3958
4942
322
3669
1718
1692
4081
1498
4783
4104
5869
1102
3720
409
270
2866
4186
4196
3099
3672
3096
3760
5318
4472
4497
4854
812
1104
4177
3569
2042
4576
3702
3006
361
935
3263
6974
4509
1443
1793
1270
6917
4718
329
2157
4829
6952
6068
181
5265
5146
597
6975
6692
3628
2717
3078
2547
5921
2552
5507
5781
5087
1852
5036
1711
1582
2319
5071
1430
6016
2032
3126
1991
5780
2756
6248
2066
3500
2520
3063
4621
3437
4634
940
3340
2702
2721
732
5171
3716
6919
6654
6386
5207
6491
4291
2813
2431
2850
5785
1471
5168
4550
1079
317
6344
3057
2482
2965
4418
529
103
5072
5026
4545
4890
95
2554
1083
1818
1185
2089
6868
3402
2501
6672
1680
344
445
4886
4090
1863
1941
3920
2754
6849
5089
1716
1693
6025
5117
387
4466
6277
649
2360
5940
5776
3416
6511
3331
5295
5981
4922
575
4560
993
1307
3625
252
5526
3612
4655
6651
3190
6937
5074
251
6389
1893
4413
2276
5461
6879
1168
6433
4705
400
3813
2034
545
1736
86
5667
1210
6152
6655
1413
4110
2248
6134
852
1569
870
417
4021
2000
1311
5975
1588
311
4967
2695
1094
2595
2767
1108
1715
2758
5718
3876
1601
6658
4690
6876
3763
5386
225
6264
3809
1038
3458
5104
3107
1798
2237
4469
4974
513
496
4948
3337
1651
1714
3453
4552
3499
1474
3200
939
4559
4701
5013
360
6319
3681
5346
4530
2007
2510
6220
5656
4569
4175
1326
1822
2673
2679
2506
5952
1875
5754
2544
6180
2920
580
2192
1898
6656
1708
1248
5642
2918
740
327
3177
1019
5223
6360
6701
4493
5552
1594
5750
1944
2858
1748
3759
6130
4324
5959
6489
1626
1676
403
1721
175
4381
5838
3191
1584
3684
3804
3671
704
5366
3262
1942
5080
4076
5744
3148
5032
614
4787
84
2274
2475
4510
336
6566
4992
233
1744
5373
4461
5716
5389
969
4985
4281
1954
6370
3837
3965
6262
3257
6282
1037
2859
1242
5213
2811
4657
3309
3663
2593
5865
1891
6047
223
6942
145
1442
6206
6284
3583
6254
5418
6953
6806
4561
5484
914
6767
3697
801
1457
3714
6449
4063
3033
6033
6750
6223
5011
122
5654
5003
5916
3939
3541
5968
1246
2897
6699
3670
6396
4178
1939
4075
2370
2245
5953
3103
972
2513
4878
4851
6348
6432
6200
2120
3085
199
123
1545
2413
4957
2830
6258
633
1132
6298
4833
5219
1463
4194
576
4679
1670
3781
2434
3523
4870
1452
2786
1171
1082
643
2543
985
2588
1205
3573
5092
1003
2765
6103
3806
721
253
1435
1489
5876
4751
2906
6185
3230
5550
5506
5989
2443
645
4283
2784
3623
4327
3386
2250
3147
5496
6520
4230
6774
1373
4618
2153
5670
3893
4622
3515
1568
2682
5313
215
4617
6725
5786
2709
2295
1320
5875
3508
1176
1477
2076
5612
2200
2587
3802
6681
5398
2174
6215
6934
632
1157
4633
725
3968
726
2800
3620
1449
1147
4277
5423
1424
2386
3135
1175
4726
788
2224
6776
4610
4091
568
4523
18
1981
6565
1702
6560
6872
1177
1559
6182
2546
6858
4495
5340
4226
134
6825
5638
2600
5646
5800
2895
4980
5110
352
2147
6345
2227
2964
3016
6956
2773
5240
2696
4716
1041
2239
5043
1058
6828
2764
1454
4181
2231
2976
4371
5406
4232
5173
1520
5434
6650
6586
5472
3034
4685
1192
6898
2267
4681
4351
2430
4130
2943
2253
5837
6887
6837
5969
5455
5925
171
3812
6265
1417
1357
4636
1470
3398
3117
2178
844
3651
4199
3022
3983
2960
3010
4984
502
221
5772
3904
3192
4151
1375
200
2449
6693
3176
2659
4116
3351
378
2091
2711
5639
1567
5355
2345
5188
599
414
4961
3425
4538
2791
2723
1017
827
5439
4422
6660
1801
2479
4440
2762
3324
6691
3229
4046
256
4102
6410
4744
3756
695
4231
26
6572
4601
5599
951
2084
3439
2026
1554
5874
3621
228
4945
757
587
2297
2670
2655
5520
4882
1345
5856
4827
2341
2719
3518
4853
5648
5050
5333
773
6538
2350
6342
5686
5669
4831
5806
5727
2070
2243
5652
5603
1064
49
2497
6367
846
3151
707
5075
3512
132
2008
5818
3753
5611
3798
3880
2829
836
4380
6051
6397
6702
5098
6833
483
6233
4748
5142
5592
3915
5201
5234
4734
5174
3935
4125
5774
6374
1031
3182
2626
1095
3507
4314
503
2176
3231
6388
4455
5967
6156
5450
5855
4532
1883
1932
6084
4694
6890
6090
6382
3510
978
5061
4757
5679
3603
3045
1149
4760
6135
4050
4970
1493
2816
6703
4712
3709
5232
1513
6121
2320
3998
4346
4040
3944
2217
4369
169
2699
6237
924
6795
4184
6221
384
6328
3372
4499
4420
4143
6756
1655
2620
29
4342
6955
74
5535
2625
663
2566
4430
5199
543
6058
5440
2439
6772
3213
2508
3703
2293
2532
1827
2578
6610
2484
5854
3836
1652
3059
1619
137
4008
3546
5964
6194
538
6329
3003
6622
4795
1780
2580
2663
6114
133
1423
4894
552
3570
4071
2051
5887
6644
4429
1328
2609
6728
6164
3609
4567
3397
4129
6301
5937
6127
3304
1073
4704
6100
4997
6674
1819
1727
342
1742
5378
3822
6647
848
2419
5425
2167
5256
890
5473
3382
1124
1330
778
4060
5362
10
1697
515
5204
2590
1436
2003
5665
3891
4460
2402
2098
1517
4191
4127
3430
4276
735
6003
1783
6199
4933
5129
6598
937
5445
2752
6678
231
4303
5315
1615
6278
4856
631
2686
2444
5028
1380
714
3346
3313
6435
884
584
615
838
2715
4450
2041
4644
1510
816
6478
3429
324
4691
2528
3130
6583
5262
5266
4920
5956
5341
4225
6821
6950
5290
2725
4954
202
2872
303
4187
2838
3317
113
6721
4915
2514
1840
1386
6662
5285
2327
2803
2302
961
4122
1712
207
5737
4336
651
674
3771
485
3053
1989
1420
455
659
6855
2905
6796
5320
2568
1119
5123
4918
5708
3770
3235
2957
4811
4266
6528
638
1139
774
3873
258
3318
6574
3601
4296
4772
6314
6686
6161
5453
2736
5182
6001
6151
2454
4542
461
6921
3167
2898
379
3412
3329
2681
4810
6592
5130
917
2782
4568
3772
2556
4689
5379
1356
5600
6559
1633
4767
6845
5933
4209
1560
5122
3489
2483
1681
6115
2273
586
1637
3811
5653
5762
4443
1799
5494
6124
6458
5813
3761
4590
5689
4313
1865
3532
907
5391
4471
1291
1760
3419
4470
3214
945
5660
5457
219
2637
2061
4745
2701
2749
1940
198
2598
1322
1548
2948
4755
2055
1313
4809
3978
350
655
59
4253
3607
1199
1259
6579
2693
905
3637
3274
762
5203
1136
4758
989
3431
5836
2570
817
3598
335
5008
5805
6615
2990
6017
6648
893
974
542
1274
1294
5931
4402
2798
1980
941
2210
3370
5859
4785
4965
1555
5540
275
4097
6897
6710
1492
4964
6818
3408
4392
1331
1159
616
1050
1590
5147
2875
2873
4182
3299
4096
736
6400
2569
6059
2487
1378
6355
3617
1667
4650
3780
4475
6687
1327
1451
956
6581
2353
5903
3520
4723
440
3289
3587
6095
3475
605
782
1794
6823
3768
2027
1530
2322
222
5657
3128
4759
4082
2621
3287
2930
2264
4078
4904
4874
1314
241
6012
3464
28
4047
4427
6042
6943
5257
5817
4200
2622
970
2022
5000
6372
2417
3193
1426
3825
5140
2159
3261
3854
2697
2548
5787
6961
2107
5051
642
3035
82
5651
4505
4368
2308
745
3654
3660
896
5835
2851
987
3785
2664
269
5037
1135
6415
5696
1986
1533
5955
3616
5161
3267
2828
4921
2512
4738
4198
1886
3859
5108
3940
548
5235
3454
3388
4112
1931
3001
706
3275
3012
2262
1098
205
2494
1625
4010
2339
3777
72
842
6187
420
6514
5970
6967
5119
6293
4546
6346
3421
6720
6531
5416
313
808
6094
1750
3054
5331
5268
1933
1201
2713
5664
667
4924
2445
4857
3934
2038
6928
1203
1739
3750
5159
1128
116
4884
3799
4041
2184
5922
5861
5941
512
4316
4536
6936
5609
1740
4437
6827
578
1526
2894
6408
3298
6496
6343
4902
2523
6807
699
2275
6848
3950
2259
2123
2392
4280
3742
1992
118
5602
2103
6676
6888
758
2712
426
723
6962
6078
4384
6483
3927
298
5175
3855
3900
3558
3150
1553
4161
3979
1532
4940
5413
1338
6129
2744
382
4709
4897
5253
3577
5044
4893
1647
2561
6866
2199
2304
