4590
5392
1789
1883
3102
6633
6353
1328
5416
6327
4642
8
1492
1263
6040
6370
1598
790
5267
685
1624
6615
2964
3829
2728
6064
5106
1460
1824
1304
4703
2870
1320
4543
2587
1345
3267
1086
4837
1593
3471
5802
2960
5311
5767
5345
3559
1267
6011
1408
4748
386
3427
983
223
268
292
5152
5203
2850
5388
3154
1625
3481
1355
3238
4478
196
6526
2157
5116
2463
3674
2297
1352
3065
2044
2304
4439
5098
1941
5209
6079
1591
2370
5781
3163
1779
5285
1063
743
6518
3389
868
4235
490
3483
787
3283
6718
4140
2574
1896
5508
5736
6366
1669
1703
4540
184
3221
1773
4536
2762
5362
975
3563
4407
5282
1985
2372
537
6422
4028
1802
5875
654
4094
4594
3844
2142
1569
3455
3141
2570
1524
67
2590
3588
3644
3365
2064
5916
1076
1750
4738
2499
5240
4110
965
120
6044
742
4115
4793
6160
4612
3347
5031
4370
4708
3573
2663
1571
688
5891
1161
1362
3597
2576
1380
4538
5506
1224
640
4274
980
6159
4945
1955
219
5056
3192
132
3551
5078
4329
1489
2327
4311
1163
6260
2267
1751
5483
4180
447
5054
5815
6219
5482
376
1223
5997
3704
1575
516
5673
3714
1071
6089
1393
2532
3421
1954
572
5925
4316
6006
529
5074
2026
5453
6300
99
2756
4395
2832
4927
5901
996
2210
3193
906
4467
3993
3843
6146
746
4376
4308
775
4599
2904
6239
4295
4107
5780
203
208
5721
2330
3010
256
6479
2257
5268
3977
6668
872
3051
54
1296
323
1543
6294
683
2536
1102
988
4010
4015
5242
322
4201
5062
2045
1461
4158
56
2619
3527
5210
1155
126
1925
3009
515
1252
343
5904
2601
1069
3492
193
378
1994
2277
705
4364
5058
1087
2204
2196
4403
3339
5972
2283
57
3748
5028
1521
1782
6046
4394
3700
3341
3363
3029
5955
5918
2953
450
5033
4108
6227
5510
61
1844
3627
2225
778
3970
1643
4359
3200
5065
782
1298
2076
4915
301
3435
5725
6221
1319
6409
974
2635
1699
5805
2760
5845
510
2311
1532
1504
3424
5034
3093
151
5527
5287
2233
1620
5650
1249
4635
4720
3470
2771
6578
2520
4097
3754
3178
3319
3556
3498
4160
2915
5658
6306
2719
5645
3621
2673
4448
10
3872
1395
2529
4769
3487
4546
3830
4920
5408
3760
5800
220
2430
189
4926
3640
452
3626
4326
3059
4272
504
4375
6744
1760
3375
2913
3271
4205
1323
5156
3081
5379
5363
1640
6465
2068
4182
4832
217
4278
4223
2248
1104
1738
6460
1372
5270
1691
4742
4139
661
6305
4940
271
4731
3508
3678
3502
2192
3103
5740
4537
4892
1413
857
5057
4771
4816
4736
3930
2579
6129
2312
4438
1588
3978
2470
3105
2840
1044
3266
5059
3595
5889
3538
4175
78
793
5624
5
4869
2057
6706
2264
2408
658
6677
6385
5167
4722
972
3116
4266
3018
1878
1374
1850
1786
866
1177
6268
1717
1678
4070
4210
624
1645
4496
2837
5804
3055
1507
3753
525
890
3088
3662
2054
3130
3770
1375
4529
392
1568
1310
1822
4807
2462
2727
660
104
4121
4772
561
299
6371
2901
2223
455
1522
5936
6448
4525
2972
5843
3929
35
6482
1366
5584
4853
6536
2491
1904
3030
4320
4030
1843
222
62
6337
1218
6310
2439
3530
3926
3451
2597
2902
4298
2690
3712
2497
1394
2066
2844
3273
668
4611
4454
3392
476
3368
848
152
3701
2697
2323
6509
2807
3104
670
3598
457
3579
2220
4664
2984
47
631
5977
2325
3859
4207
3980
1792
330
1236
5538
6395
1766
1657
2489
4434
710
2839
4545
1908
4185
3241
721
2958
3767
3557
5849
1887
1433
5551
893
6592
1477
2584
5926
3150
1230
1945
2205
4484
4072
559
1301
2474
5102
171
1742
1713
6293
6042
2780
233
1544
3426
4455
6125
6004
3694
267
1838
4309
93
5497
6483
4493
1318
3862
1350
4476
3905
5974
1851
4000
4033
255
2259
6740
5905
3711
1706
5020
4717
6587
1523
3684
3750
1354
206
3649
2040
1300
4142
1471
4644
2413
4195
3852
71
4120
5430
1749
4381
3500
3258
326
5983
6607
2019
4714
3386
3308
5157
5989
5779
1950
1262
4291
2160
854
6376
682
4871
1981
6644
3284
5677
5537
6003
2866
3114
5163
2716
205
1082
3974
4021
1664
1297
3780
1583
2525
3543
5042
3506
2041
1330
2945
2185
0
6715
1400
5813
113
6304
5741
5150
3973
55
1951
2144
3675
3387
487
6714
1849
1
129
1205
6015
1273
3224
5316
2193
5842
4946
629
1312
5487
3642
4214
1418
6708
2952
2758
3457
672
5663
5994
1156
2775
3157
5636
5357
5109
2510
3158
1716
4916
3705
538
3901
1825
4712
1423
4767
4570
3645
5501
5381
6527
1784
1121
6297
1493
530
5979
4750
456
4928
2707
4123
3419
1670
4598
80
5503
6469
2173
5735
3346
4724
2848
4306
4519
5443
3268
4665
5973
2356
888
5756
846
4520
2659
4396
3625
6507
4481
2772
4616
6410
3024
6421
5068
2197
5549
4877
4494
5276
4532
4157
6271
6201
3261
5676
5920
2034
5944
3113
5489
2551
2779
2485
777
4178
5937
5632
5100
441
5393
6713
5397
3996
4808
5040
5385
1368
6430
4145
2067
5485
3423
4697
2403
1211
2683
1089
4361
4262
5737
1698
6745
4739
77
4238
717
1129
5160
134
4203
1714
5768
3205
4661
5576
210
1363
1472
6007
1349
3385
3583
319
2428
1316
984
4950
3338
4290
6013
5032
1034
3180
3132
6127
95
1043
5426
5404
6600
3528
757
1253
4328
3155
6307
1432
1798
465
6764
6095
6237
2986
1519
6144
3275
4839
1294
1924
5291
1122
1659
2970
3548
3203
5775
3943
5427
2360
2409
2851
6238
3845
2767
6758
6031
3505
5841
1434
867
3303
6085
5505
3685
3244
116
5380
191
2777
1261
5047
2765
1347
6086
3935
1903
565
976
66
1636
280
3641
5995
6018
4102
2423
6423
4528
2985
4008
3931
1238
254
2577
1663
5812
5564
4355
1559
304
1346
6222
2768
381
4836
4935
4741
6038
4318
5398
4147
4970
5887
4617
5946
1992
3276
2811
2684
902
3656
3655
2582
3999
2878
2628
6193
372
2693
3932
496
765
334
4125
5656
4143
1826
474
4184
4953
6081
1586
4615
5340
2515
2686
915
2368
5840
2152
6290
2419
2519
4524
5161
5985
1278
5050
1378
506
4728
2959
494
4860
3278
920
6560
2282
4356
1427
4729
4286
285
1207
4898
1529
5923
4613
755
4572
1681
4111
3335
5052
5899
1774
4465
1291
2478
4383
2523
2056
907
6029
2465
558
252
3390
4304
3478
1231
6732
2306
5147
3109
2511
4092
6365
480
3846
1409
6434
4937
199
4032
342
659
6277
3343
1511
2589
2025
897
4312
1246
5060
814
627
4013
2058
784
5579
3574
1853
5201
2069
1972
14
4534
706
4699
6155
2178
1619
3646
642
4636
5569
695
3060
3990
6073
1580
4776
666
2174
5248
3118
3928
5192
5265
2555
5082
6302
5763
3832
4437
5872
6174
1037
6284
6534
5348
5782
1971
3591
1926
5934
2302
3040
433
5545
3039
33
6024
4149
4257
6224
3445
3696
4867
286
5628
852
3982
2703
5246
4362
1546
380
1658
3693
1041
2833
4399
6416
1250
2688
5281
5044
5046
1222
3779
5541
4762
6419
3537
5803
1578
6001
2612
6719
3834
781
4865
259
53
2402
1827
2405
6225
1584
767
4469
3510
4987
3670
398
6281
6579
1455
5680
3121
2338
2211
5557
1915
5271
3558
5323
5113
4079
3585
3529
3449
4412
5049
1045
1654
3370
3234
5562
4447
1823
5949
2522
1768
2853
5290
140
5440
4858
2048
2717
5437
1203
2156
3220
4196
6737
63
3592
2373
783
3316
4373
1702
2610
2825
1686
468
3892
4459
2677
2307
3210
1764
3813
3677
3328
2198
4982
2946
5434
6582
6567
1353
508
4172
497
512
138
2453
5069
1685
1852
771
635
5886
1741
6280
794
4114
2490
6359
5900
2593
4704
2876
2898
72
2488
6417
5947
1602
5347
1680
195
5382
115
998
4299
928
1343
1956
2328
5848
4173
2630
4193
3433
2203
5635
88
84
4267
3971
2754
1533
477
5114
3890
3342
744
2461
931
2169
3542
1232
4313
894
2713
324
4260
367
2530
5384
1635
3079
792
2147
6565
6274
677
2903
3584
3078
5195
6675
2774
2633
4085
2621
2449
1497
5346
4212
4401
6128
2296
6562
2617
1829
1508
5679
1217
5138
6420
6389
4669
2668
5976
5103
639
3688
5425
101
1772
1398
2391
2778
253
2487
2763
5777
5241
3979
1582
741
1426
4723
451
978
1616
6403
3713
5428
4330
144
5580
300
593
2305
3569
1066
5761
566
5507
3112
6411
1061
5322
5942
3091
287
1499
1644
2410
2702
4791
6451
2278
5751
479
2992
4999
696
6449
5358
3622
6149
1609
3967
6303
6685
321
4676
3541
5220
5585
295
6314
1909
3985
211
3476
5037
40
3411
6519
89
2336
3850
5286
406
2585
1769
4012
3755
3902
707
768
2393
81
6439
3350
124
1414
2476
1228
3070
4377
764
719
1073
1668
2678
4600
4179
564
5512
3453
898
2298
1615
2695
1244
5821
2375
3148
69
3925
2190
1371
6435
74
5550
5389
5993
2171
3682
6143
1356
6287
1984
6765
5025
5930
3489
1512
2514
514
4435
3075
2451
2527
4899
498
2661
6583
2415
1103
3771
6126
2872
4761
3233
1370
264
6360
6739
3620
5205
6295
3525
3922
997
6045
6463
3026
3393
1501
4983
2024
3077
2406
535
2362
4930
909
720
2544
4662
933
2424
2493
4795
218
6444
5817
6152
374
5943
141
2061
3752
464
1710
6581
3395
1845
2708
3695
5452
4571
5980
4854
4931
3212
6275
3623
3002
5394
6484
64
6635
4605
6087
5883
2166
2364
5455
2657
3671
1604
3991
1683
2500
1255
3666
1465
4993
1696
1260
3053
2875
2842
1456
3211
3636
3817
3895
4897
4637
5021
2275
6431
6684
3458
2036
1495
5888
2027
4604
563
4258
3147
3384
6158
4849
1562
338
5320
1952
5422
1526
1321
4838
5929
2286
4441
3654
3995
5319
4672
5414
145
5419
2969
5251
3482
5633
5247
2150
6603
3501
4606
4998
3499
1987
4249
935
5724
1599
1360
2032
3840
4137
1752
5343
5719
3003
617
2357
39
3842
3665
4269
6443
3490
4901
1175
1796
6730
1035
2538
4856
5877
182
3349
1601
862
3553
2528
3259
2209
4992
3854
2614
5822
4473
4861
6673
6161
430
5122
1638
2578
3477
2944
5811
4209
335
2334
2217
6666
1579
6292
5578
4521
5190
999
6517
2868
1677
3742
2153
3025
3110
6445
5752
6226
1275
1617
4294
1797
2961
5587
3681
644
2399
703
4719
2281
5149
1401
4333
2482
1831
5742
6476
3069
500
4279
3134
2908
3507
2553
2914
6278
1560
3272
4879
1632
2809
1124
1491
1949
5391
2035
2540
5166
5120
6405
5009
2164
3511
2509
5744
6475
3359
5776
502
4109
6440
4305
6165
4671
2828
261
2599
3531
6232
2367
293
1947
317
5992
290
4218
434
2486
3460
4900
3710
4118
3438
6168
891
3129
2937
4389
2378
5897
5406
2664
5649
4492
4224
4880
611
903
3984
481
6446
3708
4390
3028
3164
4597
6172
1302
2973
599
2975
6561
1272
3532
4074
3861
788
6461
5400
2272
5200
5646
4233
2994
4831
3812
3096
6477
6263
3707
1667
1341
3373
5141
4351
5071
5448
6401
400
202
6720
1130
3199
795
2411
1078
3315
1404
2733
3869
922
3201
2950
3898
6341
4805
1405
4489
6091
3225
4844
981
501
6742
336
1042
6663
4088
2806
4763
5626
1458
5244
1180
6233
2660
4574
5960
4371
6164
383
4640
5819
509
2440
2250
236
5729
3571
4943
5413
2397
5128
2501
5148
3865
594
5396
505
1899
2417
2834
4138
3968
4921
1621
3013
187
6288
1665
6457
6200
3035
1793
6041
4756
6456
842
2572
5975
368
4353
1329
880
1420
2773
760
4287
5206
1675
331
5354
3052
11
1284
2879
5525
689
4522
6329
6265
874
34
6339
5869
1178
3439
3533
1989
3762
2468
2988
4972
816
1324
2508
1757
1630
1088
5402
2784
5439
389
1790
4918
1913
4527
715
5941
50
3638
1905
382
1770
3463
5998
1618
179
4711
5938
2976
5211
1256
459
6093
5480
1707
1254
269
1396
6711
763
802
1075
592
1215
270
4347
4815
643
37
4575
4374
2909
5131
3107
4289
3117
5681
397
879
1694
4576
6707
3257
369
3021
377
3309
4734
4535
2207
229
2632
5415
3761
6027
91
6342
1979
6028
6762
4031
4087
3049
1162
1202
437
2588
5518
5212
2974
4643
4633
2535
2412
1173
6202
4830
748
1564
3447
3600
4601
603
3050
6066
3903
2906
5915
503
1695
2254
1340
1783
4411
5121
3302
1739
2055
5870
4962
2609
4406
2505
3981
4020
766
5844
5324
4208
127
5196
401
2429
2624
4451
6717
598
653
4639
2431
4881
2534
3325
3986
4548
2696
3894
5158
2070
3565
4471
41
2324
1172
2466
6681
2263
616
5884
3768
4792
5420
2433
6584
5124
1900
5129
3647
6747
4966
560
212
5655
92
4774
4187
4464
5935
1518
4022
6406
5653
3462
175
1505
4211
1259
1293
1212
5757
5140
1309
4450
312
4369
4404
3841
809
4922
2308
4710
5072
5932
3864
388
5755
385
4234
6241
1910
4638
4851
1466
2813
2071
2766
5214
5191
4096
444
2636
5801
1753
2966
4549
1830
2513
2613
2852
2437
1282
3230
6242
1781
3437
1416
1382
4335
2718
4284
1758
917
5349
2189
6070
3582
6276
3222
4847
1534
5747
567
4098
4154
6088
5790
291
4161
3568
5067
4346
5273
4848
3535
2615
5288
3208
4675
5359
1364
2398
6324
1467
601
1083
4006
3587
440
6320
3590
460
1040
6308
692
5924
657
5675
4151
995
3697
739
5104
3115
4777
2279
320
4829
5674
3938
647
315
3809
4354
6298
2502
6481
3758
5559
1684
3145
6566
4379
3494
2161
2359
924
5945
1402
5950
4997
3847
3562
5816
4709
5589
4768
2782
3198
4026
3900
1344
4923
4483
4384
4949
4105
59
5051
524
1608
2396
3486
5839
716
272
4259
4066
3391
131
3484
5491
1676
6568
1327
655
3127
1325
5136
5492
5583
491
2623
714
4667
4413
4668
6082
2022
762
5399
339
1219
6429
2258
812
4947
4273
3213
2435
1700
711
2753
273
1666
5411
3781
6741
4393
1225
6532
3143
329
1561
3146
275
2448
3429
6008
796
3940
4526
3305
2603
1131
3277
4813
1403
1094
6641
6163
4702
5623
701
1775
5110
6634
431
5722
1767
4859
4758
427
227
3334
1509
3090
3706
4215
5873
1977
5892
2438
6033
1982
2049
429
5672
3071
6472
4410
638
1128
6513
2545
5155
5885
1081
146
964
3835
2732
1132
5144
3058
6606
2472
1098
6418
5073
1498
4609
3281
3416
407
634
4334
395
3777
6321
4350
4531
770
108
3441
1201
3282
4101
4984
6510
2724
2395
5279
4103
5215
284
3466
4995
5002
6709
4222
618
5852
4666
4721
4912
4163
4086
1517
1399
4446
6177
4449
1286
5429
966
6453
4715
32
318
2253
2407
6289
1946
2255
3216
296
2608
4141
5796
1281
5846
4486
3156
394
4199
4162
105
6000
6311
4925
5928
1795
3356
811
2611
632
772
3586
1384
2680
1200
6285
402
1547
3218
5079
3312
1622
1473
1882
2060
1801
3653
6032
6428
5546
7
4357
2481
5204
279
1288
973
3593
5112
1748
4696
314
3396
3512
3214
2705
1791
2692
5540
4713
6413
5296
75
6154
680
5561
2201
4603
109
2023
3567
4994
306
1079
3239
106
691
3572
3624
1357
2666
5957
1682
3668
1376
337
4186
122
209
3596
1600
6328
2948
2829
1322
2285
713
1070
2015
664
3209
649
6438
1948
3891
6588
2629
2464
2135
6533
527
3643
1576
1594
6269
6266
5893
916
3560
4919
1980
345
4864
4988
2729
2965
3774
2299
2583
5896
5544
2971
3062
4288
5350
5878
5041
6173
6725
1587
4929
3443
6178
5197
5127
5754
176
2300
207
2274
499
619
4737
4007
4023
3442
2184
6196
4802
3242
486
373
1265
3229
231
6522
6712
2261
1701
4809
2867
2846
1610
3444
5432
4300
4841
3237
1567
6716
858
4746
3008
5820
1419
4416
693
590
288
5218
2662
5826
3207
2710
3923
1365
6176
1285
6084
4470
6602
102
887
2260
2625
5342
4191
871
2195
3994
6437
1690
1243
4090
648
2320
6021
1157
6273
2132
3041
3807
3546
5401
1974
2295
2427
5954
1091
4850
6610
3440
2954
6759
5189
5438
2912
1097
5783
2507
2627
36
2301
174
2310
6664
6010
2450
3759
2554
1759
3672
2606
4155
1672
2322
2726
6017
5421
5560
2216
987
6580
5522
83
2361
4474
393
6464
3362
3126
5902
2916
4775
128
6598
797
390
3631
5662
5548
675
4544
4322
3331
1585
633
2592
4236
2978
107
2934
2167
3196
4495
2785
1573
2176
4104
6473
3167
3194
4833
808
4405
4100
4707
3285
483
2556
1744
850
6512
700
5315
4610
5164
4955
967
2219
2830
445
6521
194
2672
2168
1216
3133
5654
669
1235
6124
1095
2270
340
4845
3775
1704
5249
6078
3345
4951
6153
3766
1842
6616
989
595
6151
3746
2020
807
449
1373
5823
4751
5026
1550
2783
604
2059
3324
1280
3151
615
2215
5132
1639
3135
3465
5130
4254
513
843
201
3480
5984
3747
2580
6068
2131
1383
1745
900
1689
5123
1039
6343
2980
316
3594
5634
5486
3475
5727
3131
6065
3540
5283
851
3027
2698
3942
5053
3763
3669
1754
6647
681
6733
5765
3074
3448
186
3473
1516
3017
4952
4760
4069
3680
885
4863
4380
5871
1470
4349
197
6131
3896
5748
6523
5352
3369
3123
4237
4452
5716
3352
5520
5194
779
1160
3810
6025
1513
745
3236
2682
1607
4251
3245
977
934
6148
6754
467
4443
2266
2595
332
1084
2517
5105
521
1313
923
4755
4009
1239
1606
38
49
6019
4332
4368
2163
4252
3632
3269
6604
2910
3663
3853
1308
3491
308
4593
3757
4148
636
6069
4445
4895
2995
135
3330
2247
3057
183
4971
4753
5445
3689
225
4991
5678
769
3023
6683
1656
2363
1563
3554
2494
3223
6199
6282
5036
2374
2028
5297
2452
5502
4812
815
2422
228
5243
4408
79
1633
313
2213
5119
6323
1241
403
1417
1776
4862
2145
2177
262
3414
4592
4472
602
6728
2181
589
3337
994
5720
2191
6272
1715
1317
982
912
4539
6705
485
274
2039
5953
3367
1220
1975
1227
2905
5795
4794
5907
2691
4497
4744
6667
3676
282
5039
911
5499
1062
482
776
6350
805
2271
461
520
1435
2366
265
694
6676
1944
968
4117
5488
1221
6564
6132
2335
3348
58
3076
570
6157
925
1359
5939
278
6390
188
469
2269
5162
4700
4282
1072
531
5927
4589
5269
3263
5521
2936
1605
5024
4277
365
4303
1158
3936
927
5264
310
5630
428
5318
6076
986
1612
2416
2365
2218
1036
4811
6640
5272
3934
5956
3064
2769
1880
6722
281
6326
6316
6515
591
698
3215
608
5496
3493
1597
1033
6236
899
16
623
3202
3691
391
6094
375
6309
6034
881
3504
3054
4265
4200
5151
5530
4462
750
5193
3619
3409
4106
2674
3831
1846
3358
4801
2685
3751
800
1755
4014
4475
1462
5064
3547
5001
3327
5648
1626
2050
2622
2516
5563
4814
2631
2376
2626
125
3351
2977
4025
4840
557
5003
2404
1614
6520
2469
6338
971
5739
1897
6170
68
443
841
6092
985
5280
2252
652
3227
45
1918
1412
5410
2
4938
6427
298
5876
4936
3086
297
5484
396
6726
4596
6179
1983
1367
1171
5717
6330
4530
3408
4663
600
3870
4016
5759
1290
2869
2284
2276
5558
4541
364
2911
1839
4270
5773
1545
3782
6761
3355
2873
6586
3011
3406
6369
3243
1923
3274
5383
190
4194
1976
1100
5145
1457
1464
5774
2843
5958
263
6358
3326
6750
3837
1068
344
5213
4479
2997
6601
1436
3388
4843
4934
875
789
4067
1535
4790
4981
1245
3344
791
4954
4116
6296
1358
6145
4468
6563
2133
3860
676
5784
3160
5313
3815
5253
4219
3108
4874
6669
4961
6351
6749
1237
6670
571
5390
2712
484
3317
5764
3089
5940
5403
4980
869
2808
5921
73
4176
170
2326
1641
1077
1126
3016
136
785
4568
6096
1603
6447
2136
5252
44
478
3988
1038
5407
1306
5099
596
3652
3418
1369
613
495
3998
3772
4477
5066
1901
3975
221
1592
2996
2956
3
2235
3022
5952
6593
3080
674
2158
4773
849
2962
3871
1248
1331
224
6508
3468
6414
2533
4409
6478
4677
3372
180
3004
3450
6074
103
5198
6511
1884
990
2467
609
2731
4743
4996
1570
2687
932
6468
3699
2212
3056
446
4324
5996
5000
13
1247
6197
671
3575
5758
405
2841
4073
5441
684
2998
1303
5274
1430
2496
1428
31
4365
2315
3417
4990
528
5671
3084
845
408
3469
2214
1170
3577
3539
6090
3087
5818
5490
489
6235
2504
6480
4253
3927
3165
813
4457
1785
3756
232
112
3336
302
5657
2130
2316
6442
387
1154
3232
4749
118
2251
1271
6194
4876
4460
6075
86
6352
3937
6612
6682
6349
895
2047
2432
6751
6267
2723
65
690
5516
6729
6162
3637
4975
2951
4482
4345
3526
2319
4352
836
1339
2062
861
919
3428
4810
234
532
294
853
1514
2256
1756
5567
806
2618
96
2539
5295
1123
2938
1397
3034
42
2571
914
6599
1213
1407
2151
4444
1295
5126
1662
754
2371
1777
470
1387
5449
5134
2838
4386
3848
4973
4834
1674
4659
2616
4071
1476
2720
3599
3322
6325
5793
3580
886
839
4985
4190
4730
4285
3111
5511
2355
6147
526
4385
4268
1515
697
436
1780
2492
1520
1778
153
6665
4732
621
5504
5027
4842
133
804
6514
3106
4321
3353
3226
5851
5412
1242
1637
838
5647
3454
3033
562
6344
5433
442
1092
6467
4402
1496
3839
6721
1174
1711
4453
6192
4764
4967
3629
3495
5221
1229
5577
3856
4857
2172
1506
150
3020
650
2262
6368
752
4846
3240
2420
4942
2757
2967
610
4301
817
3524
2874
473
2999
5529
327
4387
5081
2037
4095
5988
1746
5292
1199
4875
4221
1743
1406
3639
6097
6767
5581
5788
2182
6023
712
70
1921
3068
3360
3332
5442
2234
2224
4029
4440
1204
3262
5931
2955
3301
704
4382
4264
2880
5536
3764
4271
4239
399
1001
4188
2776
5115
2379
873
5746
3206
3142
1127
3012
4896
2896
3177
5321
4547
3446
4797
2495
1411
656
6558
6020
3667
756
5344
4159
4618
2755
5356
5778
3124
3217
1898
4965
5566
4914
6458
6723
1326
6757
2836
6198
2426
6609
1422
3083
2656
2303
172
2658
488
4366
1503
3459
5659
4969
4144
6167
6012
6408
5219
1623
1914
1973
2989
889
686
6595
119
4197
1266
2939
2425
5933
3431
4150
4727
1361
5990
4752
3204
918
1429
6191
1837
2607
3947
1469
2421
5535
4770
1841
3413
289
4799
3472
5651
5807
3452
5022
5791
2512
3769
3256
139
5539
5083
1705
5948
6674
5526
507
5890
4726
4894
2236
4261
5588
1279
2759
5446
3849
6291
3456
4873
4964
4852
185
3778
3497
2484
1425
3007
6386
5436
1264
2847
2849
5045
6169
1917
3589
1165
3306
5766
4091
803
4327
6229
6530
3897
5030
2521
2418
718
6594
98
625
97
4189
6415
882
1269
4835
1046
5055
5355
3000
5418
2542
5317
3564
786
3536
1176
5582
2665
3661
6077
5799
85
1099
6234
1718
5660
6220
3944
2043
6585
1342
5048
5753
5629
4577
6402
5117
303
2053
3690
2689
6734
801
1169
3318
597
5202
5670
2503
3857
3992
3509
1708
1565
4765
2134
2029
667
896
4882
3166
3366
645
3122
1660
1351
2075
4957
1410
4660
2895
6591
3314
3085
6760
5361
6322
1673
4573
569
1832
3866
5847
2143
6005
2670
1655
3394
662
4944
4177
4959
2979
6768
1064
4893
5341
3634
2265
3364
2065
6743
6531
6312
4595
2280
6264
4206
3264
1000
2957
2700
2414
5547
5898
2721
4263
5882
1067
472
2993
4941
2042
3270
3005
1065
6425
3899
307
6315
2473
463
1167
2139
4872
5077
4181
1415
5043
1906
1134
2781
4718
6270
1314
5061
4968
3092
3168
30
1787
665
4331
5718
2573
1679
6642
4740
3260
2600
52
4152
3357
5217
905
5524
1474
2935
5029
4866
5500
4017
3544
493
4641
2704
1596
5006
5101
1234
5515
2694
5154
3673
4077
1771
4325
9
1292
6030
6072
3479
3659
1631
4674
1990
3286
1168
6098
1836
3552
3773
454
130
325
6608
6746
6450
4569
884
5004
4250
1459
2222
3191
4076
4602
1991
1424
1740
5644
2017
4631
2051
4344
6748
519
1206
2550
2434
1133
5405
1911
1101
3425
6262
3633
2180
4978
1986
6466
759
2701
2321
679
1287
2148
6454
614
5353
1315
1510
1747
6283
6671
2699
2715
2667
2138
4400
3939
6643
4292
5498
6156
1179
438
904
5007
5495
6407
4706
3066
3868
3660
3279
5762
3374
859
860
5922
4348
4398
3976
637
4018
2581
5568
5395
4986
4461
6002
5789
568
3340
4632
6123
3036
4989
3749
6336
5850
883
4870
921
409
283
6752
6022
2202
3679
5543
6121
3686
5386
533
2394
5760
1847
1125
2208
6524
3307
864
4913
4314
6769
5999
4302
2963
5726
3304
3159
1080
2990
5207
1881
1209
1074
2552
3073
3313
5986
3983
753
2812
5450
1153
4490
626
1833
370
2063
76
1431
1548
1920
5723
2400
216
6645
82
5906
2524
2377
2549
5294
6727
1090
6433
5159
3321
100
5825
2506
3228
511
4817
305
432
4363
3371
4533
2358
94
311
3063
379
4283
2317
6611
6637
6218
3231
6672
258
2475
6506
1468
3650
863
6436
121
3161
3333
2602
5111
1693
3863
2835
177
1233
4796
4198
2943
2814
1912
6590
1988
2200
6223
1577
2557
4388
6230
1763
3496
5070
3702
1386
5627
993
226
2183
3635
4113
1251
4319
3072
1276
2575
5019
2586
4075
3120
148
4745
6398
1687
5208
3811
6231
3407
6424
1885
2605
2543
1943
2268
3311
5728
4
6016
3038
2074
6636
3851
6261
5982
3280
628
4705
3310
111
3415
6067
5661
3969
1289
3474
847
4456
5431
6535
2764
4119
260
2810
4078
6318
3833
4174
2722
4001
3744
1629
3197
46
1379
799
4488
1922
3570
4963
257
4367
4019
5133
5523
4673
5275
123
3179
5360
1953
4099
1611
6317
6432
4716
606
2714
3265
6299
2333
2221
4281
1634
2681
3006
751
6319
1907
4275
3082
1692
2770
2170
5903
722
3485
979
6171
5146
5738
870
1761
709
929
749
1661
6014
3061
620
2826
6529
2046
5981
3095
5035
453
4917
3037
4397
774
1800
5874
384
1671
5454
1799
6459
366
641
5631
3043
51
2900
2620
4759
2249
2162
3555
2899
4698
4948
2541
2596
5528
5745
6731
913
1854
4974
1688
2709
3904
5250
3561
4378
2671
3709
517
5565
3014
1164
4804
1268
2337
4360
1834
2199
3467
6470
2331
492
2072
149
3945
1120
4156
6736
1531
6462
200
3924
6525
4725
2332
1299
4372
2537
1283
5919
4202
1848
3651
3354
6
878
4256
2675
5118
4276
