54
167
4
83
28
189
184
219
258
231
155
143
107
120
2
31
22
84
126
138
153
169
248
279
51
235
222
272
136
238
58
115
162
163
26
178
92
252
256
228
146
86
170
25
216
65
42
91
171
262
16
101
117
241
240
158
168
97
110
132
254
29
61
284
277
202
185
82
263
257
48
74
12
221
0
11
18
64
93
37
172
43
79
99
212
128
106
148
206
78
191
47
119
210
261
175
23
174
111
100
71
165
133
205
70
215
76
6
225
234
147
88
193
60
217
150
244
144
95
223
1
118
5
142
98
233
102
245
214
104
281
201
113
152
157
34
268
190
44
122
273
130
161
80
259
36
246
253
267
177
156
81
134
7
46
194
13
181
230
69
145
17
250
220
179
87
77
180
141
30
204
237
247
131
41
59
196
108
50
274
39
24
236
197
103
14
21
52
129
203
121
266
151
20
269
56
53
49
213
72
67
19
75
188
198
183
195
62
227
125
105
255
8
176
140
264
270
251
249
276
285
271
116
139
232
10
3
275
38
