179
1080
678
75
405
705
235
248
1198
92
383
852
715
1130
13
240
1268
898
628
1250
1136
677
1076
463
694
379
631
909
958
506
1025
686
46
462
35
1132
929
1072
648
892
927
125
800
674
1214
1194
649
243
936
257
1155
352
1049
1012
982
198
271
1232
935
1197
60
1184
836
933
1036
1113
318
672
1029
1185
786
759
1000
419
585
1065
908
261
4
1241
353
494
412
1166
388
1249
154
832
625
1272
346
656
548
735
385
687
59
745
17
169
262
270
1163
547
313
1186
904
777
1001
1124
863
1042
360
682
644
697
493
133
835
429
110
499
757
1075
847
416
900
922
806
1244
483
796
392
1108
1059
934
1173
58
974
950
160
49
1017
741
537
801
228
1101
926
298
1188
1204
1081
104
123
1027
515
36
778
461
319
102
478
1148
707
555
981
1032
1128
643
1047
894
343
1171
120
164
1107
296
214
15
204
575
577
965
1010
1243
1154
885
376
467
860
432
761
395
791
525
404
831
356
969
1103
94
411
496
85
378
617
1275
738
361
6
803
1002
276
520
549
605
127
335
1137
742
435
652
987
24
723
1008
881
184
614
568
876
621
640
11
1144
302
221
542
136
39
700
685
218
590
613
55
256
280
1221
1129
1039
394
1167
1099
401
1018
448
620
491
158
77
839
1058
279
1251
1112
1119
532
311
514
533
826
1024
1209
176
760
1174
437
97
565
301
1063
292
304
239
173
1088
921
566
1260
157
254
526
1156
1200
1252
1165
718
109
460
1102
295
536
41
1078
681
873
726
865
477
946
808
689
1256
1127
699
746
553
40
763
635
954
805
1035
162
828
1061
862
1199
563
582
68
771
538
991
1219
373
367
156
113
569
457
213
20
63
1193
706
90
372
962
895
606
139
1068
799
114
1177
1237
134
636
850
130
750
998
152
1245
1019
821
1050
400
1023
216
947
431
534
328
465
194
150
449
338
476
403
830
1277
47
286
206
693
1223
1216
851
320
845
853
362
33
809
1265
305
469
245
1187
776
96
451
990
813
153
702
143
297
864
144
688
529
824
940
112
165
932
371
314
131
43
1056
308
290
645
783
887
779
1255
658
584
174
977
482
1220
167
98
733
357
602
107
976
303
246
122
1225
237
730
1160
596
1054
698
714
76
418
924
283
795
586
980
878
440
1264
560
420
73
191
508
503
822
72
663
45
691
1037
1082
1181
406
1034
637
334
391
249
66
409
438
1060
377
609
843
1073
205
21
528
632
196
1233
211
34
668
755
840
1116
181
287
573
772
351
470
444
64
599
679
100
1040
995
31
442
1122
231
1228
957
859
1098
902
1141
655
952
208
642
200
517
370
326
581
1057
875
428
721
597
289
798
1048
942
1083
747
943
192
627
267
390
1236
458
500
812
374
1117
342
550
129
171
468
770
897
1253
999
399
975
669
511
255
629
758
1158
190
95
522
1183
817
233
450
819
587
938
574
848
1091
793
1143
358
272
275
601
789
299
398
558
475
336
604
541
600
1146
504
1006
222
616
1235
344
984
695
1270
16
961
768
1133
414
349
427
315
386
948
1179
837
535
50
713
1202
1269
325
234
802
928
425
842
38
510
186
531
78
1278
1
797
300
594
306
87
588
825
775
291
490
486
708
14
294
387
1234
619
773
252
1115
704
1031
696
888
151
146
402
749
495
1231
480
366
1139
1224
159
725
264
667
660
1135
124
680
1161
145
1005
1157
83
1097
8
782
1140
439
810
389
1104
754
330
5
593
52
1192
907
172
260
316
923
857
1201
417
202
1159
728
1175
973
116
956
341
368
838
454
988
217
1046
1134
884
1213
487
622
879
880
175
1106
26
1258
265
62
364
259
54
242
446
701
182
445
193
906
899
258
709
197
2
430
288
108
684
829
195
293
710
659
807
930
683
811
1044
88
968
554
447
253
1168
711
564
814
883
993
890
787
1151
1145
551
142
953
937
1142
317
185
321
426
132
731
917
1026
827
1053
443
765
456
23
722
307
137
661
918
365
920
1230
871
521
492
1279
236
230
580
12
724
579
1118
381
80
1052
657
739
310
598
1105
545
274
473
743
841
544
1276
348
618
1015
556
915
823
804
44
781
751
1261
1210
27
716
732
347
359
1196
284
369
1205
1126
1180
163
666
1090
519
662
115
148
140
972
119
1218
671
215
70
1055
333
71
101
1203
105
1246
238
220
1248
543
250
727
89
877
868
916
748
219
74
1212
3
323
559
268
509
1051
752
790
199
1226
858
433
29
188
1086
595
567
396
434
1014
67
472
407
459
384
1007
1013
505
654
497
474
329
332
903
282
1215
1259
583
37
610
607
638
834
1273
540
1095
309
1266
844
769
1030
22
1229
25
703
1125
756
1247
9
327
1011
612
914
180
209
147
247
561
380
527
945
856
1206
992
1271
340
18
611
149
870
571
354
1100
997
546
1110
854
608
1149
530
874
337
1211
872
1045
1176
964
979
646
415
106
212
189
57
224
1022
226
665
183
931
232
393
1021
1093
951
910
670
896
251
815
1150
784
905
82
30
168
