34127
33772
19827
17087
2107
51096
1716
30984
3412
45120
51585
1933
35608
17961
33841
3442
60602
60551
23129
50707
2387
18160
49326
15472
1454
59070
46939
27966
29084
1496
56538
5799
15989
33847
36822
3524
17641
30694
55680
9356
33095
3565
56401
17225
16753
29521
27856
29577
17715
19823
28633
27063
17146
27075
53161
15556
29447
1269
60800
15570
11375
29417
61815
3817
25925
15886
43911
31819
26463
53027
20957
15396
11389
40107
24380
7173
21979
56849
36191
27838
16626
17657
16750
26418
61162
12451
14867
17682
41164
49352
16485
28227
30495
52795
1512
27056
2098
60606
60761
1894
7157
23109
15643
54144
42059
17955
54860
60903
54066
59909
29474
30850
51169
51494
17831
15910
56715
16481
2933
50695
12279
9329
4182
60050
2625
28172
58146
51718
17161
56687
56093
26936
52457
26101
40200
52186
52835
2078
38290
31144
60037
31817
2914
5779
18625
14894
58145
8683
61176
44263
3928
28949
29395
23897
3267
15116
26641
16548
49185
59110
46214
5681
15433
49277
52754
31566
10956
31100
17878
28148
16754
22725
56494
16521
51850
17414
61233
28211
20765
26178
28174
32001
16501
4305
4170
16566
45495
15280
41935
62548
1377
1652
32259
52473
28082
16153
26549
60667
39146
52679
44176
47627
20084
30998
1908
41873
56152
53504
28077
52990
30639
17949
27706
29534
16346
17285
28876
60634
16674
25704
41911
33070
16268
11387
54186
60752
16003
5794
28451
27968
60895
49197
50667
62856
8895
19831
18944
5689
17910
26245
2208
37798
59975
28465
56697
28027
3003
52613
1815
6209
56149
11314
27673
26617
41110
2126
58208
49368
14972
16442
15089
27017
52735
60640
30892
13970
28203
58171
34990
56164
51450
16231
20708
31997
2555
60599
36746
15904
3954
37783
30849
58660
4177
9476
61381
16500
18061
29507
50714
52460
51458
8803
45542
41883
56218
59955
52173
27554
28777
33759
3252
17108
1751
28087
16574
22333
41852
60624
50555
34963
38482
38234
28063
61277
34011
59297
18587
26237
55145
57349
27312
60798
45603
56371
58194
56432
27394
52432
16015
10975
34224
12316
60824
7285
8809
29128
2391
1711
15900
17145
16411
16208
34456
15660
12347
62542
15450
16774
26500
61347
49408
17270
3679
56723
9400
17902
52445
2540
15363
28108
26951
31139
1910
61324
16525
7055
30861
30869
3929
28095
1115
11345
15602
39085
28803
1895
1133
55662
2481
49375
45122
60583
39104
18089
31598
3401
14966
51545
61524
15483
39028
27883
27116
4301
33099
16452
38229
32367
13962
31053
60910
18766
52176
2548
7116
27223
6161
49216
3349
16405
27352
40799
60818
22028
27719
29220
12331
24954
51114
29009
14083
14688
17404
30598
1150
60012
30662
40181
22022
14933
28166
2190
1544
35589
17556
12487
33072
51158
57691
29063
27546
36757
16584
8676
16419
30890
15833
17113
20738
61899
15388
9716
33034
18170
39128
46442
53488
26180
3541
14837
2601
15229
14752
1391
3269
8745
17136
29862
42074
53151
55650
16117
19828
27177
14461
4194
52605
3021
1509
56644
14730
9448
57600
23197
35621
2079
37796
51567
43274
3870
30851
27613
3107
15084
43212
43341
49336
3078
46959
44232
28157
17149
7245
61228
49192
1504
29193
20020
41925
34976
35575
40789
24987
33500
17338
25670
27051
12376
52851
30606
26843
41180
58161
33660
27035
36790
15413
61507
3034
61225
29138
32743
46228
41912
3062
17818
27070
16164
51679
52908
23188
18129
40659
44934
15221
26780
25898
29188
30079
48430
9482
2998
43211
16463
12298
39081
27157
16186
46408
60755
53647
12486
16458
36908
55183
51549
48126
23780
63353
36148
31185
17228
58653
61415
15679
31318
52690
27304
25916
44226
40790
14964
1278
17296
2621
23718
28870
29475
37775
10962
11411
17223
60703
28496
6125
3916
14883
1414
47631
36197
23201
15535
26023
33664
30871
15125
15367
14961
27125
49407
17134
40705
30107
52165
61445
29178
52079
60498
3631
18933
15236
6140
26974
56430
3861
3207
3540
15827
26112
34967
34970
31571
36786
28550
1637
14475
16484
7118
34215
27303
61340
3156
25673
33718
1790
20818
27955
18510
51343
15088
31146
31045
26182
1383
11369
26564
60542
28738
15117
46782
17168
5787
20754
7057
29194
28941
51262
1109
17979
40145
34288
6150
26404
25904
52602
1533
25661
47369
7159
26397
49313
61919
31807
60787
28661
22020
51372
1425
17208
21963
1622
56719
24491
25882
26572
36018
27992
3100
56375
28475
34459
9457
20809
26884
1111
27949
59099
7012
18605
12248
26837
60694
48114
47426
21954
2592
15270
28478
51197
30821
24354
32350
7101
30613
18031
28504
26470
20735
20073
23766
60701
33982
30497
48443
14009
34140
16695
26082
56139
14984
20707
8799
15637
17187
49223
35630
15150
1488
58195
2215
30988
3873
9341
4297
60025
15350
58202
30743
17300
31305
58674
49220
27428
15220
30741
34089
40709
27484
28821
27621
55630
14875
26088
17077
15406
28596
2509
41135
43304
27347
61962
15289
1354
15646
15461
27647
1127
4277
28921
16396
12281
52480
26502
22721
2924
8884
34163
28972
58632
31127
40693
28970
55181
15044
43185
43312
9377
26851
34168
36009
3237
31051
3839
28576
32763
18140
56801
13994
61414
27142
28483
1845
17317
56033
61418
60517
39170
17138
46967
17139
41162
17525
2287
12286
12329
50664
61286
21981
32758
28961
15937
56042
51577
23760
25940
18652
15058
28992
60590
24892
14040
22051
2476
8834
46781
5684
56666
26146
32118
54888
51692
45524
15271
17589
20842
14985
27355
30577
56041
52622
36152
3069
36174
3536
43352
17781
30555
30833
37813
3039
4529
30807
25943
52883
52725
15315
17634
45572
41915
43908
18048
44245
51443
52914
20929
29034
33783
45099
38450
26087
3651
33780
18617
30889
50640
37769
37805
36885
23206
17286
27480
45445
56419
55825
1702
1113
27867
60729
11002
2196
2935
28856
7042
34190
17716
27893
7296
51184
2976
16711
11340
34910
52655
30853
17247
55628
3892
46246
18459
17188
33837
12267
52463
12367
28759
47806
3273
10839
3047
14444
33091
27263
55856
28520
55861
52708
39144
3566
38506
33975
4508
32744
2206
61823
50706
45081
15008
33049
39035
55129
33697
6103
17535
41850
46410
1244
52472
55848
10979
51603
28746
52166
2198
17899
52818
4503
1101
2989
56346
3982
29409
29442
1726
27097
16302
31000
41954
24888
54128
28741
16351
30860
28507
18210
51491
27390
37749
20932
56740
33793
15346
20791
36756
14909
2530
43347
46250
26894
16233
17090
17894
18445
61437
9435
41093
45514
40105
2888
41987
51453
15269
15732
53791
43233
32549
27690
27702
1129
15650
2915
27830
3332
7085
61289
30788
60608
4540
28786
17701
61242
21970
35563
49250
30651
36186
29551
45513
17666
59981
62869
26493
14073
17183
28492
4169
24969
1426
34068
32366
48406
16118
60082
1139
12419
17686
7074
4374
15294
60510
30499
61871
61287
61423
60659
24853
20012
15822
56291
4535
12378
1464
28115
1364
34212
7123
57698
49303
29548
33800
61924
18148
10855
3933
3605
43247
56460
55201
26175
17422
17440
13894
7053
43318
60627
61214
38300
28898
28721
20871
41103
61923
2576
45100
4140
26150
4232
60735
52438
1730
51222
56104
29437
20047
9371
14041
33523
20023
24502
13948
24505
17598
20762
22101
40661
18626
24485
13873
34992
18098
4245
15584
57224
61175
48424
55196
33494
13973
51461
58206
41847
15547
49225
27330
60848
7021
58227
29191
10993
47811
39099
29463
18710
41968
34059
18632
28028
50546
27972
7174
29410
3173
16370
37828
31134
3265
43913
14447
20011
58658
31158
46249
59968
52593
59913
17361
15855
14844
61477
51429
1413
59134
28008
1907
16445
55855
41964
27022
3137
33763
54188
15183
27839
56087
15574
12280
30558
28857
14890
36826
54141
35571
60762
12439
20725
11325
1674
20752
12423
51564
3542
44959
5790
32003
3898
61431
41896
49353
11017
4376
15960
30781
28739
61826
21972
27553
51203
28781
38248
51216
26141
2632
52200
55884
1902
2620
1755
31313
52072
16557
3049
28089
57719
5661
56448
27282
16545
26590
1489
55771
60666
28577
33807
30689
45558
37774
28585
30098
29018
2266
56526
17158
13909
15586
8888
15301
18211
14745
28525
1841
1596
15463
28605
26889
16392
61436
3467
44240
14061
34982
8753
60879
51237
16167
35031
29160
28584
23113
15473
33980
20733
17658
52849
43286
3468
3218
35573
25880
52189
60550
61180
30476
7067
60024
44265
56531
52733
17872
22714
47299
51546
41901
21968
25696
15146
7253
45106
60639
41956
17343
54142
46960
45541
27305
17151
7154
47414
26219
6165
13940
52643
27725
15863
52456
44231
17342
44189
17271
56219
56485
1645
21974
50675
60819
10882
5781
5820
48097
2274
7278
17648
46930
41161
14857
18602
5709
5800
1887
18132
53489
38239
54853
17793
52740
46973
28752
61273
61367
44769
3075
15526
3525
20904
15263
61426
58640
14681
29105
4235
15882
56216
16194
18640
4168
12333
3338
51113
7272
26651
62872
60039
34991
51853
40169
51689
60052
52897
2602
15931
17960
17277
30625
49354
1319
40210
2505
39159
40080
54124
61243
54112
63333
30848
43940
17107
31288
26260
29411
27311
12303
3652
13951
20030
53148
16466
52353
28987
20722
40825
11399
28865
31167
16437
17998
26652
35926
26594
56342
53794
15142
8883
2404
47832
15322
17246
22079
33514
56457
16749
17728
45568
7051
37772
2353
4264
34052
2994
48120
26576
35612
52864
34292
2060
18115
26469
33655
31998
24994
45589
17915
20831
16278
33756
3366
5691
49203
18158
48432
54145
23770
1137
60916
51111
17815
56705
36798
17129
16506
53009
24896
25659
48416
17375
13935
30674
55874
4144
1705
26102
33707
3020
61957
52779
25710
26521
43272
1598
8894
5682
31129
23175
43333
34090
31327
18580
1762
12264
52404
18475
61165
29553
31287
18065
17213
43317
60823
16133
55679
15365
63337
15268
16780
56153
2487
61533
51848
20031
60794
34926
59998
3202
15176
51611
27849
1435
43245
59929
15896
40704
34108
33069
46684
18775
5818
29136
8866
27618
55162
16522
54104
27413
30657
18207
26109
2891
26995
15302
33704
3023
1415
50625
1922
36755
1590
41097
40831
16725
27308
8823
27102
15397
30567
31812
51173
23203
56848
18134
20059
56803
3824
30060
27918
27625
55799
1294
54088
16328
40711
14806
26277
56482
27984
20879
56340
15007
61429
27474
56441
14714
27085
9497
15996
34938
52193
48412
30809
34128
41867
59098
3446
44173
15731
52798
52398
31180
51694
43799
35928
9484
13928
1848
16342
4382
63339
52077
2561
60776
15068
61493
2860
52901
28967
8731
28119
1618
11363
31329
52805
29537
26959
33088
9750
14733
17971
31990
10990
35604
2432
40201
26412
2339
7259
17370
1359
41892
3199
17806
14044
12351
15493
34087
15919
5673
52402
29431
56836
29219
11390
54876
48437
46269
45507
1099
33642
45102
3902
17703
40807
31037
1700
5692
29019
5792
7274
32762
16464
3071
35946
16454
42067
28548
27693
15039
46240
26020
60754
12291
56702
34273
24942
55787
60894
9498
11400
7090
15286
29082
11354
29790
23769
13930
14476
23761
28534
61134
20771
50581
61240
60880
26585
1446
50571
40664
60540
19825
33875
18734
13923
48438
23731
56728
4184
30710
18726
14937
59930
20930
29791
26258
61279
38244
23121
61830
50699
14474
27971
61855
1035
2426
16783
44925
49381
37847
16514
30708
28612
30475
14459
17841
24487
33765
35999
26802
52665
5699
31003
51854
41965
46730
5796
14923
61329
29173
1738
39050
52091
29189
3668
14089
61173
7147
24991
13929
12308
26612
52759
28953
36758
38489
59069
46227
16512
26943
55847
26384
16020
43362
2407
31009
42066
31600
61504
24507
17541
26004
48467
7287
12319
57215
30472
26429
8748
20751
8869
60589
50567
61322
4256
26036
18562
27272
3347
15223
56421
17665
48182
17782
27734
23784
3177
18486
14704
17582
15027
2020
51618
32010
26382
28049
27550
61386
26040
44791
46241
4225
61930
17671
15728
23227
15470
39167
61515
3014
16200
16320
28996
46279
26945
55157
47277
60744
17838
40061
9389
52651
44264
50545
15985
12488
44178
3882
12420
44767
56822
15640
31588
28004
31987
29857
41143
2362
28193
54179
33096
2433
12452
3179
28521
51628
53635
52385
45528
61945
36873
28024
45080
61856
61505
3361
36013
27357
61812
3090
27974
51688
28474
14098
61940
61484
23215
15983
15579
15226
8741
61802
61202
56436
52898
27219
60719
8689
36719
16281
30977
2051
55885
2900
2569
26244
17698
7163
1634
31221
48107
29061
51489
1537
27229
3569
22814
51248
36771
60855
44195
4526
14480
14885
2237
29098
2253
36165
18083
3510
26888
51755
33873
18702
51205
3060
61190
23763
52794
33602
36877
29508
48474
7128
43234
27211
7201
17377
61400
1694
31214
28951
33525
46685
16665
14910
15955
34008
29435
61914
23744
30886
14617
6201
27684
58637
55120
36012
38497
18643
23758
20807
31572
37776
7120
15922
61908
50700
61531
16285
17636
59159
56126
56507
56111
17467
37788
60524
49236
55665
7134
17099
16688
27218
16742
33773
1691
12371
15862
56681
33082
61313
28130
17407
36193
56842
20907
23098
14011
56825
39048
30858
45121
26264
17839
14952
49235
41902
52893
54845
43190
28669
46718
28581
12468
42064
47420
48404
32829
32361
24913
40176
33637
45538
15540
55878
61825
16709
42056
61192
1092
50710
3045
4220
33044
12346
22373
5780
52601
17639
12370
32340
46514
3197
27967
56073
30456
17089
24496
50636
47280
56404
18736
55673
17451
15021
4383
9480
43297
44206
52996
62865
16369
30876
50608
28881
52894
27061
2926
43937
20887
9406
1390
49189
24941
27139
37832
2907
3369
31559
60876
18212
45089
51563
26813
15528
26815
3831
33071
43271
24995
1436
56665
28477
15571
18111
61522
18827
15177
15727
27334
41940
40699
34158
2896
50594
12461
31577
56722
29106
53804
16724
11352
25668
60801
41101
23746
23213
51682
45464
51572
5670
44208
55781
37864
7062
33528
31147
48456
31032
45519
7247
32348
50659
16362
2333
46683
14095
57360
18503
1846
2104
2066
18192
60881
61282
5826
30742
15839
18484
17083
60767
60065
16017
33667
36905
16178
7096
61409
27041
56656
17904
27914
16219
17257
26883
44777
24903
16257
51570
22078
22052
57207
30473
1648
48426
26964
17681
29538
17469
1682
44225
42031
29574
26205
60561
56479
29142
26838
51347
15442
17584
43923
14623
17482
7186
17676
58153
18176
1497
47791
48452
50712
27819
8858
50705
49342
45483
15975
19753
33596
50711
34161
51263
16468
4282
29526
2492
17502
2132
2409
30583
34033
61926
51591
28852
27019
41917
33832
36847
5698
26148
61374
36830
15847
26601
2529
29859
56260
16018
56279
38302
60529
1897
3290
2344
16240
39061
17197
30826
31999
28782
3372
52636
61888
59088
61135
18822
20880
28508
2484
1913
28179
27020
56116
28713
20039
51407
17617
18163
61819
61284
60604
46738
61356
31096
3129
16763
3395
28873
3180
3350
4306
49291
12443
40792
32359
46548
26727
29428
14974
49233
59986
2858
27861
56748
14042
51244
9352
1371
34300
32121
60045
55872
3382
15260
28019
56475
51874
3084
22018
53162
61448
60774
27657
14998
16558
8701
14754
51193
14847
10876
9748
8695
3927
56074
46273
59111
14606
2589
56839
27025
50590
41130
1361
56213
15357
44773
46963
43193
28598
54162
17337
15130
26828
9584
1091
40663
22716
27340
54816
12325
60783
33970
51103
26649
15885
56174
46203
2552
3158
3595
4227
31094
27731
26213
38237
41955
18757
29873
35995
15435
26543
28630
27993
29139
15132
61216
15638
52082
62863
9749
44770
8877
29462
1625
10884
39087
27298
22715
4368
3322
30891
45570
8691
26647
34076
17713
52686
45093
33782
42051
13925
33533
16767
13893
1034
19809
30980
4231
34971
9588
57720
49347
26398
20920
2627
60861
61256
3272
11356
60018
16207
43196
56698
38228
9479
32364
4249
52832
60849
31818
28016
14088
55202
31459
26826
24895
1687
30800
36751
36866
27685
53015
26588
13892
41136
17274
56631
27915
16538
3972
13926
14795
18937
28827
1247
3238
47283
36796
31223
26403
14692
31052
47802
11420
2435
29166
29147
15603
24355
15264
25691
28879
40654
20833
32009
20941
29043
26800
20875
9421
27953
15569
9244
28676
33853
1358
25945
10982
3435
48419
30572
3186
27336
30756
44217
40670
56658
34956
25893
3212
1520
52737
29099
61508
52987
56352
3908
52839
29145
17545
61891
20801
8755
18430
28795
57615
4531
55629
38294
8789
3889
54080
26961
53653
8902
30867
18151
2439
10869
26009
18100
52328
27333
27191
14668
26431
15198
7153
10972
1135
51426
3305
16300
20939
6153
2114
2445
45478
51576
18186
36210
56800
33119
31119
22012
8722
27540
56170
53167
2559
57712
2232
2273
44771
8671
26452
49330
44204
12238
51569
56478
61291
26687
34949
56224
2549
48476
2616
31555
60555
46234
23219
51502
22825
15097
41942
4530
30852
57606
46956
56845
57225
26557
51600
15163
33502
3163
3016
16317
32554
34081
18660
4172
34021
25846
39057
25906
9348
51349
26653
40652
55121
17742
40170
50560
12416
17241
61936
40140
17178
16578
27046
61506
51232
56187
56812
14753
14049
52674
14048
61958
7020
18600
1521
50643
12245
61365
34119
52412
8800
36742
45571
51678
14051
49378
60870
52074
43319
22823
34911
16671
4141
44230
9489
27202
28117
41864
16181
16010
16563
60622
8819
55849
34932
30563
56694
34102
18197
27714
14023
1855
16218
28461
6152
18104
41845
53140
24362
52649
56675
27136
3220
16402
43364
28618
3825
47300
27945
4359
18022
17981
52505
34452
2278
33638
61254
46510
36811
48413
28189
28447
50580
3527
8712
56031
28829
16551
17850
14446
29104
57700
29053
56525
15897
15522
59907
34116
27987
1561
16679
31208
33074
31553
28613
56354
2645
35574
3964
31290
29516
29239
17888
28056
34185
7158
18578
28487
9475
17968
43325
12467
17157
2245
17717
52918
39045
27409
1686
57347
15869
52706
42046
16002
60097
30811
45556
33120
49264
26661
30693
14032
52760
1847
61166
29240
41842
50656
52085
37758
52633
40102
60557
7164
20900
27869
23720
38498
48408
45576
28620
20784
26383
29014
3555
3455
53634
1750
34583
61509
15048
7149
38296
17450
35989
56081
39078
11384
12417
28582
9741
51115
33509
36701
16357
52720
2936
7075
3318
51538
15567
16755
40123
22032
37859
1757
52828
12400
33859
17908
38281
51399
19770
22836
27885
25917
40151
55769
15892
2267
1374
43916
56169
45497
26435
31324
6143
41877
10991
40136
35927
22819
36868
3822
27228
29153
27841
26459
49177
17163
46210
2972
56078
16393
59925
15542
30482
27880
49212
51455
14981
50627
1639
15307
31557
28470
43334
15959
9744
34072
30042
61255
28552
51207
2436
3288
15261
50618
48113
33539
11020
52611
18025
27619
4215
15481
29465
27478
54149
26083
2520
18205
55819
51370
16196
15750
12266
1535
5696
30636
18432
16741
1613
58672
28564
44779
54122
7189
7093
17543
15139
16680
3323
36697
31241
28563
35935
26222
18527
60724
27704
44739
1086
54151
17252
50684
14948
29804
17620
31188
27975
27803
3600
27663
26553
27422
2390
26925
3504
57227
17637
26494
26015
50693
1849
51849
39008
51412
28780
45103
56127
14620
26696
18472
11358
43808
25713
12339
28773
61290
6200
4532
38220
44778
17672
15333
3121
7313
1893
55153
18001
17554
18506
53509
27302
27824
21990
55158
61833
9490
18165
3667
29803
10893
33048
45076
41981
15817
50672
52196
31550
29871
28643
31163
55625
34299
58630
29069
8875
52656
14738
9325
58625
49355
35624
15604
51245
24872
44926
18515
29080
26584
25947
41875
34063
1776
26163
5775
43938
61328
61303
22099
36735
17963
9737
44746
11316
41975
29242
2283
46688
6203
56266
26575
15549
61318
25687
13913
61839
17359
17428
31165
2017
15544
45546
17592
61246
18930
25873
17739
47825
61150
7069
15336
27239
28197
51183
28432
18110
1445
52435
15015
56366
15824
59068
27086
61488
27424
17284
16310
16644
26194
3590
23906
51396
43914
27920
16339
33039
27087
60591
33073
29544
61494
61248
27960
3409
29064
61172
16669
28730
7316
7187
18657
61262
54868
45083
12285
35032
33729
18071
14033
60496
20075
1669
33805
53005
50602
34025
16606
27733
41185
20838
40196
22004
55637
61471
26523
30105
30068
28167
56683
12273
52797
51619
61407
26485
20032
16004
18095
24972
30470
34155
61982
3947
9388
26634
52424
8774
23762
30748
52710
29392
15745
2346
19826
13992
42034
33512
59918
50570
7138
30064
56865
62534
49256
47778
33603
61468
16666
55803
3533
2522
30654
7182
9571
29528
51568
33532
18054
3543
15001
17351
33124
43829
5829
14817
39075
51534
61984
56420
16226
26808
35949
34609
34613
15392
52916
42003
56258
56274
55836
16690
35956
32120
15087
40650
61470
60808
33971
20846
14989
60918
51515
45470
56393
8831
52801
10865
61432
50645
1392
9570
17461
61858
44271
44760
27924
14892
14078
25944
46261
31222
44961
36710
23221
26992
37793
17557
55149
18453
18493
30072
15373
10970
15895
26090
52834
63228
53803
41926
34955
18628
8696
14732
60638
29246
27405
18924
1451
30975
48431
8868
16424
34201
22834
15451
14450
50717
56424
47295
16693
17198
18565
16202
20839
56108
16620
60889
11419
17364
1739
28163
22366
19832
28159
8836
60865
31197
29048
30108
56167
26920
34075
28222
2443
33529
12469
4268
28511
3251
29423
18159
56154
26811
7192
15495
56433
59129
52492
29522
14455
36727
52614
56506
61333
47827
59090
62852
15501
61961
2594
28444
34006
40095
15460
27054
52761
46291
15477
23130
28126
2929
15038
59128
28833
59295
55796
11334
15385
51612
14997
2613
15733
28469
9506
2395
18540
52195
27875
28434
1245
36703
1096
61193
43316
29158
41938
12315
27854
51172
35944
16664
27250
12516
17709
30802
40781
44167
51884
26057
17747
46253
10862
28838
56437
48125
9396
2401
27964
13943
17552
54134
3309
15327
60921
42020
15049
26204
17628
4313
28979
57607
3970
17298
29131
28709
44971
25876
38504
36753
47833
27291
16570
55834
49187
16431
2112
29870
23136
33778
17785
26901
3585
1748
59303
17248
31805
5819
25712
52684
17912
1471
3059
4178
49297
27664
3277
16296
27306
17383
31142
27242
43231
25952
55192
51605
14815
53190
56025
30076
24890
29202
34942
30588
1409
56324
58203
24898
23771
31226
29543
36002
61160
1384
60896
60087
14481
1768
4214
10977
9401
1427
58178
22046
18576
15838
16715
27106
17590
51723
15622
4200
7307
17608
28048
35009
60718
7220
18099
2013
4190
30701
36010
56134
39124
49267
33105
40685
51858
26970
47785
55770
16712
2414
24951
18018
52448
56743
49248
43230
12223
51680
44234
14988
56804
15277
3575
15278
61430
13965
49280
20852
1926
13903
53008
14939
1089
36900
28628
61489
18137
23755
15843
48435
24975
36792
43263
1970
1862
59908
51380
5813
7045
32119
40826
11351
46287
1758
26969
60751
27954
56635
30582
32536
15167
1777
1789
49406
17095
30878
15953
27496
26251
27213
59076
45096
17854
57692
27923
17699
40696
13871
41963
28043
34093
1406
31289
49178
18912
7217
46526
54109
2462
51246
28543
29426
53648
34908
12479
17914
2631
52681
16731
3431
52836
59153
24383
14711
31081
35615
27368
3209
30648
56059
47779
44979
61814
29161
43801
25900
27892
5823
31059
40794
2584
52466
31293
7194
36011
13963
42007
61142
61935
22080
52748
18751
17260
15583
34047
51716
27977
2640
14076
34600
34071
33115
23119
3445
58368
29206
28703
48185
14911
56301
9414
56654
55148
30711
1802
39179
29519
18103
1696
25009
5801
2229
52382
43805
25902
60628
17697
20022
53518
30077
26972
58643
56696
26660
44244
3890
39083
18043
62531
60675
25014
56402
60023
53206
28074
15214
29248
62560
55185
29227
28206
4233
37866
54105
49366
60623
28085
52887
23900
24393
24919
16623
9427
21984
15615
48429
40193
15857
2870
16603
3359
27215
3609
31143
29159
56861
16266
15554
26976
43197
57213
38507
9723
3434
55793
47635
26726
61189
24511
26679
27383
28749
22835
37752
36797
56414
28929
15154
15947
30825
17588
17402
22339
51106
14995
3104
8812
46932
29072
4538
27132
27660
31311
3219
51715
28952
9434
1074
24495
35983
2065
53002
26218
51393
36189
16496
27120
60764
27985
5665
27834
14691
1859
56729
39029
33121
19762
27049
27158
6102
16248
26704
55128
46245
43942
40191
26681
49388
9746
16621
38483
30739
9412
28124
60832
33123
2437
51732
26598
62564
30716
5788
43260
17840
47820
35564
60700
45115
39082
1313
51499
18011
8802
56434
17865
49226
29094
27741
15737
31159
27403
15546
56248
56098
25878
36750
58187
2422
49315
18595
14741
23123
51176
59104
29038
31104
1649
28861
61813
20786
56412
26701
26202
9458
10955
1348
16205
56331
12313
10853
17218
50694
15927
44935
14842
2365
3627
50582
43315
17165
3328
20054
8778
55810
1703
7111
33819
16703
18518
15575
1680
15548
27080
51189
30474
17322
3586
53484
16416
34010
26530
2547
34479
26935
3390
27034
28208
20731
13941
16529
49268
39019
24866
12475
42063
12340
34199
1271
24936
6189
40063
31029
3662
15752
46247
56173
30616
33996
12219
30647
28490
29120
9379
26498
47828
40213
37765
23749
28828
34176
31152
36169
18581
51118
15080
15636
3476
15452
9568
2491
30974
27871
61476
18439
2303
34488
17479
26717
61991
38513
57688
3603
57587
2993
61252
28546
2967
26732
7030
40680
59949
34953
21969
15410
60573
27715
2261
25950
16702
16019
60688
61397
26084
52854
28625
33689
30458
43329
50677
14609
17603
38241
60537
28531
25998
55660
5785
1250
40068
15249
47792
60642
39072
60088
58152
3610
1399
33102
34200
40093
2355
7235
18663
27198
28733
51388
41122
4523
36700
54116
17079
8856
12360
14940
28811
52478
46412
54082
43323
42043
37830
52392
59292
17667
52117
28587
27173
15094
61869
3041
29024
24883
13945
31905
30875
37753
26583
27366
15135
38287
39040
33825
54126
25685
40135
31192
14720
3914
32233
14887
27548
1660
56180
24993
51410
54169
26794
17521
3036
17297
41104
56130
3160
34901
39186
17563
27110
23742
28900
40166
52823
54861
40122
24488
12283
1418
61994
1437
28106
54844
18435
30789
58201
26017
3379
25981
1973
4161
18748
33700
31212
22700
51481
3213
53178
26968
35931
3622
33824
52850
14034
18204
15597
3406
45101
14823
16748
18836
27262
1714
59969
28180
17420
44255
48485
15276
28061
1853
28529
30793
24944
16554
41998
40776
1787
3862
28757
12310
52752
61425
2389
59144
55197
53798
56382
15964
18507
36157
24904
60545
1721
32006
41146
23164
25930
59095
6123
14682
18589
36762
1663
57228
30705
21996
14737
61387
28034
28013
1444
15954
49343
15572
46679
15876
48116
30709
40110
28995
51507
17385
56361
38460
60742
15891
40142
40702
25890
23739
2641
54158
59943
61332
40096
36800
16319
17720
44750
35028
52829
34307
19756
1458
27231
17173
36694
53632
52366
52630
56298
28161
50702
27534
28974
47308
15173
23174
33867
3498
33717
27479
48446
23730
50552
45602
33787
3492
28650
51516
16222
23196
12494
31039
37812
49288
33077
16707
37843
15237
56100
48469
40793
47419
26623
17494
51625
48129
27327
25002
34077
56217
1667
1765
46549
11408
48127
28449
17513
17655
27863
6127
12445
26650
3245
59077
5669
56141
56532
36814
14689
37771
60759
16189
1785
14850
1871
11403
18438
15011
1745
28663
34491
17619
15210
9495
56272
26555
7065
20949
26824
52388
28045
26903
54175
39024
25883
43183
52326
26656
4281
26625
17768
60072
17640
18764
56186
17917
33882
1138
2468
3374
61222
48091
27990
13957
15488
9327
17616
61378
60566
23143
17415
41900
3221
17812
30665
20703
26928
24501
15043
20056
4240
21967
46543
27377
27986
24392
57214
33848
28658
15915
28515
36754
5791
56349
31243
26171
17564
54115
46508
27129
46524
28994
51862
33789
14931
34053
27251
20853
20826
28519
62551
18699
29789
39123
19742
9440
2438
46255
37818
62874
31148
20014
51405
29491
15674
28918
15145
14625
41157
9593
18069
63342
23108
18611
1053
18464
1647
1671
27147
31008
9727
36207
60026
52796
56123
12277
16399
28737
51531
55623
59933
30994
51236
8690
36831
3949
60064
14915
51500
23783
24353
33617
33030
15527
33025
17792
5686
52915
38243
51167
26781
18044
51211
17722
43802
13882
62843
17403
16159
56296
4204
29512
54820
26998
9439
40816
21957
17632
52331
14888
48102
16135
17253
23226
28694
12288
17940
57590
3497
33670
56417
7236
3531
56513
51365
2927
20899
50668
34175
17580
43357
53010
60825
27493
38223
30722
2187
14861
52631
1352
40118
33606
40183
60585
52330
53801
20087
29167
8795
18036
26455
15474
17881
3893
1486
53170
28940
15906
44774
52092
57359
56708
11012
29525
36206
33888
20744
3004
16119
17448
5656
29212
12228
17561
44928
1927
15675
35565
52878
17895
51559
43202
2349
60781
23172
39112
34064
25963
56397
3820
3056
60890
28808
16309
17724
1891
29449
23132
7208
46260
29394
52819
15288
4196
26165
61977
33495
17169
45097
58176
51550
27827
51414
20033
27455
40127
29401
27178
7232
18760
15300
30071
33060
20885
1912
53201
2403
60662
17144
31808
40660
25961
16470
16628
36690
15867
1896
31153
2480
16127
51548
27026
3331
51587
1681
2305
17261
14077
36867
34112
20759
9418
52753
13960
27288
2560
61232
25959
28083
22047
60927
14951
23102
3271
30803
2189
51408
18461
14956
54156
27626
43354
35923
44955
43200
28817
12519
52324
26846
27929
14975
30603
27833
28644
43925
52766
18138
17842
51449
17691
16764
3249
14727
34454
17100
53638
55832
40798
26189
26116
2588
59923
23902
7218
33877
31128
41910
53013
3846
15047
35943
36198
26855
15514
57223
19767
11364
5778
23200
62867
16432
17844
31982
39172
7024
34309
1047
2279
52591
8905
26820
18808
25968
31801
31107
29448
26390
5687
51845
60632
56072
18203
38468
36770
29016
28118
29152
33795
35611
13971
33540
56670
17994
55859
1059
15631
17109
29412
53166
3027
26077
28535
8724
30477
2380
33526
28068
1061
59976
44759
26242
52175
28947
16471
26980
17606
28142
14898
29127
29863
40144
3262
12276
17822
26186
24938
33038
15523
60839
34277
3874
44258
34148
61237
20782
2944
1530
19752
30986
46972
60807
8743
2228
29033
13895
39135
15743
3028
34208
12513
41167
10986
49229
52407
25932
31464
24365
61274
1468
3452
1093
4180
2302
1286
1480
26249
12372
12263
15335
45466
46212
56179
30780
56391
26589
27388
34912
61915
15098
53139
33705
54840
10888
37800
18531
23899
20034
44188
18820
11350
46552
27558
41990
39168
30686
7305
26466
17832
44932
1307
53654
41091
14045
1289
58634
28530
3500
52976
22727
15458
29490
56442
55206
38503
15254
46736
14748
16185
52858
40782
51239
30604
54071
18548
28464
14079
59995
23756
49402
44181
51615
61513
24858
57695
59127
4522
30095
20870
30656
32817
36882
1708
30578
17527
34986
9467
52170
2272
12336
31074
30808
26152
40165
38291
46518
4518
22084
56263
26577
54159
17231
53165
17583
27127
34896
59132
53502
55007
34027
60011
3847
30644
15411
24357
18709
55668
51580
3115
4314
56221
60572
27052
45607
27283
3086
2197
3427
26618
3672
17652
52484
58629
2368
46928
22044
15813
56824
29501
60833
14953
56409
9740
30685
60677
56700
55816
61532
17921
28862
45575
56329
26723
17758
18752
28849
30085
1441
46974
50554
16769
49252
26153
8848
40656
22703
36773
7015
39096
16652
28706
15734
17779
40700
46252
12525
47371
26461
29117
54886
17874
56455
34167
20706
13988
7304
10989
17809
46268
40786
34123
6208
1617
15828
27891
56516
28846
28604
52833
9558
33653
29461
24864
34897
54183
60053
53172
38467
17477
9577
3444
7284
1310
53482
40101
40691
2036
36723
27188
11410
30489
23194
13931
15095
39093
56398
48415
16523
50641
9395
1380
2378
34900
33708
47272
20817
50534
18750
61474
20863
27285
40671
36707
2096
1508
54113
47799
61890
23179
30691
40820
36794
39088
9416
10960
1301
62541
8711
15174
16784
51492
1517
27607
52508
31106
50642
26960
41937
55871
8878
16379
12483
27658
2457
28040
26709
26827
27438
42030
50598
29003
30618
29503
16714
36837
27691
12296
26988
3649
16482
32345
17946
28002
61251
3239
29174
46220
17974
18574
49294
3482
18641
32824
16284
40138
34462
25866
15215
28662
24516
27168
27013
17347
51584
16272
56814
52856
2624
41986
52758
30764
28753
51419
18491
2018
25681
33633
45591
26510
20758
27289
39002
4527
1624
33050
20076
26850
57365
8721
6192
7135
2375
35955
3664
27275
3260
61920
3643
20085
28848
14452
26275
33710
1268
27681
3625
8887
12517
46238
2894
23167
11414
56120
2330
39047
6139
30773
18653
60499
17376
55636
30738
26548
24949
30066
28978
7143
34018
7294
15899
56514
30562
14895
16719
56646
18646
48417
17433
15075
2120
3196
52507
35625
15505
51528
48122
51514
28064
18517
2021
9331
39103
15138
27014
39174
11373
4533
22717
34056
17623
15978
28894
6133
43358
53515
55804
1941
7047
30635
2212
50542
40784
56852
31238
27728
15659
55205
59954
39068
33116
52975
51148
41958
60060
43935
17721
53625
53498
16498
18742
49260
33106
14958
2027
16251
33631
26142
54848
12292
26942
52868
27461
27047
17243
53171
52911
2100
33594
15362
27874
17771
15432
28559
17501
60085
51469
34029
2193
27624
27437
17153
30630
2381
45544
28933
52506
52070
61852
17689
10849
41904
15539
52420
52071
2953
8890
23186
34118
14868
1764
37773
13984
34905
2951
11397
16729
51194
34602
53017
3143
49195
43249
5777
63338
1587
3418
14831
3417
28169
17202
55154
25884
27668
8727
22075
4504
31187
15482
52728
61989
3971
8686
17082
20881
6197
14908
14805
51208
49198
25690
15923
40076
56157
1796
26044
15292
28928
28094
51423
2533
51604
31002
50592
24880
18935
55664
27605
16595
2459
27233
60907
15600
25870
51441
31149
26387
44222
15013
17568
57244
17490
53173
52619
22826
18053
20916
33677
3924
33649
3063
28442
58641
54148
60503
26198
4242
30106
17282
14468
3178
1665
1800
54837
46263
36204
23195
17305
54813
13875
15612
3130
59302
54103
20928
17498
54877
30053
60577
44743
28453
8797
56106
15172
18555
16611
61416
58364
28637
12410
9381
15200
56692
37856
61345
51505
14841
61872
60621
17294
2452
16608
15845
2959
26167
16706
33628
2562
3457
3007
26733
52639
49393
27677
60547
22061
11396
56370
15598
56490
31793
6142
15510
15866
17948
28145
28651
44279
26886
60514
40769
44252
46231
52471
29515
17121
41870
26788
25911
1829
56053
16770
20803
16291
33779
43204
30579
24515
52680
7203
28602
26272
60074
14622
2990
52891
39107
16762
31204
1786
3201
15874
46258
30025
24854
38304
26051
16140
26938
29429
46504
1928
26619
27645
2965
31573
15854
56435
52597
51402
33995
59285
52695
30089
63343
15299
51727
27195
18002
52411
31084
27016
5703
55678
51544
56332
39017
13942
33771
56284
12520
30881
4229
56726
56230
29511
40141
28684
33696
56445
56519
27486
2493
34121
2958
15169
60643
3008
54146
54870
61226
17923
26257
34994
11021
43254
61363
30695
28799
17475
51498
14845
61383
16656
56793
15595
55786
18088
28057
55795
12242
50666
27376
16691
56189
35581
61380
28153
27071
2250
3294
14880
25914
60868
60523
26628
7291
18558
29792
15204
1285
53490
56063
3606
30589
58143
15401
48461
18524
60723
17068
55167
2247
43191
56261
46539
46544
33647
27727
28517
17934
52413
48445
34049
1825
15739
49228
27997
35593
38284
28186
60594
26472
40808
4207
61894
27332
27720
9722
63354
33672
8736
2332
14698
15917
17128
22033
48425
48428
61816
14029
56517
16280
2236
7258
50633
4248
17585
50593
55798
17269
25927
25869
56671
3538
47795
28456
32834
56799
1545
56282
46239
15475
60509
15864
3001
31036
3478
46257
45509
36743
49349
49309
33666
36171
46223
51397
22056
12224
16615
46244
55659
47633
19760
21978
17457
18635
38465
56249
17817
1106
44957
60741
61870
18504
34082
33881
26939
2284
39120
16577
53480
22718
2046
3594
16785
60593
27629
28073
10998
5830
2315
61972
55670
27930
22087
52624
34153
43797
26225
43225
12437
56335
5786
28672
10889
40773
17828
16249
22072
61462
41979
1801
30642
17605
9446
15182
25008
20795
28647
20958
44783
46505
52434
17192
8898
33499
38457
23127
29050
28578
26240
26990
23152
17660
17889
15835
34058
25980
15246
52646
14807
28523
2503
4224
30090
26281
29217
23138
1500
17328
17519
40211
2268
52991
18131
35614
15102
28209
45489
50575
31316
58219
45573
50569
56194
30088
47784
9508
17551
18573
16149
26984
26547
60501
46293
33518
52784
61215
1591
17745
38471
14919
15911
3545
14824
18206
56044
56456
30026
62553
15641
14863
36853
28635
31064
3324
17233
5827
27096
42044
58165
17070
53805
2604
53018
41919
15003
14445
29208
52594
36726
33053
40774
56364
17295
27392
30036
15588
18638
17577
38466
37763
10995
52441
15984
34078
1852
14926
18189
7225
26092
36808
15887
60651
3354
27944
20873
14839
12506
44755
23722
27201
34125
55862
44953
2269
29157
28026
61519
28793
59143
8863
30099
28680
2490
2336
35985
4515
29536
62524
56365
7214
24493
27705
27427
28005
16012
7022
17692
38456
26052
15360
26561
30816
18613
20876
17643
53191
28105
12522
38488
31184
56206
27031
26621
61137
53517
14697
1968
50543
39110
51724
31078
13989
3148
20013
10850
33802
24876
29101
18758
3580
17332
18649
28962
27082
51344
33537
26706
18149
56669
36805
23214
27247
29077
2384
43338
3154
36901
28822
33531
61366
9734
61981
57364
14673
42013
3031
21955
16253
40171
15558
19821
17927
29576
10967
53200
42006
52890
2312
20736
17740
60009
17890
2628
30672
17084
1050
27236
16377
16483
52118
53177
51597
17944
27739
40821
4237
15457
34899
17843
13904
41985
51157
28815
1378
26238
25701
56509
34004
30611
43280
30620
60923
37846
2916
27845
34220
56259
33627
18616
15958
20732
56188
31061
61411
1586
56373
30103
60866
16363
20936
56372
51704
29389
22011
49237
53478
28177
12429
30835
51102
52896
51508
15819
15888
61372
17496
26592
23116
56523
34073
23153
52596
61969
5817
17323
2884
59108
4507
51227
16191
54873
32760
44284
56440
26259
34101
15354
7127
1273
30576
35994
1276
34605
27641
16171
34032
61188
3519
15468
3040
16428
36898
8754
60835
47288
26215
21991
61217
45465
60683
31294
9402
27801
33597
28066
7092
15965
30840
61453
51685
14743
26475
9441
15890
2984
1376
28575
52992
3607
60015
14750
17124
39178
44956
26640
27943
45518
59990
25645
12295
56276
24953
58162
18542
43244
56350
1566
1817
27205
27315
4198
14993
2885
38500
22095
62527
42029
40701
15861
23198
31073
9462
4385
33645
17384
24390
27653
35023
27616
18526
38514
11374
7117
31307
28704
26206
44786
22342
16234
17646
16568
52617
61878
26693
30102
17581
17710
1880
40694
16238
2593
17893
28685
56024
53513
47545
50561
61182
22042
3356
43301
8666
30836
56362
60502
15240
17280
3206
53182
2590
3304
31560
15168
56237
56693
33855
45458
35603
30798
44794
13955
33831
55896
28767
59079
13966
14670
27724
1636
25697
46716
57229
28923
5806
14018
51371
55792
56742
26278
17142
51430
56255
2072
24494
14934
60511
14852
33777
22102
28714
8777
15607
51247
40698
59123
42083
50697
51561
10874
12389
44168
15944
61849
9601
3429
61880
34139
47816
53792
17864
49215
20841
33601
8670
50654
27886
1143
28621
61518
1275
31299
19804
10997
56215
17995
18754
17649
23146
2185
15476
20861
60049
58363
56851
45456
52865
27911
59074
4223
60587
29487
61455
14902
56197
27378
2220
14928
30626
17454
35592
61860
27813
30778
1460
7056
55155
26698
3258
56808
18499
47544
56451
34026
18028
7125
54093
25972
61239
17726
61205
43251
52842
17073
27387
56652
60000
3512
23191
15893
29457
10954
35000
1112
15956
33078
13996
36730
30874
37770
1915
18433
36188
27888
39022
38493
61980
27671
20814
47774
18000
17600
16612
54191
28812
33513
16364
45448
26955
12431
26066
16597
16775
40666
48409
15405
23734
38494
29111
27232
54883
53159
27670
52493
37755
43250
4265
56640
60777
31565
63345
54073
5789
1924
14672
1771
13868
3297
2131
26096
53795
15424
30478
39089
27200
48096
15742
23733
32814
1562
58217
51575
3270
45511
56476
24926
18620
33758
14067
60655
3279
16187
4238
26532
52692
15454
5804
49311
51847
55189
33699
17372
23165
51592
53003
57211
3165
48462
18481
7248
27866
56655
14028
14716
59296
49300
3548
15973
28480
15729
53193
49206
33671
33774
2941
7124
26507
27982
17688
31210
8761
52875
33515
35586
61538
34013
19814
2235
17336
43220
49369
47798
41154
7314
60077
11328
36154
1873
19818
54818
28850
43209
30713
33635
17390
47626
55163
36163
16390
52668
49219
26045
17913
28632
32370
3099
45459
51856
4293
3526
19746
45594
46969
45604
17783
15024
34902
40811
12447
48441
27309
14971
12220
17614
2566
26113
15160
20789
16176
27185
27452
7295
50614
15673
60083
34023
2919
15856
6177
47629
3502
34913
2354
30484
56035
41992
2938
3348
40802
32342
56065
25896
51882
16422
1417
6115
27416
38288
26214
16572
44742
60626
26787
15195
15561
54852
58167
15821
28114
16265
18034
12395
41871
46735
2316
34086
37820
26424
48457
16488
30785
59980
56322
1976
59994
56716
54181
28874
49302
39129
41868
28110
47434
18530
20921
18075
51877
48179
24933
57220
32836
34275
26448
4163
1749
28202
41885
52629
29562
12497
33542
34962
26859
53004
41899
3226
43278
33889
27994
51123
20718
4298
28839
16299
53181
61293
39117
2311
15663
56334
60732
57243
27476
23745
3838
52712
55645
25841
23855
36835
28562
15184
27310
4208
16163
51191
16255
1272
15581
27299
61529
46981
25888
3169
7183
52451
18125
53810
11392
17287
3215
29235
51705
40071
18627
3619
51521
47813
26381
51230
50597
3558
9572
33107
32126
28719
16533
31992
2925
61148
16439
15445
33999
26196
4294
41970
46513
61939
42026
14063
51187
51590
43261
56405
36803
45521
3475
30971
52440
19800
35003
17761
44216
35569
33501
37816
34217
18571
52771
8681
30757
60872
16539
20806
61906
39000
17512
61451
4309
21994
36880
25982
30031
25721
61847
27032
26436
25859
16634
29224
17578
26630
52920
52701
13872
38986
4516
2643
50544
11341
14671
39067
17536
56454
33724
12476
3423
12484
7298
56682
60013
27109
39136
33541
4537
2363
13997
28763
58168
9719
26437
56813
15816
32005
49405
43834
4162
60779
41967
16650
2568
16613
52689
1842
55150
15808
29250
56190
26064
26254
2289
1306
28784
28100
15272
26670
12230
27902
43256
34113
28708
27832
29408
20925
15981
17746
55844
44277
41171
1734
1803
1470
17951
30632
2514
13910
15439
2097
7179
28494
16675
4287
4153
34182
15894
18136
34304
52811
16382
26690
59151
44213
28775
14694
27860
56633
44212
54102
55146
52090
2085
58663
2608
28116
61867
33680
28771
57616
18454
1432
8710
12408
17255
3052
42000
30675
1870
22818
26454
33865
19743
52855
53144
41863
15872
52716
38232
16170
33828
35925
25667
7019
60658
53000
48453
42036
60646
52603
27487
22701
61179
1543
15623
20710
35986
15619
28868
2277
28831
30565
15573
1783
3881
31297
17418
2877
52371
17069
13898
15735
16418
27638
34098
9387
16120
59067
51512
10883
26263
27163
61285
47793
9365
60871
59942
22066
45092
16141
27533
14465
18122
56363
20711
46281
27934
17133
30804
18021
31589
26904
9469
9471
25849
55829
15837
61901
21964
43189
52430
11313
27465
14755
27184
3837
2636
36699
14879
56512
37756
8765
14020
62873
2326
17491
61938
2603
41148
56023
30712
34918
34461
15577
1447
61801
2986
30073
41147
11344
56101
1713
2388
33761
12302
51122
16242
31120
39041
52672
17547
41888
45087
15393
15478
28855
20760
25993
47306
14808
17340
41114
52700
3867
55133
17741
49196
59960
31594
27699
29252
27905
45499
28149
14791
51386
17315
2306
41124
49401
41132
60579
16021
30845
17078
36777
52826
15188
16374
16573
7151
19812
15736
40649
60563
2865
18703
8790
26944
48482
16556
28466
26201
23106
16188
27384
16221
40689
17873
29504
39054
52076
54881
35991
27057
17216
62563
30032
37829
43215
52084
56829
28560
26517
56422
26560
42055
3126
55887
40156
61326
16495
17725
60644
29414
18135
41840
7238
56369
15626
30707
7108
17684
3087
61804
40688
60558
56070
51147
30784
52329
7039
15368
43342
1100
61875
20935
36788
62543
36765
1513
24873
27259
55784
49314
56246
26509
25689
26985
14619
3438
28859
27181
40088
16413
54106
24886
61460
27149
1861
30703
46529
49322
3513
61185
20910
1311
40137
2577
53797
15186
16739
55841
53506
2217
31558
18629
47628
60769
27421
28146
27222
41105
45098
27680
59086
31028
5705
47790
17120
33849
17764
49363
45482
14942
16014
31169
4250
17807
17523
31552
46216
60892
26669
56818
28938
61323
61355
8816
30468
17816
48459
15566
59957
15243
15319
3117
28084
12482
26626
34144
18495
16745
27736
36182
28723
18749
15509
34611
1402
1121
4160
61371
36821
17651
6145
8684
16472
36895
18094
5666
2431
28973
16630
27611
59107
29176
18538
60792
28460
8685
2946
55193
29040
25666
3913
61904
56367
27703
27937
14873
41181
14096
61836
28917
59932
46233
15112
15479
61510
17755
52634
10966
34996
61238
9338
45105
28011
17969
29088
26413
55171
18141
52380
53636
31215
27323
57221
53508
33791
55880
30992
5707
17449
18047
2448
11315
56473
25692
27217
38285
35012
26714
20713
14449
3521
1819
18770
30671
55677
51596
27837
16232
60883
50556
40099
41872
41974
28170
29002
17462
54101
34192
17937
18569
2964
2427
25875
61887
14907
53657
19824
25931
25679
61408
15217
33866
1408
14812
35616
2517
34205
56320
60687
38306
29100
22372
18823
51497
61845
61864
14695
46296
43330
46206
36184
53655
43264
45598
54098
44749
33979
2988
27654
3303
22083
63174
3669
26003
60827
30046
11339
60056
30621
33065
24879
43232
9487
8792
17730
31988
15344
35634
16177
45581
2465
3170
7089
8667
3057
35017
2415
10965
52872
20740
60054
16213
56459
2634
4254
57595
3385
7088
15521
1501
28044
28512
46953
26162
18523
5769
48483
56484
33084
26675
47421
31116
36156
14949
2338
15515
9713
49246
16243
47630
40809
62847
41959
27712
32255
17544
56269
3105
28075
30569
24860
21976
51153
1782
56205
3919
15051
30486
54067
61853
11385
29241
28908
28495
51421
56113
42014
17773
23724
27973
27963
51484
53493
60592
40205
61163
31033
56317
2859
17140
3505
60851
3633
12350
33636
17645
6159
17804
49251
26659
3204
28102
16273
30734
56496
3551
61808
57218
7017
28601
26632
2475
57721
31202
30460
29441
60030
2630
19805
28667
28860
18730
18483
28098
49243
46271
11327
54174
1612
8734
53007
15992
26916
35602
24882
49332
34070
15390
49331
3416
29221
31802
39145
24992
6184
26037
61842
27089
25997
26606
35568
54076
36909
23768
30978
52912
17320
3884
2617
14935
19835
62562
61921
38219
9247
43302
17786
20036
59120
57230
17930
40149
56294
1277
36876
37797
46957
56097
14802
27322
24937
17587
23163
24893
41941
3828
56634
56060
33799
17126
1308
57597
17307
51358
15241
14756
36784
7267
17272
15589
3474
7170
24988
14004
15585
16344
44283
61133
41111
41860
51578
10856
4289
29531
3425
1836
51359
7266
26568
15620
58226
27179
15568
61929
11326
40683
28459
4148
20830
7171
26514
43920
23147
56483
40154
26081
31189
49289
28234
61145
24959
7105
14686
17680
57219
20053
26715
28659
40104
60926
27711
51432
39162
41109
26041
56847
25975
28883
17306
17318
15274
17622
25964
20763
18717
28981
15155
27675
26471
28755
3977
20931
26231
32542
5814
2265
3174
15376
28101
22822
2035
2023
56267
36714
2029
6174
49244
61191
28165
46950
2225
15064
49182
30759
43265
26256
3480
30045
28814
15128
3588
44973
6110
60066
34612
27146
43210
47569
26400
26952
2341
16598
52467
3647
20954
18460
56636
48463
2297
3184
13977
53153
16685
56043
2618
22332
28501
56805
29869
35580
41092
35578
51541
50584
14854
18825
43927
30602
13949
56145
46285
33615
16321
40120
2981
1944
11338
15979
51161
57710
52732
61377
50566
3432
57205
3483
27872
47282
12415
23120
18436
17486
52499
30745
43349
15908
1675
14906
4239
42001
26094
31219
47293
37795
17122
26683
28062
51883
57707
46687
3089
28223
16758
1832
23747
17650
23131
54829
25860
51112
30829
56467
20742
44754
32347
49298
43184
48433
56858
17209
25926
40803
51444
33108
25891
31234
15940
33610
19815
43941
8723
9358
26432
26816
46289
39119
17177
24881
18744
12275
27131
51470
49201
53475
28932
39154
28468
2192
7210
7212
56142
3054
10880
51547
8807
45586
17329
15844
2241
4375
34917
47638
51571
39163
41853
52919
29021
17668
24946
12342
52870
61831
27176
18914
36709
28454
21998
49262
27998
1309
12418
4367
45583
20889
26921
28122
14725
44966
16494
3185
27721
27898
12473
2400
26420
1670
56535
16425
27882
2977
52449
53156
56746
38459
26411
6196
16147
17900
3857
28452
33101
1980
39130
29215
60873
8829
3646
17509
34132
28837
9363
55800
56257
27135
36195
1779
1731
31042
26551
30559
63341
12504
55639
16239
3490
14451
16536
32111
57241
26946
2500
2219
20938
26014
3138
20778
40119
14715
25706
18498
56403
34030
46982
51390
39122
26833
27253
36166
3923
24489
7169
20829
27717
3936
50565
36899
15379
3321
37852
10841
18215
7265
16575
16287
54068
46534
57603
59304
59075
46282
20872
60027
17933
17131
3975
36172
13900
3516
16406
31428
4216
46224
52428
30641
18706
11370
15744
11407
17276
61419
56058
39009
15323
27826
31216
44202
45107
63336
3061
54858
16244
55203
22015
20723
3313
18466
61444
16391
48095
26821
9600
56794
27404
16543
8692
40681
37831
57604
49271
5702
1052
17750
28858
28727
26027
7165
8698
52657
28128
53198
34060
36893
28457
25957
31554
17313
15480
34019
32746
60656
17711
17734
27414
17871
1110
45077
56452
27535
27808
14466
53164
31154
61886
57611
16368
1610
9373
18913
27614
61339
15829
17132
23124
35598
16599
36153
26676
42057
2463
35583
7011
41916
26031
27884
29096
4379
53642
56810
62554
3832
28112
28135
2982
49329
60834
1653
2244
5653
29472
15988
4243
18731
43359
30487
4210
1741
2101
31816
25011
60863
18942
31111
49245
60495
26822
25995
3506
56231
28724
12246
31563
15105
20834
17226
27472
17239
26183
31173
27175
28788
51846
42045
23137
1722
12311
29163
33864
34592
29560
26151
33760
28944
41880
36828
3942
34103
39111
27996
33673
53514
46792
16011
54091
43311
44211
17460
3035
59112
14955
7282
30490
16743
3000
9735
29454
9374
20837
2074
11355
1119
50713
33840
41884
34944
3471
28691
30797
30600
16324
16727
7198
15331
47796
29169
4244
32112
2088
33814
18038
27817
29807
25903
46274
27948
35030
2442
28764
28692
16639
12307
1312
52844
30465
20776
33981
1743
33850
45488
44196
15166
40830
47301
17229
30593
23903
42022
35622
30590
17152
60595
26174
24874
26655
20955
15310
14053
55767
33608
61197
38481
18091
3132
23212
31043
14735
3073
54821
7204
51609
29150
43186
3573
30494
17705
46235
17367
46980
29550
27001
31007
16752
51439
51881
9483
45461
15926
31194
10866
2128
59118
33812
58183
2619
2497
22827
61399
32823
14708
14071
56368
7250
38509
30100
26394
16417
24911
60888
2127
61263
15016
17852
18928
51474
14896
24960
46537
34143
37860
18741
14687
18007
45582
57609
34984
16297
27946
56843
55174
2571
8786
50657
4164
26512
60805
48101
30040
2615
40778
27939
20945
26430
51351
51710
17683
33823
52444
27166
60089
24922
28718
28035
10878
56136
16502
29222
17985
28096
62567
18728
27081
17896
14829
33511
40817
13954
38454
42079
31195
60831
56355
15952
24518
28120
52642
14713
40697
14876
20862
15234
8844
39137
1315
12344
26161
29226
18776
6144
16654
61874
33620
14608
26000
39097
2920
56724
50651
33057
30658
60079
17633
20896
33989
61229
20816
34968
61320
28687
36891
60668
31019
56160
26558
24517
56739
16427
7038
29391
30796
48448
50538
18598
61167
36841
33784
28532
54079
15404
23225
36731
17473
41096
36894
18747
15293
15832
26022
35958
29867
26654
51188
47622
56077
14813
56303
41906
52806
52863
36175
27278
26915
2937
22048
8740
29434
1242
29214
61990
28509
40085
27829
22105
24966
54075
7129
2124
31010
16489
3437
36161
2478
56254
30041
26143
45486
41913
29483
3142
34157
3657
27216
51517
14739
3114
59937
60702
44254
61472
30690
26646
18713
56325
56049
56389
28851
30790
2282
24910
14862
32748
56310
2525
28023
31040
17511
23150
51501
29498
38462
3094
39070
51616
15341
56323
18508
33037
61259
50616
51871
30498
51880
52167
16728
56736
44753
23220
31013
13908
18010
17344
29500
17214
26538
29467
24983
59089
52169
28819
47786
52632
15162
61210
34923
18072
44239
23145
31020
17289
33730
16157
15502
58151
26934
23752
53646
48439
17196
27606
59092
39092
18654
28572
12252
60817
41947
28616
33605
26427
56738
29872
52185
12465
15841
28772
56680
40113
51543
28950
9382
3205
3141
15490
17630
46737
26239
60775
55860
3298
41858
2280
30457
3979
27045
46977
10976
55674
17533
1872
1070
8835
33822
40797
23228
2270
26906
20798
28595
15099
46964
28892
16174
1462
34195
53510
27393
7035
51620
17707
60705
49362
16412
55899
4380
30049
23140
1255
29403
16138
18067
56811
3048
24932
30806
3240
15206
27639
51110
2573
7275
17135
27230
3192
51204
44184
14463
18650
56497
16475
24945
3404
36208
15873
15877
29805
43833
15651
29419
40150
27358
52982
32761
40791
7071
1812
35632
1367
15115
40655
28471
43327
52882
33698
25861
16158
1239
17237
29809
52804
28137
15296
18738
14921
16490
52840
28776
37806
2067
49266
15834
51436
28956
27286
49265
56268
29041
2071
20038
28590
3108
34216
54163
14990
18102
56481
43223
27737
56737
3901
59961
56850
28935
1778
13878
40706
16155
50669
27300
19759
16245
9485
27917
61889
54069
12509
26911
26809
56198
31077
10887
17088
51536
46521
18943
15920
52419
17238
1440
37781
16440
33621
4279
44757
28899
30822
17119
26680
55642
47788
44180
47416
15740
9321
8824
51221
57222
14800
2970
1607
51868
34997
14066
41966
23149
56677
25987
38501
12489
21989
19817
20860
15370
56214
52494
14482
38487
17555
61170
31190
28866
46251
16469
45490
55837
27227
1416
29440
28853
36159
17201
28959
12369
61841
52696
61865
6168
4267
56408
60071
47428
45467
61521
35952
3231
33646
52431
12332
40189
11417
26789
43266
33040
61928
56730
60512
37863
27952
22027
44233
61948
57209
18465
46262
28140
54178
1493
12322
3973
29060
49382
4195
15171
1725
36881
36859
18559
36008
40175
3493
2108
25669
2918
36720
43309
45567
18939
13976
16689
17967
3200
45477
36874
31097
16313
1063
1798
31317
60582
37822
31806
31321
4295
26981
31804
35567
14015
15165
18444
18431
8851
28481
9359
52504
56463
37782
52352
31095
2322
42062
3216
53142
16759
33118
6132
14969
26499
35013
17442
42011
54170
54111
18145
50660
16331
61404
51434
27713
52325
2352
10875
16384
30846
28835
7037
30677
31176
16292
52645
17497
34136
62535
36780
26392
18147
31025
17137
29438
26241
52714
20956
14021
27723
27627
10854
24391
16733
15431
30464
51238
8758
52974
26099
11366
15499
16376
3642
30740
56745
34974
3659
60740
15056
17369
18831
44738
61946
5773
15738
6166
10894
48418
27220
16276
31461
1814
35945
3878
52787
60691
26232
9370
30037
1420
42065
16386
1767
1602
14731
9596
43353
14080
58207
15746
41961
35588
3661
55666
27363
56172
40160
47835
16541
1929
50637
43300
5685
49335
50676
56052
38988
44200
25872
31429
2248
40082
15616
2591
50715
40676
59987
29126
18606
1901
34198
25954
28147
3836
51520
15291
27851
30702
18501
31177
3391
20730
28500
25874
60914
15533
22055
15998
45500
14834
2483
15664
3232
60615
15067
15860
11015
15134
44788
16651
9562
39176
27274
3485
56066
34107
51219
16230
40777
39051
33043
28702
9594
60727
24877
1756
40684
19765
29865
41133
34083
15449
37808
56381
13972
17611
52635
38286
2115
15303
1821
7288
52644
54096
52653
15826
15361
62846
10985
41172
38473
14957
27450
14473
25971
20924
28712
20819
52995
26565
9603
52718
14810
26001
39026
30753
31072
15042
24914
29578
16647
28677
61979
15591
15610
52751
2464
26842
34593
60553
25674
57237
14702
29468
26025
9369
28125
47273
14621
61331
30622
3885
1689
30599
44748
18055
19830
15471
48103
22074
9500
27828
43221
47782
34131
61447
7078
39039
1481
26803
14822
16326
54874
14604
56185
3360
60497
16122
27208
16787
59293
13981
1546
19801
61525
61822
2416
23148
15500
52450
15443
56673
31001
51117
22371
49293
46929
17400
7255
16486
57351
51588
20043
1883
47270
33846
14899
27959
56275
16553
10971
55663
58154
8764
51719
29004
60812
27799
16778
24519
3617
22003
41859
20719
25007
45109
56311
4189
12299
29479
43361
32545
19813
9751
1579
3814
27855
27342
26978
49241
7270
16308
17625
35992
46507
48123
5697
54831
47634
46943
56817
53169
1672
11004
2373
15052
33987
14613
18114
4377
13901
15934
27156
40215
45473
7148
30706
50691
8704
16198
50652
31236
46266
60712
31015
14097
3019
33639
17339
27451
14843
29012
18443
1506
27635
2968
58360
51607
17405
55777
25720
8885
13932
9565
3592
41163
30554
61960
1595
1394
36806
52808
26506
17599
51381
56462
61206
26103
26007
14667
13956
15366
3080
56518
36787
16401
18020
61480
54127
17408
27847
17631
60885
28025
26224
17355
18586
56312
14811
50578
52081
8841
26021
6146
1487
8793
32338
1833
23204
18458
14454
61925
28078
14685
18614
52510
17080
5805
27666
39031
28037
18112
28017
26569
30676
56672
31580
34122
33709
10892
52682
3102
27060
1317
10844
6187
52847
11005
14744
23187
16736
61517
44246
20768
56244
27615
18624
31126
55864
19748
34924
50559
25919
29026
60552
30700
15412
3428
36150
18494
29406
32257
47787
10847
3958
27440
36732
55675
27667
18074
12293
16216
61881
7063
31303
56280
27133
2508
49399
40686
37784
45588
2502
1072
61912
52705
3591
60559
56252
20761
42052
12502
26902
27649
61486
43360
52351
54083
31030
21982
7312
46955
28820
33851
46948
34219
43258
58669
62871
18171
7131
10890
17861
51220
49257
7112
34197
11337
60770
17918
34178
39181
5798
28047
52439
37780
11404
26456
34285
51462
3407
40783
56661
34597
23157
61235
47623
31211
41969
20769
49323
32357
55840
17849
22057
31463
35033
25976
14705
51566
19834
41999
60075
62854
15448
34914
37833
25656
29081
18923
3511
26910
2913
38991
48180
48471
43326
17326
33790
26248
34179
18921
3968
27454
9742
33977
15512
17685
15980
51613
28150
29247
14005
58177
55173
31922
3342
34922
27938
30568
48434
59928
45453
3291
13927
29196
29436
11372
21993
3123
13867
17373
32358
3051
56293
51532
13891
15144
52664
7207
39101
12425
52843
34278
34036
36190
15232
3967
3563
18591
24929
24985
43295
27458
14980
29451
49357
51180
26226
18006
26261
27652
17264
61987
16528
26449
56030
7121
26595
43219
32535
56150
17736
49324
27617
31130
11003
60842
39095
60911
32368
46226
23904
51621
34296
18477
51154
30481
4361
31092
49358
34975
26702
37836
2449
2109
51228
35015
18594
39149
15107
49345
6160
41944
53645
41144
29017
51466
16152
58638
38463
7213
12341
30972
28152
56527
26262
15948
50609
40100
1080
1424
26396
51876
3436
2327
51735
7155
56209
56114
50588
15391
12492
13958
13877
51171
27069
4261
16757
27853
55817
33827
1830
61491
59096
26525
26440
6185
4150
14600
34969
7113
51697
32004
45549
60046
36813
60854
49365
52083
27048
30633
2489
52999
44752
22702
60813
34290
43224
29093
55151
30584
2979
51477
26924
56345
17663
44784
16398
38283
12472
34001
6158
14979
56465
60815
1793
3310
28042
43241
61405
5662
52731
27113
17992
15563
28984
15255
17833
1104
14920
50549
55177
60549
30643
2313
30817
45123
60564
33727
4280
17360
28769
17434
25648
52481
5807
31796
38511
14662
56359
30664
54110
18815
59149
35610
6214
53626
25657
17412
17635
30828
54147
59071
48119
17348
31014
16633
17325
59301
7306
51200
49404
52825
18214
2019
12254
14058
14724
25965
8906
9450
38470
7034
8679
3675
16580
52910
27947
22031
17866
14809
46237
2121
17352
34301
1972
18583
53494
52168
1456
39037
26550
30979
26075
29097
61297
1465
26686
45476
26994
23778
15511
15669
56504
54132
3376
56712
29506
33879
18520
1878
4167
32547
1794
20892
3539
38226
56676
49275
58755
27180
2903
1864
49383
56831
16348
36812
40086
60748
23110
56348
61952
46946
61357
30564
56165
18812
30760
34596
17659
20750
27970
35577
28134
27143
17860
26956
12474
60756
3980
30873
3388
26778
39073
20083
26638
43303
31593
1429
16781
56344
26796
18814
1296
18607
24996
18746
16542
24921
18704
47807
17397
43928
31298
45090
37779
16649
56308
52899
19808
60673
2122
49183
15202
33688
23719
57210
26965
18700
16560
1353
60784
26422
28930
60532
52988
16531
62550
18434
22063
6162
41918
15325
37823
47267
56529
50678
14043
1246
20906
30752
3974
15678
12268
18720
27145
61424
55186
59997
52676
15062
7046
12426
15127
16294
14983
6157
55651
48455
28103
17075
3963
52461
62533
17996
56464
14442
56735
3065
26979
15342
31085
30074
43921
12304
33616
15999
52815
61461
62845
3381
60067
28653
2117
17262
29430
8826
51150
34057
30062
34022
15318
3939
23169
56637
20715
27865
56857
23097
61967
52626
3856
58157
20888
20943
28886
29527
44214
24394
16421
18608
29007
20913
14469
5664
7311
60504
18609
3278
51384
49193
7029
2626
34225
56400
30585
56699
56470
1288
56416
52739
52820
62522
33519
3522
27112
4528
57709
54828
26930
8782
48477
16596
58205
1560
60078
14607
3577
54086
2956
10848
26385
14828
26407
26817
11401
50613
18755
31584
20912
60500
10891
43240
3629
20721
61308
56450
7059
17210
61218
3341
39102
16366
56503
15440
33721
8852
26563
33870
51355
51537
26255
63347
26515
28834
56037
18488
30631
26887
56088
18941
7114
15494
3673
56638
16591
25680
3110
16277
59965
26049
52648
29502
15189
33679
29020
46215
55833
52687
25863
50685
16527
56468
33538
2546
16301
35014
7137
60869
8775
60706
8843
36897
31069
18470
17845
52905
52907
42033
34279
31989
52180
22726
26810
60905
2629
55821
28660
52792
1906
51540
55672
41933
3370
25001
60859
55775
27091
31591
56138
15228
60721
36185
10978
3528
56415
61809
45552
1423
44235
49395
3353
6175
18026
56686
60070
22370
28985
61393
27204
55159
4188
29181
52652
59948
35016
40832
17118
28542
11409
15564
38987
3190
26804
3819
3499
17526
28629
29015
41159
55815
7226
3256
14035
31121
26243
17357
51091
28568
42021
6155
18155
15020
16380
34915
28486
31244
15190
1603
31117
16410
2125
26401
17594
11365
17803
17170
26474
17823
28226
28178
40109
54074
60560
52396
36818
48436
51406
55824
18603
10950
33766
22093
15655
56129
15621
18500
34028
2063
44933
45124
33685
57718
28896
49327
52767
16407
43277
45480
59105
16290
55845
60766
59087
14758
61230
14851
57618
61187
47372
13939
21986
6202
54838
26106
34213
41908
4302
25672
32124
29110
61422
6179
2325
27224
26388
27656
3306
26849
16718
31570
59966
60051
52501
1443
56423
17751
34989
2862
39151
25909
37854
50605
48414
17181
28231
16137
2969
10873
41175
28565
24871
55135
1491
17569
17492
30548
32000
2544
16420
12503
17825
52640
33713
16516
45481
52788
60816
3182
47276
25658
53197
11019
2186
15194
1733
56443
29405
9404
11010
54862
60780
24356
1044
16655
25886
1141
57702
3091
59914
60535
17700
32356
1147
27908
34050
29071
3887
15417
28192
27238
30775
50648
27270
29397
24930
17312
15423
41145
20790
20865
31811
2498
40815
17301
20753
23184
15818
17970
18557
19772
14904
7209
34079
25984
40060
1809
20895
29210
52446
16456
60068
31183
28433
15825
3368
52741
17381
15050
51201
46531
45484
15073
51456
9368
18195
61389
62536
7077
3535
31568
17553
18634
46937
18830
56316
60862
26190
5695
23100
34463
37804
60092
55808
2222
27249
27950
26079
9391
42085
3193
56040
1831
28756
24961
45533
43289
54865
11324
12260
15444
54119
4246
41851
47302
18817
56338
1120
29066
8855
5704
46209
16136
12234
16286
36005
51382
3532
51104
4539
1439
61922
47266
17093
17789
32369
52816
20050
27467
44974
59124
32764
16116
26417
18545
32355
31326
1347
2103
25705
28631
16534
25990
34582
12289
52488
34105
27547
59305
43214
17443
1146
60613
34012
51392
17111
63334
15582
8729
28220
12265
56659
27489
18762
44190
2564
37840
27189
15624
3253
1490
15375
53628
34289
12478
40098
17853
39165
14801
26518
52427
55137
1407
27264
17200
4252
1254
24852
29535
33804
60900
16517
31551
15859
59939
14696
1935
51696
20810
34598
28136
56394
51524
59926
17266
43282
28133
34599
60008
47836
8705
27965
28954
27266
31018
40184
26983
61196
12348
49319
42058
17432
28536
37811
32541
55184
60799
41879
63350
2563
4222
37764
34152
25655
27144
1479
27154
15907
22821
60915
8733
30078
55655
44266
7086
45525
7104
25985
57697
29390
2411
27018
12301
58199
60543
31458
7178
1287
5667
35954
10983
9443
2073
9328
19802
43313
18497
31164
2037
3630
26421
3103
45479
60846
28642
16180
54130
28093
34907
7302
22038
22043
3311
2883
48487
26484
27816
49379
30033
8874
59154
11013
53659
28689
29056
34061
51482
25969
15635
57363
53143
5822
8746
56469
7246
31436
16184
15977
41936
46791
30595
44789
16503
28789
31561
51350
40679
22108
16716
27604
60826
18810
23104
36705
16760
30479
15205
20940
33641
27662
44790
1510
33090
55782
15434
52980
61307
49218
16016
2116
60695
6195
12239
44962
20046
26941
49377
56846
51433
3556
1823
52181
62529
1718
3852
32816
15974
15398
20746
56069
29109
26179
60715
15074
29086
34180
46686
17259
3934
16332
52997
3176
34305
49269
12500
34017
51235
52323
37839
17749
18133
59139
15110
52880
8768
9592
25864
8678
55161
52711
52889
51119
58169
18633
26467
9337
34164
12240
27064
8680
2102
15879
17780
16397
41117
15846
61882
8766
26708
34209
58218
26785
22058
44276
1079
1594
62870
26613
52979
17892
2113
17102
17836
1580
27059
45078
46278
15395
61539
33767
3402
22096
45543
27194
27956
25913
11405
59951
56356
31217
33535
1710
47430
26602
26053
58222
7145
13883
31906
16335
17950
27644
14719
3639
54879
60526
36892
9333
59924
26545
16338
26790
26425
16307
32354
3257
54078
18012
25895
15403
61968
20890
22088
28710
1316
40772
44745
7152
15538
45449
33632
15225
33986
45560
26658
17953
13870
16358
17242
1551
12491
3632
51857
47804
1558
47821
7310
24512
47800
3863
1781
16378
8892
5679
56444
48486
25901
14027
15969
14856
50551
41182
61475
51418
4292
15427
16237
40153
24381
15218
17130
7018
27350
7202
6170
17203
50547
15878
26926
17546
14594
30570
23183
8673
51878
5676
58175
27490
52172
59958
21985
34957
17514
28132
17862
1085
1281
16383
34040
33711
26914
41120
41943
60032
16262
41155
10872
13944
30751
46506
61520
28195
4145
62851
47352
45534
22001
30736
1715
59122
55141
3853
29505
40103
26933
32822
30856
30868
16713
26603
53650
18915
51472
27244
10959
16524
44267
40212
52369
26011
27328
9345
60528
18024
35628
36721
28778
2897
56057
42076
14835
7162
26991
14924
33609
48094
36842
1838
29090
56508
56132
40796
16250
28513
17489
31076
30628
1556
6128
27419
17856
31124
35022
3581
17778
61261
55627
14062
30877
54854
26605
54133
3149
2642
12413
26542
44243
15156
26791
45085
59984
4273
18029
21960
16642
38299
30735
16258
56287
30682
36857
38246
41153
17549
17738
9431
12278
18070
15508
7109
17426
1073
34981
46259
36196
1569
55124
26520
26540
24386
18050
3670
52179
27083
15416
50646
29013
56704
1124
3568
16314
27910
56226
1869
15990
38995
15840
35950
2910
25865
10871
2992
1888
57705
18809
18639
27318
16236
17380
3106
51879
19816
27004
16474
38477
5658
51864
56413
3895
26457
43343
40111
11330
29533
43239
2223
27417
33643
4155
49221
9599
33687
17991
17180
33024
2477
29546
16605
59953
17232
3959
51373
18482
15045
3441
56117
51403
3058
3612
27420
44792
4176
1505
36902
15279
22024
42047
42027
15355
43275
49398
28697
20048
1678
25867
33826
32115
28080
31047
12227
3589
53152
42069
59300
24920
14013
22817
14000
9730
41839
44931
1350
27375
17752
3017
18107
25844
13905
17574
4206
4253
28762
20823
14091
12317
54117
15348
52744
28885
35011
29143
16130
9725
2975
56228
29141
51622
36764
14820
26825
28054
27864
22045
49232
17810
52171
9376
1405
29399
40161
41854
32539
7136
37777
28586
16771
61433
1302
13879
30832
38452
61153
40077
27991
29175
52845
12309
57355
52399
26857
17341
57612
17829
1395
26718
25951
18447
16746
17478
20951
28555
1792
30492
36801
11362
9426
56131
2054
39003
40219
15053
25010
61296
55838
20749
43226
28060
56166
26168
25686
61527
14947
2288
51416
18818
4304
2357
2901
14022
13998
18707
1087
41094
31050
53644
1117
47305
42060
48466
8859
49222
51573
15986
31071
57226
3488
30617
28123
16772
1826
26529
59072
27539
30799
8697
1631
3903
38990
14859
29795
38996
16751
21958
30612
17647
27609
27916
52998
25003
8893
7091
24977
29540
53512
8668
40168
41121
29238
26267
61464
49373
27732
18452
27631
18547
20815
29415
15517
40152
30645
26428
39180
3665
23099
62517
30052
7140
46550
9598
36162
8677
2622
17123
7256
14690
34490
28646
8876
55190
3145
27121
1582
48427
18492
45086
17532
16585
37787
24349
18604
18612
14960
26462
17610
34594
29195
16582
49272
3118
18727
32750
26845
15352
30993
20037
8757
16166
26080
1623
26552
51394
60534
2260
59999
2402
36772
34051
20877
27672
15606
17732
30888
16653
51495
55772
30471
27402
34037
27024
15537
26839
42073
45559
8837
18013
60536
52669
28965
56147
1810
61280
59978
13914
52381
16269
53163
8682
29565
7132
18659
29028
15339
52625
56685
1389
61268
9429
34222
30776
60793
61147
61382
60852
16586
26699
46207
2230
2451
61861
8813
15469
50579
3315
62848
28127
56091
56288
12391
60704
23853
61412
1629
15158
53651
7100
2386
14793
51714
18765
26199
1898
53485
2638
26008
14747
58664
43336
30843
51526
9602
25663
15933
7102
6120
8820
15000
27209
28654
41160
3941
55652
16381
23728
45485
41893
29233
18120
12462
5767
20959
40787
30737
22067
2644
61435
34302
56798
61171
1936
45537
17609
17670
55870
16581
52486
1583
62532
55889
35929
30688
56718
15185
56714
47822
18929
28937
16491
15524
52683
34203
20914
43242
4221
3293
17796
46523
33829
16179
25935
58648
3584
1522
27441
26574
3261
16400
7076
56688
27936
26048
51583
33835
56103
40822
26711
35018
27268
17791
27811
51165
16540
48188
25716
34146
15297
18014
27042
12392
51480
1108
15625
20061
53180
56208
43201
3978
9407
28067
20069
61257
2623
36860
33972
61976
15921
16721
9405
52879
26465
20040
60682
3043
54815
52810
40126
52415
18636
3327
12401
31227
44260
56650
3135
31065
26464
28842
30669
60520
53487
56691
31233
52647
23181
26610
43285
59934
38512
43248
38515
3254
48183
44166
37826
13922
30882
1314
1914
61265
20897
3326
3419
9455
1238
17797
33820
20850
33613
51720
26159
27011
30750
15453
17687
11361
51391
28518
13950
15133
12515
36871
52768
1351
56377
45079
49190
40114
9474
15343
51190
35623
28549
3464
43331
9579
4370
25646
7252
12305
17452
18743
60773
26662
35010
31114
28071
3337
52837
36829
49290
31595
26607
15377
33110
2473
52426
3255
53196
49396
27170
14075
53203
51706
33668
61485
2259
28818
51595
33505
12493
29171
27015
15191
18181
15858
3620
1788
52790
45501
9453
33701
3509
39109
19766
24980
3654
23726
44257
25989
56184
26250
16288
10860
35562
49179
17884
27682
20777
15059
54129
44768
18166
49234
41950
15662
30557
33776
49254
25936
33883
26896
42082
48460
44740
26434
15672
33874
7083
18485
55785
54195
53011
2421
3316
57212
15314
60714
30884
2392
51503
10999
20950
58649
36692
15513
34274
27257
43273
34586
52789
55865
26587
43270
29055
3167
27292
17310
47285
51557
43936
28090
60830
17938
50563
25678
27214
29213
14478
45457
9590
12368
26228
33046
6112
43228
51250
20905
12255
61376
60571
40108
34940
28681
39143
34946
29860
58192
57598
28813
2950
9380
46248
21966
41891
21988
9460
16298
27240
1627
33862
17613
20743
18078
8828
48178
46954
52637
45515
60728
60710
51530
56449
2061
3671
60004
45487
15332
9456
54180
46786
51241
30763
17176
33109
33880
37827
31991
36691
28948
61535
15644
16682
29575
27544
15103
18468
52375
26269
50589
56155
45082
52993
36819
28187
14936
24918
61249
4171
16161
53627
33063
15284
40178
12393
54839
33629
60022
1140
34187
40823
2869
60920
9326
25923
62540
60516
15466
48186
45088
45468
1292
3472
34046
34480
53150
1654
31983
16722
60686
40116
1363
41927
30027
34094
31079
52691
3826
1638
56399
48451
6116
14082
58220
2042
22076
27151
32371
16698
26170
54171
60772
34948
57703
24385
3917
27094
43206
30553
16023
38298
17993
61178
28138
35941
26627
25988
56245
17522
44215
58666
17350
26929
10857
59130
1640
9350
59082
16765
33080
52877
7249
26853
18833
17156
18105
15030
2106
53176
2281
59142
26854
27495
2304
36760
15605
60685
3362
18057
59116
17199
39032
29492
49305
27343
1784
31110
14954
56232
11320
60785
39133
51487
8897
32256
17813
7040
11335
28198
26402
40130
14074
17909
4519
9361
3858
16426
27473
12455
44764
3953
29396
49321
4192
61927
8847
6163
8846
36824
1477
13919
52618
52654
51606
57246
44929
3514
49278
51256
15811
60033
39074
51752
9320
27643
17406
16195
9390
3449
7279
33112
45580
33035
46924
35987
35591
29539
40827
37794
17916
14870
2385
46272
36852
17354
27814
28088
10963
60922
23754
56796
36827
36896
60539
17759
33801
61136
2904
2309
29001
26026
41158
28038
9574
30989
28783
45547
23777
51379
39010
2199
15609
29422
18087
26055
7061
60616
61247
31068
16609
26801
15321
1811
9343
15147
17802
27695
57713
2201
2374
18568
51185
12356
50634
26489
29513
60047
47777
15104
33604
26724
29559
52377
27445
27415
49296
43324
15941
57591
55178
3150
2521
17760
28668
6113
14683
29482
23114
56148
59148
61141
52322
18832
50674
30854
1516
12247
56327
29057
25974
16375
35951
34210
52876
18463
55676
34184
56466
2880
15022
16705
27425
17424
39014
20704
31070
51722
52693
61497
50595
33493
46797
1889
14457
14945
31924
8770
2233
59911
27055
6181
8702
60820
20082
51168
29225
9463
44937
2025
3033
26155
4149
2299
22724
33089
16365
16150
28506
43933
38491
41152
51475
43290
18199
52985
3835
33093
14799
20884
15359
1095
27812
26526
16640
17673
58631
28674
28745
15197
17799
6117
53025
3424
14624
2595
52698
4234
2553
25892
3456
55801
26221
2048
7299
59117
31099
17988
24350
24986
61859
14460
22106
14003
3517
26830
2872
54164
1717
15676
30666
51255
48112
15814
27904
27835
24963
30038
58186
16354
16389
34954
41890
52661
23139
52663
60661
58182
4203
53006
60841
31057
15913
9419
3816
34458
30623
3389
17319
11332
57234
40129
7049
17356
2861
15809
61442
41126
3250
2123
19768
39046
40707
43246
7230
1442
30034
31229
30488
55869
18008
45091
8708
36825
12244
3448
4521
14709
26274
52384
16341
15950
16782
17399
26633
26013
59945
29443
8739
1054
47284
56667
37871
42009
45493
20770
4511
61992
51712
39138
31306
30461
36789
57348
30887
2971
1123
43293
52772
34151
2050
28522
50564
29186
28847
59140
2262
26620
9718
56121
16352
12306
28573
44780
3124
51352
59982
30496
23101
9422
26147
3066
3259
22340
5797
6147
62860
20857
16700
15987
15066
44192
22100
3125
8751
27651
5770
55852
2057
1655
2635
47427
25845
7219
14925
60912
27293
56458
16672
38233
15306
38993
29477
60649
14917
29413
2408
26539
46733
52422
31132
37751
33974
27140
28958
37825
28446
30987
30823
45084
61897
3396
8853
15884
29130
26847
1280
56285
9486
57599
29866
28217
2574
16662
27646
51109
7168
53188
61427
16510
8694
20024
30547
27701
51601
32819
15149
26987
22068
31564
32344
2600
55140
3223
1401
51488
8891
30805
14090
16726
17117
1932
1588
1766
53639
26993
33720
27093
53019
30810
1570
17290
53500
20917
62552
60681
51097
25644
24857
27021
3339
30982
15091
16388
39059
50553
43268
2458
25858
15993
2093
58172
38222
41112
41951
25966
3234
36164
25934
1153
31286
31312
9728
56321
16590
17166
3888
60062
15258
51259
17115
39084
3384
28969
56032
17074
34169
53021
7240
43262
15324
51529
2296
53806
48104
8840
11011
58370
60782
30973
40690
15552
55208
25847
2320
59158
24352
59910
3470
13885
51844
28463
1300
61138
7013
36861
33732
1690
18556
51602
28476
56353
15875
9569
3363
26697
56492
35933
9732
51872
51385
7098
54118
36804
31016
16303
18714
16270
25979
27642
43931
4202
7300
27114
3358
61336
36850
7079
28215
51163
28622
20874
22009
60531
14718
2527
7087
17529
33029
1699
54849
15082
55866
2516
27329
61288
34916
26597
27470
2394
61368
16732
27549
52627
1593
8798
31230
1728
16145
18162
39141
58759
41994
28911
58212
28029
9393
48458
56094
3336
60919
29148
36864
27319
1455
56510
15330
2867
45587
61866
53481
51702
27831
26091
23192
39038
14706
29182
61931
54150
1804
54887
40112
52800
61385
40069
49230
16404
15096
28036
26919
26806
55199
61536
51513
41140
16350
27716
33097
27958
11001
17964
1879
56498
2550
61299
21995
56446
26442
56055
55661
30663
2062
41123
15386
44199
33839
20909
38295
56102
9367
28843
3637
3554
30597
17926
26522
58365
10996
19745
15550
55875
27187
7269
17401
2328
34003
44960
33052
17959
36179
60562
17863
26032
28891
33733
1644
20802
3268
1130
34482
16360
27687
35599
3044
1658
61354
12235
61183
33492
13937
37761
60063
55164
56744
28593
2301
11347
9322
18101
15536
11378
54087
10973
18167
1494
18537
23753
54152
37835
10981
25905
45563
52765
33083
8810
51708
16453
18440
38474
1688
27226
61401
56075
34106
40075
26812
29453
5672
16692
52704
3096
29074
17472
2393
22840
16173
20074
20041
13884
34193
3477
5660
12485
61298
29237
32543
9423
29460
60648
24897
29393
61149
39166
62526
3415
8838
3596
35005
4285
9398
39121
56124
28726
15345
4372
1584
55831
44963
3869
52462
22082
46717
61283
9378
52606
61270
36722
15587
7251
28619
7276
31575
22816
26108
1881
51442
61236
33797
51354
7172
2195
26635
3299
42012
33817
18173
56177
1633
18009
9437
28914
60059
26511
13886
18570
44975
56721
39105
40091
53001
28705
17483
7081
23218
45597
28539
32832
29203
1905
27033
7191
55191
8718
29179
3147
54841
14472
18121
58627
14796
36768
3242
51361
53175
4142
29552
28902
51565
34129
5683
1605
41962
9420
1559
16283
56222
49286
5708
26556
6171
4212
43227
55143
3865
26996
16625
9575
15106
25937
60857
58197
27150
27307
17540
56050
1152
26098
52886
46935
33086
12357
27317
15180
56495
28076
14598
55877
2536
37853
15109
26445
35582
17954
3010
16619
34587
59152
15262
45452
10843
55846
55823
24927
22037
12375
50683
1076
48420
23856
30463
54184
2570
23207
16638
2902
56239
34492
35618
20727
20836
60016
18473
37849
58173
18126
10858
31171
6172
40158
16211
41169
3613
3183
43337
35019
14679
3302
45116
1251
15967
18427
55649
28014
17704
2110
30683
3829
3813
61201
3308
14453
57245
13968
52786
15140
43365
52873
34171
16479
14701
60802
36849
31105
60809
47290
57593
8867
46542
43187
11349
15560
33794
27084
12442
60836
31309
29517
33098
26967
1585
18767
37791
61388
26909
28990
27981
1837
7050
16467
49281
16229
21975
15464
40673
2579
1379
8896
3399
2882
29144
30459
54863
26193
1969
46538
61428
37809
29197
61420
54822
28945
27919
14901
3635
20946
60609
26722
60028
2221
2396
3146
15555
3400
39118
17419
54819
2609
31209
26805
28003
34110
15340
15119
1601
6191
46732
23128
17230
34111
15285
44278
18023
18066
44939
12380
38224
54812
60840
56815
2213
3593
1850
41843
17394
15658
44220
35001
7260
26581
28779
20027
26227
33714
2412
56380
52598
2257
44967
31012
18829
8715
17194
42053
47289
37824
26580
14816
17481
15338
9415
26624
5784
28194
3653
56832
62557
54168
13917
15531
47781
18940
61473
56489
54884
18455
22002
26795
28925
31048
1475
4501
54864
51460
47540
36017
27325
49209
31089
8747
33854
27320
27212
59284
16600
55195
27471
24939
16336
43213
24861
17308
26495
28219
1523
26273
1816
26997
26195
23096
39001
7107
3578
47304
59155
3330
16182
3112
44221
2523
9432
35998
26043
15092
40708
20774
49317
39036
43344
29495
27442
39106
61281
15364
18931
56262
59974
60029
51483
52764
15093
16275
26419
15925
54092
5768
58144
51174
52736
52770
44174
7239
49292
50682
28583
43207
1621
17227
2276
53168
60746
15901
2996
45475
6183
3484
3922
15326
61327
26451
56816
62545
16387
39023
2360
58665
51411
29489
61857
35936
34987
2460
28922
14860
17191
51427
60080
7033
42024
17435
41113
30673
60581
61918
4509
33521
60739
16247
58644
58158
28033
60720
17524
60612
56472
17941
46785
52888
56855
42017
55774
46283
55156
33810
3274
2252
17086
34983
26730
1270
27367
36003
2420
1098
14664
27068
18615
42048
13980
49409
18042
23142
26210
26533
61441
6198
17265
51261
51420
7188
51493
44782
44785
15559
34291
60797
17774
28854
30815
18471
52719
52884
29229
60618
28816
15633
29470
28006
3921
35942
1701
41176
16622
3093
6104
17421
20840
56632
62849
55805
20724
15141
47281
28919
17743
44175
12481
23151
16607
53479
27406
28890
45540
18519
17762
13995
12366
50568
14886
18169
30862
14712
3439
38480
30813
1552
43203
5680
2286
27622
53497
15484
51164
30681
3507
1709
24486
27692
26947
29184
3383
3076
29418
24869
26777
58642
15645
1068
56386
36807
14986
17880
26157
43939
60864
27007
3961
55863
43287
1243
1839
34453
35940
15438
8886
16435
31322
1293
28671
28184
40806
27818
12510
18441
18529
4151
39148
5795
17674
29192
44248
33722
50607
15193
6138
35579
4502
17112
29424
5675
52496
18917
23764
27381
2367
55641
41930
50620
27271
16710
52670
48472
43252
4373
54189
41995
2089
17983
52453
3834
31093
36739
2599
16143
56028
61330
23117
36201
45462
27446
36160
17430
1107
19771
33530
17416
9397
17885
1483
27537
9726
58216
1772
49338
7054
2383
44201
30814
55644
52403
23727
57696
28599
17570
2485
2486
3236
25942
30698
52780
37819
39086
17335
22029
17997
2863
56392
28760
9336
1393
30885
28052
4197
41166
58155
3070
29808
45595
54100
29497
54165
52475
38230
30844
4262
59290
16670
38247
51589
52437
7199
1576
3042
3943
40147
41923
18925
27650
10951
18546
47370
1122
28971
40083
8864
60525
34282
38989
1094
27364
16547
12406
34000
8738
50539
26614
53499
51598
59282
27373
26271
20922
27850
46204
26611
2973
46545
28840
42025
12430
16209
30667
3966
6188
17851
18826
15971
17999
6169
27348
17837
6207
17463
9410
45517
29400
61276
28527
34585
9411
17150
9417
39126
17067
54097
28154
3443
3111
39056
17455
60822
44763
14693
56695
4378
24862
9245
12464
26453
8750
38517
15179
15611
2930
16395
28059
30080
29113
18763
27894
30670
14897
28111
30649
1452
28964
27100
1719
18513
51175
34934
28916
58164
15282
60014
12326
16261
30462
23738
32363
16583
41141
15242
29132
8811
14470
14918
3151
31006
42081
17215
41102
32117
7184
47543
60726
48484
28904
34952
49238
26844
4384
38492
25929
26836
34223
28693
14462
14736
12428
41848
34945
58671
31186
26782
16132
18610
20856
56183
33026
23112
16353
52723
1049
2545
55632
28766
30549
27969
61824
24925
28143
1856
51709
14864
32125
22030
40833
28561
11007
60021
18721
28736
8742
33798
27485
18560
60878
12231
41874
7066
24361
18771
30744
31201
31021
28489
44249
27321
6130
3676
30824
11343
1528
1421
28804
56080
60036
2441
28216
4312
40665
43269
28913
16306
24870
20066
61258
49184
58655
28909
27067
59121
2945
17830
44954
34898
15487
2039
17638
17267
56236
27199
18033
56319
17505
2012
48422
41095
33117
30573
12436
15949
25910
42005
36785
17411
33659
61421
48444
60636
58221
18139
14932
34903
57240
18552
29022
31581
15962
23171
31813
6167
61439
29168
56234
43307
47829
27862
25653
3899
20811
12363
28869
5772
2292
54871
30659
41849
61495
17193
19761
25005
15916
34188
30696
36014
40695
16279
28607
4159
17753
9360
35984
26486
10895
3868
50688
2878
28104
16602
1851
36815
30794
43237
56838
56643
62523
63335
2207
1940
49287
29185
27730
58756
14740
18185
28626
52418
53185
40675
56379
17444
56202
1795
3650
7215
14678
60771
2922
15562
33496
55194
44219
26636
34276
33815
45593
18920
53486
29510
3641
27632
8779
26792
15943
27313
31585
53519
16546
3463
31098
45584
53189
34137
30818
17679
16204
52374
53631
18079
29494
36761
46243
28020
36194
27256
2188
2931
56664
6126
30081
43348
14830
51713
12457
16673
61223
16126
4146
60768
51473
61843
3292
26059
26907
14050
56229
17204
16643
28210
49247
61220
56076
46275
15596
36151
23779
28129
15231
14037
1664
27636
39044
12441
61450
55807
30679
2105
17886
11381
27443
27628
46729
61305
24506
14006
20078
61174
52400
57715
15005
36016
34961
33599
29049
55853
24508
26086
28785
20918
36149
50661
22368
41177
9507
14905
63351
47815
61260
49208
18753
18119
31798
18740
13889
7237
7156
33858
33984
23122
4365
26265
16414
50698
16761
27207
56046
46923
15063
41889
51574
7070
61807
17965
61827
12257
26519
30581
29445
52373
41100
29058
33675
27552
16144
30715
9364
2398
2205
4291
50612
27426
15485
17518
14833
24389
60094
33611
61514
15831
14970
48480
34211
26176
12258
31795
1609
14092
61811
27858
24968
6134
17250
28058
27380
4211
6141
45601
31240
40117
5688
37802
54192
38476
5783
34308
15159
55790
15486
60614
15426
31904
28503
23781
31170
7032
51253
25897
2450
31597
3380
34035
11006
52485
58210
28715
45566
59921
17882
43356
51151
40179
4263
16408
29052
62538
2538
50690
27922
26685
2454
18116
53511
28537
26033
37768
17776
52088
24894
15749
60588
30065
17678
20947
51721
46547
61391
15061
25848
51226
26169
31556
3119
29858
7068
15309
12521
22712
56161
53505
16323
20737
52408
52827
44177
26695
15290
46793
49261
53629
28872
30634
30619
2077
9468
2052
56709
61828
59141
25908
57699
31468
1854
59113
4179
3931
61482
8709
60554
18645
53183
15287
36007
55166
31137
55643
50535
17980
3894
31310
15425
56537
18157
60048
17539
1237
18922
8808
49403
17389
14467
60791
62520
36769
2371
6164
22831
36004
51695
23103
2991
51149
18196
12236
36903
34100
7027
12354
23717
3876
18188
16305
33719
35027
36749
53147
44741
16592
31292
51124
16636
17876
20808
15216
16697
30587
37841
17718
16156
9409
46512
57594
27182
30999
25920
2895
33630
16744
4308
2058
49307
33614
56085
33990
52838
16450
32550
12233
25016
3601
40128
27983
29864
15418
54193
46734
3891
26814
15211
59973
9394
61868
13936
1628
25702
26949
18118
28720
17693
17542
3886
52778
15456
13953
60924
59963
61342
25693
46976
24965
52395
42032
28878
5700
7072
30051
27640
49191
8716
46966
10881
29493
29481
9564
43299
26408
60603
61883
56061
27174
20824
61224
2366
7130
26957
2875
59287
3072
43339
15498
56144
55867
23208
30069
31023
36856
7141
37858
2531
26932
1046
17924
20068
14866
24851
51346
26953
2587
9340
26160
52904
8737
13916
3410
17098
4276
11331
34214
3344
2889
18772
30842
31308
30469
44781
9472
12499
31086
23851
18194
15201
59915
16735
7221
3604
28617
12361
28488
33843
38451
26054
17748
11323
52885
3666
32351
60620
34206
31206
55207
14056
52729
45548
7161
36854
51562
61395
26209
46681
59938
4201
22026
22839
2094
51457
52073
15153
30043
58651
36178
52436
31574
12335
9561
14874
49348
15121
41953
34920
1885
28191
33657
17591
28826
36888
28729
45450
33871
17437
3189
18032
59950
15529
8669
28810
41142
2934
16125
18647
39125
11321
34457
13983
54855
51555
1524
3557
54851
18177
16355
27431
17291
29108
56289
52078
4257
16478
57236
36168
19829
33725
4543
61530
51398
26479
60795
18619
1457
4366
25907
27976
28139
34014
25933
57203
26406
53802
2214
26691
17973
20901
43216
61403
25725
27623
46225
29566
33661
1571
1925
55144
28171
15267
14803
2534
52738
3461
8879
41156
56235
15400
2453
26154
55891
30594
1668
29119
3501
27637
34124
60507
8850
27206
25842
15945
34455
2369
61959
51404
18621
57717
45491
27407
18451
30048
15371
28864
23224
28176
27648
1433
29107
29000
31224
3567
19740
53179
17292
24981
28989
41876
14729
18732
20015
49188
45492
43830
47823
42004
26149
28201
41174
28907
22098
60882
32548
26111
34958
42035
46229
26085
20081
51681
9445
37872
28679
27122
20788
9243
1144
25671
20919
28844
18187
32114
28792
28809
15209
47418
22367
2255
1662
26220
28230
53649
12334
52482
30029
8756
20767
17777
61467
29244
20785
2307
52852
17821
12514
14871
49263
55779
31191
34005
35626
6154
51851
18661
56689
46551
31810
26713
12353
16223
26497
41972
2194
19803
31579
14072
58757
15883
52867
18156
52709
18601
17311
34138
14721
60630
58624
41894
2397
30859
31022
18932
15060
39113
50573
47275
51454
24915
56860
61390
51452
44194
44970
18093
33868
3562
16635
61956
42010
15465
52365
16648
8706
6149
30575
1791
37778
40204
2985
30094
32258
45516
27729
3280
28224
28695
30865
56374
3032
3433
4199
17943
11376
27709
47797
32825
2419
33838
1737
49370
3900
40678
28968
4260
14872
61319
20854
18030
28551
4520
14605
27453
15419
49310
28591
60605
33978
34207
43926
29115
43199
47809
52599
54826
27411
45574
5766
60810
1581
10851
1084
61402
60034
42008
51125
28053
62519
51698
20764
16356
52892
33857
15203
28438
26852
51464
11348
17465
24500
36904
2440
15334
24388
15994
15175
55794
15812
60844
61806
51159
3375
53012
28553
61213
30608
7227
56703
46525
41991
35596
39116
61950
31320
46680
47539
14055
4147
17756
29068
3920
12508
52615
54176
15543
45554
26473
3875
15137
52495
31304
34074
16604
48447
15519
29112
15599
31067
25983
39150
51155
34054
12438
45446
31101
10864
56859
1685
46926
10859
25722
15592
29037
3162
2906
18428
2040
12456
15077
2471
13881
3623
59959
34306
49282
55658
62857
7262
34002
1349
35590
52730
60035
26223
8830
51504
29102
6137
53154
28221
60586
58647
3351
26093
36793
34039
53841
29427
59983
17936
15070
14987
17441
51728
40073
15256
8796
55789
22010
26192
56438
20064
30687
3079
28594
51599
46979
34999
12412
8865
30801
60811
22073
18735
41905
35600
1564
44795
18593
18479
60518
51867
52612
43835
41960
17391
15467
56488
2086
51368
34950
3983
52489
18514
61502
1643
45599
15414
52503
3945
56358
56027
45119
8794
60660
17189
56853
27225
31291
51425
42054
1808
28155
28801
2298
59114
28031
14086
59979
12300
34591
54866
54173
16499
29398
13924
3503
44205
41170
18724
3029
12422
46222
18590
47296
2417
3656
12434
14819
16304
4524
51108
27316
20794
52694
51210
52367
46202
34099
9504
30092
60758
28233
36855
15148
17507
54196
26977
62850
56092
1382
1116
37857
60778
26639
55830
56447
60680
7043
3547
31984
3616
16330
29092
49350
7126
28046
37845
51701
60845
35982
18936
25894
9745
55180
36782
25654
3962
3823
34964
31225
45494
51699
33507
14825
56067
18209
1267
17887
32745
45532
33731
59145
18060
3101
51121
1297
56396
17245
56026
51345
32232
7303
14094
13999
17474
2983
29485
20934
30566
52182
23725
10861
2015
17534
20797
27295
33785
7263
28939
26423
17925
26799
17729
16493
28524
41137
17919
56864
34133
17484
1676
37789
51383
61194
20942
29199
28790
17857
61379
13990
31995
23170
59922
16561
25938
17303
12453
3175
28566
22723
7060
15991
38297
29564
36698
2461
43904
52781
15506
26648
7243
18774
17986
52782
54832
53184
40657
56264
7160
46294
2876
32339
6118
15244
37862
12274
61862
58174
61820
15520
24971
23772
60906
4544
34041
28924
1555
16022
10842
35595
3520
18003
28639
2966
30592
38508
14615
27092
39147
30660
1387
27164
52913
28482
1525
22035
7211
60737
33716
49299
61292
61944
49276
36890
17159
3088
29164
54835
61971
56713
26832
18056
28673
60084
27931
62559
2866
52746
18016
40074
26937
27008
2340
39152
40669
15436
15966
1419
2049
8839
33983
51362
24931
34590
29245
27710
25960
14889
61953
60020
39177
21971
30847
9586
2319
26783
53016
52608
15090
18712
51465
45585
46921
13890
61838
60716
34588
15072
23217
39076
13982
3663
2254
15851
63352
17656
20883
60076
59102
61511
17104
52769
60617
36147
3264
31462
60788
1438
3095
17801
48181
18563
3411
1381
32756
54836
15085
5678
39027
26115
57608
12397
23854
27722
20726
8832
35990
14016
56499
30774
46295
15227
26667
14996
52812
37757
27805
32821
17627
40173
63344
33811
14666
40182
52397
51375
16552
2472
1279
16192
27385
26410
24364
60867
12290
22053
50704
28976
33830
62877
25651
18081
40653
61155
15019
3602
60619
17127
2539
6105
53145
30093
62876
14593
51552
16473
24504
60669
54072
26042
3082
33669
26885
17480
40143
1114
51623
15384
41128
51422
26566
52675
1975
61910
9492
51229
15936
52841
9505
44980
26913
34020
27928
2372
52387
23141
57711
3317
18124
27159
54153
42050
17097
30485
1822
58215
58662
2596
15017
27183
3222
60884
2271
1693
47817
41887
16562
51560
49344
52487
14464
16704
15653
31027
9567
47303
60570
18476
14085
27822
51437
43194
16508
22374
6205
51519
15639
56163
55621
41932
26029
18442
1459
40139
28491
46794
56806
31056
25004
50701
28906
18532
36869
35585
31055
15010
60847
56021
53174
31168
15905
36695
13899
56225
15046
15383
15497
60575
26028
2026
12318
9466
30870
27002
22341
11367
46787
52464
12399
33067
49320
14853
50665
56823
2542
3230
47417
33769
5701
17848
2467
37748
50606
18723
30981
46546
9430
14840
38495
2335
60100
56309
12421
59971
62544
29073
1630
3599
29496
8785
47286
18554
29076
54847
27962
18536
17520
59946
31466
52641
17515
56195
20804
47789
27038
51496
18080
59935
55894
30812
59150
60689
27559
39043
24973
47794
51409
12414
56807
32011
25996
3244
29499
39164
15748
35629
45536
39020
57714
25912
5677
24905
16267
60637
61302
29091
34183
15518
17573
28505
18715
61526
27659
52697
12381
24859
8773
32757
18017
39069
41945
46940
3628
27810
52895
38458
31576
2955
3067
25649
50647
15320
26095
15530
1055
14746
34998
56690
48405
2227
1692
45520
17147
18045
36158
33662
47538
32002
25013
17952
23144
61983
1375
61392
46201
18698
41993
5694
7180
16295
3289
14848
60002
3550
29478
36725
2350
16701
18725
36776
16361
41920
27338
17898
7167
46270
2444
28897
3426
3187
44775
26236
2111
3287
59135
26030
59294
45600
59291
29162
19806
34194
15028
8801
40062
15462
15656
12222
61195
1635
61934
48176
2258
51485
1128
62555
2014
55895
46535
60803
8771
25991
20748
10958
49258
57202
14012
4230
17488
61469
34993
28614
13969
17211
36781
44761
49397
33612
3981
26975
47776
56122
3012
20953
15654
56135
1145
2347
26692
46230
31437
54823
18046
1241
2873
38486
6180
62525
9323
27630
8714
51703
25664
51445
30028
51357
56505
29085
36879
27418
26468
51260
61988
51446
43924
40185
27337
35959
31125
7290
23202
44171
56684
50587
18550
26841
18834
11382
2614
53503
52903
41922
20792
36738
10949
16773
29135
26203
44772
18049
39156
53652
30039
3851
25707
18178
60674
22007
55822
27557
9366
1807
16515
17309
4269
40651
43907
12365
8899
36745
26480
61316
5782
56064
23852
56096
1365
37759
34941
47297
56662
17288
18549
61140
1939
60698
27354
8901
33869
16142
3508
28683
33723
28611
45529
55631
16684
28787
58622
17398
9715
2242
23105
52726
20741
22041
29008
38225
56199
56227
9733
53155
1620
33522
9355
26386
27078
15852
51218
1606
27707
14849
55811
9714
14070
29140
24885
2032
56426
32353
29793
27683
55648
51581
15649
18183
34016
1937
29404
43798
55773
18015
23767
25999
62561
3398
61885
1938
49217
17800
15751
20878
11394
59288
1720
3131
17167
4290
29137
30596
17528
51214
1860
28610
51417
55624
17363
18521
2070
29095
15224
16225
55152
17593
13918
60713
24492
17175
17869
57232
18182
20822
23743
41978
2980
54160
51471
47537
16462
25719
2334
16589
2337
33796
13947
26276
34221
51731
61350
9428
28012
33524
60692
22040
1886
18190
11319
28502
18926
62528
16686
27492
61498
26443
13986
1916
33788
25688
17621
18064
32362
5809
36015
52607
1882
27361
60678
40672
36752
32116
30044
1495
25885
50630
54190
16730
1659
26439
16519
8845
15429
26631
61966
41106
27951
60749
2535
9454
20812
28678
1942
15492
17879
4226
7286
4283
61941
2893
18599
24901
44250
11391
12225
56086
21977
34150
1806
52452
38293
59972
27840
46970
54084
18448
2637
42037
26409
55788
27248
16444
52327
28966
63340
16449
52405
51476
1422
17101
56178
57208
15870
61396
14001
56834
31586
45553
51364
18059
27043
59286
13876
34283
34109
23168
27978
16160
14448
16663
30820
3136
31799
3530
3097
31803
34933
52807
28162
54139
12294
3166
28877
3133
60711
33681
20079
31814
56204
32231
56133
59916
39132
55169
14081
61463
26012
12466
61244
15219
36711
46962
27669
51240
28802
22060
41865
17772
2382
17379
15035
26476
26856
34044
3013
3006
2479
36887
1575
54167
12404
16199
60565
43314
30601
56273
48411
20927
27003
34604
7309
60625
32551
3038
18082
8872
57231
27900
42078
17562
51726
30827
26840
1065
53026
2470
17945
61954
17468
51179
18516
60527
35561
61900
2095
28516
61352
26899
28750
32749
61271
17607
16576
33104
49337
27351
14826
2948
24978
28666
4513
32113
15601
17431
26600
1103
15642
48100
27466
3420
54824
29103
18761
25915
47637
1892
32546
41127
4241
18073
28832
60696
9459
61314
7268
46517
25695
26684
56477
17901
10994
54155
3241
33803
16461
44273
10885
61364
29118
28567
3026
25887
27979
27694
49295
11377
3307
1695
15281
16315
30609
12411
12349
60645
3281
31993
36737
1448
20903
39060
41118
53807
23775
20820
52763
59160
3077
40780
22039
41844
40771
26501
56039
2995
34189
38282
2565
26458
39158
28754
14836
15576
58633
16624
52370
7228
49340
3872
1060
34995
31174
15741
7142
9353
17530
19744
22016
51120
38478
27073
60007
27401
43321
43259
56286
49341
52080
52483
40775
61523
29794
16193
54182
46213
17499
12261
55622
34104
14991
31166
53135
40121
33100
28993
33885
31301
40163
3925
6210
34937
15208
43363
20051
56828
3414
3496
1736
24934
8821
34218
41949
2318
22094
25889
45605
9447
28991
16134
59147
49274
26672
18019
51875
17737
49333
34009
17939
44269
61338
31160
61212
2028
28181
4191
29083
54875
26019
2234
28086
46942
24907
14962
15037
1305
56192
34595
35948
1723
56385
41841
9743
16657
54825
20055
61490
51459
20821
47810
51556
38240
34154
46407
35633
52881
49214
51387
19741
29205
2022
7025
40106
51215
51093
14881
22097
3009
1820
3345
58657
34174
28747
60898
27852
48128
27806
3866
25006
52474
60578
3842
1614
36000
33861
3459
9436
30652
23737
46211
25675
38449
62546
38994
30997
3214
49231
17510
3648
25718
29484
26677
15329
30493
6121
17471
1827
20898
2030
31903
15032
6182
13896
27260
18041
28957
6136
28021
50577
49239
47268
55204
46961
31060
27356
28655
2499
1298
51863
55809
33508
56193
2275
26725
40202
34159
40814
52190
50650
28636
52455
56802
22017
61850
4381
27988
27126
22722
4139
1304
46719
18469
20063
58185
12495
1642
17794
39030
56749
41996
14026
46536
33652
59119
20825
28526
53809
60650
36858
17374
36802
1048
3841
14084
17240
27072
4505
2364
7084
38475
14723
51105
26982
51428
17911
4166
60598
61905
45561
59137
29067
3583
28440
14814
4219
52861
18733
14610
1062
28696
3912
3325
17206
15187
23223
51199
26253
15157
40066
4173
2424
14882
3285
27252
1366
58667
55170
14978
28156
43253
2329
7264
56524
2612
26962
24990
39011
12287
46731
11357
56253
14930
17624
11393
26609
17906
54817
28768
54880
59931
28963
61370
28018
15830
28806
30866
3658
27254
54856
37817
34162
50681
7280
15252
24884
15151
14669
3864
7301
58170
6186
58196
44238
33816
56278
26807
1536
18051
35996
52743
26784
15181
1604
34921
31794
52401
40810
40174
32826
26395
25928
31155
27192
3335
25956
53136
28638
57586
18108
60098
18462
27296
17438
18109
34130
26642
23740
35930
2957
11388
14603
31122
43340
20720
61949
61241
25973
58213
61975
36883
15389
15608
58224
55780
1874
15054
20028
59936
23154
33658
20858
16394
17586
4310
53208
1386
1943
3955
16567
60837
52857
45592
57204
9589
1597
49351
13880
17174
2246
58211
60546
25958
36736
28627
26797
41098
3621
28448
2224
60828
50550
1083
34048
17447
31141
18446
10863
24950
7254
20712
18579
26689
16128
18918
14010
20827
29579
14742
45504
45460
28743
25652
27610
1118
24499
28895
38245
59126
14710
32230
27457
14999
54187
53808
58650
14749
3320
36155
46528
26266
1532
28540
44936
48454
30749
61169
28092
15580
43929
27481
2506
29062
1430
6114
2921
14612
54089
3246
51363
15489
33644
33032
9499
2987
18561
27036
27341
56300
61156
35953
24382
57233
8700
3319
26415
8825
1534
26559
18175
58761
16311
30990
1608
3413
27346
61161
20773
15929
51348
32828
20843
9582
60505
4258
51509
31220
49279
47265
46789
28007
2928
32538
55139
24358
55172
25970
34066
60909
26107
12229
27397
14818
11371
51224
41886
17333
25724
52194
36708
33113
22062
33626
48184
29036
51252
34584
15196
1149
17148
39077
32346
15629
45510
36192
26999
61151
27162
51156
11318
19747
29154
49400
34610
2370
46516
48479
1775
32759
3312
55200
58366
1058
55802
20793
3956
18062
33066
28055
11000
26608
43284
8791
46720
3487
22070
26460
7080
56474
1707
30035
3109
30551
24916
3276
49394
37803
40206
29123
28182
3574
41977
61478
12402
12480
61465
55138
4266
52368
30834
56486
29030
30030
46264
33055
2892
3883
11416
51734
34904
33991
26578
16476
60901
9585
28212
17500
56330
20062
6148
12324
20728
38502
51523
52817
26438
25843
9591
3227
40801
49202
16214
52699
18004
51707
25962
24865
61974
7205
27108
2231
56315
56277
3030
11418
34042
27879
51594
6193
17393
43351
52777
61315
16766
57217
2068
55797
8880
12355
7292
41179
61907
50562
46541
2218
43306
34165
43930
62861
15337
13934
40208
53014
4218
49180
27344
47834
20086
34293
34069
3266
17560
18708
44766
59106
16696
16465
39142
40195
52774
49207
13888
26570
28580
40159
15441
60538
58670
44228
60664
52734
34947
62875
27389
33650
44977
60513
49205
15754
15108
4536
52978
56210
4296
4514
40788
52678
3582
1398
60858
34298
15012
23161
8687
23210
27430
3367
53024
33047
1657
25650
30061
60043
61540
34080
25857
18193
26393
30047
55892
1511
4181
54090
60584
16154
17922
61413
59157
26491
28735
61512
40188
12524
15265
33061
1356
7048
29207
44940
29456
27379
61373
30782
18478
26829
16433
35584
15496
3937
26900
2331
52785
9717
55851
3844
1240
31809
38238
51257
28943
31157
54085
51424
14443
50599
3314
27105
27345
30087
23095
34985
15938
41134
53157
1503
24868
31145
14616
51116
3300
3217
17767
30721
9461
7122
60838
45469
2081
23180
51212
20882
49392
5654
1866
37814
41973
3830
60040
20908
17409
57706
36716
41149
27887
28798
55898
17331
27491
16569
52755
3329
22008
28988
36729
26212
56706
29542
18474
27995
54143
28574
18759
3122
3840
50537
28121
62566
26986
2038
12454
36740
2041
46236
15850
49227
48115
44210
26707
45496
46527
4185
45551
27868
15079
1978
50644
27909
52595
31172
41957
28656
22065
17217
28910
27095
46934
33674
26156
4363
28675
13946
31058
30714
13933
61306
47641
1463
2410
1780
56299
28554
56099
29532
14967
17702
17870
26164
28926
13974
26586
2059
44268
15970
3854
2586
41150
1274
58148
22365
39006
34092
24387
3965
8759
52075
53641
27193
18172
29065
17795
17476
49255
45117
9444
9357
13911
9386
28791
13912
22837
43279
55850
26674
49328
61481
8725
50623
25683
39007
17808
57356
1507
16455
46927
56819
11018
12403
50548
28232
40081
30650
40218
15113
46256
38464
47536
33833
1360
18716
27160
36840
18487
55125
30755
36783
29170
30837
28479
56844
28744
31427
53790
2119
46944
28731
12424
54137
21992
12512
1977
61459
3598
1876
22832
53476
12362
55818
1865
16124
14976
20729
1616
11016
14675
60647
11336
48124
13985
56411
34489
1529
55857
34943
45579
25015
16212
45095
18180
43238
56534
6215
54872
18655
1088
12379
15164
28882
3877
15152
2504
28800
28960
26637
56305
31156
49387
31091
60722
14024
1252
8822
1064
13993
38516
16165
20923
61309
37767
3466
30054
20705
2351
2358
12440
1069
44193
2607
27000
29439
33648
16565
28051
53799
34966
8674
18768
52187
18146
1540
7177
48481
49385
33618
58142
40812
53492
27196
46949
16487
43806
3618
1291
14060
52491
39171
52848
9576
16526
51861
28485
16312
33728
60506
6135
51440
38510
28927
51510
13979
15245
52459
60814
55814
14722
33114
17661
1774
1729
52628
20783
61278
39049
1877
15652
20915
18090
62866
3081
40072
56360
33654
48421
56283
3365
29416
23190
27103
29116
1102
24878
52722
7261
45596
26554
50709
28645
12507
3172
1903
2084
4156
52685
14912
11421
40070
51859
4272
3210
9597
13991
52650
59109
45463
36702
56862
2510
12407
3024
24510
56029
15409
44747
15491
59084
47298
55881
46219
37865
12262
60010
17321
52414
17907
17735
17092
28998
39114
14922
5706
29054
61449
61973
9425
2405
17366
18575
41939
35937
37842
51754
29010
15120
61209
56110
25994
3549
60886
47368
14038
47801
60670
30791
9739
26793
9581
60653
44976
1909
5821
43235
14717
11359
28606
47621
52468
17116
17155
2871
17493
39091
9491
28009
29243
34173
17445
7014
46254
20813
16327
48464
26416
22830
30580
26573
56347
46790
46218
16201
1742
15430
15369
17858
54121
61349
28942
5657
27169
27090
36717
18927
34906
17179
36833
36704
60601
3450
23721
23185
61181
52859
17787
27907
4307
17962
16289
55882
47783
49259
61993
2960
50622
52442
15898
59081
14914
17775
52590
27545
56109
27488
15118
41178
15018
39053
30070
51192
27412
18916
61986
17235
61803
2633
2130
60804
27876
54131
54185
1498
16614
56427
29005
47271
43807
34303
26963
28734
28498
30638
61848
44280
2575
18711
54834
17368
45104
51177
15394
16246
28467
52174
61267
37855
25871
15507
34295
26682
56182
17654
3815
58160
32544
22720
28547
1797
14734
29530
1410
29223
30894
59138
17975
7297
61353
7229
20799
33520
3074
41173
3153
17754
41931
7133
27870
39160
1518
28722
31115
37861
51551
44776
12435
7031
16668
57605
2418
17565
60765
61499
1355
13987
3571
61454
1492
15178
43800
45118
9399
7052
17186
31140
24962
42049
61164
40192
33852
37810
21961
27058
6176
54850
16756
7181
11317
23776
12433
16747
50583
33993
22059
20080
2024
40125
16367
2556
16371
7281
33598
22828
55826
29216
30483
55626
27542
60731
36744
61446
23133
15006
58214
17977
60663
60006
25992
3296
12358
59299
36774
34114
28641
18596
1502
18539
52727
28880
42072
50601
9246
18085
20042
16661
41929
17846
2359
37834
56383
61942
16492
29218
52592
15534
9464
41997
56242
5668
42039
15889
33517
34141
43281
1611
30746
56501
55868
38485
49304
7206
29523
31075
52197
3157
56530
1077
61537
27371
56431
36836
59103
1499
18541
31205
51234
26665
15192
18168
13964
1626
52087
27475
7110
14477
50603
17819
43208
28841
16347
2356
34286
55142
29198
30678
3860
30637
18096
45472
60019
2290
46440
27099
1051
51254
43276
31046
58626
62859
59977
15131
17987
58179
3371
40180
7150
61346
22025
18035
52177
26065
53507
54172
17855
60058
9481
41165
33988
40094
30761
47287
10953
3926
48470
58223
32833
60753
30668
59962
20739
33998
56717
15273
25978
7166
3576
53192
23193
44978
28983
3951
42080
41934
46788
36001
18153
28458
3473
61359
12338
28188
50692
46267
34166
25868
2947
27210
61483
38999
15951
27287
40078
33809
9442
26016
27399
61143
2406
48465
33056
31082
54135
15353
40090
17304
46522
3140
27269
56241
24928
9721
56679
4213
20828
36706
27396
30747
31231
27197
1403
33734
61269
41138
52198
49318
