36446
57903
30391
9612
17712
6406
37219
58312
18795
27583
35513
40743
52525
37953
15918
36563
30476
25876
4670
17709
58060
30200
4694
37746
15846
58386
34965
10918
36249
35524
17795
36107
53580
18648
4596
36991
6390
34850
16597
48811
51953
35944
11744
6500
41415
43830
31741
36065
58052
35919
40426
38640
2301
30204
35526
58297
37951
16409
17896
17172
37530
11710
43812
18946
17514
18985
9876
40742
31689
35824
30281
17488
46448
58253
37252
51950
14701
19076
30028
30250
37970
17253
2304
57704
51810
25870
52078
57948
14633
6366
58160
35187
57975
52930
18627
34428
53882
15864
31464
17375
30222
22719
31502
40792
16430
15187
18589
17095
9869
37193
14467
58570
35097
26171
18633
23953
18063
18494
36414
52379
14783
31530
37205
46690
31743
41426
34591
35647
9515
52068
58065
45240
15175
16000
41358
9898
16149
58324
10989
18222
52355
15258
14484
31475
22422
35850
15942
17038
57835
37161
36025
18206
30011
45242
48810
19829
17668
17693
52699
6379
27901
23930
36935
45199
18662
35590
58094
15141
15020
19040
19008
29820
34545
48798
14504
14751
29935
9826
35177
52071
9773
58538
37519
52474
17424
16002
15046
36748
15822
16437
20312
16131
18485
58610
35122
18210
5713
17433
48686
29761
11612
16215
22400
9959
41393
4546
30433
27966
48664
34746
18131
19049
35354
29833
23934
38665
31583
37349
4763
37675
37949
58739
35294
17564
15550
18948
35030
15921
15850
36909
35398
52386
38299
37950
18463
31446
36110
46836
52730
52972
18978
51787
16562
37043
37680
36711
17279
31751
36562
1382
27963
37198
48760
37643
57737
17480
11591
23977
37110
35175
29775
16862
11008
36253
31503
52370
10921
48699
15957
37803
51865
16026
36180
1995
37455
22876
20216
30102
38011
35235
15856
18202
9619
16873
17687
37236
18218
35173
34553
1400
26933
52858
18788
15598
17821
35394
35943
58686
17632
51911
18506
36786
24628
53874
38699
51909
15809
4388
34566
53040
14550
6442
17323
58430
41423
52619
17056
37320
14506
52504
52648
16654
58027
37151
31505
57757
31747
35980
37492
30459
31745
17188
34827
31783
48641
24382
38632
16845
35334
53856
48794
17625
9831
58563
36901
52019
17439
57326
46515
38297
33773
46392
24388
58496
37839
18186
36402
25880
41348
24597
15013
23962
16713
18043
17690
34926
35419
34546
16565
20306
15365
29938
52431
46695
48816
58155
36286
17266
46483
46479
6362
52550
29768
58640
1432
36697
16755
29756
14508
30255
19103
31448
31769
30809
58179
37808
36703
34894
51997
10966
35877
38646
37965
57765
18146
17124
26949
36780
37592
52461
20243
36410
51985
19017
16205
15135
51928
44955
20183
29722
14762
15296
17140
36073
20190
30462
46432
35399
37260
58605
46652
31635
53018
36241
35814
31672
31726
57951
34815
29944
37672
37596
46550
35418
2000
30001
18197
16955
6483
16546
17789
29879
15511
11677
15820
30128
46553
6410
58021
16192
37744
29801
32758
24624
48644
34773
41368
58469
58334
1455
17255
37374
16864
36747
38254
36467
34587
29839
31460
17145
35609
4680
58133
9895
31629
30112
16476
18291
57810
36829
16160
16135
37611
35501
37164
36127
18977
37895
35379
31604
58156
17943
24626
17426
17054
35503
17419
18160
16626
35732
15029
17722
58346
34424
2346
5771
29852
30208
14489
58367
31706
17812
36552
19791
57756
30267
36758
52989
35632
37560
18275
29615
57719
29654
37121
16181
6479
31350
36753
17097
11558
52574
11712
57841
35494
31527
34970
31398
32899
35364
26885
37504
51760
31714
34436
48765
35400
37498
6384
52495
52984
37957
36604
15327
29718
29638
37285
36971
34606
34997
38296
48753
51901
48757
33779
30015
18792
58416
37174
24594
40733
4565
35648
17270
35300
1403
6368
16927
36638
14466
15687
17526
52994
37649
57696
6512
15852
58236
57711
46427
18096
58149
35733
4631
4681
18059
22933
31692
15007
37033
15415
51737
14643
35643
4316
36875
34739
24604
16997
11637
52856
30463
15127
11623
10920
52568
48648
35565
14698
18418
36565
16756
31725
34967
16500
1388
36892
34910
30803
15320
18677
29710
51929
36139
35156
37755
32910
16087
17495
14509
9963
23922
35284
19789
36906
16749
15166
17447
36210
37361
36912
15625
34394
15432
26914
30199
58026
53014
17380
17697
37007
41480
36104
35737
35873
26917
58259
30221
19831
37363
58110
27979
9910
29860
17306
36264
38290
41338
6371
30357
15960
48800
36615
16113
31666
1976
58066
4691
37701
51860
48693
30113
30478
34885
11658
41465
52081
18975
17796
48690
17815
46556
37501
58048
37972
29792
17082
34748
29736
37134
18381
9854
19032
37514
10971
17819
37856
37896
34745
15546
31824
26942
30479
48805
51167
18657
52807
9868
30210
30092
16980
16816
17408
24631
18646
35535
58006
10897
48658
29837
46468
58097
15709
27597
16498
36282
9948
30338
15343
37877
58551
41375
18195
52057
15749
51944
18370
18325
16751
58098
14998
52755
36035
17019
34935
19010
58320
52578
37058
36945
18473
58594
58680
17765
36211
15556
14515
52506
58723
51823
1997
23928
37646
17643
15083
17829
15494
52420
36761
31354
20225
20186
6370
37656
52498
17286
16843
29893
14555
37810
15251
37905
58673
30394
14521
15603
17607
4335
52069
51848
14501
36874
34508
41356
36189
16622
51989
4391
9877
6429
34631
16606
41424
34368
35857
58240
37286
15999
14659
31572
15266
36424
33698
27536
35898
18140
16005
15535
46606
37392
57972
38618
30206
4742
4701
36958
30051
41485
52133
17146
18843
44015
55768
4662
17984
35225
35685
17297
26073
51957
36843
15917
11597
30814
18070
58030
31834
34510
11670
11709
17627
17106
35306
58305
30240
18288
36417
18504
9795
22346
16151
20234
36268
16427
57888
18455
37299
18778
34943
17311
18032
41472
10504
34897
44961
37087
37854
48809
5786
34371
17064
31371
46832
24586
57735
9906
36834
35195
55769
53871
31349
31790
18949
36641
31586
46465
46613
34562
36936
17590
58474
35606
30530
23949
35044
31678
57720
58597
20250
5323
51986
34814
4326
35949
27546
15935
51833
34559
25882
58023
41460
34597
34847
16009
27602
17717
30470
15188
30562
36685
15156
58051
17378
35067
18155
36262
1270
51824
15968
27542
17603
31767
17854
48727
35076
35162
35522
52728
58128
46704
26931
19100
37182
15947
37633
31820
9897
46703
6475
38605
38266
9835
22385
35750
57908
46682
29881
52086
31607
52944
16104
16551
4779
36533
58166
9972
15639
35451
31561
18961
15449
29569
37922
27965
35090
16806
11572
52914
58238
46740
15476
58641
57784
6527
9859
30805
58074
16397
2258
35897
51987
15832
52488
58174
17422
15963
48627
58016
58260
30731
37407
11636
19099
34938
17513
16663
16057
46707
45172
31787
31420
38597
36824
17293
58421
17313
22434
25883
16107
53855
35787
18567
15387
52933
14567
34602
31637
46546
31695
34322
52587
15871
58642
14487
35305
35141
18612
35790
31459
16986
11714
35145
51759
15395
35256
52700
15351
15539
1380
15806
35403
16526
9905
16093
46621
16717
34398
1378
22722
18559
17522
52706
34941
34361
6418
37353
16202
35836
37920
14650
14524
9251
20316
36658
14447
52643
36456
16834
51943
35456
35823
9822
14459
19778
52528
30224
15154
15857
1745
58343
37234
17446
17530
37533
31508
5723
36441
53883
18547
37085
6450
37752
36879
58159
6422
31816
20212
11687
17547
31399
38012
58657
18099
15027
34356
17811
35062
44975
52609
4645
29781
17042
37540
52015
17634
37474
34754
17428
6514
57682
2283
15648
17658
18004
35673
16850
29892
37667
17260
58188
58687
29830
34905
17872
27898
30020
16028
16902
53041
4748
35675
9520
58627
17181
36846
18162
9616
2303
46635
29988
58608
15849
30168
58047
35628
17701
37478
35947
34504
29720
52511
11717
36051
15300
31819
45191
36557
35205
30343
35367
34821
22714
37775
58582
18085
27942
38301
41486
37364
18483
35215
11619
30185
5322
58348
18316
27907
31759
30294
16762
38680
37881
46694
17892
23911
37863
52926
17880
51807
36032
57826
58504
36695
35376
20178
34590
17583
16730
57923
58090
29847
18301
37458
46420
24366
15998
29620
24391
38255
4563
30399
57926
34948
17691
37832
52014
26968
9530
6356
14766
18090
15672
15562
14745
58587
37449
51746
15165
34599
16456
31719
35553
16560
37993
57817
17587
34880
48804
29703
4340
26180
11587
36217
35736
30387
9957
14448
16701
18045
57914
29625
10512
17698
29662
35674
16591
4319
37572
58113
37128
37438
16027
37510
15230
25860
58392
17537
44010
51903
35863
18248
10960
36170
30442
41325
48787
15341
16421
36760
37430
46510
16073
46825
18785
30477
25885
35431
9879
2354
15205
52499
35854
41363
9845
15443
36553
35730
52448
26936
19801
9805
35802
26969
4767
10901
4399
25879
37670
16675
16415
36218
38595
17830
58742
41364
27545
35429
30342
35098
16919
16665
36810
37203
14685
17917
27566
35411
58264
52686
35040
18464
30511
58382
58028
51990
30539
36931
35700
18971
34556
57950
15340
36796
37313
14525
16527
15954
34415
53004
37576
18400
30067
17865
53879
35791
58096
11626
26985
18670
37860
16176
52546
27586
38621
57851
58664
4715
36541
36181
10518
58366
17458
14563
16064
9931
51830
41427
36864
14722
1438
15595
31779
52770
31641
14480
34338
29798
31771
34955
36640
18078
32878
37520
15515
22877
48662
15228
34892
34875
11565
15039
34771
58576
37237
58294
36952
35363
18243
36558
37571
37115
16759
18296
29682
30116
37759
34952
2298
1425
48789
18284
16732
18375
35663
34929
4664
17075
34842
46486
55014
36198
37258
9867
41449
36715
45198
37876
18214
5775
37729
52421
33788
35948
36650
52459
15087
18061
34848
9945
14568
30089
35437
22425
15168
6485
6549
16685
4345
18102
4669
31737
37139
37888
51180
16998
52948
1245
36427
26928
30266
15532
14719
36524
4649
41314
30794
17860
52357
52364
31369
14649
37699
4595
58095
36687
24610
46644
35781
58217
36485
23939
58138
52059
34759
46647
46516
36224
37023
1371
51168
36281
37894
17332
17352
15280
34994
58032
37267
51825
26900
15052
20210
35227
35866
16541
35213
19095
5719
4732
16460
48186
45228
16465
17808
10977
57863
46500
16798
35266
43833
14513
57922
48672
4677
38687
17516
57867
4593
36870
36090
17704
17750
51738
16915
1038
34357
9623
52895
46657
30496
35876
35484
4653
35835
40813
58670
17915
17210
31588
30248
35439
32189
37933
27973
58266
41438
19004
37813
58558
31383
31756
23923
19077
35582
37872
53006
15001
47387
18086
1747
51952
2273
23975
37841
27568
1376
46617
14984
36815
4623
18280
17223
16662
29650
44977
16062
53017
35259
1353
23970
34724
36094
19007
31581
17794
34986
57942
35438
48767
17415
46568
27895
52621
1988
29745
20226
30571
45230
33801
36560
57997
52010
16764
27298
4688
51959
34972
30229
30100
5824
31938
27567
41339
6401
4339
18171
17787
43988
19479
46502
37459
4777
20307
36963
18478
37636
18328
36109
14647
48655
41329
52774
5801
31762
24576
37830
15860
10516
1743
17782
36443
38019
36801
16048
58658
16083
16619
41484
37823
24566
36923
18659
20293
34933
15581
48784
58607
36996
35629
52861
22427
17098
38286
37959
9788
35339
47674
48783
15659
35540
57897
23967
9940
17040
35756
52365
17430
17269
52620
35871
17904
29949
57998
11747
35904
10904
17257
44978
30438
27592
30197
17354
29854
20213
16163
20220
18851
37929
51930
1238
34417
35454
18156
17018
34598
15321
17248
17559
35006
18596
17404
29840
18315
17161
15682
30149
36165
33778
9763
58358
35591
17470
17889
36985
10998
46587
58705
37082
35286
24384
36997
33785
17997
29699
18419
41404
52433
11564
9916
58233
16596
34342
11665
15137
52917
48715
37622
14631
36436
36872
17372
30552
19062
16895
30544
17935
41379
17373
18084
17797
52371
48656
18645
18619
37477
17508
52884
37153
46649
5734
53880
11721
52816
15380
31797
2311
35958
43811
31373
15202
15133
58520
34934
34648
38025
18519
58463
58429
9243
35104
31591
17216
16774
5817
15069
20246
6378
31690
4395
57749
1372
35161
18003
14497
36662
48639
58285
34434
4323
34890
37452
14700
9933
11018
52854
48806
6427
46547
15690
16472
30191
51838
30795
58152
18954
52826
27933
30065
14474
14730
16461
18274
35918
51980
14728
16147
15621
46429
15381
36591
24618
17157
18385
27927
37532
58085
34548
35318
26951
34817
18360
15022
36602
1255
37097
35539
52489
37291
23908
47666
20300
38016
2009
34382
35441
57939
36489
9618
30064
43999
46561
48775
16479
15719
16020
34405
22408
16120
11729
37963
20296
37582
35716
35290
16889
48719
24620
31462
17752
35806
57829
1407
48710
32907
52840
30489
17168
15034
4755
52912
35457
38253
35952
37925
2351
15517
30444
35344
57680
29649
16568
16799
58713
34359
20266
15928
14754
30207
16826
16929
26890
15009
6375
18404
45213
31837
1390
58438
4605
4401
37973
46830
55776
31418
31658
17240
37261
26173
35103
37545
23978
26940
16934
37475
48707
15101
52109
58401
5330
58443
58318
17182
20297
18987
37135
58010
15609
57973
18257
36728
26911
52424
24394
1441
32900
14706
45179
51751
58654
16408
30173
18008
37312
14770
35839
18269
35234
17467
26972
35080
17877
30048
20238
41306
17503
30201
36646
22395
36141
9942
36546
40796
18189
37535
31829
1741
1357
57890
18615
15232
32282
35321
16122
16414
52615
4636
17818
51881
36664
40737
15606
35455
15302
15814
29878
17814
17409
38250
37523
58019
36738
16406
53037
58425
58287
37177
16555
18779
18128
14493
15249
37521
17180
30183
14748
29659
1452
16098
46481
35921
16143
29986
16188
18088
37964
57953
20239
16483
34593
11585
30155
15571
5802
15088
30325
15543
31362
48752
18126
14733
58357
34873
22716
17918
58450
4641
18050
18179
58119
9924
31654
52909
38661
34573
18956
41340
6495
30521
17417
32281
27908
15303
16630
26935
46535
17227
52836
31382
29646
4617
14980
16049
30475
36933
32187
15214
35043
5787
36850
19028
17395
51969
11640
30382
18047
31740
31773
36086
35881
18271
26934
17700
4648
4561
15224
9939
18103
17707
18570
34902
11694
30087
18237
29721
44956
16987
57958
35751
36642
34877
15553
35442
52945
1354
36549
52569
16068
53885
35467
9249
37668
9790
46648
16138
17801
57834
36409
15265
55772
58183
57894
37245
19074
15945
36183
15456
41345
31789
37502
58552
16743
15982
17318
30135
14742
34614
1975
29708
29790
31621
16945
15966
27596
48763
2248
15901
48666
44944
18137
16632
9882
1247
17680
36897
17637
11554
52618
58583
57791
26930
35410
58189
14540
37403
4577
58042
9246
36767
16900
37075
58222
47686
38691
10954
14661
18022
52938
52580
57731
15179
51162
57708
38619
17852
17656
34613
41408
23933
58737
35463
16951
9611
35517
31445
16034
52359
46538
15472
17800
18667
35049
17612
35033
46428
15537
22885
52632
30154
24379
51993
24386
57929
45207
36792
24621
52377
14737
36713
36202
24613
31612
45223
52008
16100
45227
48779
15632
36283
18599
18273
40806
52872
14505
58268
40807
16815
26906
18403
14558
1250
10509
22330
15444
53016
17170
35661
52095
57723
19822
47663
29864
52931
14518
48822
34507
37084
36261
17287
17527
6559
16875
15367
31934
36766
31645
18016
24584
11688
37169
31946
31724
29851
6439
11655
38263
37772
37787
46472
15312
24587
37202
18361
37230
52865
17363
30264
29652
14764
15983
52976
29991
52128
52678
30447
34554
30299
17662
57738
18587
35683
18467
34456
16018
34945
52913
52837
18600
35171
58308
15129
11678
58646
11015
37893
53847
5796
58617
31564
52589
11604
58668
17967
36856
16847
37389
35382
32912
36239
9800
31599
14790
18630
35692
17028
34399
35778
57733
34380
31841
16482
35004
41453
58181
34418
9617
17538
35415
37046
57937
58490
26159
51996
9789
30284
48684
15904
16692
27912
15691
29623
31852
48726
2271
30366
15277
51899
17407
17567
26992
35905
34496
58603
5766
48704
16035
29568
37741
17073
52839
34517
30256
15233
29631
30228
46618
57943
36559
29818
15411
9841
37287
35192
46732
57895
15851
34978
22393
36659
15054
35485
14654
15946
18991
4672
38667
58005
15512
11002
34364
16817
14557
10974
37326
34355
46646
16468
16507
41361
45232
16674
17058
52041
35378
16158
31358
57770
58660
36973
35280
4746
19782
16614
15435
15626
9519
5774
15666
17790
18056
4739
35079
6398
16961
17500
37179
43985
46672
35462
51925
16715
52352
36589
35641
19063
2312
36164
26912
16707
22902
27588
58710
51867
30261
9894
11758
58492
36209
30383
52608
18796
58351
58069
31377
35604
18408
18339
18955
22404
6466
15839
19075
16206
35579
52928
46663
37433
19817
36706
36093
52598
4766
14682
37653
5736
36406
15246
52866
30054
48795
25884
58143
36144
34610
37329
17284
38639
52481
19814
48663
15591
14703
18293
17940
16977
17150
17036
35041
30791
31423
30813
44014
27954
57964
43815
20287
18640
36276
15524
18069
17618
17762
16385
11726
2291
14469
35022
17509
57739
36932
58399
35330
17435
52369
31722
31392
5317
34757
15467
35764
29730
10902
58423
52624
30509
18777
29783
36998
57795
30422
34403
16976
18439
41330
58569
52880
52788
35570
29857
18219
30804
30517
35951
16576
37399
18675
38612
34439
34420
58626
52356
9890
19812
57811
46608
45180
34920
16196
15869
30337
51821
30573
35507
35701
52108
34928
51970
18309
15683
2010
17254
45177
44008
58336
37271
30352
14731
36752
36166
45193
35777
37487
30195
30031
14465
4764
58441
16881
17063
35374
37607
37451
15308
14642
27923
19050
48709
15952
29946
15377
29755
46534
36245
57762
16410
48747
30728
35619
16433
10983
34352
51745
58639
58718
58125
18303
52605
9245
16074
16819
18282
5325
35452
4321
17239
15958
34837
36426
30230
38004
34341
29829
17190
40721
36967
17672
34988
35583
15590
29777
16029
52746
17396
18192
29690
37870
16848
37259
34921
37250
51932
58107
58153
36028
31802
17778
41374
35694
17807
41316
18554
9544
1970
46543
18317
22382
30237
52592
9956
15372
17561
11723
37897
58148
37301
37795
51804
34414
22918
17928
18017
37652
51761
58456
15643
35763
20219
9546
36676
57779
36403
35552
37181
14978
16210
17342
58353
5795
52863
15592
15503
9534
48659
36835
46814
57798
34942
38032
37384
52649
15315
48668
57906
16111
38645
52878
35711
34353
58079
9887
40811
27956
46488
43991
29975
17420
37812
29863
58245
31723
51924
35577
30071
35840
22409
36520
16993
11006
1434
52668
17653
31567
35843
5724
33780
34450
37623
48780
15209
41429
15907
35782
27599
36986
26958
55767
40828
38651
36757
11634
47679
16019
52753
18787
35735
14526
11645
19091
17163
37156
48687
16745
35025
30270
10967
16469
45214
35671
58659
36716
52566
11569
16903
16162
51172
58127
34588
34887
37092
14512
57878
51743
51859
17965
51984
37641
17010
36908
37170
37310
30131
30044
37340
16051
46630
17582
18522
52905
38643
37481
35089
43978
34790
22376
29891
9958
57875
30577
46489
16839
15330
4741
16794
46623
17501
23917
1986
30538
18067
31449
58505
36607
36444
6504
29688
31359
9926
45221
46637
37306
18617
37539
11013
46679
36862
58435
19026
17839
46424
58059
35292
31506
31702
37911
9764
17669
36437
52685
4328
58223
34628
37112
31585
18572
37875
35324
34987
17166
45185
34989
23909
16812
36212
14765
58578
18477
41407
16571
57941
57772
34940
51998
17881
36583
35676
57993
37720
15084
29762
35759
45181
17900
36063
9830
37425
36100
31348
37064
16920
29869
9820
37344
58615
35070
36042
18850
35924
16036
16401
5770
31517
18241
14556
11559
37770
29661
15459
46539
16390
31943
15162
37598
15124
46398
58374
17861
26961
2350
30283
41310
32278
57853
36490
17688
58502
26937
38026
35196
52561
6434
18302
37947
9626
34756
14638
29825
18358
35277
35529
29934
30365
46662
16592
30246
58483
58054
11704
15934
36440
30140
23927
1362
46699
52553
17471
11553
52671
4547
16740
58447
18614
41382
48180
58202
5819
35428
29727
17322
6456
15866
15118
58186
52094
15599
34340
17677
15056
37885
16186
17437
37725
15572
57797
16096
37457
20257
24383
20221
45182
15993
20227
52736
58645
2280
6525
20223
18625
35085
16992
16382
58487
4614
15433
46533
36540
57985
52527
38672
6473
35677
18976
46470
58451
9819
58589
36537
18363
30287
29766
5790
9801
18117
17939
30416
33633
46401
58237
41420
36157
37111
35533
33772
58356
38294
20194
14523
35860
29748
51159
46670
48675
14535
22329
26913
41442
17692
16043
35207
35820
14482
17027
38633
15533
9913
9965
15110
17343
27947
51750
15311
16640
17247
35794
35433
27594
16752
17592
4545
35372
18396
58484
35208
52811
35051
35827
36690
46638
15350
37031
46598
52859
29871
18119
31735
37123
41346
17258
48736
17505
37388
16856
27543
18669
29747
46823
31361
30038
15120
17336
16086
58333
6521
37273
48737
34574
33697
31768
11615
17359
31421
48796
58218
31677
17026
31673
4634
35316
37962
37309
35621
14725
18390
14541
38624
15463
30162
20280
16948
2317
58547
24595
30486
52462
17673
11737
35753
37651
52532
52860
10957
16693
34437
43818
35702
31387
30494
20251
16418
35584
15545
34741
31550
24588
17934
35491
22899
37195
35527
44981
30520
22431
15143
46839
11733
1275
35082
27587
18784
18531
40717
19002
18644
27949
35649
35819
37120
30106
38615
1405
17319
22905
31838
19484
31547
37785
34727
31721
4661
52892
35447
14723
37588
57824
17283
52935
20314
9964
15661
9548
11680
4618
16778
37180
17421
36927
15810
16949
29967
16525
11594
48743
45203
43986
58482
22906
52762
14646
52942
51921
16535
6428
30547
52801
17499
5728
15061
20231
36893
30145
37480
30445
16148
31520
41421
37341
52980
17732
40732
17945
19482
15833
24602
57794
41483
15206
15721
34412
35406
36095
46611
4553
17788
35837
9834
41478
58398
15045
29996
35822
29683
6451
18263
41322
11000
46612
15620
18666
17972
31818
14640
4692
18268
9523
17137
52387
16533
16578
29675
15375
17973
17741
57804
19073
52018
30558
37760
18845
18566
34734
37862
1746
35817
44011
29704
17029
15178
47570
40833
34990
16677
35747
31634
36097
46504
55017
15844
4341
37355
4659
41341
37508
48630
24369
14455
52901
58462
31376
17229
15015
15536
17204
2338
5331
51856
18593
22391
16935
5732
17659
38259
17751
15819
35450
37590
57907
36707
46677
57328
27581
57816
35569
9247
2345
1998
43829
35262
44003
30034
31651
34344
22920
18856
18579
45225
41389
31793
36407
32883
37648
18216
58493
16532
36260
17736
17869
36494
10982
9970
14691
29966
35940
18969
37244
15830
18184
31558
46405
51843
34782
30482
52986
20301
52046
16446
30311
29751
2264
57963
22715
27885
38289
18966
34811
17152
35476
58529
58029
58276
30356
38678
16894
34949
48182
16684
18990
41303
46813
18636
37022
45241
1437
52012
30513
11697
6415
16852
36056
26895
14514
36623
57870
17449
1370
16710
36088
58171
57904
37890
52897
52438
31608
16536
15608
36434
17622
15961
37483
6419
36648
37125
57807
15276
51880
51897
37025
15402
34375
11605
34778
17541
35340
35804
27971
37681
36804
15019
15589
36129
18598
14562
57967
18965
6393
45200
37638
9608
52430
30468
36556
35369
52751
6541
52603
36495
9878
29979
41333
29717
36153
18185
30385
57854
14732
31500
15656
9779
36199
16719
35407
37283
15600
19096
9557
16771
18551
37003
58205
36941
16569
37278
37978
57843
18046
35834
58549
30150
31845
17299
16499
30213
31575
30055
53887
34883
46570
16697
52651
1391
16784
52721
36476
17760
4678
35723
52476
37869
16724
30529
17320
37990
58539
35105
34396
22338
1433
18588
58291
9776
4405
26946
37906
37016
18416
2256
16878
34889
22398
57859
37861
30457
29737
2257
17142
11589
9535
2287
6431
18039
44982
15848
37439
36705
15067
14687
52747
46518
14753
6453
35640
41428
57978
4666
35166
35690
11663
30436
17604
52563
20305
48638
11654
4576
14451
52682
52426
18626
17952
4734
58609
34581
35335
16742
15103
30386
35397
57701
26903
30285
29930
17560
55015
31434
47661
36030
58038
22881
6516
34544
52790
15406
51819
36510
11716
16734
37824
58150
36679
36916
26938
15450
18594
15601
15115
30472
5827
35123
18060
37172
17492
15036
17250
9966
20275
17329
24562
35858
15383
30046
14651
15213
27562
52016
30730
1416
58616
11696
38658
11586
9883
31590
16128
18999
17683
37591
57969
51947
57703
18411
37302
48185
4705
32270
22900
37773
58553
15336
31736
31605
35387
4320
19003
18368
31562
15273
30362
17135
31851
29850
22931
57768
41351
16522
15038
36505
34618
17400
37687
30536
16705
57725
17486
35923
17472
30003
35140
52987
26995
1347
36975
32761
37279
52675
52995
52808
36458
14592
18223
34901
5326
46475
18854
10996
17573
37828
27946
27889
57806
35639
30144
11657
31499
17221
20233
47688
15282
30160
40729
51808
18397
52690
29678
52709
11557
58720
23912
14772
37987
37000
38262
15322
9521
26939
9615
20295
37322
29749
11653
31477
17128
31813
36089
30258
9967
29719
36999
35945
15057
52846
2285
18458
41331
58144
1269
30396
16168
18057
29663
16909
30799
41370
29643
30216
27967
37060
36033
36807
6424
37562
15493
36055
36771
36178
34982
36280
16082
31458
36955
17144
19481
4619
36269
16641
57827
31571
41445
17551
34493
18311
15708
51907
52535
6399
34963
15627
1421
16155
30025
38596
25877
17154
36500
4644
37086
37722
51941
37248
34446
37769
35901
6496
36284
15346
31639
36140
37376
52838
16827
34478
52725
30286
37717
4562
16411
35623
18307
30403
48701
41418
52652
30018
36271
35117
16407
57785
52956
18802
29844
41367
36216
15711
15283
57760
20317
58342
35091
26921
19000
26169
34803
25862
16464
15292
30528
58099
35481
2284
37297
4590
30021
16940
37176
16450
36413
17777
51842
16521
6498
38028
35544
34735
29936
16885
37144
35705
37821
58618
5782
29961
30437
38626
33789
48748
29696
11638
10917
18351
57924
18837
17465
52823
5805
17004
58564
30099
6508
29713
16539
29957
11679
14545
16991
35385
9538
18073
17087
16601
35127
17457
30425
58332
58326
35328
17718
17982
37826
17328
35226
37275
16661
14528
4663
35636
31733
16658
17066
15923
16399
17295
51813
30298
37602
35201
43809
35616
1399
26966
58461
58361
58108
52886
34388
2251
51758
35627
37200
35597
35712
17960
37694
20187
16038
53578
17862
22727
15288
57844
36756
52033
58340
36059
53039
41352
31525
5794
30572
31551
37836
58678
37233
46426
15483
30347
51790
16528
31573
18649
29637
17840
35078
14627
38282
18180
1037
9969
31576
24590
57968
23932
30458
58163
47352
17893
6550
17912
52531
37338
52687
16625
19786
10995
52719
34435
31467
24593
38601
52047
37589
58359
58116
14989
15207
5816
17088
58651
17593
17215
18503
32269
11005
52661
36114
31806
37674
33787
16634
34425
37373
30541
36960
41412
36082
2276
37094
57830
18446
18048
18115
15159
16803
35110
19090
37274
51892
17312
15977
31541
35748
6501
58057
22388
44959
18092
22884
20188
19057
18480
17792
17487
15229
16070
32277
16893
44963
34954
30802
52066
52765
16493
35119
17327
17623
18656
4717
30531
16818
36231
34608
35178
16766
53002
22411
46589
52375
34981
17974
19033
27591
36904
29933
11635
37619
9811
58045
11706
18292
52629
46558
30806
36857
17462
18272
36712
26181
18604
18314
17977
35704
35348
48792
53848
37802
30542
38594
10510
34427
38609
35518
57901
17773
15289
37587
36723
36154
52508
9870
16187
36067
35185
14549
15922
17452
22895
18366
41301
51875
52724
18161
34460
58676
30333
37011
58064
15153
5733
58476
34766
5777
31427
35592
34442
26962
40820
31474
52688
58109
37197
31680
15842
58086
57966
15252
46536
36236
17164
37059
35936
4785
15930
30047
36404
18305
9861
35496
17761
6486
17130
37165
36571
58621
15520
35231
17071
23966
1359
31594
34422
52659
46736
35555
17479
34346
6507
24589
16891
15892
37460
29629
48696
57936
22375
4724
41477
46602
58711
36865
31549
37774
37844
35392
31776
31674
58031
57721
1367
35083
18532
58507
58625
15568
52538
37295
1392
15215
31710
18410
52704
29861
30567
36735
37918
15909
16152
51982
15482
37621
36956
16615
27934
35132
14781
11614
20211
2343
18205
36037
2252
58546
37916
37907
35149
38598
29666
14586
37853
31730
16800
37917
10925
45220
15316
51891
48646
41371
14735
34911
16959
15239
34651
27302
29740
52637
16863
36626
15430
31470
19085
36099
16071
18781
37568
31598
51864
40817
37851
52500
18349
36719
36518
15107
14999
37564
45219
29888
52796
17079
51840
35891
46584
29822
37595
15121
6491
46603
14492
20242
16833
2296
35269
35034
45231
17843
15994
9757
11761
23971
34788
18960
46684
16860
46576
34785
15559
34731
14658
2243
9840
14740
34776
14496
30142
18563
17674
35186
25866
58003
35502
57694
34819
20285
35440
9771
27928
26071
17955
15196
36702
17579
52954
30036
16861
35848
4630
18031
15307
36483
15925
37954
34925
57727
36046
9920
31803
30179
52516
36463
52829
31540
14729
51177
51869
17335
36422
6385
53043
37626
31713
37367
1457
37213
36081
52874
17661
53863
22725
58082
48711
10508
37740
15412
35832
22723
35859
9850
5785
52571
17134
16627
57931
11676
57814
15218
48797
41344
37119
37793
35206
36044
37431
6540
31494
35588
35035
15329
48786
58592
31450
37536
17959
31715
36545
15884
58352
19818
17813
52040
37056
30432
35795
17226
30094
51964
37185
17143
30184
14570
1379
32274
17176
51912
57683
36755
26167
4620
51979
35925
17491
16670
22429
18054
15247
31887
19811
31411
37807
35130
16877
25865
46625
35742
1349
51938
23926
36905
18319
18201
17031
40803
31840
35752
9866
15915
30107
15650
37726
15445
18066
9930
15560
35349
29824
52702
26999
18029
30527
47689
31507
34329
27899
18213
15723
34526
35420
58712
53865
58479
18345
15855
15813
22378
23960
17572
52761
48177
38675
15841
27977
36612
29739
35703
45243
38666
58647
16608
16588
14553
52126
16475
17091
16789
4393
37171
9550
16765
37500
11611
48733
31669
15125
36689
35343
17448
34637
1242
38686
27580
34528
35214
23961
26918
37497
15297
17296
29958
46818
23910
57799
37742
52458
58255
16623
17515
17241
6417
2249
16182
29985
52543
34373
1277
17733
37149
36657
2245
34579
5818
4781
16793
36497
36501
52868
24567
15112
17649
18391
58040
38644
24625
51918
17496
30257
15613
30355
51783
58151
34886
34780
37512
36288
15564
51844
17858
58444
17392
52630
58677
46414
32884
30474
29632
44958
52991
31426
30467
44968
1268
15126
11617
37360
46702
17937
17012
32892
58292
57714
45174
18297
10997
36479
16624
14571
31830
29998
17340
18525
37581
58364
34798
37008
51914
58635
16820
4772
16125
36625
30271
19088
46634
52748
15328
15658
35219
27945
35031
34604
58734
57987
31815
26897
51749
37160
37731
17631
36108
48633
18009
10985
18080
6503
30317
35375
37914
15390
36929
4398
57995
17191
37749
31826
15893
36521
15462
27297
35282
34732
35809
58267
36721
58103
15058
27600
29953
37424
17377
36677
35125
18143
35021
22892
16779
4324
31691
35020
16680
35197
17102
15272
37038
52478
15751
15565
36075
37555
44004
36639
18557
52815
17727
40798
4578
9804
35755
1406
52993
11552
46557
41384
35332
17081
32898
34323
37724
48782
35115
18212
10912
31697
35039
22433
52599
58706
35780
5715
19009
35576
38674
4693
35669
58290
18552
4353
58370
36135
37525
15635
29974
15323
37294
58422
16434
4778
6432
52758
5726
17085
18853
58396
36461
36684
15005
22344
15170
37804
17481
17263
24580
35285
35644
6505
17371
35329
46655
16776
32651
51866
36655
58685
34600
14628
15712
52825
11009
16616
17453
16805
36649
44016
17365
35253
17968
4567
37584
17776
15250
34835
58355
58081
52436
38688
15438
2344
15158
19084
58661
36895
16556
35424
15267
16463
31390
52483
46604
17595
35319
34864
15225
15310
29676
37991
18217
16760
1418
30409
52722
6361
40799
29571
15146
58265
57691
16679
46622
36242
46442
37715
5826
34317
35728
18475
34801
34363
36273
37768
37062
36234
15829
52373
15847
17212
48181
14572
18163
37792
18514
37926
5789
17444
11562
17951
57695
20299
11570
35066
15347
35637
35243
20245
30408
4410
29671
18661
16572
16436
37332
29694
52776
17397
18524
16642
32908
52055
15055
36585
18023
34433
48718
17454
52635
2336
31781
15268
37936
17398
17245
18638
22888
31519
36477
46721
19023
55013
37899
35325
44002
58648
16739
9812
6388
58638
52769
1739
18384
58743
43996
58679
18983
53035
18333
34844
11750
37676
52974
46733
46820
40794
34992
4698
37809
31438
41468
38024
46579
16971
11593
17321
31532
16660
35800
30177
31587
19094
35783
31394
58537
37162
16547
36884
58234
37822
1363
51818
30339
57905
15642
51999
17933
57921
37124
27968
48815
35223
37531
24622
58503
46490
17268
16583
36867
30161
30379
48777
34799
10970
9943
36401
46512
16144
58556
58442
15324
18044
16167
52695
19051
46434
36453
34824
34336
37924
37395
52862
58562
17120
57786
16886
34767
9849
17894
16117
34555
16807
15593
2008
37095
15508
16737
14776
35786
34838
15434
15077
17558
36233
36950
31429
37352
35946
58022
34339
58372
15828
52864
58190
52714
38693
15677
35042
17218
37799
52539
37690
1987
16906
22435
35434
36781
4736
58572
18183
24568
31364
58602
35264
34998
18234
10978
18561
46419
17507
45233
37427
34514
15172
4551
4743
29952
44941
6367
35347
15309
36185
10999
6449
36137
34627
25867
9531
31522
17489
31746
58415
16681
35073
17711
58630
26976
36043
17641
58559
58242
37331
16170
10520
51874
36438
58270
16964
22386
51977
52556
15890
9778
15596
19483
9960
34530
29689
6433
29759
15931
17605
16444
5718
2254
4759
25842
5821
37806
17108
31538
31355
40722
35620
4687
29653
30175
14576
37786
57874
26943
16669
35638
15442
4751
18673
11711
37767
37417
35927
16431
15305
30441
29716
17132
48746
35909
35154
37778
30559
16395
17996
46400
10909
31649
18010
52485
6470
52427
31636
17835
16650
51846
18621
5776
52657
29791
34550
57912
35416
41327
46835
35608
17995
17676
46722
31686
48732
35585
30269
37001
30372
15130
35199
36968
41479
37359
36819
35409
48745
38654
16103
52428
36894
52127
17849
57687
52058
52446
35487
17043
32145
9896
52423
26945
36513
26883
31444
17611
6488
29732
34742
18393
16115
58532
15980
52873
18967
17290
2297
5720
58604
36947
5320
16599
46829
35796
16611
32882
37037
29567
15148
30322
36688
4571
16391
57702
17747
32275
22406
58073
34944
2253
58091
4344
10914
4675
9761
46691
15703
27296
34752
51936
34623
16067
30211
9510
27957
31718
30289
29773
52879
36412
52732
34499
15194
19830
16191
45197
46554
35289
30220
52542
37109
17924
36237
17331
17020
10986
4606
25888
35084
52440
35261
30464
57707
16059
52806
30088
52573
35829
36595
31568
30537
46571
31653
52076
34542
9613
58485
51895
18334
35594
15318
37753
17477
38608
27601
18235
26064
16884
16917
16950
16467
20193
34777
1395
37566
57752
27887
37470
16605
34406
37254
5808
30019
10951
9955
36691
36826
5768
31712
48723
17048
52660
57684
38623
36949
18208
30808
5717
53044
36828
34653
17273
31632
16916
15379
31496
15552
19041
37969
27547
35645
23965
31623
51908
58527
35956
51795
20269
45218
57915
34852
48807
15654
11650
14552
17060
37727
35000
11700
23935
14747
29823
48741
16747
2333
18440
30115
58454
34969
31685
20310
26907
37138
52997
17620
18429
47382
29992
15985
18136
57792
41433
36954
9893
36021
58466
38685
29969
1039
27593
36737
48717
5329
52639
15507
31693
37126
35222
48706
58363
16501
1985
30301
18320
35773
52517
52567
52475
52465
10965
41417
51886
19047
18413
17076
16429
17206
17671
31328
30359
10987
40769
17292
18182
18256
41458
32879
35056
34763
52064
57709
57934
29664
35217
4325
9952
51922
41448
9932
17920
37713
36990
17694
16502
30553
37738
1383
35111
16172
15867
15361
34564
46562
57983
29987
34431
15021
16796
58215
18451
15093
18578
14578
18035
10505
29712
35238
18973
34962
15684
17772
27896
18995
51906
57946
29962
16750
9858
38005
37543
15885
58473
15113
35401
17619
47683
6446
11643
5797
15181
16787
45239
16791
37423
37761
14734
5318
27883
15530
38000
17177
35183
34390
37697
35011
19097
35875
31831
9792
31808
29955
37758
51742
34951
34984
29700
16389
18033
52777
15468
18135
31835
40787
35408
35133
30503
17062
16213
58417
37348
16733
35561
38681
58523
34498
17110
35788
26986
36119
6468
37488
27935
29793
33594
17308
16545
17577
44946
31454
20262
48774
9917
11683
31391
34531
52902
15868
15452
9614
37927
14997
9922
46471
34453
31509
26957
17118
16689
15109
36066
16054
52435
37067
35023
31595
57823
30218
30291
57686
31504
30369
37122
15569
52049
29707
17630
15439
30040
15940
31814
19836
15726
37815
29873
48626
35474
52731
9553
37617
57911
22894
16544
32896
15264
20197
17954
18974
15717
4548
16809
37443
51755
15155
44979
34313
52775
4671
31497
46520
37874
48812
17300
58735
37736
17041
38306
52963
31409
17123
4762
34845
29948
37719
36891
58499
30026
37282
1356
58206
18318
9833
1982
4389
53862
35622
22925
31455
51763
16814
37314
14744
10919
30158
41328
30225
31542
17888
22401
20274
46577
30376
34367
36666
17702
31374
9928
58235
17148
1427
4351
48818
32886
52533
58445
30483
4349
35890
20248
15453
31744
17005
37780
34797
31432
27301
19018
15988
46564
37705
9551
18651
34795
30147
37148
18583
19777
29848
15676
14715
15932
29789
23915
48679
19014
41360
5830
1448
35512
31404
53049
36730
16058
22919
17388
15349
11644
58055
34541
17288
51803
58307
31907
35074
57685
31763
9865
16424
6445
33703
52425
18075
24205
18964
18353
18298
35571
29841
17476
37072
24627
57729
14575
16112
36914
18607
37763
30525
37201
51175
16825
16700
15824
41405
29887
17052
18357
51967
58379
16484
37561
17100
15492
58196
30226
14779
16777
16094
18405
35377
31694
4396
31727
31495
22423
51870
22875
36246
15840
14446
16867
15370
52052
2330
17350
27564
26989
30236
52740
15070
14789
24564
31471
29959
19022
31611
15359
37751
18042
16931
32227
30551
37247
37750
30524
31937
11672
58112
37665
52067
32903
9821
30104
16145
17317
5815
35749
51791
15669
52131
46517
9518
23938
37069
36270
29753
36816
35038
35916
16703
35479
29677
15094
30302
46692
36126
36188
30233
40824
31941
36700
17104
26067
35680
41476
11014
27940
22904
19059
38046
52429
14449
52921
15944
58488
53007
37563
57699
6411
30446
18278
44012
32272
58121
44971
41305
34644
38616
37940
34429
36132
17367
15725
34899
34519
30078
35313
17203
5735
27565
31800
52951
52845
9949
10922
58142
18568
31699
52585
15674
30076
58690
51806
37214
16924
19045
45238
57935
17183
30215
43715
37240
52091
10910
29698
36466
35047
34959
35466
30290
17259
17780
44973
16478
51949
52593
31329
36854
14532
36529
18327
37975
30109
34868
35575
36435
15611
36645
31676
36803
38649
14726
37707
58050
15812
58406
18425
18051
9622
16022
34793
58076
16530
52617
16552
10994
48703
15619
24570
36957
37042
53853
16031
46506
27585
26905
2265
15221
11671
48716
14743
14499
38265
37298
1267
36184
30727
6421
16416
1435
6435
14560
37650
36873
46403
31610
58130
37323
24630
27884
26960
4599
35612
17506
4657
46497
4611
18641
18308
18448
48628
37154
9944
38291
19478
36572
51176
22887
15835
29954
20189
11571
48674
47681
17824
46680
32893
58623
15637
16577
11633
20290
4685
46396
9758
58328
11659
16708
37074
37883
37289
1251
36840
46402
6365
52579
37354
17244
57805
29726
52793
33798
37698
1430
48758
37659
52827
57842
31811
17652
30574
37655
36105
36739
17382
17149
17654
17217
16132
20215
57716
16010
17916
15897
18660
58034
35012
1404
51884
29695
46831
52813
36149
34834
24371
52463
36213
32147
35799
37708
35718
9857
32897
9540
15014
33776
17390
31347
37232
46628
37765
58600
35158
35844
31556
30440
51858
16969
48728
17133
14786
37186
17885
26886
36148
2340
17992
31526
51920
35841
17179
36608
52752
27893
37847
17461
18805
11684
36759
37928
37080
57976
53852
30449
37706
37679
35371
17613
35155
35719
17540
15943
16157
36825
36692
37293
15092
9526
10953
14502
35493
17608
16840
11019
9823
19816
58136
35586
15182
6359
36068
1447
17021
37529
30500
29691
35979
37703
15971
46667
18487
52079
16114
31770
19823
30353
57960
27534
57876
38035
51163
15882
22721
23955
2269
11567
2335
58105
30309
22937
29981
43810
46521
46542
38655
15516
35200
37333
37570
48761
29968
16965
15290
36263
15053
34389
16857
52673
35121
58614
57734
9793
27972
26955
4594
18624
30058
11713
41434
17314
41324
43998
15096
35682
30136
46582
37066
58314
30117
1744
58489
15470
19485
16142
58161
31582
41365
11600
17376
35255
11595
15862
36122
58241
34377
30510
11577
6438
18838
30022
4773
17386
18105
17103
58491
19826
11661
17930
15119
19078
51181
15975
14761
52075
36769
37088
15167
27970
18324
19087
37825
31717
18511
31940
17645
37583
34903
2275
41369
36983
16686
30508
40773
34975
51736
22389
35914
58407
16118
51855
36058
17399
32909
34898
34404
16037
52072
14778
10923
25887
19101
37938
57900
23945
11568
16426
52971
37737
35150
16211
18846
34728
14477
35293
52900
16405
58182
30420
36701
15429
30196
48821
15436
16620
38610
46723
30401
15588
24599
52958
34512
36150
36190
30096
10908
44960
34458
30412
48632
46659
15183
51828
36772
34589
18193
38676
15883
18553
11691
37147
29634
58252
14741
17047
46469
43997
52718
36643
51756
35709
15638
30308
17552
5798
15446
51754
52996
34657
1414
37104
2277
17162
31646
15972
15753
15212
36745
38036
16664
4397
15495
19046
16688
31758
14763
5781
17714
38696
17759
15623
26069
18173
6467
9606
15071
30406
51792
31708
35543
36827
35746
35811
36207
18852
34540
18323
18496
34792
41402
36248
5778
48771
11693
22336
17159
30244
35241
14522
58689
17385
17986
52898
18994
36889
51992
30346
57754
58187
22935
35144
14473
36979
37506
48739
17770
17919
5813
52537
27886
36845
46527
45201
17826
17833
24578
26174
32649
17771
29733
4390
15231
30133
35358
35065
36125
46444
58383
58145
31346
9753
38034
6510
37315
18803
46827
4626
35934
30405
15616
36977
48669
14510
37692
20263
35745
52849
37305
15964
5729
36508
17975
16967
36606
18331
37554
22390
19779
31367
27569
38008
19806
17209
53854
25872
46583
18668
37045
17175
58437
31410
17914
2323
58717
17068
30167
17666
35744
58025
46436
29725
52929
37401
11560
38656
45236
9511
15861
37551
30227
34957
46474
34787
1389
5807
16944
14991
37167
9509
36896
58037
52937
24393
4684
18548
58519
58339
51814
26982
15888
58508
35112
18424
34932
52554
36939
30523
35353
29972
31443
46423
29973
45244
48179
9829
10916
16698
17202
15485
16753
22430
46686
58732
37613
20276
15293
19042
16846
29894
24596
15541
16207
36809
31380
15389
51798
2244
1449
35906
37903
44970
40829
23937
4621
23954
4690
30061
17195
25983
30498
19060
18386
57828
36795
17468
16517
37054
14688
41381
36858
30045
53864
17231
26965
15580
38027
30817
52588
36566
15986
47659
46565
36160
16474
51796
15192
58725
29971
14589
15261
41470
52633
16442
29956
17598
17853
18595
36740
36256
15145
6539
31731
16695
48667
52786
57769
58220
37118
11021
6478
22910
37996
58115
15032
36762
35482
51974
35847
16841
46441
17964
40719
30041
15955
17602
35911
36634
37712
37216
16398
14695
18581
10519
58716
52100
16957
40715
10903
18123
30148
34392
32650
35815
1374
16459
37733
38041
15245
37010
36817
18582
36172
31638
37132
34784
29813
15460
37217
31498
32756
30434
58440
17067
52422
46524
37114
15006
37898
46614
53577
36486
35054
58701
19043
16854
37517
17594
37402
2250
46528
31807
34930
31363
23948
19025
15843
57736
16542
37442
15474
15936
51794
58453
11720
37728
58017
48725
37909
57865
34354
58707
36777
58619
15253
10964
30274
31809
35573
30443
37528
14491
58612
14490
17906
17987
53036
37166
58212
16604
35113
29826
22383
17970
9774
52756
15519
58480
17473
6538
11631
34419
14542
52843
37686
34580
31472
37702
38249
17767
15223
16506
16124
15385
33794
58495
31648
17084
58304
57781
15291
46737
35139
46821
35005
57742
9782
15615
41308
51968
27540
34770
35232
52828
30235
37503
52017
51878
17275
35159
26902
53011
14773
27900
30039
17570
36408
30282
15914
29802
51905
58080
27930
36785
4334
20308
38647
30565
15903
37790
31704
30030
26994
17716
51805
46696
30293
9852
36034
37546
34331
38056
57323
36577
58591
37220
17742
15104
52102
30073
38295
30427
4403
44017
32230
27952
25869
6423
18012
48624
23907
16159
58147
4584
16995
41439
46548
58001
48819
58154
6563
29816
18177
52794
57861
6509
36083
35882
30033
16989
58568
29964
15933
2267
58428
58062
31357
37614
18378
38635
52824
17156
35157
36848
35603
35560
1254
37628
31539
16639
16549
37910
17969
32232
35932
52978
36471
45184
6360
37324
15326
51958
46665
9880
19012
16754
37794
35361
32905
37345
41319
46645
32890
9799
20236
17650
15837
52562
17050
4712
10522
36574
37434
4725
17983
15838
37723
52626
30461
16055
17730
58665
31846
10924
15409
14579
37184
17089
11609
35895
35652
1352
5327
17548
16849
2316
29576
14559
24598
1368
22921
33781
52570
17391
34858
35488
29817
40774
30430
40745
37484
19082
17909
36883
34947
16076
52492
18355
15356
31794
19477
51961
18342
47662
36587
34372
40727
41443
57822
53846
23964
16918
17362
34781
14500
35412
30156
29578
36903
58649
16537
29855
17847
52932
38305
37350
36920
52787
23919
18055
16973
37783
37268
17330
51973
52783
4331
52628
34438
31707
36741
41474
30345
15831
52024
24370
17493
57718
29626
30157
1996
16021
17825
17072
17981
18608
41326
31640
9847
15364
18337
48665
36464
51942
35821
36423
19825
52572
57864
19030
22326
52493
34621
1243
4738
48705
57856
41309
20184
15204
58229
36727
17679
11020
58327
34804
37550
20259
37316
51160
30455
58200
4638
35165
4625
46591
20222
15108
36778
36206
52906
17931
5820
20202
15636
16554
38038
23951
30428
37593
4774
34509
15834
16042
30010
37133
27579
58129
6459
29742
51923
17635
15471
48634
29832
23952
57979
57728
46660
11632
17633
30171
17845
36725
17966
40739
34855
20180
35510
26901
48708
34440
2320
37776
9947
31405
4708
15558
27961
37029
30253
35018
17891
22724
36928
58432
30007
35812
30118
17211
11735
18188
36578
57741
18347
29980
16595
46629
16384
32751
30512
26892
15116
58257
52727
18352
58072
15605
36278
16970
36251
30549
18226
37337
52922
15040
36255
53019
14987
41410
57974
35686
36581
14784
37385
41473
9768
35405
46404
37189
16089
11592
36523
15295
1989
14996
4768
35239
17271
17957
47571
48808
16810
4347
18089
57873
16910
35950
52021
15371
52026
35027
37365
14990
6524
36064
16046
18500
16983
38023
11622
52642
36130
52631
17510
52804
37534
4780
14709
41436
36515
17009
37915
26166
18379
6562
2342
58302
58632
31775
15894
18513
48776
37952
36647
4568
37241
51831
52949
18261
6465
9953
18671
18450
37090
15226
36077
29960
36937
30013
51879
17696
18546
18101
37366
15437
52450
34802
35470
30296
18652
15911
52792
35707
47379
6552
15900
27948
14452
30029
58111
58375
18108
4697
16838
1456
16099
36982
17160
18947
36156
41373
58524
6463
15235
14750
15724
31626
58544
15234
38617
38029
32759
47676
27917
41454
2305
57955
19775
16201
19015
15134
46511
15916
36915
31703
17003
47675
18844
11004
58201
15634
52961
57868
35776
14992
52022
17093
4404
35504
40713
16212
51951
4609
38039
30555
17897
34449
36117
35254
47677
52028
37968
27964
11689
17282
48721
18118
14463
29989
15594
9554
43813
14536
15398
48183
17684
48762
37150
51883
58728
37901
30024
26924
1274
34506
58703
30190
17406
37718
1381
18470
15198
22912
37988
58391
22883
17779
37798
29877
38614
34843
46509
30315
31766
53869
51857
46698
17219
16489
35928
31659
36091
16438
15017
17589
30268
18414
15447
34879
30262
5803
1239
15079
36503
16954
52520
4587
31774
16953
16171
52832
36287
35896
18797
52073
37435
52809
9827
18178
37311
37714
34640
17525
52943
25859
30202
51802
11748
37819
58274
31620
36651
29665
6437
31947
26984
37077
30341
41437
27304
19790
16199
37558
1983
18476
46654
57881
32233
15275
26970
52583
34527
16785
14461
52742
17580
58643
14746
17994
46619
14752
35050
36023
46600
16808
52555
31696
45196
57887
18495
38648
20206
46484
38288
23974
16823
58193
34457
14694
36499
51983
20256
37257
31754
36907
29574
58254
36573
37208
17868
15368
20198
52060
9881
32188
29636
30105
34964
57925
37209
30495
17599
58209
48768
1422
57839
58509
15663
30194
10915
34939
30579
51173
19048
2006
17122
58533
37479
37400
1396
35414
45215
37117
36590
46588
18655
18359
16613
14494
38700
34639
18482
29978
6537
34733
1377
15331
18605
58590
24392
15236
30368
14683
18190
11746
15082
10911
34521
10952
35633
29942
38638
36993
16656
35010
30381
27299
57724
52115
52998
38673
37645
16116
57750
17469
26070
37743
43990
15464
38283
57954
48813
41359
36683
37995
17401
16531
15458
46631
57896
1409
18509
18215
37210
35767
35887
57773
17756
48799
18501
58598
18383
36671
37745
14519
37629
52795
16045
15612
29641
1454
52729
2331
15469
51966
18497
38611
16523
51816
36925
26950
58122
17442
18181
51917
15466
37666
46669
52969
15583
18174
18402
52601
37542
43994
35182
26974
36208
19788
51976
40728
18979
22384
52744
18550
37748
34635
29697
35625
9853
37496
36890
16403
52600
35530
16084
1364
38625
37511
37683
52536
17944
20230
52713
37467
34350
9889
29785
35696
35532
26177
15506
37879
57970
35059
40826
58000
37549
37408
29750
31670
16682
30075
36204
58675
15149
52363
17033
46731
18492
17609
31823
17664
48691
36878
37820
36469
19013
36805
46443
51946
15912
9543
9766
41320
30123
48722
35706
11003
37518
37129
16872
17898
52106
37410
37018
35509
4337
17112
15756
35221
35064
58458
35515
10993
22720
37391
17804
30307
17874
16003
57920
9605
15953
34384
16197
15334
25886
30485
36036
16024
44964
4627
29993
16141
37336
34872
14986
40784
37421
18632
36259
27537
18113
17024
36616
37418
2292
46681
10511
16709
6402
18191
31663
30082
15260
34904
38631
17859
29814
52110
35929
18491
15031
37524
52051
18011
36859
36791
52452
35939
14774
1413
15386
17315
17670
34846
30421
20195
58452
16718
14727
52023
35617
18041
37032
58158
17425
37390
16077
58194
1411
29799
57833
51853
29868
37486
15528
29836
37489
58170
37136
18134
17200
52610
24609
18062
18354
2334
45173
19058
15845
20199
40802
22419
18560
16602
51939
18848
9807
41462
46498
27881
11668
58439
44007
9843
58431
36548
34915
34758
6381
52894
36024
36111
30389
34816
31413
51854
41397
35249
30575
37858
36266
44967
36200
16563
46545
36686
16540
35279
29842
17546
4757
14551
2328
30077
16014
41430
16559
35499
18149
35337
41398
4612
9886
58510
27561
14769
4733
52814
48682
52006
4615
18601
37625
35981
16490
30514
37886
16651
18549
34908
11757
11649
18986
31753
34320
16471
24616
37762
16393
14653
58586
31368
19815
18109
31795
4729
16481
37754
32231
37931
17863
34656
52486
53003
9973
29614
37055
24373
17910
40809
2321
14994
58330
31739
22337
37831
15521
29784
35008
30093
35322
37378
35768
30057
31812
58528
15068
37691
27903
37409
29970
6530
2005
35793
20292
46513
9624
18034
46559
11756
47665
57880
17720
36029
35598
25878
35807
16706
37499
19072
19021
17642
34616
35100
14716
53012
36134
26927
46641
22410
52501
9787
58083
17921
33777
17466
58653
34923
31528
15197
58175
6493
52919
17902
20241
51835
37238
15177
10979
35164
14564
36965
31848
9927
36226
32648
37081
24615
16952
36943
35252
33634
57965
17111
18571
52444
4723
19824
30272
40816
30328
4699
18543
30469
31777
17563
36995
34358
35393
51935
34870
18432
58250
17201
48657
18642
18428
30000
41467
15951
1398
14537
15815
15525
19080
18498
18658
18623
14639
48738
53047
15563
34652
58210
35849
18456
37657
5738
35099
48673
17037
36487
52134
15538
18152
37632
15128
14585
30466
34503
17519
27306
57885
16150
15314
36596
51789
18124
16830
57717
16671
38636
37027
29644
11743
36976
15881
37835
17459
4569
16529
17045
46705
37100
35614
48623
40781
37757
52834
35879
30166
18992
30534
30252
58548
16553
18434
35779
57698
37871
29931
30411
18204
58329
37600
15652
30103
52496
36902
19800
17543
35785
53008
19803
6561
52085
57692
30388
46650
17002
30110
11722
15573
30080
9604
52113
17938
17361
58251
52576
18606
35229
48785
58393
37370
57681
31664
14714
22930
38698
31402
24575
35333
30497
18196
18507
58655
10949
52735
38015
34729
35362
31682
35888
58596
16907
31412
9775
31728
53875
30816
17554
15240
48688
9527
29977
18021
52443
34633
46615
34980
48773
2282
17533
41353
17369
30241
17074
18165
34634
16462
16610
2349
30101
48756
2268
37396
25875
5784
35268
32283
26964
48766
17749
57938
9872
17339
18584
36800
31407
34937
35327
58248
37441
17979
17429
4728
15142
52785
37375
37221
20277
37465
57910
41392
4552
57831
15548
58345
31633
9888
18229
6452
48720
18542
31935
37070
58698
4735
58691
2319
17754
35211
33790
37019
36079
52802
17301
15750
17828
44976
26176
51799
11692
18020
26825
31798
36120
16069
4554
37272
16012
6518
57999
11751
30035
22412
34794
17695
58303
34624
18015
35096
25861
46640
46572
11575
34557
18091
35381
6447
17199
16025
36609
17857
17976
31566
32901
2279
52959
20182
35436
19005
46693
34646
58740
58381
11690
36853
16101
18374
25858
15405
30811
52964
36040
31679
32762
18958
15557
58650
18125
38044
14503
53867
1273
31660
18389
34315
15041
36961
58214
57852
53861
57840
35148
15967
40805
46493
4559
6542
37833
23956
58331
20284
35658
58545
17706
36480
35265
31372
36598
27960
18079
9921
37343
18453
19833
15877
16716
58169
58139
53013
35864
15049
16567
58008
37493
36452
5793
19807
32280
35461
36528
17213
26925
18650
18224
33782
52650
20237
36880
15391
44957
18013
35063
38664
17364
18138
24600
52581
37152
17578
19773
48814
37420
34830
17871
36742
16932
37791
9909
9864
47684
37527
58681
35251
34966
6408
30012
10515
16066
35147
18398
36680
15695
18000
37050
4752
48702
15388
35688
4639
45195
30402
6425
58185
17638
37440
41459
17838
57803
36627
31796
52817
41444
58325
37113
35765
52472
58692
51963
38013
9522
17115
17614
35587
17822
16962
4731
18401
52490
20265
35729
45216
58365
18521
35465
30004
52939
33791
15697
18466
18968
18336
4706
37194
19827
17198
37538
16175
23857
2348
16047
31428
52612
32273
16673
37398
14561
58459
36743
2309
51849
35642
58674
52083
44019
36855
15185
15416
16511
44945
17851
30251
37664
18260
58464
58106
35317
6457
31627
35088
37447
35546
46431
58380
37739
36186
34408
4591
52385
35862
16023
36837
30393
44005
16859
14656
16851
15382
51788
11017
18618
35323
4346
45212
41464
37346
15891
35813
37491
29640
17139
2355
57693
31389
9539
48740
52869
57809
18610
17055
52011
16432
15498
58243
37604
57706
46537
4718
10928
15243
4407
14981
51894
51871
15075
35331
4784
35681
36624
35801
36430
36678
38284
58566
1445
17235
37573
45222
31652
18287
46531
15826
41482
29999
18590
52891
19480
31513
31381
24367
37943
38293
33797
15990
37945
15332
52622
16829
24601
16001
36254
9846
26160
18806
37462
30453
11742
16821
36836
16736
37671
14457
36147
31839
9974
57989
15956
36693
41311
16801
14637
58277
18122
37386
31543
58516
18144
37063
30417
30424
18635
52384
37413
57815
22328
36514
9769
41446
36087
48729
53884
17431
15047
51960
14584
9808
37580
35388
41463
17568
35026
15655
16649
37642
36550
17665
16189
27535
30395
1417
1248
9851
29883
36258
35771
15164
17011
37942
36504
36970
52841
52925
58611
37303
4750
37405
17414
9816
20270
51178
57877
35845
31631
15357
36072
58395
35427
5773
17817
37575
4583
37490
38018
17936
36062
17252
31675
34779
46738
35236
51764
34525
37913
16728
52684
51995
51815
35596
37779
35357
14632
40785
58275
58219
46609
37908
4707
52001
6533
36605
30535
48645
27929
36808
58013
35900
36934
35769
16636
58584
4581
37347
16030
37559
40782
37432
17205
27925
15618
34445
36714
52027
16110
30480
16711
29994
14454
57893
6409
17545
29779
15680
31466
36506
15992
15011
14569
16887
15004
11011
58118
29679
15095
36431
22890
6519
51800
19052
37639
10521
35169
6372
22706
15816
58518
6430
17086
37948
57763
26888
6364
4572
26975
35892
15905
30331
35955
17738
19809
36475
29686
16550
31667
16880
17434
15358
36257
40814
58227
16648
41403
52691
30487
29812
52442
15614
34654
58102
15161
46435
11666
11555
52466
17341
18139
18120
5714
36247
9837
16582
44965
31662
46739
14755
1350
15670
36821
4709
1373
38683
35833
30452
52662
1423
15217
15668
51809
16741
16822
9514
36447
58699
27305
52851
6413
11624
36507
16081
36052
27955
17193
46413
4635
17550
36228
37249
16982
58012
46525
2003
58599
36812
4782
36849
35449
17553
17267
10517
15754
38302
15987
41447
30295
34410
16865
16922
57746
4322
30219
58514
29754
35312
58230
37800
58284
36121
17856
46653
16441
30084
37816
52663
14652
17338
58282
18026
15478
30292
2261
52372
18430
16913
17848
35664
45202
41337
46586
23914
29687
6369
37246
9610
52798
18203
15491
52112
20281
16744
27910
9885
30090
1446
56752
35550
11630
17629
15688
35869
46595
24592
37196
19828
30265
57325
35542
15549
37098
18018
47669
46494
22327
34849
44969
15681
23959
52548
52916
9516
34833
51972
51981
58123
14520
17276
58341
31801
52797
57977
18167
19776
27574
36459
58697
15645
17151
18981
36544
46416
2337
16543
52820
58322
10991
9874
37079
52882
6448
35708
52007
40730
15807
36502
29616
34558
38642
34762
35902
15702
37036
52689
30188
24381
23958
34856
34960
45178
29628
30370
17261
14739
45186
34421
37351
11647
15284
31597
36061
31647
16486
57860
34620
52382
48184
17544
18209
52009
35352
17013
52911
58624
29811
58397
44972
17432
37284
32752
34365
17475
29693
30165
22880
46473
6380
18038
31613
48793
51095
16871
58550
48790
16123
15140
30153
19001
18857
30192
34407
20235
27959
57898
51179
52029
15360
37553
30439
30059
31386
38602
35458
36617
18984
31352
35291
20311
52380
34337
16811
17136
52540
35506
58455
45234
35761
53857
37552
46668
46812
38264
18508
15704
16643
58228
2302
18488
46551
57697
22421
31401
58231
30363
16696
37932
6386
36225
10905
46495
16492
30279
37609
35739
9855
36534
15366
35346
31384
17597
16879
37817
36277
52975
20302
18602
52557
30232
29815
35314
58184
17610
20249
58542
52111
38010
35525
38030
17349
5769
17850
30522
52552
18242
37426
35689
58120
18382
16185
22428
2255
37818
30273
1969
29782
1361
22911
9891
52034
52545
52074
15237
15673
16748
40823
31618
52844
1968
52484
17511
35490
52734
14453
36078
29579
17764
14478
30132
37416
34568
16921
29651
36498
52559
35477
14721
22907
30504
37014
35861
17715
26074
14657
37239
35246
17855
37140
30097
38037
37892
16947
16628
36630
46575
16166
15604
44006
4682
58295
17357
15384
11727
18849
52818
52970
35203
4719
17942
52896
17746
37974
18087
57330
24605
1415
36530
16044
16888
26068
17298
36432
34397
10906
18254
16876
48670
45246
37419
31531
46627
36987
46395
6374
58124
58400
29862
57688
24577
37842
58448
58134
16905
30182
36143
35559
1241
15317
15151
46507
57850
35443
16004
53870
27584
6554
52647
31832
58722
52036
35803
10950
58009
57872
52778
58427
30245
58700
11616
37507
36050
38702
58388
57930
20218
19774
27911
19781
30360
17251
57991
41302
33796
17233
18116
35087
37155
37979
17989
36710
15818
27892
18028
36128
36732
14511
15073
16797
1272
15399
15174
37923
43989
37317
31764
57789
52457
36187
52791
35635
19061
37594
37265
22413
26165
34609
52482
11574
41451
22405
31643
46675
35855
17125
20217
15976
1426
37006
37472
52043
17438
32760
18972
15200
35770
35360
36159
9871
16858
22901
36511
58192
18267
35052
34851
17061
34662
29648
6532
36419
25857
30796
48714
52597
37998
16979
18469
58656
37130
41416
52473
29928
17325
57944
2300
24611
36770
18098
34572
14771
14684
38603
40815
36788
17864
36115
15085
17402
30371
52038
51948
31416
15984
15400
31668
6363
36793
58561
34611
15817
34328
37848
15551
37356
17294
32889
31534
41323
18277
36142
16968
30152
18539
52082
26915
34330
18365
16072
15338
17347
36076
9968
16488
58301
58137
15355
52641
36989
58286
17520
57858
4392
52541
30484
15189
15647
46624
16978
2299
26178
37867
58269
18988
35109
1278
31748
30499
11755
33784
14470
4660
37673
35303
48698
31601
15979
37994
41432
15910
30488
35311
31577
20191
37473
45245
36289
40740
16727
17441
15352
34991
1420
41334
34806
58198
36798
6513
1253
26993
37955
30063
11715
52477
57952
58369
36193
35581
37057
51896
30419
51847
48802
31804
26954
4655
4702
19019
17272
24368
29941
4760
9802
33793
9908
17187
5319
18399
52988
14697
14538
36020
17890
58517
36433
37381
40725
17348
14720
18407
45176
18164
31360
15722
57837
18373
35124
18350
47673
9536
37020
6522
29734
34650
57732
57745
57788
36221
6397
17174
18950
36660
46643
31524
15374
34314
14583
30397
30223
57882
40788
36071
15941
34961
35307
37157
11573
26175
36868
34318
35725
6455
10513
30214
52497
57726
37269
17911
18304
15037
10506
34343
1410
16011
30027
17280
31425
16452
31516
5811
16509
58410
36754
36610
18575
58315
29763
17532
31791
34607
35228
37766
17887
58498
22891
15878
30568
16972
16146
36783
58239
35908
36842
35679
37900
6497
30410
58317
58424
30540
1737
23862
30435
9950
30450
17774
23976
4686
11707
36168
35383
41388
29800
10959
6545
17539
2263
11660
36038
58513
36822
32754
2341
36718
46446
27539
37002
34582
30519
11642
29856
35938
41336
35693
37307
14590
16694
27913
31752
18427
46656
14982
58634
31822
14495
36223
15484
1440
22415
30364
26893
16646
35846
34895
29667
17926
37669
34730
15686
31778
15254
30209
45237
58247
52853
18367
23941
41347
37044
29937
16647
35180
37797
10961
30238
37615
23920
34533
18356
4355
6515
35880
46639
36421
47383
18592
51157
26161
30721
52962
35772
29738
22889
16729
31749
15333
37158
58224
55771
11708
34820
15854
15136
35224
52821
37509
37855
38020
16683
18380
52577
16453
16659
46816
18518
16579
58579
37334
52712
16908
11740
36133
18145
30491
57990
36272
22898
37541
11732
35395
30189
15255
17262
14660
15671
4726
18264
58511
57825
35014
52871
14588
4600
1394
45209
41312
34881
18959
30548
37159
30473
18005
52611
58299
52544
9951
27919
36844
58387
4756
14681
36103
18517
52947
17574
34374
51158
18460
36145
15325
17758
15696
38682
58534
36405
18019
26923
29681
29889
34812
11561
27578
18170
24569
57778
48640
2332
2246
30569
6441
18653
58477
16097
17436
40427
14582
41376
36978
18533
16387
36622
33783
58497
35404
58620
18798
20261
30465
16154
34832
35386
9875
18058
31378
37026
46417
37912
46585
11608
5829
52708
11579
31579
22381
14757
36116
1348
36951
15714
14686
46508
4342
35184
37494
52470
16914
18262
40804
52515
17065
17478
17450
30114
36733
34511
57986
37606
27915
35883
18541
30130
35315
15199
16457
48643
15348
18329
11702
14548
16056
29819
15499
18555
29843
19079
52077
38258
15889
16722
37004
51962
37983
36619
22392
36418
17785
17096
18479
30006
4414
6534
35272
26065
41455
34807
17225
35937
35630
48635
9907
58736
18394
14712
15667
16855
16933
29669
17542
15102
52368
36866
52099
36084
57712
23858
20205
36924
58525
37380
30151
1429
52680
58472
37482
58063
6471
34534
34916
15003
17355
58035
35714
35978
37944
4607
37288
35191
31533
33632
30095
57710
1365
22345
34863
36561
14704
18481
4652
16445
17000
52908
1999
17803
4412
4716
15211
34862
6487
37393
16938
17798
36594
51956
17823
15363
26179
16824
4737
35933
41335
58176
53005
16090
36163
52518
16691
17474
27300
35345
40736
9923
4332
44942
15996
35338
30564
52810
31681
31512
15016
6382
30254
36041
35913
37071
26973
34387
58362
37382
30400
18951
16942
52654
29963
17346
52915
4333
17956
35230
5822
9513
14566
11719
37678
5812
26932
37103
30016
37047
15582
18980
36098
48677
15825
11728
34432
11760
9532
40720
41487
15576
15448
18245
16417
16842
1360
29566
52698
15630
36696
18444
38637
52646
37567
37281
30334
36698
35486
15823
44020
37585
31788
22896
37225
58543
9248
17624
19819
52679
15186
15024
36724
58281
58667
4745
34839
57891
5823
4613
18523
37461
35302
35245
9794
52030
35336
26920
51797
17962
35176
52523
6376
24629
17985
46499
35446
9525
16936
6557
36454
32913
36196
18629
24204
30139
27951
30310
19089
29929
17192
51971
38021
27575
15660
52088
6358
11731
53851
58414
44962
6373
18002
35724
1443
55018
29876
58350
30407
38694
17723
30108
15337
15870
20254
16412
34927
22917
31705
14533
37865
15286
37175
31825
38692
10898
38040
41383
35567
29932
27962
23940
29723
51741
16966
9814
15874
58702
37429
16079
31536
2272
48680
6535
4776
52447
51978
52745
36124
51904
6426
48647
36567
52087
16925
37941
4560
31842
38009
22707
45183
11749
48649
57812
43987
17820
48724
41394
31521
16899
20255
15269
37099
35599
58316
52739
18510
15974
30526
37468
58373
29831
16386
41450
6462
29680
37662
6474
35179
36045
35613
30198
15542
57766
27897
51927
35129
18952
30091
14983
57869
40790
48651
17207
16006
34641
15875
15033
18395
5767
17667
15633
57846
31393
37471
46697
32888
15920
40786
52883
51748
17521
48681
29642
58714
17728
37644
58541
18530
18474
6414
58613
18534
18945
47685
38045
18112
52510
31625
20214
29627
36191
52766
48749
48188
37689
18240
18431
6458
46828
35798
4646
36074
52941
35976
58344
1431
4555
58093
15597
31440
35202
58039
37620
37207
30373
36980
37009
15122
18783
52105
17080
33775
35915
6548
34321
35868
37076
31761
41317
27571
29624
34775
27577
41349
4695
35257
4402
51931
18259
35445
37630
34476
36831
58385
6412
35722
36539
32891
30060
36049
26981
11583
6416
9904
29788
9929
51915
36227
32895
16958
35757
30404
35548
57984
36492
17775
14760
30330
34888
18158
48735
51837
35500
52453
29770
29884
15457
30800
30460
52955
41466
4558
52636
18072
18348
51762
30324
34774
35093
18457
45192
58478
30288
30719
17744
55775
41461
34391
35248
53581
35019
52674
15628
31351
35464
17805
14464
34576
36232
17617
37300
35741
19039
58666
16161
31687
30374
23913
29990
34605
6394
6403
31397
41456
14554
29965
57327
34909
52547
18220
17925
29866
22915
35580
18082
31544
23947
52738
26172
5783
16985
37229
4608
46688
30124
15755
53038
35492
36240
36784
37211
17628
15123
30518
31593
19086
58468
16200
4640
31701
31784
6377
36635
36994
15566
16085
34638
15030
17034
30797
17185
18332
31457
15510
37946
37747
17484
30354
52981
20309
16783
17555
14768
5712
53582
17366
36509
22886
15887
52852
34996
35830
51171
18157
27891
4629
35660
38298
2002
52037
35731
29639
30815
31844
34379
52479
36776
18289
46492
17988
16637
35072
48653
40801
16780
35657
31433
16607
18077
17356
2278
15707
52376
17923
16518
6383
58319
58036
51988
16178
18364
35275
46671
55774
36611
35417
30313
40783
16666
14648
51861
37223
6461
37404
37308
14587
52946
15617
37796
35061
17230
18322
14702
52441
58157
4550
15105
30493
58004
16792
52521
26889
22923
37204
37173
37093
31650
31385
58726
23944
15271
52693
37357
35267
17016
16633
18106
26919
11736
24633
17901
41401
1042
36564
57783
52726
30502
9892
18129
11602
17980
52130
15479
26947
52035
37034
20278
30515
46819
36682
29692
15281
16404
18169
30037
15873
58014
31616
31461
16939
17023
24572
38689
15086
52098
29619
58715
9842
57855
34896
26953
14756
36473
15279
51955
58165
30247
36555
15028
18221
29767
36118
15629
30042
48625
23936
35057
16629
57918
57886
36547
15066
36863
46505
51877
52434
37339
18286
41307
18148
35715
36667
34601
36136
29735
30300
27975
10899
27888
46480
9810
16638
51902
37784
37654
57771
34430
37682
9755
18290
17816
31554
2288
57705
36197
41413
36661
29656
6484
6492
58338
29743
17129
37663
4624
15098
17234
35662
15610
35028
16425
57933
16573
22377
18804
17224
31843
15584
30163
35032
35495
9549
52822
19783
35615
52717
35572
14767
34822
35120
4676
37368
29572
38304
46393
22403
29746
34515
46597
36794
35852
15720
51752
55770
17581
57755
36734
10992
35326
38042
18998
15475
18232
14472
58007
16423
35015
17094
36493
58628
15706
30121
37108
16514
45211
16699
31828
37450
16032
37321
34725
9925
18362
35941
15090
44013
34595
16836
36614
11705
4411
22934
45226
17214
18490
20208
16570
19064
11641
31356
58662
6464
14444
58522
37986
15060
36532
38677
36085
58554
52772
19805
46540
18027
15579
37021
4744
18516
19034
14979
18141
34936
37304
37485
30312
30066
35646
17941
9937
27918
46811
31596
16510
35391
58347
34918
16396
15208
27943
16782
34316
31469
31755
36512
17326
36214
58389
35665
46397
29660
10972
15555
16105
52491
16813
15502
15461
15407
58310
34351
20294
36746
58172
16990
58419
35624
37330
16470
35511
40810
34993
34772
35001
35060
52467
58141
22387
17482
36053
11016
24563
17999
29778
9941
18114
52799
41475
48713
57713
18616
37277
16516
17498
56751
18052
4336
6555
30062
4413
9765
48692
9770
52842
57947
27303
6553
52876
46735
58724
29771
52625
38701
58515
38292
15585
34761
17502
52890
48697
34500
1740
4771
18970
17682
29997
15010
17831
57892
6357
36981
15203
15298
18030
32276
22928
11664
30098
36709
17993
34973
58273
16016
38600
17719
31529
34513
20232
58470
51863
37222
34326
11001
22420
57801
29570
19067
37789
9798
35029
26072
34907
52716
30249
36876
58164
2270
15219
45206
29951
1240
31786
17413
30793
9971
24582
38287
48803
14443
34402
17699
29984
15091
35959
46676
9911
46522
18526
4408
18207
37605
17639
9844
15995
22717
27576
4598
34612
30186
14485
2326
19027
35152
15970
14993
35654
15062
35396
38620
9838
18793
36576
43983
36830
58195
29706
36663
37788
58412
27939
18493
11607
10900
9976
15924
36944
58289
14738
30002
48744
37935
57879
17291
6506
17483
37805
38653
37616
35538
17310
18276
22343
30550
36613
38257
20279
17069
6460
32146
34570
11618
16420
14488
35884
36519
52627
26904
16195
29995
41400
37191
29882
11741
40812
51170
35270
2004
52522
27894
30014
19098
17575
17524
58530
36593
35659
4601
15872
52045
37145
57790
36832
47380
31563
6543
18611
58669
45210
15500
29874
40830
32284
17681
16901
30181
46569
31817
4580
4564
15657
16853
4570
18438
52644
35551
35390
16723
46563
57957
52351
58056
34411
18037
16007
37544
30351
36670
9781
40791
34643
17517
34393
15836
34974
18576
19102
35774
16496
58378
16870
46729
29885
17878
38704
36175
37526
52107
35601
46482
52952
25863
23921
17194
34501
53876
14641
46519
35469
15913
20315
18406
37116
16063
41425
52819
1738
58460
31847
46421
36517
18441
30043
22399
29744
41441
30079
58300
27909
46530
45187
51820
18540
35069
34809
46552
52983
38628
52129
37206
34999
4727
17757
16548
34426
40827
35108
11606
52050
30377
4642
52870
4633
36468
35853
41431
38613
35818
17596
52584
35295
36953
4586
43993
16164
16720
31344
23918
18074
11639
58309
16121
35402
18449
16704
58540
36449
37228
9806
24385
46544
17015
36601
35589
46418
58731
25881
17025
52850
17387
52764
15509
16566
16890
17167
57836
16580
35341
37985
53878
17384
22596
37041
58693
36966
27882
34743
30578
52381
46824
16786
52595
57758
57793
35380
17351
37884
37981
58208
26163
4582
51169
17490
37684
30052
52054
9796
51852
46666
20207
19006
30297
17277
46532
15694
36428
1984
2262
46440
31772
36813
4689
35655
27938
36102
46833
27595
31603
15665
1252
36527
17001
18093
46837
31557
16392
14516
35421
1990
27921
31624
18121
34658
35568
36669
18244
26168
44943
16773
30729
4406
15567
37547
34523
34912
36478
31451
18472
26980
37078
34655
36938
17586
36637
17745
16738
35273
37577
38662
16775
16956
26916
35610
35483
16194
16515
29622
46466
18631
30023
16832
18789
52985
36455
34520
4770
29880
17531
48661
35163
6392
30138
36123
17685
11010
34893
58411
20268
18225
16586
30361
1424
37846
34755
18187
18253
57928
34535
38660
34808
2339
58434
11627
15624
38017
15490
22718
17274
26952
29939
48731
17832
18620
35193
29577
58070
58311
23963
17990
40714
11598
48750
19093
23950
36887
4758
52003
30212
17305
35670
36201
30275
16941
9899
18841
34583
34636
31555
36169
16617
27890
36106
36773
4338
51174
36101
35805
15257
51845
16061
52759
16078
20252
35762
31792
15997
4610
36841
11759
36460
52893
52042
30516
19810
15929
36974
46529
27941
48636
52710
38281
52367
9512
51933
31630
31698
46700
35237
30053
52953
17412
36751
18040
15587
15403
26991
15505
15902
30187
35828
9759
17410
35309
48695
34985
4700
36470
37068
46689
34444
18423
51893
18562
52973
16008
1444
4628
35114
24579
46599
37627
36496
36900
34869
31388
15693
18512
9244
58404
16129
1387
17416
16039
34906
17101
58244
15012
6517
17740
52565
35160
35297
48685
18130
14547
5725
37850
22879
34740
2313
36451
46685
36026
14462
58663
58457
36899
37711
9777
34569
53877
58622
19069
4597
36161
29709
34764
2294
35699
36992
27548
46593
31406
17173
52669
19037
52885
52831
17755
11724
45189
52063
46626
34385
30329
37801
6547
14724
46673
29647
15895
36542
31589
34866
17735
30720
36833
1393
35930
1401
41452
1408
27958
19053
18791
36886
4330
37318
16495
26941
17883
36230
15042
36019
20282
34578
46467
30543
20303
15193
58226
15344
18443
43832
4557
5810
30280
15089
9537
17998
36959
34630
16930
52114
35920
19038
18996
41357
25984
18573
9902
34592
36195
51744
15607
17006
40735
35758
35562
14788
19054
52606
2266
41419
35151
37777
4656
37073
18110
30276
58368
17264
14780
52763
5825
26944
57927
57821
16508
34874
57988
16589
57857
52439
41343
20304
52614
17158
15529
4350
18421
36940
20289
30231
29870
30798
18194
45171
1369
35453
17932
15689
17963
36250
37226
17246
37414
37436
48660
58486
18461
37091
20201
51164
37319
36244
30392
15117
18068
4711
37049
1366
16874
36182
52582
18097
51785
36442
40778
40741
52097
58044
58173
19083
35142
41406
51827
17958
15937
36543
37141
29711
19071
52924
17127
15157
26170
36898
17109
14787
52711
15059
17423
37730
52927
35473
35102
48178
18535
18081
36205
15072
52451
46734
36787
14713
58197
27932
17836
14629
34857
37325
58405
18064
52683
18255
32753
27920
37556
34995
35808
15097
2329
36274
46678
18528
36652
5731
15526
58041
36516
35556
35489
58246
17566
46817
31742
9813
9547
9818
16999
36484
15440
37051
17576
47385
11610
35563
16564
35514
18465
15018
34876
34571
22897
35907
35872
58321
22416
18452
16557
52968
34461
51954
36220
