2983
705
2399
1244
3605
4357
2265
2140
1944
1946
3724
2366
2215
652
4209
570
3691
3589
2029
2977
773
1507
2557
3811
2308
3208
2428
88
2184
891
2859
3419
1860
3558
2612
2450
130
2817
3849
1625
3309
3552
553
453
66
1720
1483
1998
1763
918
423
1058
318
873
627
3248
3351
2576
1912
569
3442
1241
1630
3136
2448
3800
434
2015
2757
4369
2572
3946
3281
3458
2413
3576
3039
3848
4180
771
297
3590
4071
1251
1067
2197
3646
3416
1858
1074
1490
141
1384
3876
3941
1560
3210
2626
2187
10
3819
3288
4333
3449
1824
1996
590
1905
843
2338
1402
3172
4223
2755
4345
914
432
4236
2496
2293
595
2678
2289
2749
3311
972
2680
131
3583
1081
2780
823
743
3687
3784
3024
1082
3319
2706
897
3951
3886
1736
1235
1124
2142
125
3900
2866
3159
3317
1806
2581
1508
57
2847
2976
1956
3402
3324
3685
2290
3339
2080
6
2929
1800
299
2323
893
4021
462
204
87
3412
858
2439
2871
1
2035
49
4141
3901
3251
3235
1958
512
2818
425
2138
1403
3252
872
3019
735
327
1917
4012
768
2704
118
527
2324
2000
1069
331
2434
2443
403
1037
2994
2727
738
828
4253
4233
4076
153
1664
3749
1969
3785
4113
3573
4234
4250
1265
1997
1026
154
3528
2954
3878
1333
1722
2547
3409
2268
2440
2963
4136
4343
3782
3979
997
3995
17
3743
2561
2034
67
2284
1928
1812
510
4251
3173
4062
648
4067
2456
3356
2515
2104
4002
2758
492
598
1382
387
1966
3556
2009
1385
2880
2703
2395
1387
142
2124
4114
639
3268
4129
3326
3931
3178
2296
896
736
3050
4061
1921
1960
912
1953
3330
2751
2329
134
1539
1010
2920
210
4347
3665
1827
1355
3253
122
1016
1699
3579
1320
1533
3967
3529
2744
1231
4173
2530
516
4338
2025
4358
2512
3038
923
1025
774
3815
3732
102
4229
4167
1774
588
351
1136
31
4342
2027
766
3454
3933
172
3958
1731
3747
1392
3367
4218
2909
729
2326
298
3619
4125
953
848
601
603
196
3230
3469
2328
287
3736
934
412
2962
222
2452
2373
4065
4056
968
3783
3567
2398
2098
3390
400
626
1036
3875
571
1258
2534
2973
3105
1796
420
2259
1174
2702
3111
4077
1469
835
2251
2396
59
3463
3029
1988
3010
732
123
1870
2607
1353
664
2057
1646
418
1246
2974
1911
2579
1732
140
2660
1678
430
562
1467
1931
4171
1350
340
121
2647
3969
1867
3817
206
3206
1133
625
2325
2609
4
1086
2930
4237
665
1142
4084
3674
1135
3337
1619
3607
3422
1075
295
1055
4211
4359
3174
3797
3008
4245
3773
2917
4004
2354
3170
2168
2085
3182
211
1262
2752
29
2089
4122
2141
1229
3003
3711
3213
1521
11
4115
1184
4321
1274
3027
3393
1223
1681
2498
3426
1345
3395
3823
3896
2619
95
4053
2362
101
404
216
826
1003
1567
3937
3413
964
2747
3776
3169
2548
2397
3022
174
2992
1511
1330
4362
3162
376
2810
3973
3781
4279
3197
3021
4143
466
587
37
1600
3472
1949
654
147
3478
1443
2985
772
4165
2199
4049
3103
1955
1015
2459
2583
1889
3152
1489
27
1439
974
3693
458
410
3912
3403
1940
289
2586
3647
73
959
3275
270
2931
2083
1236
3404
2188
2253
2327
1739
1205
1882
3023
1221
1561
924
4164
1711
4374
825
1139
2139
3923
3927
2952
4135
1856
3977
2191
2255
1527
4120
3748
2856
937
4146
3885
1735
3150
3191
1760
4169
4208
3656
2679
3232
2093
1717
3131
2336
1770
277
1373
1494
4336
4034
3260
2266
1710
490
1220
2267
2630
1728
1013
2178
3058
948
4054
3433
3920
3581
3218
2984
1000
4082
2987
2554
429
3460
3032
3369
386
1964
2677
3372
1861
4032
2593
2125
3363
3276
3158
1006
1602
2767
560
2867
2365
1519
1797
933
2223
4230
1071
741
1948
3189
4036
2932
1323
1340
1815
454
3615
1781
3634
641
45
1853
2535
975
2862
3949
513
1652
3366
2580
2431
4348
3389
2584
1278
4375
3908
1706
36
3377
3892
3060
3374
3429
126
296
3462
4240
4249
1587
4278
3713
3
733
1137
3380
421
4254
2391
119
1273
1381
2113
4353
156
2227
1538
892
3042
3645
2123
3798
381
2605
2208
2322
3186
564
1318
1850
1933
3336
3793
3148
2935
1083
3219
2631
1631
751
2050
201
4058
1935
3722
3414
173
2542
3932
737
3635
3707
1952
2684
2002
1925
554
1719
1440
3911
2996
960
946
3340
765
3048
443
3838
860
4199
761
1802
4121
138
2096
574
3354
4309
2371
1391
1040
1481
166
2784
1993
3533
2885
2055
3709
4078
2147
1936
1207
4248
2264
3833
1524
485
97
2305
4019
2461
2725
2604
904
1842
4130
842
4257
103
2436
2309
500
1024
1875
3624
2213
2884
1008
2790
1580
1032
3183
2754
2
2988
2497
4092
3925
2712
3824
4017
2214
416
2409
3401
2715
3683
1516
4138
493
2730
1264
2335
2599
2408
3015
2435
162
4355
3287
4368
926
2145
3831
2596
4317
3739
2552
1322
2600
1723
2181
505
1959
4259
3728
758
4047
3341
1523
165
1257
507
1650
894
272
1918
2095
4088
552
2675
4203
2205
3399
596
3608
3002
1409
2066
2433
193
1122
4341
3020
2560
1051
4140
1983
4011
1225
4110
2743
3667
3697
2652
4174
94
26
1018
3035
1756
4126
2623
697
2212
3327
4100
2748
2417
1743
109
1442
3153
2964
449
2401
2511
3816
3211
1012
3242
3813
2458
1709
4217
34
2217
3447
820
1211
8
2301
3786
1714
3180
1477
3839
2923
559
1284
3795
2445
114
2966
3915
324
2736
2907
339
1332
1603
1386
3664
2421
1713
1701
3805
2571
3625
566
1487
2549
3143
1066
3216
4163
2472
4373
1888
3935
4123
3167
2194
2342
3825
2705
2172
2352
3250
2841
3580
3651
3982
213
2888
1329
498
4170
3436
1954
1938
113
943
3891
4037
3331
3740
3249
2877
3561
2414
1849
25
1633
638
3614
76
2685
1715
3138
3457
2186
2416
456
2563
1876
4285
1645
2263
124
3571
3451
2991
568
3708
380
3599
4239
3220
2501
345
3903
2934
148
3639
1872
524
4109
519
1041
4220
4227
1208
3100
4026
4112
2121
3938
4127
81
4219
2116
3101
2889
2537
958
3266
444
2150
2597
643
4043
2105
2250
2295
3361
3044
971
4277
459
925
1233
3316
755
2451
1088
1480
1729
1138
3257
3274
776
2975
2676
415
323
2437
706
1531
2717
3240
2476
593
2361
1662
2173
2115
488
3437
2360
2008
3417
947
951
1380
4330
1939
2514
1143
3636
2656
104
1871
3318
2653
523
941
1248
3820
333
1881
3780
2423
63
4213
2848
2575
2118
3919
4181
1465
2737
742
1357
171
4349
1808
2555
4162
4260
2449
220
3924
646
465
1109
2358
2722
223
2591
2185
2064
1342
1629
3883
3835
3040
192
3455
3997
3099
1945
3921
161
4096
2911
2132
2321
3881
4045
4244
3246
4283
3534
2620
1073
3968
1864
514
2787
3328
2402
2163
4111
1407
1376
2558
2768
2310
863
3643
757
433
3357
592
92
2870
3420
461
4331
2883
746
667
1744
2627
2313
2340
3630
1676
3742
4055
3702
1021
2753
1934
963
4361
4322
981
3406
3560
2741
2873
1962
3475
2881
2726
3671
3280
1605
4031
2219
3384
565
1253
3909
781
132
3196
2318
4057
2220
1520
1805
2053
3199
2611
2621
1033
2845
3696
426
3851
4052
3629
1967
1965
349
645
1030
1703
3239
1313
2170
600
30
1338
3595
3794
2819
374
2595
1854
2504
748
3588
2622
582
1065
2658
3231
3841
163
1126
3928
1819
1968
4027
1798
24
2924
3769
4276
3569
1627
2019
4081
1441
1517
1043
3243
973
969
218
4273
2473
2809
3109
2364
666
3222
4328
1528
558
3694
3062
650
4005
2292
2407
2927
2314
4000
1044
1270
4033
2608
502
3699
2291
3452
2427
3617
2014
3392
1920
1583
3421
2100
1566
1989
1874
4255
900
1683
2156
3947
355
4105
1817
581
2084
2475
1741
1814
702
3166
144
2430
1908
2842
3045
2028
3047
1643
2807
4144
2207
2582
747
1712
3322
2783
3767
2953
3689
100
274
3353
2420
5
1127
3658
3141
151
2107
699
3193
3104
2005
4306
1326
3830
1865
2759
3692
344
1776
1377
2405
2006
3071
3606
2913
3934
4228
1675
3796
2721
2444
3943
2094
1276
3359
1857
4272
2403
2875
1404
3007
1488
760
3383
4206
1807
2033
2175
3370
3163
4242
2979
976
3623
406
47
868
3410
1317
2928
3657
1659
775
2812
2350
3942
145
2022
80
330
3258
2349
642
450
152
3063
563
3286
2228
2510
1035
2671
4048
3373
2425
3214
82
293
3822
3388
1359
3618
961
1464
3598
589
1768
1915
3777
2286
637
3435
2432
4344
424
2553
1011
2764
1525
1045
1707
859
3407
2714
1927
3688
2762
1638
2683
3536
3972
526
217
1394
1034
2734
4356
1078
3018
2505
2659
1348
2367
402
219
3594
2708
509
630
3480
1354
1634
116
212
3597
2152
3069
4145
1740
1697
4307
271
1647
871
2650
3031
4370
3209
1064
1462
3028
1434
2230
2858
1049
3425
750
2272
661
4063
3653
1598
4337
4246
2869
628
281
195
4363
273
4305
4354
2283
3198
2317
3149
4083
2878
3913
2710
1852
978
3465
275
957
3591
1727
1658
2218
1877
1311
734
1535
1879
292
1459
1914
2590
3102
1767
1089
1048
3905
1651
782
846
4085
1486
3612
2918
1626
1393
1742
2390
3922
2562
660
928
3842
3641
2415
2056
2363
4308
1336
1123
655
2720
3456
2400
221
2315
3151
767
1765
2018
3428
3033
970
4099
3227
3185
1992
3809
3194
3829
4073
1923
1028
325
922
3195
9
440
4351
50
2010
170
2226
763
3474
1389
4324
4014
2129
2406
214
1991
2412
3814
3030
1268
3575
2860
413
2453
2357
283
1702
2180
1859
3609
4226
3237
726
353
110
4280
3168
2232
3644
1637
1076
3467
2090
2276
3613
54
3600
2601
2791
2568
1730
659
913
2155
656
2925
2740
1716
2192
2961
2410
2564
2235
3238
1331
2024
4271
1117
578
949
2144
3584
2285
1758
1532
3787
744
3064
1632
2333
2222
1378
3616
2229
3766
2806
2356
3387
77
3974
1224
651
841
2274
422
3013
1930
215
1843
2546
2237
1581
1584
4097
71
3555
2079
3750
1282
4360
3144
1108
33
522
624
2189
3267
827
3679
663
967
382
3067
117
2618
1878
2023
346
2814
3270
2198
326
999
3887
1887
1885
3850
2559
1401
1383
1846
1506
2506
3620
3904
44
69
2122
1027
3397
1068
769
3025
557
895
2206
2808
3347
442
3184
1529
2474
2137
4013
3837
2718
3899
1777
2502
1374
4101
833
3890
4035
3989
1780
1022
2587
1379
2103
4133
224
520
3593
1725
1056
2148
2183
3953
857
1608
2102
1312
3350
3586
1455
2131
2614
2280
4104
3719
3852
2855
1585
3448
51
2299
2216
3282
633
4270
1406
2674
4222
3874
3244
2567
3310
865
3061
3325
731
3112
2574
2687
1042
2355
3376
2844
657
728
4177
2857
3283
1810
1399
3832
1816
3996
3853
2017
1316
1653
178
4038
1738
3360
2257
2332
3479
278
1873
39
3983
4107
3637
1826
1059
3532
1352
1782
19
56
2724
2210
3846
1848
4179
1031
1319
1484
938
3681
2307
3391
2426
4015
3879
3261
866
1084
1476
2960
1762
907
1759
2143
2330
497
379
830
23
2013
2344
1250
55
508
4340
1005
3710
1114
3070
4128
1818
2589
3302
3672
2739
4265
2746
3137
86
3652
1204
1351
3775
3320
4200
320
3329
1358
2999
149
2087
1079
1684
303
2254
1700
2840
3955
1906
1801
1061
2287
1724
2088
2781
3394
1641
4103
1216
4320
966
932
4332
2135
3801
1390
4134
1466
899
4118
1169
1256
3889
636
200
756
2347
869
1128
3011
3677
2602
3225
3718
591
401
160
107
1530
3284
1492
1822
70
3668
2738
3271
1451
2813
3037
1017
1624
99
3379
3408
2922
3559
2716
1217
3993
4367
518
906
1755
2160
1478
4008
583
853
4091
150
301
3554
730
1408
96
754
2955
4006
2997
3269
867
2374
4064
834
377
315
3601
1677
1054
2369
350
1799
1001
942
2570
4018
1769
2117
3802
576
2288
3712
831
4225
2346
4080
919
43
3827
579
4066
158
644
2359
4070
38
3566
635
2821
1674
445
15
3464
3051
2063
4178
3057
2171
1510
2281
1170
1518
3386
115
701
786
3774
3477
159
3441
4247
955
4124
1115
1014
2782
1454
2663
3570
1398
870
2617
2337
2538
3986
2130
3565
3188
2368
2159
2598
284
1261
2108
16
3468
3107
2026
2613
282
2278
851
4352
2441
1335
3066
4266
3991
1239
447
1222
1337
4212
1501
1682
1341
487
503
343
294
2707
1563
1718
2850
3217
3365
1823
3700
3348
1855
1315
3929
4108
935
1961
1132
1502
3751
4132
3992
4286
3146
1175
952
176
3115
1047
168
1851
321
939
2158
1349
915
1890
2544
1764
2624
3368
1623
2112
4231
3847
437
940
2778
1771
3975
3897
1125
3346
3978
2001
1461
824
1063
3362
4142
839
1029
1505
3936
2852
3568
439
1343
2032
1038
3808
3349
3343
752
3633
3396
3052
2101
2392
3434
1987
3049
7
2109
2711
3714
2908
1444
1339
2127
4326
854
3988
4365
4256
3971
2236
929
338
725
4364
4040
3954
1210
3952
4235
3676
1926
3731
3228
2311
3994
4350
4060
3134
1457
2499
1259
3725
2418
22
1985
2169
4267
1845
2424
3431
3806
347
2370
1606
1772
2225
2980
1947
1596
3663
2126
2151
1263
3834
1090
2673
3680
3303
348
4329
3562
1704
1183
4041
2863
1456
3323
1070
3944
137
3306
332
1039
3315
2937
4221
2629
2654
3803
3430
3133
2972
3720
4269
2224
2761
1726
2756
2713
3034
1491
3926
2543
3563
2270
438
1642
3772
3592
4028
4215
68
2958
3312
1984
1766
2193
209
3907
1272
1628
2541
285
2843
1346
3338
105
4176
4274
1913
2750
486
2343
146
3355
279
3726
2447
317
2719
3666
1942
3818
3735
3114
2003
3578
3957
4366
3043
203
2320
3873
1344
4137
504
1007
4327
3014
1277
2059
4281
2594
2872
3733
3223
1809
3812
4072
2446
2792
1661
2348
52
551
3987
207
2565
2110
1458
1957
930
2031
2429
3655
2120
1694
2341
1916
2811
46
496
127
3175
91
12
194
2508
3721
202
3564
3304
2633
2136
3984
336
4262
3669
4024
1757
1828
1020
1004
3110
555
4010
143
2106
1275
3910
4339
2742
634
2334
2625
855
1737
3778
0
2655
1450
1460
3659
1130
594
3207
452
2649
1883
3640
3444
653
4205
2995
2765
342
917
604
4216
3164
1693
1924
108
4016
1052
2967
3730
3717
921
3438
3631
2786
2536
2119
1821
2606
407
3611
3771
1111
727
580
1910
2275
1705
1485
2959
177
3256
3176
1269
1085
3734
4168
861
4182
3675
4030
3140
291
572
1844
1708
3650
3682
4095
4372
780
139
1775
2261
2545
3424
419
3165
950
3828
446
2686
3056
2745
4161
3998
2060
1869
4264
3259
936
1053
448
2664
2851
3181
965
300
3572
3439
1057
489
455
2146
4089
1937
573
2874
4318
2252
375
2785
197
511
2297
770
1314
3466
3026
4119
2672
3745
2921
40
1463
32
2162
1371
1002
2190
2513
905
3695
1087
2460
314
2176
847
585
931
1116
2632
2978
4224
3727
2936
762
1328
3135
427
3577
4334
2993
1131
1909
3744
2990
3177
2165
3245
662
631
1230
3113
2316
4068
4003
3017
903
2854
1721
4117
1234
469
111
4042
849
1252
3574
2681
2478
74
198
3527
135
2442
3156
2204
335
850
2020
1482
2128
2540
1324
1932
1778
575
2733
1618
4312
451
1062
2306
3684
471
136
3160
3704
2876
2657
2249
2153
4252
464
3877
4311
2550
1663
3906
3715
85
2111
3053
3187
977
916
1922
2062
1435
3221
3001
2081
2149
2030
3459
1118
2648
1209
3236
1255
3004
2864
1847
2956
3273
3538
3981
4039
2615
1452
3585
2331
4051
2154
472
3233
658
3352
2981
495
4059
561
3888
4106
2099
4086
3272
2304
1773
1526
1695
3893
2916
3065
1436
3000
2879
1009
2616
1540
1395
3843
3939
945
1820
2231
2294
3959
577
1999
3145
1218
3948
1325
157
3301
829
2455
384
1215
3845
2454
2114
1046
18
3375
1242
373
2201
740
1119
4025
1238
1226
1825
378
3686
3313
1356
1597
2303
3553
753
3155
2345
1019
1868
515
2735
2551
1656
4319
1237
1607
3673
3956
2912
3192
837
3587
586
2662
1271
3179
1621
1565
2209
3381
3108
2211
1644
2882
2971
1601
2279
2732
1400
3535
128
1172
3999
1994
1468
1266
2573
3321
1761
2503
647
3139
1654
3621
2729
3678
2221
3917
2092
856
78
2588
2577
3279
1696
322
3171
3344
470
2815
840
1146
3628
1862
556
4001
3041
1929
2494
704
1733
3530
2788
3440
1113
3705
3642
3255
3116
280
3610
494
1397
3918
2529
1140
956
167
64
463
62
3632
2202
3476
4074
4268
2789
3804
3638
3471
1679
3729
290
2298
602
1673
4275
312
4335
2998
4087
2312
1232
1327
3378
1281
79
2011
3703
698
3738
2051
53
3190
4258
112
3821
2933
21
3980
3701
2097
4371
1509
1050
1145
337
1247
286
2539
3582
4241
954
4314
2004
405
319
901
3055
2569
1734
2157
2174
3226
3443
3263
90
3445
3161
3826
4214
3895
703
3557
1375
4210
777
4044
2273
4323
120
4346
962
2682
328
1438
1321
3009
2086
2868
700
1072
457
14
3790
1168
632
409
1534
1077
2986
1283
4075
75
1536
1503
2258
2989
2438
3985
3940
898
2058
3012
3006
2479
20
2016
4261
93
4094
4310
2300
1206
3626
1121
2531
352
2723
3212
2820
1950
4315
2177
467
2351
2731
3308
4313
2651
436
2533
1060
521
1212
2196
2509
3470
836
3285
1249
1803
838
3737
1622
2603
58
2091
1680
1903
1171
1863
1586
3054
1280
3660
2766
3371
4172
329
3945
4098
1228
1219
1866
1453
2319
1141
1655
106
920
1891
2277
2661
3423
4007
2457
4020
