56
180
179
95
4
253
40
232
130
243
229
117
66
217
147
221
228
59
168
24
230
192
178
133
274
216
188
155
185
199
129
259
104
154
267
142
282
214
246
210
81
122
183
249
257
44
64
57
251
207
173
211
153
236
193
123
121
1
30
87
46
68
92
97
159
54
127
247
277
213
20
226
266
172
72
137
16
204
177
190
74
25
80
0
184
58
156
238
63
170
182
60
43
203
70
52
125
163
53
32
126
12
140
209
78
93
115
231
18
162
41
161
143
10
28
27
110
37
82
131
234
76
222
201
271
96
196
241
218
136
187
160
195
135
6
262
119
107
268
8
269
94
166
285
7
215
258
273
55
2
19
112
71
33
11
169
75
5
42
276
29
83
132
270
31
279
34
233
36
22
108
35
239
124
175
65
283
206
250
189
79
39
219
111
49
128
101
202
45
264
146
171
167
281
244
102
256
245
263
141
118
240
176
109
61
150
62
13
38
85
103
235
252
89
21
260
9
145
164
149
254
48
69
275
158
17
186
98
151
