717
734
488
437
262
493
21
349
804
847
248
357
397
702
764
411
816
18
292
53
640
409
134
193
538
345
452
484
7
328
168
200
147
300
4
783
873
239
297
317
389
845
28
308
740
135
290
527
475
875
923
423
412
279
341
569
463
856
188
58
561
443
278
660
685
876
712
815
471
96
102
456
503
829
588
428
169
778
779
549
241
451
87
93
617
822
635
458
501
928
121
286
85
393
676
519
92
769
383
426
323
144
355
81
26
521
195
73
656
759
824
518
731
888
196
817
103
385
13
161
316
205
465
233
159
616
24
743
444
784
483
127
570
710
259
160
151
270
803
213
801
698
105
110
325
309
378
115
713
567
894
868
557
533
38
708
258
150
22
724
507
271
850
485
530
596
253
490
204
535
226
828
585
152
91
907
319
287
516
736
646
818
760
735
44
627
351
31
642
338
681
371
461
122
903
706
40
137
840
916
361
0
296
657
191
340
41
687
403
688
725
398
37
107
141
9
715
773
738
442
577
478
872
890
311
579
307
837
564
77
744
862
194
782
74
704
347
104
545
648
306
431
214
598
827
586
468
719
730
915
354
910
473
526
359
581
94
109
563
158
807
381
576
878
131
139
860
400
439
608
777
382
19
867
46
238
310
266
613
771
192
670
416
835
419
260
454
232
823
517
267
264
532
401
498
206
318
133
614
219
761
626
414
673
154
602
624
553
887
795
506
808
500
707
664
897
70
695
197
462
591
672
99
541
863
913
568
883
882
590
728
877
329
460
831
100
495
649
413
520
678
90
908
251
97
234
128
834
536
75
330
3
476
327
870
162
851
531
665
859
176
436
805
212
315
574
487
796
396
718
457
885
268
229
701
832
6
178
291
432
190
655
222
621
459
502
280
886
787
592
843
566
830
666
445
149
20
208
513
512
293
525
933
261
849
236
448
142
346
343
88
767
374
181
2
505
788
54
510
335
466
170
417
352
218
474
72
364
633
363
833
198
275
547
699
179
240
686
583
522
210
216
276
130
558
481
595
153
546
486
726
921
185
611
689
231
469
765
320
201
66
372
390
659
709
559
386
112
224
622
331
838
353
295
303
631
747
844
221
108
629
65
785
865
739
47
225
410
227
57
314
217
729
36
836
523
283
647
111
145
380
82
304
560
755
636
644
299
106
658
746
675
449
937
123
16
321
447
496
599
749
509
59
163
209
802
508
282
166
27
511
810
572
515
17
76
247
360
184
786
366
600
377
639
435
550
650
528
826
373
358
25
120
763
30
620
632
298
751
548
539
67
334
641
603
5
571
798
722
440
392
470
245
858
215
901
540
789
118
39
32
367
653
757
324
173
35
62
554
680
418
480
114
494
939
421
919
791
23
56
671
529
601
362
117
368
249
524
136
69
691
893
125
580
350
84
853
551
931
841
578
652
60
504
339
884
326
203
861
855
552
407
424
399
848
376
700
874
609
189
63
55
187
667
34
811
375
610
766
825
477
732
866
228
482
748
489
733
180
589
391
703
272
491
183
450
922
774
926
441
544
643
905
920
938
604
721
587
98
556
775
68
167
472
800
662
79
220
165
263
48
15
679
164
582
615
690
207
157
148
420
8
638
464
313
745
842
281
605
395
606
434
619
455
171
935
132
797
453
846
741
514
289
143
430
140
684
433
714
246
101
753
852
126
711
534
750
752
857
809
138
45
467
86
776
697
891
425
336
781
177
593
