529
1040
76
223
360
381
967
50
954
121
230
181
865
555
261
759
384
303
991
251
334
645
982
825
225
564
914
227
641
1050
1035
177
24
392
297
945
701
460
994
25
888
1069
870
765
293
863
445
91
643
876
380
469
592
229
207
182
936
194
329
1005
467
117
123
657
815
330
819
595
817
401
280
195
1065
999
940
68
713
772
378
934
372
238
266
290
201
742
805
1077
222
578
644
821
326
1064
745
986
975
788
844
361
447
417
425
86
961
707
352
322
885
668
677
850
278
42
596
571
800
1000
778
1049
1066
736
428
789
210
1006
443
1073
122
740
44
136
7
272
635
981
966
179
96
970
74
830
579
543
138
502
395
309
34
1009
40
702
520
708
446
466
634
525
741
92
625
190
294
22
603
211
528
72
1012
308
973
517
499
962
730
508
856
221
224
842
480
904
319
199
858
664
78
763
33
786
382
917
766
678
1051
484
697
660
803
10
810
407
1063
61
436
139
440
203
622
780
281
860
655
193
638
349
1043
591
1076
101
964
692
996
126
632
757
1047
590
669
951
235
53
567
939
5
724
141
47
209
878
267
570
240
671
391
891
866
535
722
665
105
700
80
284
905
325
952
275
598
726
771
709
568
116
292
165
41
711
932
614
478
851
705
487
754
397
827
683
719
394
798
415
537
864
971
802
366
552
808
88
15
357
662
57
958
565
418
639
435
142
77
1017
163
313
30
807
747
320
873
983
1068
884
205
813
575
738
289
488
474
849
1067
1008
751
922
19
250
684
1025
989
987
589
588
612
26
834
761
256
118
316
717
890
794
257
52
965
762
32
704
1060
35
504
633
206
159
346
327
627
892
1074
252
806
541
472
433
339
448
659
245
130
97
814
71
21
183
1056
226
857
746
246
648
3
755
689
341
985
49
48
728
376
899
234
715
749
828
1026
429
268
421
1023
220
282
959
920
185
562
351
157
687
1029
782
174
332
646
573
935
208
23
796
75
911
493
343
1018
960
696
685
46
171
269
649
218
106
1075
264
370
631
455
852
868
941
127
365
538
54
442
833
178
867
385
1027
739
889
490
243
232
737
882
712
155
287
213
774
119
955
617
1004
73
1016
526
402
521
546
296
859
233
584
64
848
801
314
477
924
979
249
369
476
449
903
650
556
551
129
304
656
373
471
149
609
271
651
331
843
931
300
79
1021
237
1054
497
895
547
586
16
750
839
454
787
1011
721
109
758
56
254
720
302
733
464
1032
12
540
120
764
618
161
906
459
942
542
492
818
214
1055
524
510
17
168
1057
847
274
396
620
791
473
291
31
915
1059
219
8
188
790
977
410
1020
992
399
336
241
630
811
760
328
1045
333
718
703
356
452
670
829
666
950
212
743
379
835
498
84
799
748
39
539
654
239
248
253
112
38
837
1031
475
439
115
887
100
1
145
461
258
495
176
457
840
518
1019
1044
18
441
731
943
927
335
453
947
615
263
202
363
324
624
150
301
147
854
593
353
511
792
545
409
483
215
367
679
167
295
131
1036
809
160
259
548
607
338
358
169
580
164
909
995
67
893
458
1010
390
636
0
823
286
1022
710
110
408
503
192
242
11
28
364
877
1072
374
832
732
134
512
874
65
143
60
166
908
312
949
544
340
682
58
148
976
1030
198
1071
681
1062
776
1013
515
1041
1002
342
413
621
362
594
768
36
783
345
125
820
937
337
231
984
619
265
968
2
500
686
20
693
929
403
824
197
494
553
416
255
901
344
158
699
437
779
350
306
468
62
51
602
652
714
377
921
1078
881
1070
1079
81
355
1081
430
173
140
423
111
146
200
37
509
875
310
653
781
1033
912
427
162
948
836
582
563
894
916
465
869
383
6
953
1014
581
404
812
354
1001
969
279
777
918
853
642
9
1038
831
55
667
608
826
533
93
527
426
822
276
925
559
154
501
879
735
1082
94
481
184
913
734
998
883
1053
1028
616
368
470
560
1042
247
725
558
923
729
978
972
107
307
99
990
299
549
691
980
661
95
928
574
128
104
572
283
769
605
450
957
896
1024
