143
193
220
86
26
138
200
260
217
9
161
141
244
189
257
76
90
228
44
225
180
145
67
82
274
22
172
103
131
206
105
84
61
227
24
88
126
80
140
282
267
230
175
219
4
72
8
92
153
114
231
247
211
33
186
137
283
96
269
250
104
237
262
263
116
284
56
98
79
29
43
188
2
40
198
59
226
70
94
117
209
223
176
66
239
109
123
173
285
91
221
181
183
5
0
130
132
95
164
99
119
135
85
212
110
129
163
23
58
167
39
273
37
55
83
125
65
154
208
160
32
77
1
238
122
252
48
75
115
73
107
106
159
50
102
242
194
16
246
142
31
222
118
30
174
170
270
215
112
149
279
268
259
166
89
171
68
7
241
192
13
152
179
57
232
87
10
81
191
134
210
136
3
272
197
34
27
47
182
35
25
264
97
11
258
235
69
78
148
74
133
51
233
236
276
162
204
93
54
45
251
60
253
214
113
199
21
41
15
121
42
63
248
245
128
17
6
52
156
169
243
213
256
187
265
280
185
151
205
