3165
25
2240
412
3322
4047
4330
3272
1087
3443
3296
4126
395
155
1471
1955
2288
2300
936
446
963
479
3844
2850
267
3331
1325
545
2459
778
243
1767
2019
264
2486
1425
1673
3808
3863
2033
3243
836
3046
2562
4167
163
1975
3133
2747
1007
4192
3432
2375
1156
3238
3997
219
2428
1879
2275
3037
290
2132
203
3101
3336
1317
724
384
1829
1056
3282
560
3639
1661
3609
2217
3131
2681
4147
3321
727
2271
3631
3983
2906
426
4130
1147
2075
2282
3018
2013
1029
1657
2499
3796
3437
2888
1150
2219
1414
3511
2763
181
1366
2574
4252
4171
2606
2752
3495
1594
4090
2588
2731
1011
1157
326
4331
4385
117
1683
4143
893
3137
2566
1681
1225
4198
262
1374
1604
926
270
4036
1581
3025
1519
2161
3792
4125
2272
2361
3286
139
70
2757
2209
3071
2041
786
3963
3577
171
981
2619
1249
2365
263
2831
1970
2266
1944
2960
209
1338
3795
765
2563
2854
3726
90
3231
2903
3213
3686
2943
1293
1022
1382
1434
1388
2380
95
1435
1002
773
1782
2590
3477
2248
3578
77
2364
3605
1446
2065
4015
2422
2094
1795
1122
571
2254
833
4040
2754
2714
722
1743
3352
2512
2736
3039
3375
3822
2532
4139
1093
3989
3959
641
683
1592
3209
1717
2141
2346
943
1652
1655
1850
3294
4169
2702
2279
1006
4228
2713
1162
1940
3179
760
4100
2030
3097
2847
1606
239
1163
4081
2904
4359
3918
416
1797
4189
3328
2054
3055
3679
3561
2963
1359
4294
649
2464
4199
935
1116
2239
2548
2650
992
2874
411
3850
3156
92
3812
2169
1015
1192
617
157
3905
1089
4333
174
2922
2925
4343
2003
334
133
1904
1299
2299
849
3641
3113
2539
1098
3552
4014
1360
1923
911
705
64
3212
2914
3602
1451
3720
212
869
4283
4099
480
39
4360
1620
2308
2990
1430
1822
447
2433
1884
2669
274
3134
1444
3264
1878
3803
3358
2390
3160
1193
131
4005
2941
4381
1636
1103
2083
2493
4060
4272
2258
2700
3067
236
2788
487
1609
805
294
716
2047
2315
3965
2947
2585
3517
102
1654
2098
4028
1184
2045
382
3384
983
1762
2559
2589
2417
567
3459
1690
2023
3874
3672
3257
1765
309
3962
2728
1161
880
1477
113
2634
36
3091
35
451
4383
707
2969
590
2518
1447
3278
4136
3582
4277
4334
2927
3186
2889
245
1595
920
3776
3619
3728
2836
3409
142
1539
52
2071
1925
4317
4329
1785
4278
387
4001
1081
2004
797
2635
3610
2136
3414
2857
2053
109
2177
1917
2373
2842
2092
3489
1960
1347
3185
393
2153
671
1675
1483
4166
1137
301
406
1698
1321
1619
995
3998
359
2303
4114
1370
3199
2841
498
4057
3901
899
1640
3690
186
3482
596
4362
2150
1130
485
474
466
46
2344
1846
318
3416
2243
1285
1335
2332
3193
3372
2035
2099
772
229
3596
1141
1676
1876
1250
1377
2551
4023
823
3779
3013
417
901
4211
4367
3065
2453
3196
3542
3311
830
794
3907
2376
1573
1379
1268
552
2387
2560
4159
2198
767
3210
2697
227
1731
2812
166
743
2028
3152
3110
3793
3856
1071
2624
2363
4325
2722
687
3395
3563
3130
1733
191
3784
3571
2581
1486
311
250
2852
98
170
3826
1537
3710
4135
2693
3801
1523
2893
723
2362
1219
1066
1457
940
1448
3085
2337
2335
3298
3206
3919
3096
4268
506
640
2573
1473
9
2596
1954
914
3955
1043
2638
751
526
4181
958
3400
4117
3408
207
4038
2905
1919
3359
4265
668
3260
1692
3314
2286
3528
2873
1387
1204
3419
1901
2129
964
2655
3958
1288
847
645
4370
291
3512
1788
3069
1725
818
1422
3146
1641
887
2105
3084
3221
2621
4264
4011
2133
1254
3790
4289
1536
1320
2391
501
1286
1331
644
2973
1023
3288
2496
128
621
2808
1128
1172
1974
885
4092
3709
1069
1445
1305
2915
3970
2602
2109
42
2992
3798
2490
1176
4091
143
956
3917
1227
4049
739
1073
4335
2319
1625
1649
1195
3731
19
2430
2892
242
381
2936
1464
1336
2687
2909
517
103
377
2520
1902
3010
1134
4210
1208
4312
2659
190
642
3519
2426
831
2755
2921
1234
686
759
187
891
1065
1624
3580
2475
251
4002
2197
1255
4105
3300
55
1505
3630
607
3520
4223
228
3787
4186
3547
328
3915
884
4348
2463
1786
846
1431
1133
746
512
867
2261
3397
839
2193
624
2764
1941
2709
1182
2737
268
2821
2501
2952
3961
4019
271
101
1104
3638
2595
2691
1812
31
3681
3228
3327
4202
779
3928
3733
2179
2419
3268
968
659
3559
2310
1259
3450
2333
2692
1303
2447
3205
4229
232
4320
4280
2406
1406
4153
3195
2603
3470
1070
351
1882
3455
3891
2688
298
1608
4082
1348
4156
316
3235
3159
1276
304
2494
1848
842
3649
3104
471
224
2110
1528
2235
198
1732
2929
2277
3239
2317
2976
3461
1729
829
1395
312
1436
494
3088
851
2058
2802
3838
392
4222
241
2645
3361
3283
4373
1522
2122
1481
561
852
1623
3343
652
2961
599
1830
711
2260
390
565
1371
3317
1327
355
414
1187
754
1809
2890
2326
2444
1478
753
4064
1532
3947
1050
534
1319
1502
984
1306
1880
1758
4151
807
279
3049
3651
3742
48
1333
2580
332
982
3008
2777
952
3604
1047
333
4377
913
1903
2632
3357
1938
1356
1443
3496
1491
2431
3968
2721
2468
4118
3788
3142
1854
879
0
2558
2801
1558
1242
3203
733
2389
762
3839
3971
3200
3786
3229
1814
635
2617
1490
3766
3299
1734
2996
1152
2639
4271
676
1769
1265
721
2734
2175
3879
1274
2522
2056
2097
3719
1607
4296
3244
752
3499
303
2614
2067
2070
1383
2278
2571
3297
2354
648
938
1526
2916
3722
3894
2740
1391
878
1911
863
2374
3366
510
3237
1730
531
2237
3143
37
828
3537
129
1754
1201
3258
365
1747
576
3452
3036
2331
1808
266
2953
1236
2416
2267
2972
4137
47
1058
1311
335
2557
1211
371
4316
1817
1037
4054
2038
3353
628
342
1216
2516
2514
1423
799
3403
1178
3926
3347
2690
1553
3118
178
1937
4309
121
4063
2940
2698
3541
4179
28
16
2218
1660
420
2336
2270
3330
32
1040
713
2256
2152
1845
1271
4247
3914
2794
4308
2546
122
4288
3316
859
1790
989
3324
2826
1887
3233
4152
1363
3684
3405
3194
1513
2458
3995
24
2087
3530
3342
3716
147
2488
3718
1551
1412
1687
1920
339
3987
520
677
154
380
1742
2174
2020
96
3467
3024
2766
970
542
1570
278
2276
4013
538
1602
954
4311
4220
2116
3660
50
162
1691
1280
853
3524
3219
3418
2263
3938
2472
1709
3038
3351
3306
508
4132
40
2578
119
1149
2910
1001
1381
586
3956
204
556
1861
858
3666
3827
3468
2112
306
3371
3072
1498
1226
4087
3204
1541
2543
400
3466
2420
437
2672
3852
3857
3594
1554
1945
2902
277
2792
2870
3990
3109
3043
2358
148
3354
1596
3622
619
967
1626
3982
1540
1599
194
317
1032
1105
2273
2519
2869
345
265
2080
4187
1453
211
3705
1061
2283
1131
584
337
2623
4303
4116
866
3566
1346
2448
3658
4161
2404
3866
1566
4077
1119
689
1314
1633
921
3825
2712
3098
688
3847
706
4258
4214
757
2733
2845
149
3912
3050
3516
4078
1243
3184
1839
1496
3074
1852
1672
3848
3768
428
421
1479
777
4256
3430
710
2495
1547
2111
1819
2886
86
1992
1433
1143
1253
2730
3337
2515
2022
2481
3015
994
2246
1972
3772
4104
5
3794
1270
1891
3011
2729
3486
1044
3207
1401
3588
2661
957
2318
3442
2148
611
763
997
2064
961
3068
3748
592
1072
3951
179
68
3506
3211
208
3817
3266
1330
4363
206
2432
4158
1059
2511
1764
477
2051
1485
1527
908
1965
399
72
855
1353
183
515
1145
97
912
3979
172
2946
2027
1957
3498
1237
1658
1057
3444
4253
3222
3814
3678
2195
1110
2339
1017
1958
812
1292
3670
3427
2383
3167
2829
2412
2641
21
2036
438
2044
2063
3862
3908
3986
1874
1390
4368
2849
2918
3945
3171
651
2498
4245
329
205
3876
79
2477
1864
3944
3367
3664
3140
783
1266
2253
2897
2234
3599
4263
153
3783
2644
2050
1867
2962
2292
140
1140
3048
1559
3592
3760
2466
3047
1949
3174
3514
3485
2749
1610
2504
2803
3440
1869
4127
99
432
2355
2717
2704
3483
3691
1813
4205
4249
2014
2703
2400
2397
4227
2367
518
2540
1707
1340
698
653
1674
1005
3994
4044
3381
3883
413
3616
3661
1967
2194
2140
3280
4353
1000
2316
415
1706
3538
1102
821
748
3785
2995
3875
3333
2207
256
664
94
2301
1118
4215
4300
980
321
1052
1976
3123
453
540
3659
2438
4225
3315
837
4124
1760
2880
2451
656
3654
650
4045
2533
4010
2114
347
2312
1459
3020
3465
4267
2151
1998
955
4224
2568
3967
1410
1875
1252
1966
1205
985
34
3086
4318
3006
1238
3878
1646
678
3490
2176
493
1950
4128
1694
2441
580
543
2011
409
1855
2507
1191
283
3531
456
246
1440
1096
1898
3953
1503
1207
26
3135
2091
1449
1997
75
2769
3362
188
2531
2517
744
3765
2843
541
1774
150
791
1415
1097
1202
1117
1035
3771
120
1329
4344
2015
2555
3115
1800
240
340
1020
2526
1053
654
2230
834
817
3394
2793
1012
11
4094
1310
401
2567
2309
3761
1924
3325
3680
2565
691
2469
1404
2696
2018
2506
528
364
1705
2564
3837
3978
4175
1146
1773
1138
1916
3721
532
620
3307
4332
1132
2492
1987
1796
3471
1046
3717
1405
1113
2547
352
3954
398
1936
535
3676
8
2594
922
1933
3246
877
123
1016
2102
2759
200
3556
4110
3688
1722
225
1407
1548
3704
2421
3492
1562
2369
2040
3168
1495
2924
4020
457
3513
924
4034
3234
2871
3164
579
591
4281
2485
3977
3889
3574
269
1853
2858
1108
1190
633
715
4107
774
230
1669
2701
3402
2653
3993
234
134
3323
4273
49
4059
217
3685
196
3312
1866
2787
2212
3868
1525
3597
788
1680
2937
1064
2321
806
2726
1918
2908
720
3882
3497
1907
4255
57
3708
3927
2894
3415
2454
1339
1757
697
1710
3665
1563
3714
2530
4244
3173
2983
681
3565
4339
193
4109
3755
3886
2956
4338
1929
2977
2542
973
1534
942
3254
3518
3764
2608
136
2582
1794
3435
2201
2654
3007
4341
2895
2199
449
3859
861
3607
2055
1494
1962
1533
1517
4080
1842
4134
1677
408
1701
2716
71
3458
637
3892
367
2600
202
3201
1727
4042
2673
3668
4170
4299
1075
137
2314
3756
2297
4270
1978
3529
2933
3180
886
2024
3032
192
699
1487
2223
1247
3329
125
1750
2386
2069
4012
1549
3108
2809
248
1233
3526
1815
3447
1910
1572
915
1428
2149
1332
4358
3154
1042
2450
2170
3902
1746
293
2449
2351
610
2979
1835
3904
4234
4178
2377
3249
152
895
2460
3388
1508
530
4037
1049
3153
2671
1248
169
2304
764
551
375
2636
1647
2828
4282
3750
112
3035
1121
74
2544
872
3003
2613
4000
2830
2527
1476
2866
3725
824
4164
4043
1927
1397
4149
2819
553
1545
1603
1908
3436
1934
4241
2324
1983
297
54
3382
3590
1159
2068
2663
3369
4065
2958
3250
1364
322
1463
750
427
2268
4163
3964
3491
3040
2274
2076
3503
1899
3533
3469
2569
2368
4379
1524
1076
3807
554
3642
450
3412
2392
1847
3957
3734
550
613
1590
2785
3972
2414
1617
2751
2052
527
3081
3107
696
3214
2622
2482
782
3669
1578
1144
3422
3451
2846
1588
1160
1634
4145
4101
1728
3484
4346
3877
53
2078
564
2184
220
1582
308
978
378
3161
1772
257
2968
1775
3356
771
4240
3446
718
768
1632
929
4337
4301
201
124
1456
2295
1567
1638
2228
3509
2710
3456
3791
1889
2832
1092
4354
1322
2188
2970
811
3737
801
2896
1101
2739
2127
2084
3151
3706
953
1838
3431
135
2625
2158
646
360
2814
3715
3657
4142
2786
2379
2500
3549
3494
1021
2340
1432
4016
244
1803
445
1244
944
1752
2768
1206
514
2708
1689
482
145
3888
422
1678
126
1621
4321
13
2181
3054
780
4279
589
4075
736
3840
3318
3623
1210
509
3190
2461
1888
144
2154
2561
2572
1761
3251
1230
2609
738
2005
2856
1713
2411
3677
391
631
1396
2221
4050
275
2000
3860
1702
354
3579
3293
1981
1679
3696
1291
151
1402
1521
903
396
1169
3463
4119
1821
1841
2484
781
2343
1039
3629
1509
3291
3890
3800
1019
2210
3481
1153
2695
700
2311
4155
2676
2975
1959
330
2480
1615
3941
374
3608
1585
2885
1296
3274
3022
2225
1034
2891
3595
1704
1085
1290
854
1516
3302
4200
1506
1308
947
2330
405
2186
4085
563
369
616
3042
1235
1642
719
3683
1177
2190
4157
756
2513
3226
3935
795
161
388
2508
1295
3106
1245
2425
572
4095
3940
3831
3163
1362
725
2465
745
986
2357
1304
118
4386
3991
3271
1112
4232
2898
276
368
3712
3969
809
2489
2981
2815
3462
1529
1684
3584
1139
889
2250
813
2988
3698
1906
3966
1560
2200
3276
1720
1753
4284
1136
465
3675
3816
614
2674
3158
3309
1667
2146
714
2601
2607
1344
3815
261
2086
3858
106
3141
2166
3628
3077
2790
2779
4250
4274
2345
1109
1196
2758
2670
3004
634
272
4204
2817
491
2784
1807
4293
216
1849
2088
2855
3500
2545
3624
2597
850
3102
254
448
3289
3217
2612
1018
3626
761
874
2807
2452
1759
472
1999
4061
1298
3355
562
492
1258
1756
784
2637
2157
3457
894
1181
2772
2182
433
766
1575
4018
3473
1312
3896
1863
3075
1355
1870
4366
2307
3063
3386
3310
900
164
1384
4026
3350
2440
2227
3694
3621
2724
3572
701
462
1341
2424
3012
3973
2229
792
2604
3220
4035
2119
4041
643
252
292
370
2323
2775
1818
4067
2541
2774
1155
1186
990
2649
2371
825
2720
625
998
3017
2341
2026
905
4226
2762
440
3980
3218
939
1318
2211
461
1183
3613
4216
2980
1514
1221
1289
2061
2107
2887
1458
1862
349
379
2667
1188
544
1598
1543
404
2163
1499
1389
3089
1840
2537
286
4262
845
1060
4097
1739
3753
1973
2773
692
2203
2009
1313
1372
758
941
575
1091
176
1557
4350
3501
2881
4033
168
2521
3553
4212
2685
902
1873
2034
2443
1574
4361
4238
2651
4148
3724
4165
3841
2104
423
3410
3929
3663
3183
3399
3713
3992
17
1297
2535
1418
521
674
3583
507
582
3281
2180
835
2966
2462
1462
2949
3304
4206
4112
253
3880
2806
3121
868
3640
1544
803
1885
597
1569
3144
2241
822
1834
3865
2359
2593
3441
987
2586
2658
1635
2162
2502
3208
3236
2231
3005
2743
4275
1724
65
988
4029
478
740
4217
4174
2257
1115
3111
3699
2095
4342
3502
3548
755
4008
2938
1380
475
1403
4185
3871
3600
2579
3127
3853
4146
2868
407
1793
897
3197
2525
3568
2503
3157
4106
325
4154
1946
1260
3650
864
1915
3078
3423
2216
3267
1561
882
3438
3241
7
483
490
1993
2262
503
2872
1531
4017
4307
1180
2403
3873
3532
2139
180
3285
3192
1173
4004
353
3478
3806
2934
3406
1025
2208
1376
3804
2778
3767
622
574
2835
793
3777
2753
1282
363
604
1229
682
917
996
4290
3453
3368
2611
460
1751
2025
4182
1123
1565
44
933
3273
991
260
3867
804
3606
156
3070
726
1300
3413
1571
1345
1277
892
2399
4150
4310
88
3472
2213
1712
2046
1971
247
3507
2920
2456
2251
3898
237
4177
876
2876
946
4007
4207
4201
1627
107
1831
4369
1316
2385
2550
1048
3138
1616
950
4291
3782
4269
669
1985
2320
361
373
2804
595
2445
2121
4021
3988
2159
2206
4298
2746
661
1982
951
2313
3493
3884
730
2823
734
4176
3573
918
1666
3021
3667
2471
3984
1643
789
1671
1631
1969
238
3701
2409
441
3076
1719
4
796
4322
974
2072
1179
3439
1480
1158
1135
459
1466
130
2407
1394
1890
3702
2798
1783
1961
1351
62
557
1468
2322
1697
4380
1429
2760
385
4259
3648
815
3279
3057
3543
2899
3448
2529
993
2191
1472
2173
23
3119
3534
2882
608
569
1055
2877
2656
4088
2021
1947
3383
1843
680
4237
3943
110
3449
1461
1114
2077
729
3114
452
820
3948
4242
115
2192
2183
4046
1951
3056
3019
4196
1470
386
3028
4052
808
2994
1171
1768
548
2864
2810
702
3052
4131
4039
1714
4072
3182
3655
2100
1212
3429
558
537
3100
1334
928
559
320
3277
3094
4306
871
2860
3985
3139
289
2605
3575
3730
524
394
546
1824
288
2415
1421
1215
504
6
2160
2108
4162
3893
1723
2089
2944
2954
3083
1416
1612
2959
1749
3834
3093
3044
1357
2269
1100
2647
4074
3693
2643
549
2325
2553
3445
4051
3259
3045
1106
324
1385
3775
336
2328
3754
2626
2923
1041
1124
4031
1063
4239
4345
3774
2993
1943
2680
2799
3132
3996
1438
3805
712
1251
1989
2797
80
2853
4056
1550
3407
2781
3603
470
3747
2627
965
581
2859
1520
1664
3389
1174
3763
1881
2682
810
2867
2675
2478
2101
2666
529
4032
2185
4098
4315
2338
612
2031
1279
1833
3617
3510
2167
2144
1222
1088
976
442
287
3504
2294
2761
1375
357
199
583
1639
1441
737
3417
1591
3345
3589
1198
4254
4006
2125
3080
4304
4276
2327
2138
4352
1538
1482
2006
1939
1693
61
566
1263
2719
3674
2394
3198
38
3581
4302
1358
302
2204
2135
3671
1323
1942
3227
3620
1956
1373
731
249
1618
4297
916
1307
2538
3562
1413
1419
636
1031
2984
1801
1474
2718
4115
2436
775
1605
3810
350
51
2945
1129
56
4083
2487
4180
3027
2575
2967
4086
2347
2844
1921
2356
1896
2381
2878
3313
4191
1009
3149
609
3116
300
1284
1700
315
2242
4068
1217
1670
1267
2439
975
2479
685
1512
1820
2155
1629
2296
2765
3861
3364
2732
3092
1630
1231
3287
3474
1894
3230
600
3058
4197
3269
1068
2396
356
1507
305
434
3421
258
1865
3824
81
971
2398
3090
1611
4328
2476
966
2012
1844
3612
4218
3136
473
4141
2446
1622
1648
1851
741
3673
1003
167
1926
2255
2032
3112
1014
215
4108
660
1408
1504
2120
4062
3950
2997
4096
3292
555
3781
523
860
2633
454
284
3261
1580
3332
1168
3707
1054
1349
4203
2039
3373
4129
2552
844
1564
2284
3061
2353
1036
3554
2583
1931
63
4324
2811
3270
2131
2467
4260
4292
2249
3454
273
158
865
522
709
2066
2059
1736
969
3187
3062
3799
3535
2497
3895
2259
1810
516
2238
3255
159
2082
1777
2833
2776
3758
1583
4022
1275
747
341
100
857
2556
1744
2171
1932
4030
2393
3949
2172
1004
3931
3242
1552
3936
4122
896
4113
3385
3023
3033
3
2505
1151
890
1197
4073
1546
1343
1214
1511
14
3569
3830
4374
1930
2
843
2081
4079
785
4326
4231
4140
3041
403
1120
3404
41
22
3348
1426
431
3560
2408
3162
1703
1189
313
1154
1367
3618
4314
2657
1094
1682
1914
568
1450
3248
3974
2124
2455
3189
2818
2534
2783
4365
2616
3632
3170
3546
3365
343
4093
704
1696
3869
602
4364
2118
1209
3334
165
3550
1074
1125
1770
1984
841
376
3743
819
932
1663
2145
410
476
2528
4058
1779
3346
2974
3903
3809
484
489
1326
3644
2147
3585
1662
1922
3911
1411
4319
2665
1489
1789
1166
1877
346
3778
2103
3433
3176
3426
2523
735
862
1856
3002
2862
299
1656
945
1185
4089
231
10
418
2770
3424
4048
840
873
4230
4190
2964
3545
4349
3975
3095
348
1872
1510
3751
1806
2427
2584
1218
3885
3789
2205
3981
1781
1378
2642
3295
3614
1905
60
2865
1568
594
959
1825
2932
3946
927
3835
657
1246
3952
1597
3476
1038
2290
3340
344
4372
2245
502
1912
3225
4111
1199
3522
907
1257
3770
2678
832
519
3819
3749
4173
2824
3762
1051
2134
3741
295
742
3682
4027
2048
798
655
3363
2861
458
281
732
2668
2742
486
214
3505
1791
496
2965
372
875
1281
3126
2291
3247
1342
3338
2220
2236
708
2820
2640
1935
3166
1584
2848
728
2224
3026
87
2780
2629
29
3558
419
999
1895
1555
1030
2694
3252
675
2679
3232
3202
593
3425
1668
1740
2509
1708
182
2998
2264
1220
2750
3729
3739
