8362
1552
4060
12009
1273
7569
11071
9026
6568
13077
10393
745
1739
5760
1217
10912
9987
5560
7788
4447
9571
4659
13762
1115
1797
4299
9100
7309
3046
508
6436
8316
6373
735
8855
7752
12604
1941
11858
13176
9747
12665
8849
9849
11557
4227
728
4585
10205
9339
8031
7899
9399
2806
160
3236
2138
3334
10642
8884
11264
7664
1097
3006
5004
12187
4586
6944
7625
1832
3604
7037
8262
6909
13101
4850
13224
7244
12303
985
13195
1001
10589
8291
6167
6191
13035
9198
7023
13341
1402
2195
7750
3861
13157
7983
13470
2799
12955
1404
6511
8032
5756
6317
9189
10664
9451
12999
8433
6633
6581
5761
13078
1954
3785
11252
10858
6751
7755
10741
9225
13616
6681
6599
2942
945
13219
3506
8474
13660
6533
5258
7078
5716
3381
7806
9087
13741
13296
12815
11102
7217
5
10791
10681
7187
11574
8332
13173
7183
13324
1219
8651
2218
13614
12860
10575
12394
6391
1388
13514
2203
4526
6663
127
9879
10835
11483
2776
1223
2578
9185
8344
1443
10876
1707
11500
3437
8123
10338
9214
6654
12280
3286
10902
7149
840
8172
4686
5138
3716
6454
7933
9606
7574
6161
7597
9960
6994
8766
6548
13719
3586
7918
10236
2781
5349
8024
9086
2780
6892
3718
11019
7526
4946
7057
11260
12979
8495
10512
5925
3078
12923
7136
10069
3679
2418
3107
12404
173
7762
2016
5765
6272
739
10974
2338
10258
3181
12274
7403
3834
8906
6304
4698
1305
755
2645
8261
10909
8801
7266
834
7514
3547
3588
7055
4628
8936
1761
9737
13834
2071
5622
8806
553
8301
6653
7404
12556
7169
8366
528
10771
12679
5397
13636
383
10395
7090
10313
4223
4638
9994
13630
12676
4666
10941
11852
4987
8973
241
2127
11996
1881
11970
2587
2014
10788
11181
2294
2300
651
1292
7428
2401
12269
5511
11184
3240
4966
7519
3409
10083
13336
887
9691
13198
7032
10489
6497
5269
4975
7504
10829
9733
11337
12769
7507
929
978
6419
4502
9442
12980
9202
1898
3783
3474
7103
1731
7146
7165
10238
5384
10536
2068
3737
9271
1381
12159
6146
12515
4859
13249
6305
12646
3179
13766
3265
7833
3167
1229
13292
6531
13225
1697
11352
9636
1473
5454
10775
7591
975
12004
12290
434
11010
3525
10597
8946
5297
13480
3666
10622
4153
4739
1243
7125
4159
7979
4593
10889
4823
12904
7509
12257
8600
2256
4492
6093
7473
9240
9072
31
951
8401
4244
2521
10837
11851
13735
3626
1272
6819
42
9342
11027
13738
9694
9565
7232
5547
12583
5618
1694
6086
1181
13183
559
11098
13356
6425
5414
10228
743
8717
10114
7708
12940
11765
9167
9366
12181
5045
8812
2874
3466
744
4887
2445
9439
7614
2699
3962
6244
7483
12137
2701
4125
3789
12909
5774
2223
2646
10776
10272
12608
3440
3019
13593
6777
11649
11540
5413
11320
12349
9861
2466
655
11600
5050
5964
11777
3560
7694
11641
3478
8078
13839
1162
5092
3480
9872
6470
11725
7891
3652
1596
7076
243
616
9898
6060
3557
2612
3578
12374
6873
9350
5813
5799
9953
12487
1189
9778
12453
2213
4811
4177
7982
11956
11276
9346
4762
5921
13646
11723
8594
10237
3568
8623
3986
8348
482
2803
7311
4860
8656
6702
10434
4594
5623
5006
1034
816
507
249
12132
774
9668
8114
11651
2337
1237
1871
1971
1782
5686
8231
8406
7751
2872
6490
2914
9036
10378
6833
3702
2695
8650
3306
1464
12582
10632
13621
1600
6125
9979
3398
6629
7199
3363
1334
8500
8625
4134
11506
5642
6345
8895
3275
9221
12810
9746
4625
8965
9096
4372
9303
13178
3849
4025
6365
10936
8741
12127
7710
3743
4979
6240
346
605
13675
4378
8548
9447
13122
7175
820
13190
861
4123
230
7916
810
8489
12868
5878
4536
3445
12133
12975
12028
9101
306
4423
8794
8242
1546
13387
13318
5261
10700
7712
7442
8591
6394
4465
8208
373
12912
3380
10920
13212
1943
12624
2753
13316
8160
1710
6202
7496
11112
9462
2205
13297
10009
498
12655
13405
11931
13121
12106
7867
3570
5139
45
6424
11409
12962
4820
11289
1528
6065
2935
13759
11491
2738
7905
13582
8423
3014
12396
13777
8999
8025
12930
11070
12265
10995
1035
4582
3056
1058
8680
3451
216
4589
10157
4781
2037
9244
3657
9113
12562
7972
3971
892
9719
4255
7312
9089
8988
11216
8237
6691
2835
7819
7336
871
4082
1550
4950
5552
6028
5078
12537
779
732
9560
10006
12475
3593
6480
9213
4319
3217
10852
458
4583
12689
5535
9333
7225
9761
2157
11950
2697
12720
13252
2811
8838
5849
376
7599
8325
7188
5733
8026
4362
3066
8927
8764
11446
3948
1555
2018
5661
9999
8646
5641
12731
9725
11375
8446
11284
69
7227
2574
12271
2308
6594
9936
4814
9001
10140
10495
89
428
11325
7098
1499
8126
13014
11939
6954
8734
6449
9092
4089
4218
8294
7887
12460
4374
2323
1392
1650
12586
11689
6677
2344
8574
3530
1211
13087
2508
5296
2047
8872
8922
9902
12208
11462
13047
12382
270
12326
1066
4306
5794
11686
9067
3705
8833
10538
6650
5202
7196
12532
3219
6559
3646
888
2385
10931
2733
7039
13371
1717
2814
8222
8482
3621
12751
7399
1346
1231
2944
4679
1331
12327
10566
7838
5116
904
2609
7298
4553
8379
646
7086
13476
995
3041
2860
7328
1163
5526
12007
8814
3307
4238
1912
11255
12235
131
3518
10965
10370
998
13434
10286
9520
5948
3116
686
6955
12704
11747
5125
5596
11963
7518
1150
10319
6120
9112
3191
5069
9048
2623
8582
3311
2247
7901
12177
8968
2822
4404
7954
5290
9361
11122
571
7156
8197
1103
13346
2589
8485
2727
13623
2102
9489
10891
5284
1901
3815
9791
1180
7264
7523
12794
11757
6859
1226
9828
10384
2655
3479
2889
4175
5938
12652
9186
2339
10073
6718
5327
12872
2191
2358
6826
11326
5200
1813
4623
1417
8498
13061
2440
4303
4035
13333
7914
5157
12279
4482
7454
4268
5376
7472
8706
8342
11355
9514
13823
9547
11608
6745
8599
903
1897
8281
201
4436
3905
3272
4006
3552
778
9268
12308
2024
2431
6239
964
2921
10128
13724
11691
12288
12796
3197
12789
2652
11665
3205
2768
13817
807
8147
3965
6696
11189
621
13610
9290
1837
714
12517
905
10102
6221
3057
225
2998
6107
1936
11825
9166
6752
2470
10927
2322
1549
1040
505
12662
7616
12998
233
5897
8228
841
5567
7255
5837
5804
6118
7200
4539
8967
1055
11069
3857
7000
1748
9216
2747
11005
2985
9289
6256
11172
9697
7365
9351
1992
8696
9721
2610
5524
70
13588
8243
3507
295
2174
11601
11782
8352
6323
7065
3080
6483
3285
2085
5578
13126
4233
8740
5532
10422
6593
13345
2458
3983
12170
10177
9773
4087
5023
11182
6834
6142
9392
8091
5230
6675
4874
8329
4221
3690
9434
8786
12115
7704
11698
7768
11977
3569
6441
4226
11306
9897
3952
7006
2042
1516
5443
526
2328
7540
1139
5640
11366
9978
10361
13259
6904
7935
7385
11349
13568
5754
7220
4547
12088
6656
5026
2108
6381
213
4544
13406
10025
7628
8707
11179
8328
9426
4766
3483
713
9094
8923
4001
3629
4128
4375
12015
3980
3886
11129
11804
6474
9617
8892
7119
3328
8040
2524
7986
2812
1160
4643
4775
6049
1890
11637
7692
7178
2879
8022
6318
4557
7418
13422
6571
2447
1539
10730
8640
446
12880
12038
580
12694
11700
2626
478
13663
1862
3284
9337
9205
1698
13012
3352
2315
5689
1903
6685
3102
12050
5305
6738
8555
2363
12660
8818
2728
4147
8596
6260
4288
11695
85
9646
12696
819
5869
10869
7137
10545
3725
8230
12984
9933
4972
7205
13132
3301
6804
6435
12449
8284
900
13053
4061
6390
7406
11709
12397
13746
3468
4732
12403
6103
6698
1663
1076
9076
10621
12722
5800
520
2465
4884
3365
4983
2168
13780
4954
5927
12168
13684
1796
6445
1899
5835
7727
13117
2514
4634
5993
3862
742
11440
12183
1421
10698
9602
1435
1506
1783
3546
6099
3614
8685
1420
11015
12285
11904
6478
1618
8800
7493
8259
12580
7273
10053
10710
12135
6516
13691
12402
3775
13810
3476
7702
5510
1469
10461
12578
11644
6357
6009
8909
1391
11788
12002
13304
9437
7774
9995
10828
6297
11891
1919
1985
7530
5722
12978
4459
13107
12010
3184
12264
155
3473
2100
51
3565
11173
7537
638
3587
8632
8684
2912
8304
1573
8715
12524
510
12903
1642
10104
5676
10056
2010
4955
12497
6827
5066
604
4271
4441
1104
2618
10656
4473
11
7718
4335
2568
10426
6050
12668
11577
7228
7893
11752
6899
8277
7411
2112
11439
11661
12385
7973
3346
8982
5508
7711
8700
11731
13260
11041
2382
5057
13625
11191
2202
1403
3065
10529
6129
9389
6503
11490
11908
10191
3399
7849
5746
11079
8630
3052
9243
11547
9637
7277
8047
7082
1274
13439
2647
1512
6578
12343
3811
7879
2613
11228
9487
391
1534
695
11671
4301
13732
335
10396
12737
13151
12503
9917
2419
6399
3462
112
10543
13338
4664
8985
7095
5857
2229
8593
9797
13736
13186
7130
13160
6824
7795
12406
12000
2279
2769
3498
7830
7870
4420
13855
7721
1193
6950
7977
13120
8487
8524
7436
13659
6682
5873
7413
1062
1400
105
3802
331
12628
11568
5481
12027
4090
3982
3963
6429
7033
10325
5499
7985
9097
4440
6566
12645
8453
9130
4245
12666
11115
7827
730
7929
12861
8365
11261
9269
7463
12019
6817
1428
5195
12920
527
4597
4045
8461
3910
9786
13041
908
10381
13070
3680
11153
9259
4403
7014
11393
6232
5179
2252
8660
12099
5442
3704
8420
6609
10429
9813
4961
273
4017
12573
5334
11370
817
4535
10725
13223
1911
66
10523
3150
790
3087
6204
12506
12360
6287
5699
12017
6023
1142
4094
2820
2852
11712
5062
11482
1155
8775
7235
13672
5690
4611
10230
2479
12299
4483
3130
9904
12055
1385
5752
506
13547
12857
13410
4541
11702
3938
4155
2500
6820
9254
3940
6552
4024
11642
8831
12425
6728
2142
13217
3638
8866
8007
2432
1199
11797
12625
13666
1314
595
13733
8870
8274
12392
10593
6166
7609
13032
7503
11538
7426
10170
3337
9152
5477
5036
1071
11036
5120
9132
10940
12429
10231
9757
4836
12770
9224
9411
11911
6018
5940
3375
3320
8299
2130
11106
5361
6555
5727
12959
4989
6249
11587
2425
13119
8367
3017
12939
8781
3221
5616
5088
948
9595
5068
392
11389
9708
6122
370
10203
7468
2963
4365
4605
4591
3958
10423
9815
1454
12117
5166
13640
4913
8221
9106
3164
11472
6508
10952
5332
7145
9060
12531
13366
5415
13638
2642
5046
10209
1762
10146
9387
1833
3368
2901
1232
801
3722
9941
7101
5002
972
9740
5684
11966
13559
6866
2104
545
8881
724
2580
4802
12161
3596
2380
7166
4036
10400
2221
12175
10893
8216
3453
465
7633
4670
12357
12325
10472
577
11985
12471
13218
10076
2749
13850
13365
236
1368
11034
1565
13209
13020
2015
4331
10142
12035
10289
12476
1659
2259
13586
8987
4652
3376
3873
4931
4015
12333
6795
12609
6152
3147
10364
4219
11279
11094
6176
5687
4658
10232
3471
9354
1726
3215
9868
2336
8488
9157
8356
2272
11998
11428
5461
10425
13240
405
11972
849
6209
8898
4111
8226
7531
11990
6061
5935
2668
5855
5314
11605
629
4205
2598
6708
955
12894
5131
11822
5847
12412
5705
4988
12090
7289
12702
4222
2096
5918
13201
6042
5811
9679
13460
12240
1685
9525
578
3720
2306
11426
13600
12632
5531
2843
5222
11766
4379
5955
6861
5253
11733
756
341
591
5657
11201
3208
4713
3489
9974
12399
1083
4258
7797
6328
4426
12204
11297
11453
120
1230
4707
12329
4735
8436
895
11039
12741
6469
11905
754
12448
12611
12044
1864
8435
12879
9326
11634
3973
11072
2266
12462
2189
12180
28
5466
2616
4644
3172
10868
7216
7147
6985
2552
10071
2457
9465
2302
494
4261
5725
3373
7267
5728
5664
2560
7775
10790
9105
5842
6945
9474
2444
7222
7354
13418
4737
8530
3028
4081
1098
11994
11814
9677
4688
1029
596
12508
12200
3074
2980
9769
7158
2450
2495
12697
4971
13654
11025
1579
11212
5033
6956
11681
4051
7563
8429
8721
6622
4584
12281
4580
7975
10773
9652
9912
11176
6636
8306
8296
4910
10439
3244
8703
7946
6523
12024
10718
12150
9755
1736
10804
6253
9470
8084
9728
10250
10189
12602
9398
10486
1370
789
13527
10285
8483
13567
13154
11006
7066
8444
546
8184
11565
8805
10751
11499
1877
13278
11021
662
5742
5923
12426
6396
11875
924
2871
652
8011
13291
10874
5352
17
5402
990
12340
193
3693
13609
6273
5268
10007
9421
7320
11074
2748
6326
13362
13298
5791
8918
8940
2244
4618
4695
10557
8558
3351
9358
11943
4527
2928
8131
12593
12151
5767
11750
3602
10801
10911
11663
4312
11602
4708
7276
7671
2675
4150
9552
1681
4328
9715
2965
612
7999
10333
7462
13603
449
7408
8746
1682
10610
4118
2579
2227
7653
2941
7234
2437
7927
7005
2295
35
125
4370
3918
10363
10547
4063
11767
10818
6030
10510
2798
9473
3431
12943
2861
10571
11734
9963
806
12714
7359
2588
11802
2428
1591
3396
4096
2836
11596
2750
3463
12084
4790
8186
7557
3615
5081
2713
4641
8236
9541
1476
5339
11032
4863
4507
11960
4493
7441
5392
6627
696
824
8454
3500
5430
6769
380
10221
8521
4496
6283
8043
7035
13785
10334
1664
10653
10257
1112
3999
7922
7437
13797
5926
13308
12242
5076
12599
7961
3158
8127
5609
13167
12610
13090
486
5953
4471
1090
7852
10691
1212
4771
12454
6210
164
6484
1197
4642
11037
5317
10292
12527
12122
12301
9667
12822
8009
9372
5638
7281
13743
13649
4263
7875
6823
2737
9787
6603
1109
12598
3807
5864
2387
10638
11519
4715
12030
3843
12415
1582
389
6227
11559
13553
13133
1923
3881
628
12618
8697
1997
6333
9696
844
11205
9507
4250
12465
4100
3637
6184
106
12981
12818
12554
3941
4575
7892
12304
9432
12649
9596
3261
6350
1079
7629
1377
6473
4697
6882
11744
4402
37
5428
6583
7862
3889
188
7265
5377
7497
3237
5246
8782
6293
11438
8287
6563
10125
6913
7218
10513
10506
11835
2488
10033
1688
5902
6705
4197
43
10910
8201
2057
7676
12636
3491
23
9858
5359
2764
13181
9200
10022
4900
7634
8214
7306
6874
3267
610
2503
12873
488
13841
4105
9767
7155
10787
2137
4530
6307
6325
5001
1196
12293
7944
2182
7323
9104
9345
3266
2386
6813
2044
2816
3863
8568
603
6540
4848
8847
784
4997
12367
4289
4412
3151
6358
3970
1790
2929
5538
12194
8669
1165
8920
12512
2847
3583
1557
13392
2429
1740
5027
9083
9085
6554
5238
11030
8839
9272
7040
4563
3792
2911
4311
358
8415
5766
7807
8643
6992
3327
11520
7942
7747
8424
10783
13281
12362
13751
7558
1482
12472
9554
469
7353
5263
10374
10399
4332
1927
2449
4327
5517
11364
13317
5289
5373
4970
2542
10908
3939
11397
11322
11120
1979
9640
4220
8385
10469
6973
12305
12289
5374
7938
4712
7160
5028
6222
6527
1654
4344
3314
6789
10646
7622
10256
7743
5884
1846
1670
5751
7096
8073
536
11464
5203
12738
11429
5677
768
8823
1648
1986
2905
8134
11611
1239
7595
1959
5802
3832
10135
6843
8655
7114
6136
11523
8908
1145
68
11510
4450
13557
10092
4651
3126
9727
8490
3787
10179
7219
11040
6716
2949
2614
4433
11235
13804
13605
11471
6062
2917
2990
6492
5135
6393
4685
2373
6400
869
7998
7996
8373
4801
9856
6778
2853
11162
5943
8187
12859
13182
622
11793
7678
827
10719
12215
12218
47
5259
12310
2341
8129
369
382
10704
12595
10800
982
7241
9794
5708
6852
2483
7672
9077
11678
12964
2421
12048
11417
13576
1633
13673
11247
10132
879
6886
1775
9854
9848
747
3241
12836
7070
7477
11625
12797
11124
709
13628
7967
5165
6896
4939
12669
3967
4392
4520
3757
10561
1587
12801
7207
4300
11890
2194
8061
11475
6761
6339
13740
10984
412
12708
12136
2504
4406
6800
4384
8840
9623
8693
6573
349
11834
1484
4462
5639
3860
237
1445
4279
3515
3053
9395
11154
9312
10487
2226
13455
10447
11888
5109
2324
5521
9450
1358
8578
11643
8460
5215
1969
2510
832
10404
9242
12850
5608
9309
2502
13556
4337
1207
4579
1028
1340
7499
5613
5776
6309
2744
3154
9826
10012
9261
10535
10655
4373
12057
10765
12916
1590
7638
10039
558
12535
5438
5213
10842
6438
12341
7679
10101
2624
6530
3088
6409
3200
11861
13795
4486
10017
648
10151
9491
1756
2877
8311
10727
1214
977
2039
10281
2415
4912
2092
10389
6290
7805
10375
13013
1250
8667
10498
7538
4009
5035
6164
1589
2307
5313
6711
5672
13704
13331
1974
7677
8776
712
5083
6242
4361
11674
2976
77
9246
9021
11055
301
3484
3937
4865
11889
191
3571
12229
5142
13143
6303
10234
4752
10442
5871
1683
8161
6916
252
10397
13543
2729
923
8506
5542
7610
10295
835
11408
12026
7127
10454
3178
12913
6577
7699
1727
842
6701
8790
2672
2133
4598
3414
4251
2056
9934
5498
11138
8519
9199
8770
1774
248
5150
9469
3582
9730
13023
4479
360
769
1399
5914
2752
1716
2120
11309
9734
12365
339
2804
2960
6006
9037
5011
12773
10249
9003
11371
8759
4633
9764
1677
4902
4748
1822
12671
9824
614
6135
5682
3426
4398
3411
3650
7594
8464
13113
10471
6192
9903
13678
12992
8889
7152
10042
4965
7966
415
715
8950
8758
7784
8910
2819
5277
7394
8336
6862
3508
12142
7847
12277
8724
3551
11808
5584
10662
238
8404
372
3955
13532
13847
12416
7310
12574
8761
1866
2561
2923
8581
3994
5456
8271
2864
10264
11569
1361
2101
8020
574
4777
4140
9842
6150
2566
2909
9847
1298
3271
3495
11219
402
12413
5994
561
6463
2290
5084
5769
950
7135
2660
13697
8082
2650
2041
12882
6614
10568
12391
6255
12313
7753
276
12201
2487
1194
8116
13602
6755
13019
13509
13753
9111
2225
9196
5907
13267
4959
4438
12095
12315
12411
821
6507
5839
9762
3042
9444
804
7919
7459
1583
2148
10213
5998
110
13106
13401
4613
7680
11011
12970
8998
1703
10848
6822
6392
4022
10564
11236
4904
7358
12234
11086
5342
12464
4851
13131
2150
8086
2291
10474
8163
8955
13145
2535
9574
10989
2055
10654
4215
13246
2095
3410
12232
6965
13437
10994
8136
5280
7584
5291
1426
11485
2993
5678
7910
13474
11583
7338
13493
1594
9183
2186
10611
12529
7686
579
9416
5743
9626
4705
4308
11379
3198
7373
12993
9608
10349
6760
2945
1631
10602
9807
7482
9402
9885
12431
11452
5232
2627
3018
13530
9853
13832
876
12778
13380
702
8353
10917
13251
994
6229
12677
4166
55
7836
10089
13375
3442
1070
1599
13034
5486
10996
9625
1057
13613
11840
8803
9446
4242
2936
6338
6064
9709
13520
9568
7585
156
5161
344
12539
1588
2254
1843
3256
6353
8166
6847
41
13451
5141
620
965
3467
6336
11156
6306
12547
423
5293
8606
8538
2702
5965
3577
4861
10613
5589
121
7214
1576
1283
2621
4088
7185
1914
941
7305
9499
3767
11647
4380
7505
7366
8709
5572
366
2106
2435
3576
12022
9252
9203
8672
6679
11564
7627
5020
2997
1902
9457
13535
6572
10355
7058
8381
5720
7049
7534
4010
10637
6536
2167
11771
1490
10669
8070
5905
7661
11648
12051
13420
917
1251
1316
4797
96
2236
6238
12452
2826
7675
1015
13689
6912
3600
731
6228
1118
8787
425
3292
12584
9305
13528
6233
1770
53
13038
2927
6096
5210
5204
5983
3923
9182
10392
6359
11218
6132
1099
8400
6079
7495
738
1270
8266
1558
7564
3313
4126
12536
590
6143
163
5801
5024
7706
5236
8966
8165
64
910
6404
7067
10220
6057
5448
6203
11463
6366
1319
2808
7197
5049
6201
1130
2677
429
661
4208
3430
3415
1875
2260
8465
286
11620
5785
5244
12220
3061
13374
2453
4322
9550
7794
6080
5267
4026
13076
4813
13601
1144
9641
6634
4815
7272
2059
4395
6413
1809
12575
10625
7458
16
7571
8361
4835
4791
10504
9907
703
1581
3729
468
7109
12938
13343
6849
5468
890
599
13134
9512
8117
5939
2930
706
4460
7590
4701
8403
2287
337
10821
2461
1236
4620
9945
2564
4778
12644
11636
26
557
2611
6367
5780
2061
9555
7270
6294
13668
5882
12059
7860
6835
13574
9103
13043
10303
10411
3771
12680
235
12764
2691
12510
7544
2117
13711
2824
6104
12179
10440
12989
9788
9731
12899
13081
11305
1045
8913
1220
4106
1188
6275
8168
5418
6809
11458
13436
9655
11971
9678
7498
1695
10057
11536
6387
4272
9768
534
12928
7783
7110
1615
2991
6324
7291
10885
9835
7714
5059
9454
4543
6640
109
13335
6070
12368
543
1998
8737
13629
11268
8515
13831
10356
12143
7541
6101
9298
5792
8601
364
12186
3790
3427
4430
3204
3915
4210
5358
6870
2040
5755
4668
1628
13
5758
4734
11386
7300
4168
8121
1856
7083
10259
4759
39
4424
6252
2978
12771
8863
13473
5588
761
2187
5149
3025
1800
4806
1111
8577
10649
12813
8588
8607
10403
9765
2153
2881
10480
11879
877
13266
6977
1807
5729
4846
2831
902
5217
10577
2013
4485
13409
2036
3232
9328
13822
1792
1805
7487
7471
1585
2828
658
6195
5773
10323
8162
12504
10485
6788
4920
8702
9391
11652
10711
10652
10883
4178
8804
2074
13728
10484
5107
12924
11877
13698
8624
11837
9901
12513
665
10267
7801
921
3874
10408
1094
4838
7510
5216
12101
7989
12765
13261
13276
11707
1789
1295
9976
13328
3146
6611
10201
12014
7226
8653
6313
7259
4399
13830
6889
11456
6525
2511
9992
10528
8428
11369
5812
10888
12370
9658
5129
11007
265
666
5519
5322
9739
11664
7861
13412
5893
11645
2711
7275
8048
8321
8569
7974
9562
726
12723
11198
4661
1956
5476
11646
4882
3073
3304
11952
13007
8145
4489
6515
5970
6680
3574
874
671
9145
3077
729
422
11749
3382
9084
13845
13534
2115
8425
6995
1107
4637
2430
7044
647
11896
10797
12442
1465
10556
7981
1407
5788
10284
7215
2590
4768
11884
1238
4181
5549
3597
10699
4117
11787
2144
5205
413
5370
9377
13549
6512
5920
946
1271
3040
4023
11949
12174
10188
5435
2892
10322
6790
10935
11042
10090
9232
6199
30
1205
7746
12207
2897
4621
11517
4980
10066
4048
13531
321
11002
8478
3779
3095
12933
5432
11476
8796
11293
3496
10726
13709
7053
5916
8087
2456
1515
11215
10549
12311
11468
568
13100
7641
5896
12534
10186
11805
12039
7620
6938
6467
280
2890
10780
6014
2262
311
7731
7695
3135
7161
1983
8728
11885
1323
916
11350
3169
4906
2556
1039
5434
10051
12435
3827
9379
11772
8825
13624
5949
4782
9263
5467
8777
326
9789
2789
8033
9286
3598
5841
8041
10947
818
4176
13443
5212
1849
56
1478
6645
9793
627
3837
5208
10466
3245
2326
8977
4161
12795
3651
4401
11933
6225
8785
2149
10388
10569
1394
587
3876
6710
13415
6589
7500
3317
7896
9624
11498
12445
3710
8155
13096
9384
7897
8837
3888
5000
11615
9689
788
3635
6074
3140
1945
8772
11202
2657
4770
2602
2171
9782
3070
6580
2364
11989
13809
4844
9664
9237
3950
12900
1248
6766
8264
9042
12682
12521
7124
5235
2962
4209
6054
5889
8802
8449
8887
7464
5180
2575
8542
7619
5231
4924
10049
4058
11033
118
12990
7317
10839
503
6972
1827
5876
7249
11955
4163
8212
8335
9066
10329
8469
9419
10739
10247
7129
7765
5805
8138
11895
3514
6541
8562
11121
129
7552
357
4515
4156
10759
9235
8099
3152
5632
10386
9682
3419
9540
323
823
11336
13248
7580
6895
5087
12076
9783
11047
6604
11693
5809
5326
8305
4388
7831
7047
11197
13764
5736
378
5181
11223
2327
5724
9685
947
9706
7513
11092
6466
2878
7237
11656
11838
2250
9563
5052
4464
11496
1855
6557
44
8645
9559
10982
2919
9192
9493
13390
9404
2522
1608
880
13088
8177
1636
9369
13091
5321
8561
11461
2021
8942
1003
5119
13669
9906
2131
9415
13006
7756
6471
5303
2766
6112
13233
7052
13472
10943
10824
11504
9208
490
9327
12164
4202
13632
6924
13776
5853
5601
663
12171
8142
851
11558
8718
8016
4740
8234
6452
8055
5044
8590
6025
5364
2972
3851
1396
5240
3696
535
2918
1293
3913
5556
6123
13515
57
1502
348
3429
1005
4475
3108
1691
4043
7322
1556
10599
5252
3305
161
13655
8835
6412
9492
5981
6667
6767
3162
6810
7388
12954
7457
4192
2996
10663
1016
4377
6805
356
10212
1926
377
3139
7926
9526
1269
4724
13750
7521
4793
4497
11244
10658
3364
6205
8235
9280
12058
3953
2683
6172
4407
1178
2114
8736
11016
1200
2745
6489
8210
3764
3295
7709
10901
6588
3421
2880
2298
2019
3113
8827
12295
3926
8440
6068
11250
4480
8742
2499
5031
13016
4639
513
150
1012
3770
5412
12869
8479
7180
103
3758
794
549
1957
6270
6236
3610
13786
6658
2567
9684
6709
1568
3715
3627
1993
2774
10311
6885
7693
13852
1479
2604
7903
5301
12043
1944
9962
2839
12087
6447
11281
284
4938
215
12328
6765
2032
1419
4834
3441
9160
542
433
9209
798
5197
7823
7211
5458
12982
6406
1586
11108
10497
9619
4067
7075
9412
5421
3252
2793
9576
10679
6781
11343
2459
11910
9005
10063
6267
7760
2758
11961
452
10770
3724
3644
1309
12364
9878
1225
3379
4494
2891
8333
12918
9124
4653
12603
244
8566
7772
12851
2362
7512
10890
2987
2518
13111
10402
1409
6733
4819
11854
13820
717
7123
4764
8961
6407
11929
933
1418
1510
8095
8888
9780
7697
1026
5975
11920
7455
7872
4915
13706
10444
5058
6558
12366
11406
11717
12675
7038
9876
157
847
3717
10197
3220
2406
3605
12753
5299
1492
10546
4577
8244
6607
11983
13000
10357
11116
5404
11848
10609
4615
6411
11328
3109
9760
4878
12268
1172
5653
12
10093
12977
7451
4700
307
11363
6782
6127
232
9751
2243
4142
7296
5174
7356
11953
11850
1785
704
2827
13421
4260
2989
13086
3784
12637
9116
13599
7741
9654
7412
13008
7992
2886
6124
6872
11809
12239
3606
117
6695
1604
12003
10953
8409
13467
6818
5553
8981
168
6075
4901
113
12597
6551
7029
6730
5065
3813
1776
4626
1291
5826
6178
10078
12948
6109
5071
5064
3662
10064
9093
2201
1610
1547
11321
4898
5992
10849
7224
3494
8769
2305
5478
388
8683
2581
5858
10460
1151
8949
8676
1884
11319
4164
1793
2060
7167
6900
12700
8828
12211
5302
4039
8205
7420
3555
3864
2948
4214
7316
6271
10745
1946
5859
13155
49
9460
8948
2601
319
6506
3210
3120
10207
11992
718
11177
7030
6880
10505
2062
7630
10105
6059
11769
8324
4654
5862
10946
291
6485
12157
3161
10914
9940
598
6739
10098
13428
8627
3423
8972
3744
8496
475
12792
394
4558
8158
814
3235
12571
10794
8757
12807
2732
11300
1415
9034
11532
12905
1933
7209
12420
9561
12969
7325
4963
8990
9543
3865
2595
1456
12236
2783
8692
8132
3562
2716
9536
10383
12036
7771
10659
13714
5748
11095
5105
6952
3027
9598
523
5338
6185
708
4856
8445
13523
4607
5185
6417
9033
4292
4551
5260
3175
8980
13494
1737
9611
22
2724
6971
7604
10816
9659
6157
11842
9078
2067
6867
1474
4075
3402
8137
7957
6513
3544
13243
8926
8535
1500
7450
4718
13391
6334
4824
4998
3446
12046
5874
2442
11816
9431
6524
3176
4996
11141
3855
1657
12588
202
9082
4699
189
10185
4821
12221
9832
8384
10522
13790
5504
9380
3527
2915
1513
626
1431
973
12935
2528
2089
12013
11948
2543
7947
11781
5391
2863
2211
6801
13082
13210
6590
13742
6092
10288
6311
10252
9575
7480
1815
12440
4451
6289
7494
2549
6528
11528
1450
7351
1259
9523
2751
6928
2331
12238
6230
12925
4472
10744
12893
9989
1301
4410
10123
5815
4537
8691
3067
6649
9548
10896
9695
7474
8128
199
7424
12587
3714
4046
7865
10714
1577
5115
4573
10921
11618
758
3499
12082
9004
9172
8006
12729
6792
11278
9414
10578
12730
11171
12190
4469
2630
6071
10894
7253
3658
2546
10035
9307
2141
4604
10525
12163
1745
8663
7527
10366
515
7397
4273
9220
12331
1714
10767
4054
6539
5974
10603
6321
12390
13464
1413
6772
12489
10544
1075
13565
12073
11591
309
5624
13185
7735
6905
7608
8067
3188
3422
5944
8054
4381
12875
6798
6537
1772
3149
9632
10918
5227
9114
7097
4681
9407
4548
12352
8156
722
8368
9353
13075
102
1498
12228
1996
8634
8964
8885
1869
4660
6741
7575
12091
330
3013
2333
12072
741
3156
7283
7723
7293
6446
8475
9952
11981
4886
8399
11811
6243
6027
6151
8004
9007
11630
5922
1312
3817
8337
10709
2352
3106
8894
9119
1466
3949
12423
8101
12485
13105
6903
4935
11899
8809
11442
2038
25
4787
9557
9144
149
5868
2641
1184
13307
6115
3978
6139
11113
499
8808
11614
12184
10036
13015
13606
8641
3475
2995
12911
939
10031
12189
7644
10493
5648
11845
8334
3071
10694
11076
3727
13859
3340
764
2017
894
6619
4767
6723
1652
12450
12809
4780
1369
9504
5273
3810
3931
11351
1452
13685
1208
11104
5911
260
13516
4259
11313
5070
10551
11117
3853
73
2099
909
13089
4709
1311
3542
601
11378
10628
10462
12717
4498
10900
13311
12266
2284
10644
1635
12760
9046
3383
839
4310
11622
7761
4994
101
1622
3603
7279
8868
9583
8416
4002
9275
9532
8111
7304
12748
7598
1185
6113
9107
6613
13611
6298
4409
1489
640
10665
7375
6981
5063
11572
3076
2957
11962
11450
10476
9855
5979
5646
9051
2146
12620
4785
4662
13677
333
5196
9150
8511
12629
5626
12338
9972
10507
1279
11844
7022
12567
12443
6768
1562
10708
7667
11082
5952
4632
13305
132
6693
11541
2468
13028
7177
11799
862
1559
9151
2743
448
4170
3243
11051
1621
11775
10682
10445
12146
5426
8071
10479
5086
355
440
11057
2694
3300
7570
1442
11947
4439
1156
9926
3805
11402
8507
1249
3072
4275
5275
10933
13353
2844
8247
13250
71
2320
9043
6967
10086
11561
4141
8038
896
2248
9264
10158
10239
9503
6181
1921
5860
969
9123
1175
1462
6041
1639
9651
5492
11976
2478
10964
13238
11518
10696
13009
1820
50
3956
10747
13044
13721
6051
6953
12833
183
13433
9331
3731
4302
11135
1931
7550
3296
6990
1505
2565
1925
6825
786
6330
12799
6844
1061
1819
3003
9090
3804
1730
5379
6414
8522
5075
13216
2164
4065
660
7808
180
1378
7307
9449
952
10737
11014
12949
13320
13227
6532
7026
8036
2093
2029
13322
9478
277
2527
13819
7163
5850
3322
2346
13438
13778
12016
1182
1033
82
12890
6224
10060
5636
3315
3101
8269
9179
8636
884
8169
10977
5159
5704
12261
1637
1626
3581
1347
87
7071
7632
9703
8171
1746
2412
343
5056
3374
8220
4281
9984
795
10204
12356
1572
11308
12492
4120
11192
2719
3512
3062
8899
353
2111
5821
1321
11149
3887
5407
10111
4269
5606
10190
2361
9510
2951
11937
3590
9929
11926
11299
11868
2904
8413
926
2043
11860
13241
4853
6257
548
4504
5599
7042
5471
11505
4342
3331
9211
13071
10122
6878
11445
1854
1210
4121
3007
2219
7435
883
6175
2643
13664
12709
240
7013
8649
11024
6329
1644
3919
10687
4631
2759
1153
7059
5619
7465
7688
5436
13179
9008
3825
2857
1475
12819
10407
12806
123
7332
9321
2390
3740
4675
5347
6405
12355
8821
6459
12141
13765
643
13487
7201
3944
960
11000
12214
7785
11469
3068
10085
5281
6231
10046
999
7194
2813
1179
9418
11803
4872
13540
12230
10811
12379
8458
9763
5602
12491
885
5306
298
9513
8869
6444
13379
11267
12178
11584
10492
9110
1360
3128
5042
12083
1656
10690
2170
8491
2376
9267
12120
6408
5574
4896
7621
12627
10198
217
511
9501
2075
4304
3616
9287
12864
13488
4522
10661
10976
12888
3752
2513
5493
9393
12457
2517
6713
13633
9688
11562
6996
9845
588
11580
7271
618
6415
6576
3695
3335
2183
2023
701
12479
317
3830
1138
7386
38
5485
3852
4841
3324
2569
13314
11478
8564
4837
2343
1433
6319
13431
3927
2639
8154
13026
5209
12523
11770
5192
9629
8830
2950
327
1074
9648
4574
1915
1087
10925
4985
2653
3407
13784
12317
13772
4716
6993
7081
10038
3793
5371
4041
13354
8810
3654
3262
4037
10979
13849
76
1948
8144
13229
8493
1916
7396
11778
6453
5464
4490
11677
5757
9841
3612
4070
6498
1246
462
6262
8938
2469
4103
4592
13010
5320
7898
15
4068
8053
11806
4528
7240
13274
67
10731
3687
8929
12155
11660
1851
8310
9173
7829
2571
11718
11259
367
10897
7674
5557
5189
7154
7384
10430
4624
9837
3050
2065
12891
9693
5132
7313
12695
2165
5080
12856
8532
5719
13036
13737
13752
12647
11158
2143
12316
12944
5978
8023
4877
5490
2486
6617
1048
1064
3824
4876
9016
3121
11922
5710
11526
4174
2276
8075
11125
3015
5382
1009
3230
84
13295
13720
11768
5160
12291
1424
3354
12951
2862
13017
9666
338
3163
9736
11324
2925
10716
12224
8629
410
3683
8052
1989
9964
5819
5099
11685
5929
8376
2644
6526
2903
12619
11356
12350
13114
8180
9153
11516
8614
3002
12202
12116
10825
12615
11466
11690
7724
11853
7206
6268
2593
10244
6602
9875
2526
6386
3136
6496
12613
2943
8984
9494
787
1343
6538
11028
12596
3708
3742
8398
13370
8605
1242
10796
3537
10629
8174
12826
1386
7025
11114
12908
3347
11137
11272
8678
12037
5451
632
12173
12886
10959
7100
9932
4072
11013
8699
944
2968
4552
11067
10636
12498
10481
4847
13299
938
12654
9047
6098
13275
3812
4513
13137
5168
592
7851
181
11763
3556
3890
2501
13384
7335
13758
791
4425
11060
1004
2940
13787
10724
5529
10390
915
2026
12921
12971
6148
8901
3798
4124
2870
7853
13149
7174
2414
5455
9020
3516
3828
10948
7939
11432
459
2296
1069
3168
9181
4056
9483
2230
3833
7573
7866
6423
12639
556
7433
1352
11748
3459
12045
4348
8503
5891
8686
9785
13268
4665
6600
179
6234
5509
3947
4283
13326
11430
9155
3098
219
13634
9002
7176
2008
12622
8905
11567
882
11633
1895
6957
4353
2354
13508
8029
5465
8589
11965
6978
4562
11629
11847
11394
8545
9250
1566
9158
2777
1906
1100
2603
10762
8377
3187
11798
4481
12876
11111
6753
8059
7549
12713
5562
5576
12643
10139
11705
2481
4172
13407
3697
10483
12166
705
5598
12805
4083
4343
12855
10446
258
8789
7529
11233
9236
8744
13288
9572
11796
13782
9699
10020
5620
13207
5963
11335
12779
10774
9285
13807
13584
6145
11607
11784
4318
12843
6596
10851
5890
13168
12758
12363
13147
13604
3344
9169
10343
12996
1521
5398
10526
282
4179
3153
4196
5583
8621
4944
6672
6117
11755
6902
2795
4003
13435
78
9253
9812
3665
9488
2173
13696
11312
9343
12292
13280
6361
645
10401
2443
9368
11621
4981
10168
4376
1973
3703
12486
5283
2707
1975
2353
3591
6354
3943
9544
2233
6037
7949
11855
6472
9022
11372
12828
931
12025
9187
9400
11398
8066
7842
9671
11951
6460
1096
4991
5399
6468
7796
406
5818
1686
5182
8615
6274
3213
9742
9322
12223
6846
136
12732
8068
6341
13315
9893
1723
3316
5679
12138
9296
3211
512
4230
11737
10045
5931
13404
6575
11900
4386
11979
4635
8202
9622
2685
11150
4066
10600
9370
4131
13608
2356
457
6457
4442
3183
7959
10184
10152
12144
10233
554
1451
7649
11694
9207
13027
6280
9477
10859
4822
2274
8411
5645
9600
9771
8992
2136
9521
5156
3349
8626
12373
2800
3345
8893
2161
2855
8768
4690
6223
9886
2152
12461
9039
9502
2721
6717
12049
1432
2953
10772
9498
6816
6401
3831
4569
13271
7650
5459
1187
4078
1612
5502
1192
8639
8414
10344
7088
1472
5816
2712
6355
13272
9834
934
5520
2005
11876
7191
10150
6707
7422
4730
2867
13661
12167
13665
2632
1257
3144
8473
8751
12123
13432
12410
9939
10287
7210
8088
4868
11824
13236
12684
11800
12545
6069
6964
1932
5077
13643
7144
7662
1113
12762
10358
8393
8937
9601
8422
13749
12956
2482
8049
11578
5779
2214
9405
7062
10467
3786
1524
11470
966
12067
4722
4833
10240
10380
8456
2519
7041
4561
5017
10969
719
8179
171
4921
9505
12641
7716
13499
6097
1485
9458
10503
11934
8916
13570
9729
6858
9227
10180
2434
537
7072
11728
6917
2240
2696
8343
5796
1031
6251
2493
1887
4630
8859
9137
8357
5108
2253
988
11742
2577
4849
4533
8613
10968
8182
1750
11035
3395
1224
1508
3961
11829
8784
8763
8113
8836
6342
7539
9880
9891
5016
1765
5445
8664
4414
4038
7848
3608
7917
734
6455
11166
9427
3321
3713
3238
1372
3929
642
5357
3433
8714
8450
3974
6141
9587
1497
12422
13550
7339
11680
1052
6360
12490
679
2714
5429
13004
7421
6119
5772
4842
4857
8034
13554
5683
7134
8267
10722
13294
8567
2426
12782
5604
4843
6918
3945
12786
8418
294
11539
12664
11862
1660
8008
8537
2792
4467
11582
10297
12592
6008
3309
6039
9382
10100
9038
6984
8254
4285
6487
2850
11916
1781
247
2866
2559
1158
6128
10087
6770
324
4719
7080
11892
2231
7730
2591
6004
12421
6949
10616
4274
9980
7141
3869
6560
8791
7941
10877
6493
6688
10580
12530
5409
4160
3234
4614
12734
12958
4408
5343
12749
13424
3412
11190
3021
4691
5072
1771
919
1715
1287
2384
12663
7074
3047
7894
11338
6628
4914
4390
5840
12383
843
12631
9371
2956
5137
12103
2180
11488
11178
11410
6786
13355
4656
4080
9315
13446
474
12541
13220
7787
7189
7250
7111
11454
3263
11078
10559
10605
5982
1135
5008
7390
7820
6982
2261
11729
10420
10324
11444
6923
624
4880
7148
5732
9383
10072
5968
6301
336
6154
195
2821
10291
7605
5879
953
4927
2969
6857
5255
5740
272
10792
1168
3249
2670
3580
11856
7858
7142
9569
3700
5643
13138
4112
13466
9882
11249
9556
11175
10300
5330
12560
4858
9830
5309
9582
12540
1624
2471
12348
3932
13468
9073
421
3907
12358
11206
3138
7031
3145
8410
6024
9656
9062
7262
1263
6759
10540
10084
9394
8081
4352
9549
12156
13056
4629
11810
3501
8959
8115
4013
13423
10118
6689
10539
5405
10923
3343
11377
430
13386
4358
12244
1907
8826
10320
107
8534
13560
10005
11265
1595
7682
9258
4565
2020
8953
5446
13171
5164
9948
8108
4990
12937
9257
7663
6263
12477
8064
3456
5171
11754
8028
12478
6047
8876
7258
359
11046
8951
4014
4546
12104
9522
7159
8698
8720
2422
8119
1930
10817
4173
6854
12712
12650
4883
13029
6657
9887
279
4706
573
11395
6501
1065
5721
12612
1446
10000
6206
5969
4647
1355
2169
9422
12972
5946
6612
5781
2833
10362
3875
5153
1666
1999
594
10857
8396
1170
697
6100
4517
1027
10878
13441
7346
13094
10077
6771
11029
1253
11231
2746
13716
13462
278
6213
6638
9511
5570
6942
6841
9567
10826
3904
8971
10983
13364
13348
12776
727
3893
4672
304
7536
8976
710
409
8125
6624
6943
6295
4313
873
8815
10169
10488
6936
979
9088
12064
8002
12724
11298
13347
12148
6747
2441
4795
1853
11273
3394
9911
11946
3413
9017
11626
1423
3806
9330
13403
11588
6584
6402
11414
93
9219
9050
12089
95
12653
10156
9814
7826
4922
13656
9884
4545
3550
7690
4567
8871
6504
8853
11821
2007
6169
12256
12808
13700
808
10312
9825
1364
9484
8617
6839
1580
13239
10855
2663
6729
11148
6962
3524
7665
13085
5423
7824
10754
4578
4568
375
9821
650
13572
3293
12188
3032
4280
13456
481
13191
11001
9900
9143
7882
7623
12614
11412
11307
2671
925
10041
8983
7150
10348
7602
11667
11832
4894
7978
8211
414
567
10003
2964
5856
6138
6915
3636
3454
13175
654
3738
6968
3223
10477
5852
435
10268
10164
911
2690
7448
6722
12838
4339
7287
8779
9128
6160
5734
6794
220
10307
1968
13529
4619
9869
1619
1047
4590
3115
10961
11387
5054
7881
5074
5079
4595
2538
1202
7248
6618
6153
13030
4071
6893
7242
9229
12346
7105
2423
1468
8072
3355
11128
584
5723
12711
122
13247
10138
10949
6744
3933
6699
3883
1077
10097
13069
7084
3226
13853
8841
13566
167
1325
7925
9161
3981
3987
9306
14
4674
3104
72
7658
11331
10766
3559
3206
1578
13124
10002
10129
3504
8229
12514
11753
10999
6217
6562
2282
8579
11745
4417
6570
4454
11590
12020
1632
11270
6683
11599
5090
11301
13484
6626
10298
5885
4899
813
6678
1961
9928
1769
11843
4677
11457
8747
12212
12590
10740
2515
3535
781
10225
12790
13146
2583
11449
2393
1767
7592
8528
4393
13277
7068
13115
6970
4756
8238
6920
13402
1507
7791
8351
8947
6546
13791
6519
8290
9476
5587
2547
5276
12670
2532
2147
12754
1690
11619
9944
11136
9687
3921
11455
12272
899
8297
2192
9718
13813
2498
9125
8874
6808
3563
8430
10764
13049
13635
1893
3928
10491
4747
9121
8903
3001
13039
5355
13856
4422
8765
5745
6288
13457
6187
4636
5340
4845
3428
4769
13022
6535
13681
9612
4703
13538
12097
6220
8318
5590
4188
12213
5986
12674
4676
2868
936
9539
5184
11554
2620
1280
12145
8674
11253
5307
9593
7740
10160
7782
2181
1799
5172
12052
4345
6179
4704
4229
13214
4074
12538
6159
13169
7282
12678
2154
3372
1611
5669
13755
12309
11548
11230
9448
8130
9661
8793
2077
12526
13727
12755
11220
11571
13591
6937
2472
2809
5394
7970
10436
12589
9495
404
13686
6372
6144
8467
7297
7132
9159
9480
1455
427
12347
11507
10720
5272
10377
11623
13059
889
7856
8042
11227
11168
8861
12607
12698
13063
5085
10533
9000
3803
3438
12569
7828
6461
1429
1638
1038
9260
10756
8725
3936
13018
7431
1896
6791
10350
5143
10574
283
61
8109
12775
8481
636
2906
6737
9970
10339
12066
11704
2158
1826
8704
1908
2545
8183
2939
2484
3201
4405
13450
6214
9803
4049
4265
2448
6174
13521
12934
6940
10015
8945
7781
13800
521
0
8239
6897
1422
8246
9923
12718
12160
10738
13744
13502
1661
586
10079
2257
1904
11556
5793
10456
6058
12906
11152
9942
9011
13072
13774
3645
4027
1310
9644
1676
6163
12480
9865
6758
9445
7140
7878
5146
5959
5861
1488
9440
8954
12570
8021
12733
1965
4355
342
3330
9396
5717
12846
993
4000
4977
8952
9164
7689
12703
12816
10906
7470
1294
11188
7303
2709
2913
13571
8862
13123
9790
10863
3369
8341
11225
1818
555
7647
5201
11655
5561
4136
5494
151
723
9701
7844
12225
9955
2883
5651
11603
8010
4554
5354
5211
10645
5311
3823
2662
6349
3397
5457
8486
11535
7117
3671
13594
3233
9741
9015
691
140
11316
6845
13505
1980
4224
11258
6072
6495
9139
13690
3469
7962
11533
8979
2123
8928
4435
1387
80
154
8045
5615
6443
10126
12386
3055
12424
9115
10988
5367
11993
2051
694
1327
5097
9537
2076
3212
6569
8354
7340
7840
8834
1308
12761
5007
8743
416
4137
3964
10743
613
2902
12080
4751
7143
13537
6793
6643
7846
345
473
12463
1318
9374
60
11119
12071
5898
11524
8722
10872
6666
2311
1447
3761
1680
8295
10514
563
10271
6687
6807
9304
10095
12262
13687
11088
13377
4114
4772
1888
3090
10335
1977
218
5933
4234
4816
1078
7434
11878
3199
5771
3534
6063
3972
6005
976
5112
10332
3712
13445
3103
9686
11443
7738
9140
4524
12803
2947
8774
11066
10997
11650
5870
5389
4555
5114
10861
811
2001
6215
5865
7427
2810
13705
4333
10867
11592
1724
182
6748
7789
10581
223
13202
7182
1876
3539
13383
3922
8570
11493
9274
13544
493
3059
690
1410
4992
6017
9481
4720
8845
8846
2309
11627
8695
7770
13052
8993
10482
3879
2725
4501
7245
4
1842
13475
8962
5038
5763
1729
1538
3750
4004
1894
11099
13459
229
13458
5158
9045
3686
8633
4385
8943
10124
10993
3795
11566
4241
5416
9332
13200
7085
6910
6171
7314
2238
538
1861
9957
1758
5603
7987
3848
2451
4206
607
9840
5497
2739
5644
10398
11431
9095
8705
680
3209
623
12564
2974
11640
776
3031
1859
7567
12125
10916
12154
1845
1330
11632
9251
9156
11610
417
6218
5089
13360
6836
4366
9456
7060
6869
5977
5308
7958
10570
7120
5595
5628
5530
9248
1544
2807
9631
4237
9649
12710
12439
4671
5845
10887
1344
2255
1037
6016
6694
4827
133
2408
1304
7990
9843
5193
10592
11248
2999
5194
3711
12830
1204
3333
4889
2355
6623
3075
8619
10641
9965
11424
13513
158
13512
5101
9429
502
2237
3137
2823
8518
1477
10026
12483
10864
5950
2754
4042
9584
11863
959
3093
1669
4945
10758
7611
4020
13382
21
1216
8595
8405
8441
7931
396
5988
438
2573
5021
11303
13130
13658
1850
2635
2396
1439
9743
2365
5103
5568
2791
12102
97
10532
11022
4542
10162
2103
5928
11501
12898
6450
4127
1913
3618
8533
3283
13729
5827
3424
12176
3698
12388
9833
12626
3110
11416
2770
456
2087
13767
688
6714
10133
5637
8371
4349
4601
471
3416
10229
12892
7666
5768
12519
12409
4116
12878
2773
401
1667
4330
6803
2477
656
6509
3391
3846
9991
5711
575
4195
11283
1909
5226
7478
5548
1545
3
7581
3647
467
11873
3522
6921
13858
7995
12842
9580
11246
1711
4765
10351
10199
8622
6038
2802
8118
5731
9249
10967
8565
9597
12983
13045
9506
13648
9802
10354
11405
5581
11421
3867
7691
1764
12910
13024
1147
7239
484
9108
10359
7841
11274
9438
207
11716
6465
83
4157
393
3900
3026
11918
11295
5573
8437
7545
9482
3461
11183
1438
5025
7869
5501
2710
4217
13552
10957
4193
11329
12566
1007
13486
90
10217
5514
5932
11986
6033
11586
8260
2825
13444
12300
7221
2636
13768
8958
12576
8875
9452
9873
7238
2530
12600
5611
9292
1146
6021
2656
7799
13558
12455
3460
2436
5254
6212
12493
13351
2357
12098
4710
4779
13287
7203
1129
4930
7299
4723
906
1672
1858
12740
7360
1668
3400
3084
9364
12376
7254
3444
11451
7561
8694
9888
11020
9808
3688
8278
12848
9500
6246
8181
12029
3533
6035
1754
5797
315
11031
11833
1658
13269
3759
8200
10096
11881
5867
3692
12267
10019
3701
13818
6121
8517
5175
7027
7779
10517
659
2438
3746
12772
4190
4154
2116
751
2480
2787
5715
1258
777
13264
9772
10624
10715
6734
1203
7936
7924
5362
4371
5348
5892
8857
4566
7233
2159
8240
10028
20
2608
5915
4476
5958
10560
700
11683
4532
9838
1164
8879
13781
3299
2193
4452
8666
8392
8191
2245
2760
12895
11997
9635
2172
1794
13002
3856
8192
3617
10464
1569
2539
7515
7352
3390
7378
10736
13490
5295
3143
10385
12673
2342
5346
10290
5820
11068
9704
2267
5671
11077
10672
3350
12853
9052
227
3141
11221
1264
1503
11368
2277
5470
7734
4468
3601
7195
1900
2427
8886
7703
1935
1379
5808
4248
2304
8637
6165
10308
1275
5048
7624
541
104
6931
12466
949
7168
11280
10054
1949
5093
1530
2667
5503
13398
2452
12094
11944
10040
3532
7956
11358
5380
3366
13517
1276
775
4031
5828
7292
11867
12750
9836
8925
10331
13838
13037
9215
12432
961
9749
10302
3642
13189
5693
5585
9238
833
13385
10499
10144
8933
8037
6690
2966
3302
4673
13363
617
4354
13399
12715
2198
12883
496
10253
13627
12249
11436
12967
8288
2394
3159
172
3840
6137
4538
13222
466
5500
7050
12563
13650
5824
454
13760
8783
12496
11617
8076
5372
13327
9420
5328
4351
10136
13042
5525
2494
11480
4162
3998
3269
10457
11783
10594
1063
2395
1430
7198
12069
9546
13265
2335
10928
7516
3207
13349
963
5539
12877
6929
13725
13794
2722
7913
3239
8549
1288
6742
12251
12634
99
2586
13498
1511
10550
12783
2473
12585
3387
11893
12907
2228
11186
5274
10112
10314
2132
4738
4916
3538
608
208
5431
2772
6933
4693
115
6773
8652
13642
13163
10587
13289
7089
12121
4055
6830
13417
6133
1082
11241
8883
9323
3781
6114
4130
8133
13361
4923
8767
3902
7749
11073
13497
2145
6796
11598
5951
13644
2210
12216
11672
13844
5540
10789
12638
8689
5406
2232
6647
3091
9615
75
809
6335
4347
11090
7334
7951
2463
5533
1722
11286
11525
12387
2217
6891
6969
9390
4948
10131
266
3155
8525
13615
9091
7810
12725
1616
1152
760
9924
11818
5942
3434
3670
1483
10779
1532
3048
1375
1458
2251
5984
5329
8710
3009
13829
1461
4866
3925
11958
1988
9338
2034
13244
13846
13501
1788
11732
10843
657
4649
12407
1105
846
9222
10449
9899
11544
11945
11812
8602
310
2790
10023
7443
10166
8716
12203
10647
477
10208
13564
11127
2325
13756
13208
13526
2651
6331
1030
5610
2196
2359
4444
10330
3898
9616
10749
6314
5912
7900
7285
5634
9180
3023
12914
8463
221
6610
9147
13639
2416
736
6428
12672
8194
12881
9981
11486
8618
2299
8580
3251
476
7290
1947
10820
9024
4976
10534
6475
7184
12405
13286
268
1414
5257
8065
9162
88
1166
4296
10275
12591
6308
1333
4812
6149
4750
7532
7326
10195
2273
637
8135
3519
8466
13263
98
9890
2678
8322
8326
792
10167
8141
12109
8551
8275
7256
10692
10950
2786
13396
5629
10734
3281
9049
8616
13177
2606
5976
1744
8727
11886
2215
5936
5989
3406
3835
4742
1738
13798
9744
2049
11043
684
4952
8319
10892
9191
8085
3995
6500
4684
13162
8452
11662
12854
13060
10626
1950
12473
12296
5662
5126
12481
3595
426
6019
10746
10515
6375
11460
9319
8969
11165
8848
13821
8140
1665
13739
10248
253
9277
9028
8930
10785
5565
10905
10595
12605
1332
10579
5656
5513
6397
10278
4758
11344
5546
2893
3882
3769
13693
7186
12511
10763
10680
11624
4135
5985
3836
3709
10591
8939
9724
6757
12661
5961
10315
9226
6105
5972
8677
7489
4669
6948
9524
12690
1265
2705
907
6044
2607
1662
2597
11226
11353
7890
9805
320
12945
10014
1247
11786
6416
7776
2293
7502
10576
4692
7212
2926
7636
6481
1634
2659
9201
108
1839
8273
9573
3325
13414
7118
7576
6363
9570
9010
2788
3561
10316
9988
6219
4731
2289
8408
6750
11018
10815
6087
408
9645
5990
11839
10554
3385
12047
611
5697
4627
8745
10137
1607
6579
7673
1725
10127
1963
7748
13485
8148
10265
3022
5474
1267
11982
3097
12270
9013
11515
6630
13302
8665
7348
9986
9459
3189
8771
6851
12507
4491
1847
2407
5551
4942
11719
2090
4389
11008
13575
1613
7643
2778
11692
12874
4500
785
6432
4293
10360
8792
6066
7551
5670
6022
1408
5229
922
2832
444
12092
3894
1603
4510
8397
1560
2551
6983
10970
4484
1759
11576
2066
9054
4487
4749
12323
9822
11012
11923
12500
4895
9467
9683
7054
5390
7381
11859
5789
7269
12832
1183
6226
6292
10336
3777
7012
5282
6665
9588
6706
13290
4869
11147
8501
7802
857
11245
152
5545
4151
4030
3526
1383
8347
606
10998
11785
3039
3732
5043
1006
4091
10470
2755
5029
9819
524
2088
8659
2208
12318
13226
12468
6549
2955
86
1393
733
271
4773
10010
9425
7164
2413
10448
3133
8309
7685
3730
13381
10270
11914
5288
12528
4236
6197
3655
5605
737
10685
2849
9723
7969
8723
13854
3132
7172
11243
13674
8732
6395
10971
10567
9357
8104
958
5264
8227
1892
492
1766
7492
10684
6875
10282
3477
942
4964
2975
7398
5937
5787
6660
6258
6951
5190
4682
3388
175
6451
13842
5714
10391
9938
13477
5482
11187
6382
9982
4917
13481
8880
3772
11593
6320
13452
3996
11874
9910
6385
8477
3839
5579
9436
11682
11214
12417
10750
4419
3594
3564
7036
4549
6642
48
12334
4839
2368
4499
1802
10342
9620
9329
5770
10938
12335
4415
12759
10115
13003
12871
7618
2540
1939
4689
7208
9529
3643
3004
8248
8417
4139
3726
7484
34
2216
10934
2676
9921
10954
148
11110
13334
8195
5967
7786
9605
8753
6529
4784
11639
619
9278
10924
3227
1010
11502
6
7108
1868
11390
10860
7393
12245
10729
8057
3290
1213
4453
4683
7705
6606
8106
2718
8673
1525
5580
13426
1471
371
6403
1285
2113
6585
3528
5019
854
1021
12081
5012
5094
11967
10778
5140
9141
11234
7854
1313
5667
7485
4076
13255
4018
4855
1835
1747
2264
11925
10242
6173
13097
11195
12008
7729
5658
8442
6828
453
668
9643
9423
8289
7889
11722
2665
12031
765
4085
4911
2858
142
5838
11606
9064
4967
7945
5401
8062
2000
3425
1953
8395
9961
2933
1244
13555
12199
4053
5037
11089
4928
7302
12787
7535
10277
3816
3993
13506
10206
11194
10781
2175
12835
12561
5518
1110
1917
4969
13808
1848
2550
9318
6908
11919
192
9349
721
11954
2654
7809
8986
1751
1803
6838
4875
5822
4201
7871
5563
12686
10103
5909
2485
2280
1540
11323
9468
495
1133
7696
3911
8662
4266
6648
9135
6247
6856
7126
11534
7804
9059
7452
9058
12941
1014
11100
10617
872
10697
1674
6040
5522
8484
8864
9291
4796
13342
12053
5924
4239
7327
12124
3957
687
3125
10572
8912
7669
11448
1089
12131
11479
6440
7099
9914
504
7349
2303
12111
992
4445
10769
5633
11831
6958
9817
3432
165
2125
9874
7419
92
935
12470
8383
11345
12960
10753
3060
9302
10145
13237
9295
4007
5381
8298
130
12768
6986
9176
7877
9985
7093
2367
2970
7010
4470
4212
3010
6316
8097
10246
12621
3589
292
1879
12074
3448
9401
5541
7850
11813
8000
7034
9273
2992
6056
12441
7873
4340
1960
6762
4211
1328
10782
3016
11294
562
2629
11657
6156
13187
12688
11481
10327
1706
13667
7642
5388
7988
1523
10431
11257
424
11635
3934
6207
5294
12616
5102
234
12258
9081
10410
11155
8340
2720
11131
12994
11807
3906
5098
6430
3192
2388
10542
10598
2030
1529
2817
6082
12884
6731
9956
2052
3745
9642
3085
6520
6651
2681
10678
9311
124
11930
1673
2761
11701
1307
11330
12217
9385
13805
8152
2648
275
5331
4008
10819
9918
3222
11139
11913
13067
12345
6941
7885
7855
4298
13282
8915
8648
8924
13389
3418
12847
11467
12633
9618
1504
8820
7687
9676
13180
6974
13262
1154
3656
13796
3765
2318
3992
12042
6815
2952
2128
12657
3735
3838
18
7955
1554
11211
5577
1753
10853
3214
6608
10583
5224
4929
8050
2938
3669
5564
9023
12543
2622
11964
11044
989
11399
3866
11773
6831
3908
11708
12705
7009
6368
11435
8842
7318
682
9915
2684
328
385
11242
9665
2687
9530
11503
2399
1882
7389
8307
4341
2576
7170
10473
3436
11275
5234
13204
437
10956
5427
10432
12430
12401
10428
2496
5607
196
11474
12384
8807
609
3326
10733
3393
3470
10161
9959
13482
8402
12780
13254
11743
9946
6725
2011
8598
1282
12275
10795
62
1645
3916
5408
9424
6259
13583
4711
5947
6605
12505
1441
11465
2865
13657
2931
9692
5369
9909
12919
4488
2924
3667
4572
13670
13596
12693
10251
1551
2717
8170
10761
6703
3378
2946
13021
845
13367
2516
6997
7745
9206
450
439
1389
7725
6010
7683
8608
4717
3611
10159
6422
13144
1190
12952
8575
3531
569
13141
10777
3142
5764
12227
13080
8749
9823
1002
1867
11758
7046
10643
13313
12438
796
3182
8576
1743
8157
12250
4763
11687
10227
10119
7294
4951
2098
10235
12105
8349
6462
10960
9233
1337
11396
4506
9177
8527
3160
5806
2234
2199
8996
11009
1651
10417
11736
10058
10548
13413
7051
11052
3641
11081
9905
7834
3653
7637
12987
2190
9810
5775
12793
10862
5336
7798
10667
9864
3572
5957
11711
4109
11239
2378
763
11894
6090
1640
12108
11865
10409
211
1533
7670
8364
7479
5118
6979
12785
10310
12973
13717
5440
4934
4908
11710
859
6547
4871
7094
1132
12451
10676
6595
12681
5491
8554
9284
799
9138
9745
2375
771
8105
10175
470
11229
7263
8713
1117
1823
4284
2035
9362
1517
3008
8143
1092
2734
4581
7133
3020
13788
12800
13235
9681
6108
9297
1786
2009
6269
12263
5612
5368
8550
2222
1784
5242
7923
4505
8974
12988
12206
13503
10607
2403
480
12752
2271
3678
1365
6499
4603
4525
13279
1306
1643
12742
1873
3749
400
2064
6036
10032
1060
8255
8935
1918
1487
6000
3728
6126
9533
8386
8997
3954
1018
4741
3585
3131
9341
6883
5133
8209
4307
2509
4357
12195
8083
12060
7438
848
2162
6091
12502
3377
1
6779
1284
8492
7864
7603
1905
13300
13607
10192
5386
381
4069
7818
6106
7994
667
12947
4359
2845
10962
10871
9061
8760
10163
6077
2118
2922
12991
10173
9149
5285
10614
10511
5134
6930
12312
4478
7684
3030
9316
10677
11553
4825
2207
11222
2316
4021
1970
2885
10951
1073
8256
7883
10218
3897
932
8858
54
3854
8536
224
3289
6775
3536
7204
3148
12459
4119
5251
12520
9698
305
4474
12012
11974
4029
8904
7930
10283
6963
1013
8098
749
3845
4789
9609
1416
13641
12494
5239
13373
6177
347
13626
4167
7367
783
11760
12623
7565
10200
6991
8631
11673
7104
13256
9174
12169
7246
8279
6616
9365
10024
4792
10245
6380
12691
11302
3503
11764
2692
1692
7368
8013
4456
11669
7107
2837
2197
5396
2932
10865
7639
10279
6282
7803
6764
8553
2292
6048
3358
3541
1653
10216
200
5894
1356
3254
10806
2109
2235
13573
11995
7369
3488
1054
9857
670
9441
2084
6932
2888
3558
8407
7440
198
2731
12001
8560
10850
5055
1709
12736
7376
5782
5666
940
11419
13033
6625
1136
7587
11575
927
10260
1121
9485
4879
5144
303
6284
4809
6715
8303
10706
8917
13188
5934
4962
12282
11826
9558
12555
4953
2301
13103
8504
7401
11413
13694
6431
4926
256
12798
4909
7909
13283
3935
251
6632
13799
2534
12552
11713
8457
12068
6567
274
4805
2977
3038
8556
4387
962
4831
9750
3640
6456
10463
8520
5266
10518
5312
7007
10673
9490
3357
838
13092
7456
13170
8628
3485
11333
3288
12568
3170
314
5566
11354
9639
162
9795
10081
2563
13109
13152
11382
1134
13461
3682
2682
13054
27
11360
1520
10713
1601
8173
8778
7701
5270
2091
1261
1148
12354
8346
2070
6719
4588
3439
1177
3119
5880
1795
11513
445
3820
13058
5597
5345
9831
8391
11836
11870
10029
3566
4323
11401
7937
6799
8900
2558
5744
11058
7720
4396
12824
12246
5737
2012
11209
7193
762
782
4925
3800
9983
5899
2959
7911
11054
8035
13507
12298
363
7319
3359
4736
1059
9800
3639
29
12361
1218
10406
11050
2782
3242
1844
2242
12701
1281
1821
8438
4663
3549
10453
3660
1336
13840
3193
7295
7192
9895
6670
9585
3675
2176
10181
8175
522
2080
2404
11151
7654
12777
9515
8762
9301
600
1252
13827
2069
209
6116
8027
13098
5183
8941
5403
6592
4149
11740
1527
9579
7547
12821
5660
8658
7501
7416
7560
5995
5316
8327
3274
3567
8323
7308
7405
10978
4183
4503
8620
1836
9283
3111
2631
4011
6898
7562
8427
11348
10841
10178
11795
138
2489
9534
1359
501
11563
2848
4890
2762
8455
12814
13253
13153
9408
4443
5256
8583
6084
8544
7278
1085
7121
11400
4295
13330
5691
802
13394
4062
3633
1278
8124
1480
12577
2585
170
6946
2895
13074
9265
5735
1522
7888
10895
1067
5155
9818
1696
4803
10827
10809
12011
9417
4702
12594
1101
12915
12747
13211
2856
13397
8642
8472
13578
7453
13174
13645
12247
7631
11726
5528
12812
11514
9299
5673
13652
1317
1042
6927
5243
451
13159
8852
418
11670
7728
3389
12551
12525
10630
1176
4329
12788
4973
2805
8975
1614
1324
2984
2184
13734
1046
5592
3969
7115
9293
10269
9472
13590
12565
13718
2882
6906
7153
3449
12950
7800
6364
2842
1798
5292
9373
10742
13816
7002
3291
1486
4382
8523
3123
1425
10670
4287
7615
13284
9990
6783
987
7528
10856
1496
11761
8276
8654
634
7640
11792
6735
11537
11304
8120
13165
10296
8012
12130
9068
2151
8701
2971
10405
1495
2397
10701
10109
11210
2329
3520
10074
1519
9581
2321
5318
1791
517
803
11251
5325
8711
8756
10721
7329
4437
8547
9839
3255
13358
6398
32
9109
8531
2297
2332
7717
1169
10215
10635
11849
13062
6727
7533
5512
4148
2661
4995
3870
10194
6281
13548
12458
6732
748
6754
9308
4247
3282
4338
11237
10521
11292
12550
4057
9406
7821
9610
7566
5356
11130
441
12371
6299
3523
11407
9
829
2680
7525
5901
4243
13662
8911
1374
74
9300
10174
10717
10147
5419
12640
1937
11459
13442
8963
4721
8060
870
2689
1880
13825
6140
630
6550
5073
5586
8970
10048
4957
8107
2241
11898
9367
9702
672
13079
2544
10050
5214
1641
10305
2834
10210
6502
4881
10832
10412
9256
7371
5908
9403
12337
7382
7213
4429
1011
10224
9376
4940
11084
3294
6286
6477
8738
1020
13622
4297
10688
3548
5393
10623
9949
12804
10500
12823
10639
4556
3455
13518
2838
6635
2022
12727
11296
10365
11477
4753
6621
12745
3659
4320
6389
8300
5659
681
7444
11789
570
1043
10836
5123
8233
387
2784
4102
865
10913
7016
6241
10294
10347
7980
3405
1161
3045
10657
3868
374
1700
8546
3914
4204
3202
10394
12086
1630
11909
8153
6881
472
11422
12252
214
1448
12219
1254
13104
1777
6840
8584
5543
8896
398
13325
8867
8198
10702
6652
8363
12342
12129
10080
13093
9122
12784
2967
12546
11132
8412
13011
9811
2163
12165
7417
2797
3280
11103
11185
8661
10416
6806
6802
10620
5843
1384
7943
8719
9313
11200
7337
11903
1366
1444
2507
7171
7024
4862
12817
12630
5617
4733
9613
6829
10055
11589
11097
4133
3166
4728
6374
12544
5713
12134
1779
971
5726
12419
8480
11638
5753
6442
12692
6774
6011
9916
11023
6553
1541
3753
6976
2666
10052
4368
7613
13221
4986
10608
1598
8516
1609
13595
5536
11570
10120
8302
3766
8268
5887
3975
12100
9056
10844
4852
6111
669
13425
6837
2366
10044
10519
7131
2846
4458
831
830
6542
1575
6947
3225
5173
13723
4291
13228
3896
9993
13309
13773
6887
2160
1019
1131
4110
2615
153
5627
9908
11080
12606
10802
1713
5817
1106
6032
5652
5630
9774
12437
12126
1829
5385
1228
7793
9079
1460
9809
7380
5375
3360
9690
13545
5488
9951
9927
3878
11224
11942
8069
5558
10435
3094
2310
13095
2105
3250
1787
13703
10666
3447
1649
6198
206
3592
204
7377
1705
11882
7520
322
1951
6574
12077
1367
7582
3338
254
6170
8494
3118
2841
12233
1825
12467
8241
2512
8799
5718
10584
7260
2562
863
2554
58
231
8508
4079
7508
5324
7984
12198
8978
1068
7766
1401
9344
4907
2698
8681
5534
9801
10596
9136
332
145
2027
1929
3619
4421
9184
4028
5323
9190
10882
6664
12542
13676
187
13166
2350
10369
10107
4616
4132
5941
12946
6193
11310
10171
10075
9239
5248
540
10955
52
5919
3260
3747
12273
5319
3054
9146
12162
7586
6162
2177
8603
6377
6989
13492
9717
4936
12997
432
13491
11973
11613
11880
6736
1537
4194
11441
1256
5904
2139
10937
1315
13617
8989
4309
13148
12976
13453
9578
10165
1222
11091
5188
10254
9282
2954
5147
11511
8513
8387
2345
1804
1453
4829
1678
5010
9586
5199
3799
1322
12070
13050
12863
7449
6131
2006
4529
9314
9781
3924
1025
2584
693
13757
7857
11969
7964
12062
7077
4514
3174
1349
1693
2715
589
2110
7486
2200
5555
10328
4786
1994
12706
10451
5472
8708
2464
1863
4431
3991
12839
1920
11199
13323
8375
1514
1227
11509
780
716
6186
2937
2596
9134
8854
9852
13125
12635
6975
815
3699
2374
1329
8077
2391
6196
9954
7932
12716
12065
12735
9748
5906
957
13562
3370
3100
12495
9844
8816
6959
3185
7387
3763
13699
3457
9170
10975
10241
10618
11980
1128
2686
9516
13196
8773
4919
4960
5738
3677
329
10478
12965
11277
1339
11957
12259
11159
602
5187
9262
1114
8039
9732
1255
7928
3733
1874
185
8265
1120
6598
7357
7859
4099
5696
5516
12831
2767
9551
12307
3891
12041
2381
1564
9590
5170
354
1102
1235
991
2775
11975
13763
11123
13814
9053
11653
5810
3298
1191
5506
675
13449
2594
13408
13793
455
5009
3829
11720
8315
9245
228
9545
7737
4012
8914
8355
6276
10418
1526
4817
9672
2582
5698
8432
12726
3124
10798
13192
10148
10059
6514
1371
4213
4804
10919
5411
2179
8470
7997
11901
395
1543
10301
6346
9255
5834
2794
7280
7780
13430
8421
13857
4350
13692
3081
177
11240
7543
11902
9777
1198
4093
678
10929
12651
2263
6379
8213
10419
10094
13350
10371
12193
5544
11376
633
4005
3841
6348
3951
4521
7744
12032
11991
1053
7559
7555
10154
10633
8046
2281
4531
10276
10813
9756
6085
10183
1702
9634
3920
10565
3270
9604
5128
3157
9030
6776
1816
3367
11932
12063
10693
6814
10494
166
7524
420
10141
1870
8788
1051
6190
3872
7953
2025
5496
6045
6200
9463
8476
12974
898
11334
10266
8813
3384
7425
9663
4905
11938
4888
13055
2673
7600
1865
10555
856
13618
10458
3510
12667
9792
9266
4290
10675
10612
6832
10222
12811
4729
10465
3099
2166
9804
5663
4596
3511
10155
1234
6934
11883
13215
1671
9628
1159
12739
13525
4943
9348
9892
9827
308
4958
3819
1186
7061
1719
13541
1049
11063
12469
2033
4694
11049
12040
10110
436
9519
46
6601
1406
6545
11489
4152
399
12110
11817
2531
13701
194
8207
4346
10942
13811
5877
10070
4746
5333
242
8258
13775
1972
6821
6556
1320
3224
4143
12182
9707
9633
8058
10099
912
2961
5145
2
4434
4294
9538
3760
11827
10590
11346
2553
1749
3173
11762
4667
10812
4052
11332
2572
4602
5351
1689
4171
9006
12553
13135
8112
1831
5625
6337
6026
7112
10018
3083
5783
5178
4648
12018
3117
8217
13680
3036
7402
12820
984
9850
7432
4508
1704
6646
5067
8512
12033
6486
4427
3818
5151
11003
8960
2439
2634
566
6894
12149
2592
9386
10671
11146
9188
3318
805
8245
13637
10337
13344
5571
9074
6784
10619
7372
114
10061
12320
12829
2474
3490
7617
6094
3000
8292
13801
7554
5121
7015
11487
6534
7589
2726
5739
10866
7347
11341
4657
6787
4512
222
8320
4321
9102
1834
967
11263
2188
1886
711
11126
1382
850
7588
9776
5444
11628
7971
11936
5987
11741
1940
6980
8592
6088
2476
119
8219
2669
403
13708
1605
5344
11232
7825
11724
8286
10615
4145
3086
9592
2121
7506
3942
12699
11425
8897
1733
13110
9435
205
1036
9012
33
11317
7759
11361
6376
8439
4207
12837
9969
4276
1675
7965
9883
6378
10455
11163
5450
7056
6659
5550
5167
281
2330
1395
1127
6020
