48
261
98
291
100
260
180
149
360
244
274
99
302
44
352
170
245
338
38
285
14
173
85
184
43
221
127
334
71
82
28
138
283
176
178
273
350
238
339
118
229
240
259
152
200
150
107
16
396
136
241
95
292
142
343
2
297
266
47
191
21
199
46
328
151
284
243
257
239
295
72
102
52
337
278
399
41
327
101
68
344
353
280
330
228
62
167
75
106
55
378
262
90
111
23
395
331
288
386
235
264
304
6
74
313
78
380
390
286
177
154
296
361
83
376
18
357
17
242
318
391
94
32
69
193
190
140
233
182
287
359
96
207
119
307
300
114
315
122
70
247
397
0
234
332
143
208
25
174
73
214
84
372
263
209
358
105
351
400
305
282
109
216
195
270
1
202
181
171
92
224
186
108
218
27
205
9
217
126
30
336
348
232
383
76
169
97
160
39
277
335
368
326
51
269
355
222
225
139
131
145
56
172
323
377
314
211
387
258
26
59
13
248
347
388
112
11
290
365
64
346
310
53
164
215
12
392
306
33
135
256
252
117
89
130
15
113
317
324
381
42
3
342
61
132
87
161
212
279
201
22
67
308
197
402
125
227
159
340
36
147
254
219
77
369
187
29
157
175
129
31
389
373
50
183
104
58
294
10
57
231
309
272
196
385
246
81
298
110
253
35
120
354
398
45
320
124
370
226
275
384
220
379
213
93
230
192
156
121
393
63
165
210
363
198
65
148
276
316
40
19
8
