2730
472
4855
5781
2200
2826
3602
3480
6520
4082
4568
613
2420
3497
5919
5512
3338
3070
4021
5684
1313
2396
4114
3865
3705
1222
6088
3877
4546
3788
6436
5066
1932
3617
1814
4705
5466
3299
5560
5471
454
542
1117
6526
2431
4543
901
4935
3650
4881
4185
6307
4735
3108
5583
2565
1921
2636
4141
44
235
5020
1148
2338
5622
5586
4420
712
5056
4239
2138
3031
136
212
3812
4389
1090
6250
5707
5841
3884
5221
653
6390
5645
4103
4128
2965
4398
1960
3637
784
997
2074
4422
5610
1852
2564
3528
5017
4635
5248
4392
6207
1605
5464
2277
1866
3008
2064
692
5749
4182
2759
915
6092
2769
3536
5065
5334
125
1519
2956
3288
2073
5386
2211
5675
5883
6208
2437
2188
5114
4149
646
5327
4247
191
3423
2879
2133
487
6114
3691
6258
3516
679
2869
5535
540
2524
3703
4815
31
1448
1498
6094
1327
2176
4200
3542
1938
6203
4365
195
4358
2991
2973
1982
5792
3321
1593
2655
1144
6498
4077
1934
5671
480
5710
4576
54
4586
2726
5728
982
6007
2066
3309
4896
3982
513
6002
4532
6020
1717
3974
456
1698
6086
1949
3775
2816
1559
1591
196
41
4916
5549
1936
2311
1518
6557
6378
2112
1687
2854
4612
4607
1291
5184
4198
1317
3146
568
2116
357
833
2804
1127
1237
5786
2959
347
100
4820
1441
1141
3334
353
5513
4823
3629
432
4988
2585
6349
5270
747
288
6563
1620
2850
5940
2895
3114
5753
5967
6542
5840
3405
2117
4174
3316
1595
1387
1292
5208
4445
4444
3461
4371
3268
6189
1849
5951
3538
4443
1263
3236
2950
5832
6214
4433
730
6215
1761
6222
4351
5308
1169
4410
4762
6376
4914
6256
5656
2493
5356
4176
93
6202
2129
2931
5510
4952
1451
1980
5314
2516
5953
669
2863
4350
2665
4900
441
2058
4317
2276
4601
834
3790
2317
3030
1383
5998
4482
6516
4571
3005
5634
4458
3296
4595
3887
3758
6263
2618
5402
6100
5387
5531
6400
2577
4709
2555
2227
5752
5688
2681
5018
2021
1623
1867
148
3397
1909
5116
6259
129
3121
6217
6284
5449
4878
5638
126
4310
2320
4744
5737
4994
504
1220
6110
5105
5962
5637
5496
6477
5287
4101
1494
2786
515
89
3262
3227
6341
5256
4986
3468
435
4508
3239
3124
4307
1726
2587
641
3676
2334
4737
3550
2658
5262
2545
6552
6440
5384
4033
4456
1480
2079
2019
62
2455
2876
5950
906
5224
4243
4297
4131
1588
6302
6238
1250
781
5922
1713
2331
503
2218
792
5371
6293
4582
1525
3449
5014
3424
3298
3509
4812
4201
1970
3040
2889
3285
924
1779
4761
894
3494
6230
1511
3048
4222
2865
6478
223
3531
1114
47
2813
6301
1704
502
1350
2549
5657
6063
5456
5778
2955
3535
4997
3051
5
6221
5349
6054
1576
2207
1348
19
564
4718
6329
5731
3142
4905
3880
1346
4252
4367
1570
1585
297
4791
2646
6399
5028
5975
1512
2624
5444
4588
3647
5580
5977
1977
3715
4574
6085
6371
4650
554
5678
6391
6237
560
1444
767
245
1198
3597
3631
552
3361
2481
4891
4884
5992
5364
5000
5363
5342
87
4242
3326
2261
6268
144
2984
3234
2821
3216
1944
5263
4318
189
2326
466
3300
4593
5777
898
6476
1136
996
3786
760
2126
4614
2807
1919
4281
5035
6336
2002
2251
1388
2405
4880
3263
3014
1150
5699
1656
5574
5873
2216
442
214
4191
5213
1120
5103
4663
5534
656
3985
6537
2114
5969
1770
3232
1425
4121
1224
180
1968
3119
5398
378
675
5649
1688
1352
3781
4085
3681
1527
3153
2650
3156
3752
2814
2675
5654
851
6357
3482
1540
3314
1843
3902
3224
6016
907
5908
2447
4339
3712
5348
6346
4348
3362
1487
2859
2172
1532
5767
605
1957
2530
2456
3879
709
4955
5773
190
1119
5563
1702
5367
5935
771
185
1382
3713
4621
1788
4135
626
1804
4013
3417
2924
3238
3481
6331
3787
2059
657
6320
5228
6200
3233
2635
3408
4742
4120
529
2182
4578
6333
1380
5568
3107
3141
5765
1619
4704
2285
3403
1500
1721
3243
1168
4585
795
4224
6026
5077
4334
5453
2031
2450
1504
1647
3083
3918
905
5153
3117
4634
799
3609
5351
6025
3833
910
5838
793
3460
101
6261
1360
4934
5478
3908
2004
3369
439
4257
3360
6472
3596
701
3244
742
6366
4936
5979
140
4533
999
4327
6105
3575
1693
3414
2706
3087
3145
92
5723
1381
3448
3466
2758
2976
3399
4990
735
5186
783
5461
1286
4547
6037
4440
3209
3111
775
5447
5628
3580
5759
2795
6060
4509
2312
1251
4739
341
6213
5252
5906
4014
438
770
5870
4295
4729
4359
4078
4474
4786
6314
1762
5507
3755
4481
1707
4320
5577
4179
5346
282
4284
2100
807
827
4115
5988
1794
787
4666
3615
4363
5069
523
4290
2898
5916
556
511
3203
1524
1963
3529
5299
2979
5910
4998
974
4386
5331
6229
4016
4717
5312
3052
6547
1563
5376
3287
530
4227
5189
6332
5948
5383
4343
446
1801
5200
5550
1552
3492
2987
234
6471
3603
6398
3780
1189
2578
4819
23
1435
6397
6030
1530
5745
6554
4193
5878
5328
2316
4706
2945
3231
1917
6484
1156
5742
4888
4864
2787
1195
2091
1799
2866
2215
4618
4406
4470
1416
5620
403
5690
1255
1312
5768
3374
2559
3900
1301
5630
1624
6525
6534
1206
495
699
88
3644
5154
4932
2089
2265
3213
673
1847
1692
4937
345
2952
5330
4411
547
2502
1542
5399
2189
5318
5218
970
644
4168
5538
6562
3514
1513
3056
3011
3783
6232
1092
4383
3621
4373
1806
5068
496
4484
6027
3693
5945
2130
3359
7
99
1214
184
5179
4241
2283
4977
5298
3487
2883
988
914
2504
2732
1905
5839
2544
3574
4857
2520
3310
6519
2063
628
3611
2800
478
199
2217
6004
356
3079
6316
2925
5661
6385
4175
2872
3291
2122
4912
1546
483
5697
382
127
4722
5588
5934
1482
5321
6017
1719
2085
805
1695
3017
3977
296
5358
5515
4226
3264
2763
3125
1904
194
2547
2203
3930
6206
2784
350
6121
5551
5362
3825
4376
576
575
236
2300
499
2642
4304
5608
6350
1682
4472
5023
4372
5743
349
1683
1423
4233
4280
1861
1566
447
2459
5764
6295
2474
4163
3893
5733
1975
2012
1929
2771
5277
5306
1851
5923
3422
660
3923
5529
3776
5479
1298
1534
2018
5543
4159
744
3475
2077
6486
475
5495
2393
473
4734
6338
649
3325
6009
27
1645
4096
3649
5847
2490
2208
2510
1375
3554
6553
5078
832
3889
3610
6053
6388
6393
2656
460
516
1681
3951
2729
1935
2553
2198
1479
3523
817
1215
1162
1793
4291
3504
2150
5063
2580
2724
5965
6103
3039
3024
5397
1418
1249
1948
5283
6283
208
4434
3724
3624
2506
437
5785
536
2017
2954
5961
1248
790
183
6530
2783
6445
6249
3613
5481
6313
3710
5473
12
3057
1083
292
3791
2663
1565
2808
2978
3896
1544
5869
3372
2132
5135
1597
6274
662
3772
4328
4448
1236
2484
97
4255
5124
6381
5347
3001
5136
546
5613
3855
897
1152
1602
2885
2281
6348
5932
4306
3674
2951
5345
4632
2874
1484
1658
4501
4906
2714
3826
6540
4267
1284
5081
6212
2515
2258
617
5658
2768
2592
5556
4756
4369
1078
1153
1810
343
4261
4248
5268
4754
2977
4544
3370
1246
5635
1296
4978
2084
4861
2438
4982
4895
4467
3619
4294
800
4153
3205
6013
3365
5015
3906
1685
2817
5941
1322
3323
6029
5509
966
5385
725
5134
4415
2457
4172
1481
2970
3875
1988
2614
5365
1450
1217
5872
2923
139
3585
6344
5971
2097
2637
1638
797
2930
1305
3583
4879
4721
4662
5152
2168
4816
5931
6062
1288
4510
3921
517
2703
2619
6191
1956
1328
1138
4296
2882
4673
2902
4944
4144
6328
207
567
722
3601
1193
831
5037
1990
772
1931
1131
6473
3832
4726
5570
522
3867
4134
61
791
498
4086
6489
2088
2144
2109
2718
3823
2415
1783
1539
5366
2514
4625
1621
1587
5763
2407
1354
615
5199
3486
1684
1377
6186
4950
6245
4326
6309
6394
6300
3322
5341
2250
5726
1290
5758
5629
3062
5536
1649
2789
3842
1433
1157
4354
5379
20
4728
5484
4287
4619
3694
761
4079
5257
3827
5350
1363
3479
4260
5472
5142
1942
1419
4352
5559
2589
2298
3130
37
2513
4469
4594
3411
830
4409
6290
2877
2082
4658
4401
814
386
4643
5741
393
6045
2123
5582
3894
5639
4240
3415
694
4651
2223
4926
6535
2425
1637
1364
5206
3716
2016
4953
4263
4716
5389
6282
6000
3292
3212
638
4858
4430
5241
6497
2083
2647
4461
6227
5623
1654
6087
2305
4727
4538
4010
3940
5060
3398
36
298
5532
5290
1506
6058
1370
985
2096
5521
3653
5520
5057
5487
6210
3684
3500
3368
3891
6327
6311
6098
3012
5240
60
1210
1385
5627
4822
3648
217
5488
5284
4753
6384
3241
2185
4644
3748
4908
798
2337
1443
5008
2575
6294
2501
2183
2963
2477
4437
2222
3573
2772
2152
1999
3339
6522
773
1440
671
4020
2131
3922
5396
6
3331
1976
4340
1080
2525
3478
2886
1149
4300
3789
2760
3761
5985
5539
4143
6047
1837
2994
3646
2735
474
3844
778
565
1946
3759
2615
815
4648
1953
3046
846
3672
4441
1526
4921
5493
743
1537
3572
3109
5527
6234
1923
3722
1689
3319
6447
2065
667
4113
659
2550
1258
765
1240
3771
3375
3792
4870
3093
5302
2409
3493
5459
4732
5137
1521
2534
4928
6041
4887
2857
6524
5187
3718
2072
5993
3526
3546
2011
5511
680
2279
3409
4790
4703
2943
1233
1716
216
1817
1299
2137
6504
2798
746
5343
3451
4806
4197
2719
6239
5642
445
4299
509
2202
5393
4298
198
6266
1947
3036
166
4008
3920
2864
3404
8
1549
543
5297
1358
5648
2934
2055
5924
2472
4464
6181
2508
3933
4030
5933
5354
3599
4017
1332
4083
3255
5336
3065
6119
5546
4802
899
5217
1607
819
3915
4824
2135
4289
3406
4338
5936
4465
3315
2672
59
6512
5692
6383
640
5533
1608
2764
2893
4098
5954
4309
2563
3914
5144
4893
1491
4665
1616
1262
1943
6276
3919
975
1308
433
2940
3041
3245
2090
1609
91
1705
706
714
2993
4592
1653
2810
6089
3939
5652
6064
5107
505
4036
26
908
28
5012
5958
524
2981
6517
4446
6095
5315
3426
56
4457
5540
1636
3491
3250
165
3673
2828
1374
5884
2157
2479
2929
1445
5309
920
2294
5849
6252
2408
1336
5361
4540
2299
2791
186
2304
4653
5294
3025
993
160
6042
6034
4992
1617
6538
518
3707
489
923
1349
6111
6355
5272
390
3021
2094
4710
4894
1231
6379
5468
3723
5034
3210
55
2210
707
5253
2174
1394
6299
5725
538
3265
5197
1522
5007
4930
231
1355
5443
5061
989
6251
853
2560
3594
3010
4733
4092
4377
2996
4148
2426
4923
6112
3582
604
2633
2527
4748
4007
3161
580
3943
159
3462
2333
980
4451
2473
3277
2953
4273
5946
2394
335
3696
651
6285
4889
2499
3773
5718
2776
3033
1225
4784
1782
1421
3886
1592
3055
5058
2867
3654
3498
4757
222
294
5615
3821
1190
1972
3336
455
733
3850
4597
6544
2106
5939
6052
2961
2651
2478
2785
22
4907
848
5130
3682
927
2032
4390
4018
3751
3371
3013
971
334
796
385
1426
1489
2418
4660
2103
4661
3727
3689
4435
3630
896
6306
5541
4106
224
2823
5966
5713
4787
3150
1079
5537
3945
1577
168
2318
3106
5156
4347
6365
835
4080
5143
683
1599
3116
5709
4796
1147
2554
6323
1113
4957
3038
3047
3091
5569
1164
1863
241
3670
4987
631
1640
2673
6190
4157
1984
1219
2434
3000
3846
4899
6225
4868
992
4645
755
6279
821
4322
3675
228
188
1238
6491
197
167
5698
1771
226
2573
3726
4701
2014
3226
1247
4902
4830
3249
1505
6226
4388
2260
681
776
4432
2439
1520
754
1575
6545
2583
648
1424
5886
3085
2009
3165
1478
892
2507
1781
4800
4283
4743
3082
4384
4783
5987
655
6479
5938
4186
3863
2728
1571
5261
4609
6361
4155
2404
6194
5022
3128
2881
5624
6508
5210
4178
2458
2078
2022
634
6353
4262
1778
6367
4622
1437
5139
6527
3860
1197
1429
6442
1644
1151
3155
2330
1235
4321
218
3606
5579
629
3447
3878
158
6236
2634
1789
2272
395
4119
5013
3166
2324
3695
4725
5970
1709
614
4311
4668
3416
5145
4303
6193
1497
2259
452
6015
549
3266
4259
6120
562
2775
3229
4789
4349
1787
3937
5279
4180
4184
2677
5611
338
5519
2535
6199
3767
6288
6352
2197
5650
1911
157
6198
756
3762
404
4869
2812
1438
4380
2932
697
5129
4504
4782
2971
6298
3160
1907
133
741
5686
5587
6118
5571
2998
4346
4758
5885
2163
719
4638
352
584
5104
1610
5673
2708
6474
2797
3009
396
4468
2512
2398
2992
5920
156
2666
6066
1205
4629
2167
5882
2146
1802
687
402
2941
4188
2395
1635
4636
2329
4584
1087
1528
3297
6480
5522
2711
3728
2249
5486
4439
2660
3912
406
1082
3330
6372
2228
6049
5054
4976
5003
5246
457
3271
4088
2920
3253
5038
4698
4670
5067
1154
1697
4027
2323
3815
1538
1974
4015
2001
6297
5074
5155
3280
2757
6038
6096
490
5956
5960
2861
1790
1578
5909
5482
4954
5211
4741
2056
3
5917
1551
1730
3410
3458
3317
4942
668
5928
5226
6532
5133
2429
6521
3219
3636
3904
4270
2054
295
1134
3066
4074
4897
3164
4203
1333
1345
4133
5963
2264
3970
926
2766
3222
5182
501
984
5214
5027
1200
752
1125
2498
3259
2779
4985
2034
5544
1798
4901
2291
3228
1221
2526
2562
1287
5024
3810
4413
3556
5019
3814
3872
1541
3086
5972
5120
5001
5618
1122
726
2113
163
3544
4279
1967
5146
5072
1845
5751
2796
2630
4587
448
6380
844
4821
689
3616
3576
1161
3819
4225
4147
134
5009
4814
4996
6523
3841
987
4087
3941
50
2275
2536
5190
3068
213
686
912
2546
1372
4245
2141
4929
4575
3473
1618
2949
5112
6011
1295
3307
1816
4171
5276
1165
5561
3936
609
5930
1958
174
1338
1951
1846
4375
2427
3072
3604
1945
6509
3064
233
462
6254
3364
3539
5911
682
3591
4403
479
2421
2483
3075
4903
5557
4827
3131
5462
6192
5641
5501
5490
1925
4139
3685
4809
172
3622
2467
5558
4202
6386
2107
461
5222
1536
3719
2756
2569
1910
3026
4652
6240
6502
1985
3883
5730
3097
6287
2676
2643
2278
6395
128
4863
1854
5734
5677
1915
3717
4152
4608
1533
332
4112
227
1321
5576
2799
2145
2551
2705
6340
1369
1732
6330
4548
150
6506
1720
5766
1700
4136
4129
3118
4302
5454
2110
6439
3324
6487
5325
96
2452
5333
3483
977
1838
1547
2574
431
763
4138
2127
4118
3600
3551
3016
1696
983
1204
5360
3835
2111
3148
5525
440
95
5621
3830
3115
1392
2523
3402
1319
3720
1865
826
1678
3678
3927
6231
398
5632
200
4190
3765
4890
2148
661
3081
3756
2268
3485
6061
4581
6501
2480
4011
6108
5236
488
4613
6449
4723
285
2590
4122
18
1928
4515
2433
1309
4541
3874
5794
5269
3632
5122
3293
5151
510
4038
5029
1805
4537
2309
5842
2412
5976
5055
4264
169
5108
4502
5755
1230
2803
6494
3730
5452
3623
717
621
2465
6090
2641
2136
459
2177
533
1763
2975
4803
3069
3147
1764
981
3138
4715
5682
2284
3077
2081
2471
998
5109
2030
5445
5195
809
4194
3642
3866
566
5980
1201
5566
700
5644
142
5225
4656
3329
6050
4941
5110
5395
1628
5296
4412
828
1436
544
2000
3777
664
5025
3929
2482
43
1583
3813
4071
4315
4873
3839
6032
5756
5982
900
4009
1596
1913
1089
4160
3318
5626
698
3552
3230
5125
4763
4237
4238
6325
6223
2220
4799
4511
5791
3911
5304
2410
1808
4023
2175
3976
2416
2134
637
6483
2542
3820
4012
5148
5316
2178
6392
4407
6197
3633
2713
6216
6347
351
3852
2335
5528
541
1289
845
551
410
482
5834
1777
1912
5458
643
389
2710
4199
5374
6308
3267
5907
6271
1722
4395
6291
5881
685
2414
355
6536
1835
4110
1515
6012
4946
3942
1724
1347
1842
1710
3401
4158
1320
2988
2855
6312
2470
2053
731
2485
1961
5469
468
2849
2964
4258
2805
5238
3901
3061
903
4507
3218
1326
4102
3495
5754
4931
2171
481
6035
693
6492
2075
94
5326
3510
3598
377
5499
1202
2161
2252
1731
2972
5564
5957
5113
1613
2871
3102
6187
539
6196
3626
2169
4920
2128
4933
346
506
485
4993
3725
3671
3251
563
2253
6401
4979
5542
5585
5216
293
2423
5774
4192
3279
3593
6510
6021
4189
893
5467
2503
6396
1343
3034
5776
1853
1841
2522
4611
3284
2640
3080
5913
1351
1856
3282
3698
1384
5115
3870
5562
24
3973
5322
4459
4577
5126
4156
4282
1365
1818
5319
2214
2464
6006
5748
5674
4117
3763
4808
211
1121
5442
5875
820
1297
677
6556
2588
4167
1723
3421
5772
2448
3979
5337
838
4404
1430
2947
3223
5300
6561
40
5874
4759
2489
4165
3305
520
840
469
2942
2424
1646
6292
1293
759
4633
1926
4667
5573
492
3925
3235
5185
1773
2533
6326
4572
5925
453
4132
1199
4034
786
4751
3949
3143
5687
3110
5983
1780
123
39
2623
4423
5984
2289
3211
757
2156
5788
1303
6515
5260
58
2199
2806
5033
5380
6514
2878
916
3140
4275
5843
808
3301
3869
3252
4854
130
619
4602
5877
2674
4939
6243
220
2962
3892
21
3972
1473
5080
6247
3881
1954
1477
1933
51
1223
3521
6354
3240
804
2851
2293
6109
2029
5612
3133
2204
2778
4711
1493
147
666
57
973
3971
6183
2899
6204
5547
451
2770
175
1590
1848
3366
2936
4738
1507
4366
4094
3035
4278
25
6318
3113
5787
3477
4025
6334
4333
3699
3851
4898
3645
6228
3700
450
1924
1642
5929
5508
4228
3579
283
339
1615
3595
4817
3503
3151
1145
5204
676
5505
2164
4028
1989
49
5194
5127
4408
3782
6528
1603
3073
6278
3507
2631
2449
5232
4828
2639
2856
5275
6273
2617
3169
608
2960
3714
5223
2721
401
6345
6219
2548
6179
1997
1229
471
3254
122
713
572
3333
2430
2153
3950
2
1766
1143
1679
4867
5005
4
537
2286
90
3986
4397
2773
3545
6475
1589
6560
1376
4170
3527
4911
4162
3101
836
1573
2196
4285
6005
2669
2160
691
4107
4818
3261
3084
3207
3831
3847
3690
618
384
3396
203
6211
4196
1300
2432
3144
6246
4599
607
2142
4513
4631
1378
1714
3076
5118
1606
2648
4301
2026
4642
1129
1581
1395
3135
3136
5619
2505
4427
2010
4244
5311
3286
337
650
5207
6531
4145
4995
4788
5879
5340
4090
135
802
3524
5353
229
2020
4438
2213
4342
2170
3702
2102
6043
569
67
843
5188
1339
6351
1768
678
3520
1582
2256
2891
2662
2896
3540
3584
5140
2990
2767
2566
570
3924
2868
42
6248
3499
3947
2445
3246
3822
5291
1864
5392
2290
3328
2818
3628
1077
5149
2462
476
5483
2461
5989
5032
5192
1318
5848
995
5578
3376
2999
2982
3400
639
1341
6551
1093
5968
4235
2819
6322
779
3427
3534
913
1362
1242
801
1427
5926
6104
4712
5079
470
1927
636
4111
3006
4428
990
5150
2263
922
2444
5680
1561
2221
3289
4915
3094
4381
1579
2935
4361
3868
5026
4035
3214
4177
3159
3522
684
38
921
1212
1315
5373
1118
4745
1545
4477
4479
2068
3910
4396
1529
5205
4450
477
911
1486
5552
622
1796
3273
4368
6310
5782
3769
721
3220
2649
4865
5245
4269
6051
1508
6289
4429
3098
3134
2626
3854
151
5721
9
3157
4640
52
2579
1627
3506
5947
2301
3247
4436
782
3105
2873
3843
1514
716
4005
1391
780
2306
4882
3679
3845
737
3429
2267
2124
4720
6363
3975
1472
2315
4183
215
918
3002
5669
4938
6511
2627
3555
1959
610
5084
3625
3327
5846
2468
1393
559
4452
6218
2266
2140
1560
6360
3917
2582
6305
6255
2491
5251
5837
1769
4604
5305
5450
5572
1728
1081
2060
5292
5492
526
5359
5986
1979
627
4268
4453
137
2538
5073
5477
5545
5016
5775
6490
6036
2927
6091
6046
5474
3903
2892
3620
528
5747
4637
1373
2443
48
3044
4641
2622
3774
1431
1611
5498
1712
3275
4480
2678
3643
2629
5209
2192
3828
4991
4475
1163
4876
4610
4569
766
2314
1991
5451
4081
3112
6065
4605
3162
4095
2897
5215
2486
4984
4755
4370
3764
2205
3502
6303
6362
1446
2257
5082
5324
715
1323
2944
6343
1159
2781
750
2436
2933
5036
4945
6481
3605
210
3071
6304
1340
6117
967
1625
2274
2926
3204
1694
1523
2788
1488
1813
3848
5659
6448
583
3358
4760
3496
1703
658
620
2451
6495
2782
240
2667
1916
3882
4140
1439
2716
242
3638
4205
6023
3608
1785
1241
5220
729
219
2282
5202
1475
2441
145
3154
2792
3888
5378
1836
14
6180
5942
2860
2948
1691
4393
2321
2552
1256
5625
5070
4583
4674
6028
3836
2825
2680
3634
3856
2104
4105
1564
616
5949
740
205
6549
3019
2539
5489
4466
3088
1600
5128
3337
1548
1604
2966
5212
3541
3708
4379
5002
1543
4362
173
2572
3824
6178
4418
1432
1146
532
4797
4206
5485
1839
6099
5440
5285
5117
1471
4123
2062
3639
4154
4161
5526
5219
6057
723
6499
2921
2005
4872
5514
2969
4308
3885
3513
3049
6242
2087
6324
3467
3302
2521
5441
3849
230
5633
5271
5332
3283
525
1641
611
1701
4323
2159
5720
5994
5381
6014
4204
3452
3463
5339
1940
3099
2890
2476
635
3042
4804
2774
4073
146
586
4831
4983
749
6055
3037
5701
4708
3618
5288
1966
690
6529
5944
98
2715
4503
4676
2184
5516
5845
5616
6335
177
902
494
6019
2095
6548
3592
2154
3944
2894
29
6182
788
5517
4617
3092
4276
2003
670
1776
3862
4535
5736
764
3511
5712
4885
3122
4669
4426
3829
1084
6280
2057
6024
4230
3515
5647
3120
5446
4288
463
4649
3652
5301
3577
3413
6244
2401
5617
2255
3132
4037
5196
4431
3838
1474
1594
3701
6541
4378
6555
3028
810
4478
4639
2292
121
842
6097
3476
2620
2824
5352
696
4699
839
4231
5237
3578
1998
1981
388
1918
4545
409
6496
4026
4223
2271
4980
3913
2628
1572
5293
3096
246
141
1314
4924
1964
2968
4825
2591
1386
6315
994
3749
3721
6505
4337
3876
1580
1517
5289
2080
6048
5059
2621
3543
1503
192
2453
4697
3709
3304
63
13
3221
2875
841
548
895
6040
6270
6402
4910
6437
1711
1759
4647
2957
1191
3260
3533
3067
1211
1772
5714
979
573
4402
153
4455
5282
1648
2543
3859
3811
4316
6485
1995
4150
6224
4089
1367
986
4606
4460
6513
512
3519
1501
5180
837
5974
4127
4091
1955
2733
4314
4387
3818
4794
149
3837
3294
2067
6106
5750
5448
4798
2801
1850
2809
2707
647
3446
4856
603
1366
3256
3303
1553
1612
6205
2400
53
5235
2025
531
6115
3137
45
1855
3032
1226
4695
2712
5295
1969
1725
4229
1335
3586
4579
5943
3909
571
4146
4137
4454
1971
2406
672
4832
64
5394
2155
5653
3932
1483
1447
4483
5740
2722
434
3029
4330
484
4826
4324
561
6185
6241
633
1088
2645
4416
3090
4570
5229
2093
2495
823
3857
2946
1499
734
3459
4943
1192
3784
1253
777
4664
2007
2939
5230
3687
1166
3123
5793
5011
5575
2147
4032
1800
534
5780
5158
6382
2725
1509
1715
2928
738
2793
3470
3508
4151
380
1158
2193
4871
4596
1840
6093
2997
2558
2319
5193
3817
5310
5132
1434
4181
4234
124
46
5651
2980
3983
5746
4904
2852
2466
1389
4116
1950
925
6373
3753
4947
4731
852
354
711
6264
3127
2108
2442
2777
4874
5676
4097
394
2328
3419
2092
4792
2556
4626
2143
2496
728
4539
582
4325
2815
2616
3050
152
4747
1128
4355
1993
2827
6446
4573
5790
202
829
5119
2517
5369
1261
5504
4981
3464
6033
5685
6001
748
1139
4700
3750
4506
3276
3158
3754
131
5716
120
2670
4312
4505
3454
1535
688
4657
5655
1353
2494
5912
4675
816
674
3697
138
290
379
381
2149
705
4801
1784
745
2790
6444
612
558
2540
5255
3858
4022
2027
972
2190
155
1558
1356
3129
2280
6558
3027
5918
1476
2880
3895
201
5460
5274
3871
1630
1257
3395
5457
3258
464
2561
5131
6003
4414
642
507
1937
5372
1792
1729
1330
3020
2411
4442
4173
1252
1307
3590
6116
5952
753
3018
736
6107
4580
5835
405
3873
4813
3465
3472
3688
2974
1795
3063
2922
1285
5233
3890
1920
5844
34
5670
2659
5523
1569
1857
1557
5264
193
514
3935
5323
3104
904
4024
2273
2612
1680
2870
3505
5660
2303
4277
4713
6375
794
6275
1811
5761
4344
209
436
493
1690
239
1629
1001
392
2307
4590
5500
1643
4124
665
6286
978
181
3237
2422
1155
2206
6260
1085
4877
2736
5181
5370
2158
3840
1952
407
4852
5178
4591
4100
1422
5244
6559
6374
6387
3640
497
2061
3926
5695
3272
4356
4187
1568
1490
4164
2297
1941
4251
2219
5876
4125
4332
2313
1142
1135
1978
2086
1634
383
2399
2440
3126
2586
3899
204
4736
732
5769
3103
4108
2322
1862
2723
5390
1243
3706
4624
3934
5757
991
2105
1775
6008
1718
3022
4274
1254
3469
2567
3456
4714
2209
2858
1516
555
2657
6533
5183
2070
4130
4126
3489
1228
5303
1651
3004
4810
1420
5234
1986
1686
704
3905
5141
1965
762
824
5239
1194
4345
333
2762
2269
3588
1760
2519
3412
2332
4319
5030
3931
1584
340
1639
4353
2995
1562
6550
5700
3311
1137
2446
3853
68
5085
1359
4951
5357
6267
3242
1706
4989
1555
1650
1914
4542
5524
4447
5258
6500
2829
5880
4918
2270
449
2187
5313
444
3428
1216
2099
1652
4811
5403
3488
5391
2403
2224
4357
5683
6209
1992
5250
2262
1133
4232
3484
2568
170
3978
6188
3471
3217
6233
917
6235
3281
1699
850
3686
5696
724
2201
1449
6113
2165
2937
2139
5480
2765
1132
3295
4476
4707
812
3614
5691
5476
2492
5738
5157
4598
3928
1283
1502
284
1996
4536
581
3612
4659
4623
2541
1626
2166
2296
4449
3587
1510
1803
3445
1973
5739
4805
5111
3060
1601
6438
4795
4853
6359
1797
243
5243
2325
3692
630
5565
1908
550
232
5833
5554
1809
182
4730
4331
6277
3785
3683
1428
291
6389
5548
6358
5990
1415
132
4405
739
4335
6184
5375
3225
4249
2488
6201
154
5672
5198
2720
1091
4394
5681
4236
1115
5377
5338
3003
6262
6370
4293
3704
1390
4336
5106
5494
751
3770
4471
1218
4696
3549
4628
5607
703
2125
336
3766
1239
3981
2212
4886
5937
3455
6039
2191
652
35
3074
2397
2469
4999
5771
2528
161
2310
5999
5201
491
2098
3269
4253
2884
3308
187
1316
1
4360
4750
3816
3532
968
397
1906
574
3059
2194
2287
238
2028
2537
5729
4949
2679
1324
6281
6321
720
5732
164
5083
1495
3861
3206
3731
3425
3373
3312
4917
5123
4271
2101
1208
6539
2653
6056
5711
1368
4956
4166
287
2581
1259
3537
5076
3864
4400
3248
5530
2985
244
5609
3589
2576
3043
3729
6018
1245
1812
4724
2531
6272
179
4909
3946
3089
3779
3332
2511
5518
4829
3680
4029
1531
4169
4719
4616
1414
5242
3907
2702
5138
2419
4084
3517
3938
578
4859
3367
6493
