531
645
272
403
91
122
103
433
195
848
204
287
590
58
0
30
364
89
472
765
690
856
650
354
579
399
934
300
607
636
736
50
418
659
819
491
105
288
114
611
535
297
637
452
378
424
447
234
738
864
906
524
120
95
94
930
703
717
567
646
99
612
72
534
367
291
770
561
641
426
936
229
53
312
252
653
75
207
499
865
65
542
159
427
487
131
181
294
751
161
16
358
525
10
196
253
899
60
440
526
594
547
271
727
243
583
241
877
79
598
676
212
346
31
71
35
46
888
82
311
404
823
488
153
492
369
568
429
140
220
336
281
210
648
902
247
886
273
743
466
315
822
182
344
151
752
693
536
916
411
126
121
589
601
263
383
742
176
803
84
571
474
76
33
564
284
812
111
827
663
716
711
128
939
107
528
193
745
290
675
861
340
77
635
616
832
388
608
929
118
392
891
409
155
468
754
760
724
124
844
775
144
887
226
603
685
505
217
314
380
286
475
419
924
657
842
384
459
793
401
847
756
414
32
353
625
873
762
112
168
448
249
786
905
509
192
911
692
890
617
797
596
479
279
680
476
868
513
137
750
442
422
689
791
494
342
323
484
858
872
156
254
449
276
757
788
167
434
324
398
705
825
185
655
198
558
772
918
21
215
879
506
371
707
779
813
504
706
109
389
555
376
896
552
467
500
718
14
620
436
7
883
530
938
540
935
80
166
92
866
41
316
909
104
425
622
869
512
806
766
780
671
325
922
704
495
518
937
903
606
784
544
55
59
256
40
22
882
165
394
52
581
223
454
733
741
532
113
362
915
285
257
209
110
67
130
260
679
631
296
773
522
855
194
638
356
713
696
469
48
100
560
851
258
496
306
152
407
923
227
768
87
329
238
688
633
549
728
521
13
870
435
932
446
224
730
370
351
295
898
402
642
569
405
117
51
677
577
580
574
920
837
559
307
450
445
179
106
634
497
438
289
553
731
593
482
644
228
439
332
627
821
27
465
708
265
904
790
624
222
274
824
681
463
15
160
767
64
280
345
771
455
417
602
928
261
275
897
205
570
377
588
34
363
613
498
90
246
164
480
815
523
129
840
202
38
333
658
604
177
628
737
245
437
795
829
180
267
647
308
343
925
301
169
778
108
322
88
698
127
277
431
390
42
3
811
123
373
141
651
539
749
12
910
236
794
199
299
330
700
670
859
348
876
381
808
684
609
86
619
457
341
352
722
592
807
586
818
184
661
172
374
643
801
926
304
508
632
546
326
871
614
240
355
610
259
587
798
720
208
892
313
201
781
889
582
591
83
893
817
710
814
29
699
400
556
302
24
125
251
725
56
174
878
138
478
78
846
460
748
18
565
885
639
395
219
375
809
548
850
933
2
464
867
796
656
45
244
350
458
408
443
507
578
44
471
203
834
338
541
190
723
462
70
119
682
186
25
763
413
149
802
139
481
629
379
852
20
393
562
68
820
623
359
188
4
520
146
489
908
694
860
686
502
283
320
453
101
721
133
266
514
366
838
54
93
777
485
262
213
62
595
543
387
17
839
170
305
669
335
917
714
563
268
759
764
511
242
919
545
599
317
600
490
640
785
538
385
292
318
697
136
218
269
550
396
753
361
912
621
142
416
854
157
747
828
744
787
816
97
660
776
575
143
470
178
339
293
652
884
421
225
331
529
715
894
709
732
81
800
845
843
230
691
687
792
921
233
235
19
835
857
