261
226
16
36
247
133
236
15
136
0
252
225
260
233
24
179
75
258
113
31
171
112
90
177
42
79
212
93
211
124
43
246
196
84
39
238
281
145
26
141
228
82
94
129
2
193
50
73
134
27
142
19
262
162
46
48
107
255
8
14
284
103
106
130
23
32
138
4
158
241
265
150
229
180
38
33
58
197
37
9
227
167
184
218
108
272
72
267
188
205
257
105
3
203
69
115
11
20
104
223
182
201
219
174
214
280
183
274
164
275
6
139
154
125
71
217
120
282
62
7
250
102
97
35
13
208
56
146
92
40
253
243
172
248
235
83
192
66
215
52
59
157
77
175
151
47
198
149
159
123
178
165
122
155
10
1
263
64
60
101
173
81
285
65
12
135
131
199
80
251
242
231
63
76
269
68
207
28
186
95
209
163
254
279
99
152
21
86
245
185
85
169
22
109
210
276
147
119
234
41
88
78
116
29
240
206
111
232
273
61
181
87
114
200
144
256
264
54
110
202
89
49
278
127
25
220
17
216
160
