1412
6043
1592
450
5824
3390
2502
1417
479
5548
602
5401
454
4754
2333
2112
4247
4175
2372
6776
3650
2051
4168
1839
3231
4657
4498
1800
3837
3480
6489
3626
6530
5862
2617
2284
5697
6300
1965
2584
2847
6814
5690
5947
2399
2826
1482
4782
162
5217
1289
6854
1829
5283
1243
1419
5955
6526
5916
4016
4093
3030
2398
3057
6612
2510
4275
5019
6292
2318
4784
3565
4873
1518
6439
6794
5331
5081
1527
5350
5612
1824
4144
6190
947
1627
3150
4930
4622
4222
34
6021
1381
1023
5649
3074
5093
5820
3115
6042
6079
4380
6138
4598
5783
2265
5181
4100
4736
3447
5326
2389
4296
496
4034
4978
3954
2031
1449
5215
3443
4543
988
571
5312
3169
6697
2553
3998
4060
4776
5206
2598
6601
1803
5089
3168
2006
2436
2549
3312
2409
4807
6209
2422
1425
1909
1005
5777
4079
398
5722
6559
460
914
8
344
5576
2351
4703
4688
2250
1717
5450
5153
1939
4177
3287
3860
4773
3602
6380
235
13
5151
2061
3439
4132
1602
1640
6974
6301
2390
3468
6212
1673
2460
5351
4071
3500
5943
6284
6844
324
5170
3387
598
3992
1354
4893
973
884
4904
3732
1680
1383
2022
441
4735
559
5646
3039
4719
4355
6868
2905
3935
5155
1367
4817
2823
1242
3430
2530
3126
2272
4581
109
2741
5897
6370
1670
2479
6039
2408
5386
6826
1562
2930
4898
4574
662
1048
2374
1016
310
2602
6455
6793
4788
2057
950
721
1031
3580
5550
661
6152
2879
6179
1795
3263
177
3280
2831
2528
6608
5334
2346
3465
1224
5827
5778
3000
2345
5843
6193
5281
3719
1373
4255
2178
4604
3114
5776
1141
2836
2711
2141
4921
4558
3733
4115
4615
2458
6896
1580
1838
2954
6450
3053
5053
1433
2377
2951
634
1134
6141
5376
1259
5471
3717
6352
4513
4918
4576
2145
6576
5002
2569
1694
1538
4245
3088
4373
3429
1215
6819
4933
3220
637
6221
2514
6272
6119
4315
16
6309
812
5623
4184
6067
6603
1093
5064
220
2278
5670
3990
6907
4940
3745
1092
6733
5725
6218
3921
4559
677
158
530
570
1799
2474
2098
2373
2091
536
3218
6476
3026
4027
5389
6086
2062
6685
998
3167
6365
3861
3785
1762
3818
486
3217
1898
4987
5316
5255
5829
1399
4531
3538
6503
354
4214
4885
2705
6220
5679
897
4180
1895
3324
4312
1041
84
98
2357
5469
1997
1523
2500
3888
521
5397
3166
567
3975
4568
1919
2787
2571
2026
5460
534
4227
6430
3343
1032
3809
188
2019
4353
5573
2485
5456
4110
6469
5218
1769
6877
4257
828
2100
5145
1350
3366
1926
2733
2884
650
5652
4755
345
5139
1823
2247
5848
3380
264
2480
2392
4496
3204
2655
3535
1171
1626
3744
1722
4992
5812
3648
6102
6401
5062
195
3767
434
316
2860
6317
6709
5240
2083
6884
5104
6895
4844
1114
2988
1742
4653
3216
6335
996
3504
6248
387
6622
3955
1180
4418
4374
4934
270
1393
3543
1596
3383
257
2095
4128
3874
4094
5908
4708
3549
1875
4140
5963
990
4617
5421
225
3829
3269
3299
3350
6089
5702
4216
2997
4200
6596
976
4129
15
6224
568
4239
5502
5429
2131
1801
5800
1502
819
1999
207
6738
2439
1719
6144
6172
4674
4199
3780
1056
1292
4483
6399
70
4438
6184
4166
862
2459
6189
4887
872
805
3219
5023
6132
2387
5480
1204
6407
1755
6052
6962
2648
421
1950
2811
1474
4538
3647
3099
2154
6227
3743
2515
3700
4104
2314
5484
5422
4426
6458
5948
3997
2687
3493
6532
5313
4534
4661
6753
630
1323
5127
6123
3330
547
2303
2673
1582
5798
6065
883
1609
4875
1757
4607
3751
3916
5279
735
2142
4839
2753
3971
3616
3905
2338
1752
1649
2660
3763
2261
4716
3690
5929
1612
1120
1382
3914
3949
436
5000
3529
5556
3035
3513
3487
3887
6205
3686
4444
411
2808
917
2650
284
3919
6580
4694
712
3476
5474
2202
1494
6879
3816
309
1207
4176
438
29
4089
2545
4520
3223
978
1954
622
4804
4433
56
172
2055
594
3915
2614
6337
2109
2242
3393
5374
4774
3594
3697
3729
1442
5232
2188
6585
256
2075
6256
4596
5613
6565
3512
4865
3123
5299
5501
2280
2359
5014
5808
5174
4410
2208
4192
6774
4697
880
6435
1051
5459
1709
3475
3404
6579
4111
5405
4588
6226
5888
6438
6698
2241
3583
3251
6334
1637
5626
4621
766
1598
2033
5891
3405
2755
331
1689
4208
5003
3333
3521
669
305
6942
2841
1552
799
43
816
2401
4634
6432
2715
5051
4642
99
6363
1148
1103
980
3723
4682
6451
2032
2482
2582
827
956
3722
6801
4951
2477
4732
4097
2413
6082
5602
382
1544
3286
5136
5542
4135
4856
6574
4147
3090
3173
5997
6857
3200
4478
2560
3885
4101
3917
2450
2752
356
4455
2240
1130
317
4867
4484
3653
5823
3349
2293
5427
1026
2810
3496
6283
3257
6756
1734
6305
6682
5333
4364
3022
3118
877
3477
6846
1729
1137
6862
5884
5740
4308
320
5319
2816
6249
6161
5444
2465
1043
4503
5008
645
4913
6084
2688
1231
3046
276
3815
6362
6270
5370
5818
6187
2824
4599
425
6384
2267
2747
6339
1827
5715
196
5390
2788
1617
4512
6156
3828
5360
5589
5424
5936
2332
2531
1003
925
6182
4170
4091
2835
6806
4334
1949
3712
3135
5660
4154
1765
4263
4544
3395
3075
4333
2358
1209
2903
5774
2441
870
1848
3713
3489
3462
3040
5040
4447
18
3407
1047
2210
446
3777
5418
3238
4824
3820
92
4228
5558
5222
3956
4106
201
2282
2037
5071
4668
4399
259
5001
6647
1082
6913
4958
4335
728
1995
218
2563
2135
6672
2909
3577
2790
2750
6951
6386
5186
4567
6007
163
2953
5171
1563
707
4332
5905
5598
2123
3023
1807
4819
4508
3530
5861
6456
2720
1392
5727
5011
340
3960
3108
2229
3492
1840
3567
4972
1480
6840
4254
2944
6883
5154
5621
4743
3982
4579
4009
3159
1555
2876
4293
4714
2670
186
2866
5317
4251
3665
3904
4906
357
1794
2939
3254
1062
3261
3644
2716
1967
2029
3138
2034
314
1845
6553
3385
2669
1784
4290
5859
6425
6368
6121
1520
6746
3974
1355
1664
5140
6405
5733
3398
6485
6142
4396
6472
2880
5269
3857
1984
5553
4791
418
3307
6581
5168
5461
854
6211
5079
6780
2410
1035
1712
3608
5746
3505
1346
1133
1447
6037
6404
4984
4691
5321
3428
2849
3082
3942
1453
1865
1193
6575
2678
2418
300
413
4884
593
3910
4329
5904
930
3909
2996
2544
1018
2821
397
3926
6790
3285
1076
4916
6232
1953
2941
2576
3812
2464
769
3774
6838
3294
2213
1438
2416
4954
4638
3806
4388
6694
200
3041
6158
6642
4064
3574
5132
5886
1634
3793
385
2384
3087
2965
6175
1459
6001
4495
4259
2475
5113
3004
3645
3104
6778
6383
4896
2743
4416
3207
6747
3032
5188
6604
695
5596
3448
4330
6880
4488
895
4524
3136
1660
2275
2161
2869
808
1889
4712
2054
4593
6917
647
6321
1403
5129
490
1633
4519
4474
641
3822
3768
2700
1853
5069
3019
3755
336
4327
1701
3120
3418
1146
5438
5336
6200
4991
4077
6886
285
2914
6197
1545
6166
3658
4602
6422
2919
4284
4684
5608
5732
3274
3542
4441
2764
1625
3548
4467
3081
4210
4356
538
4535
1941
4053
6314
5152
2323
2146
6173
1097
2633
3435
4927
3131
5590
1274
6164
3959
2231
807
2813
5162
1748
6703
5942
6330
4646
5105
1991
5054
2224
4070
1879
6074
5512
1749
686
1856
1415
1566
4063
5838
2802
4618
5342
5266
229
5134
1790
359
5348
2249
913
3396
106
2907
1828
3630
4809
584
4015
2668
3711
3832
1962
2182
5707
4141
5547
4461
419
1081
565
480
1299
6630
1579
6195
5024
1931
4905
670
4000
4404
5684
492
5844
3826
5605
3791
519
3507
6281
4614
5414
3215
1605
1779
1098
1789
4878
1702
4370
2115
4756
4414
1554
4872
4287
2654
1935
3482
4920
6035
4679
2209
6296
6686
3576
1214
5975
2150
3323
5180
146
3342
6046
319
60
6650
1667
2107
6149
845
3357
1549
5379
1890
3869
5676
6323
2071
4533
5993
5249
4464
5261
860
6782
5282
5786
4336
3900
5622
6934
3509
2324
2566
6031
6410
520
1119
529
2157
526
3117
1450
5233
815
1019
6652
3640
2604
5538
1697
4273
970
4566
3501
5895
1646
1855
513
5433
5021
1532
5521
504
6206
5958
4377
4302
3417
3677
6060
579
2551
5917
5840
3980
236
1639
3058
3595
85
3753
4225
4203
3304
4917
5407
209
1973
6754
4868
6162
6358
2015
2005
2496
6332
4445
553
3310
5061
6847
3808
3981
2391
5603
2081
4957
4584
5343
6700
53
3071
2864
5574
2610
762
4400
5588
5504
2806
723
6291
4883
2962
1888
6449
3230
3354
539
3137
5143
4903
5539
3369
2746
4395
1192
4686
252
6160
977
804
6351
4909
5803
4829
6505
2548
798
2781
299
5869
5118
3481
4594
3157
5477
1441
2949
3478
80
731
2440
3727
740
3901
5437
1112
3523
3880
527
6905
2337
4362
5123
6789
4277
4532
1900
3232
4678
6807
2717
1946
801
2486
3368
6445
3463
1464
5822
2379
5236
6364
1118
2117
2574
4456
414
3669
4793
5641
2647
3939
2273
4338
5332
2923
3037
4676
1177
6804
4391
5850
5320
3240
5126
2060
1565
4859
303
4787
2900
2828
1089
4565
1624
3912
2815
1341
4286
4589
6280
431
5616
6040
2643
338
2829
4536
1317
3593
4153
898
1163
6092
3943
3526
4982
5293
3124
5457
6640
4086
4316
3302
5373
5865
1178
6636
1556
6245
343
851
5699
1293
1891
673
3560
1872
2891
4013
4476
2279
5078
4794
4321
1101
2244
2177
1246
2449
788
940
786
1982
4853
1345
3344
4966
1622
2316
1087
1182
5972
5762
586
3978
4630
1111
120
1535
4733
5059
3989
896
802
4233
1650
4131
4427
3152
3177
2721
4295
4406
1553
2771
911
4236
2385
2147
1086
2848
3069
1657
1188
5497
4328
6797
6293
4557
1727
643
4026
1959
774
825
5302
6063
3739
3592
2723
4660
1444
528
6654
2556
1792
2885
2534
3552
3588
4597
5044
5728
625
2827
2198
6360
1568
2365
1372
5560
6393
4522
4971
2235
3222
6076
6950
2260
1017
4699
6068
3804
2172
610
6787
5446
2344
1985
1501
2887
5309
1822
5138
5494
2773
6294
818
2862
951
5103
6266
2017
1693
4423
4700
929
412
5516
1760
5248
3514
3066
4943
3800
3356
524
3965
3778
2251
1451
675
6696
68
660
3339
2342
5237
2820
2948
2686
3172
1232
318
1374
6853
6538
3547
1304
3008
1142
6946
4300
3600
5719
4242
1960
1590
4294
6509
5674
6324
4066
1541
1696
5503
4326
6775
5068
3270
3967
5425
1797
4549
664
1791
49
3881
1385
3474
4492
5571
620
3720
2326
1551
2916
2355
5175
6208
1302
1307
2597
6536
2386
1591
2127
1454
5909
6589
5601
4468
4560
2404
1490
1390
3950
2200
3655
1642
4226
2793
4382
6167
5416
4217
311
1690
3522
1720
738
4190
1313
4072
1471
4306
6930
478
6712
5882
3524
3470
6009
3663
2025
1473
4640
3388
6333
2845
6850
2139
6836
5741
2577
3807
4799
5491
5892
1460
2513
3355
6831
4139
3532
424
2038
2538
1659
4850
6725
6258
5254
5323
3149
2742
4185
1787
2336
3871
3748
741
4811
6923
2901
113
4610
6924
6241
1905
2509
3558
3738
2994
2253
6860
3646
183
3570
850
4605
3190
5804
2812
582
2557
3866
1278
1208
5928
5499
6968
6771
5112
3234
4008
3865
4836
1641
1058
3367
4952
946
175
1745
916
230
1573
3662
5258
2039
134
2579
4252
55
4407
540
2283
2111
2044
6967
1695
4341
5227
5235
4494
6418
5893
2840
852
6217
574
5172
1272
1225
6687
3541
493
4644
6855
1203
2565
739
2537
2892
1364
3544
3922
3782
3490
829
6426
6863
3750
2697
6550
5330
5966
972
865
4888
632
2693
2159
6867
5268
168
6093
813
4231
293
795
5063
6623
1
4156
2921
4572
358
5887
3228
3562
1786
1759
2415
4880
5949
5020
2636
3379
5454
2785
3527
3195
4848
2780
6556
5219
5030
714
6099
4849
3536
2393
2910
5225
3710
704
4457
3003
986
6882
2494
6437
6726
1802
4084
4681
3903
2945
2666
4123
6396
6124
1873
47
6377
2839
711
116
4585
6022
4866
3130
6415
1173
2728
5201
6047
5580
6638
3680
1611
3155
3334
3895
2662
6922
5359
4078
758
5287
3078
1061
2886
6602
3585
6511
6199
213
6749
5109
824
3351
1201
133
3670
5345
5537
6848
1219
3226
6830
1584
4803
3637
2297
2645
5836
3070
3494
107
4627
1376
2237
5096
3984
3256
5372
2245
3879
3890
726
6617
6431
1159
1951
6325
2041
5243
64
631
2758
3966
3929
4539
6017
6843
1958
1560
5703
3986
3197
6551
745
5738
4366
2511
2306
5090
2143
4790
1718
2103
2341
4938
6945
4897
469
219
2933
2895
1340
2759
4767
1938
4820
1952
859
904
6684
95
5400
2383
1687
6566
6392
3639
3471
3843
4639
4892
2896
844
4763
1150
2438
5620
4710
2304
6906
3643
6261
3898
4069
2268
1378
6811
6064
3631
2783
4281
3142
3619
2429
3601
5868
4858
1250
4046
2156
3587
2573
5980
5107
3384
5357
2664
6953
5664
3457
713
1713
6087
280
2220
2435
6387
204
2682
3416
3604
247
6817
2763
4459
6971
6252
6947
5583
4276
4162
1837
1059
6381
1144
5787
3716
6016
3510
4695
429
2493
6171
5125
5689
111
1615
4926
1222
1247
6434
3042
6213
6894
3687
5272
5322
2063
1172
2724
1881
2262
3666
2274
4050
2462
871
3209
5116
6875
5465
5324
1095
623
4282
6030
842
3288
3540
1733
6717
6783
4229
3728
6676
1531
5658
3962
5340
3193
4001
5685
783
4372
3001
2463
4967
105
874
6133
6956
2204
6890
6714
4179
4770
5203
585
6048
944
3102
4343
5034
2517
550
3451
649
2165
5006
1614
6926
3432
1574
5157
3006
5391
5834
4303
1145
4812
364
3205
4007
2858
6653
178
4428
1886
313
5298
4448
747
3365
3242
5335
6295
4862
6660
1363
4324
6568
4603
3002
2800
6253
1586
2702
4002
6524
1139
3789
4191
2789
6095
4806
2712
583
1671
110
6247
6528
6267
1685
2286
6592
4675
2772
5691
4792
2532
6773
3884
484
3605
4318
3606
2535
1179
2230
4706
5207
4274
5617
2155
2863
4504
4412
1666
5910
900
4830
1979
4664
1884
2729
3821
3362
189
1064
2731
1913
487
3331
4974
2976
3883
4470
6078
846
4076
1205
5816
180
1428
5714
855
82
2353
4995
129
1337
5880
6008
4837
3446
6939
4582
192
2807
3411
6918
5229
5404
4285
254
6228
5544
1652
3185
6679
616
5398
5031
3179
4643
6023
5828
588
5311
4174
3718
3531
995
1319
1716
2710
4876
6777
4045
6664
4944
6897
6656
3174
6611
5253
737
2349
2339
1202
603
6297
6957
3079
1599
6148
3953
4417
2518
4758
24
2028
4882
5849
6688
3927
2319
2727
1046
3283
4188
890
4119
1804
3267
717
4759
5915
3735
6628
3034
339
4525
2644
6129
3097
4871
3065
5478
1908
2354
3991
2088
81
5045
4292
2691
3098
5794
1127
4272
3706
2984
1327
4422
5922
452
573
405
6115
4339
1426
3317
1916
6278
2735
2679
1191
3458
2330
1651
456
5954
3559
6038
2199
142
4577
2313
732
6353
3702
2271
2769
152
4692
5584
6887
3059
1380
3171
4900
2748
342
767
1914
2757
5950
3268
2205
3121
2192
6117
482
5645
1594
1987
197
1384
4696
2520
3400
2085
6517
6936
5945
653
2021
611
6275
2312
6588
6723
6620
4482
3459
5347
994
4014
5565
589
5086
727
6069
6932
912
6912
3444
6828
4783
6371
4606
4309
2176
2078
6557
760
3473
2581
1463
4986
800
406
135
5420
1301
4877
5037
1270
6878
6146
4223
1138
369
6594
5004
78
1632
3134
4528
4587
6049
5651
1211
440
210
2292
2708
4375
2036
4397
2133
38
2118
4187
2020
389
5647
6214
6919
3144
4052
6471
6626
298
5337
2861
6615
4970
1738
629
3255
5289
54
5568
6683
5070
1595
4762
2468
3141
6464
1200
2536
2472
5246
4611
3415
6643
5475
1067
696
1349
3614
2382
6271
4471
5167
3007
512
1198
6207
806
4795
1521
4434
323
2175
3253
3426
87
1763
502
2642
551
5871
1783
5449
391
2488
5056
1132
5693
1683
4990
1780
3017
1676
5564
3469
510
5338
6302
3036
1550
2714
4331
6929
5744
6260
6083
1154
3947
3113
4910
2638
5629
3147
3188
5857
4403
6416
5411
729
1371
3181
563
6667
6203
5611
6116
6535
6263
5295
6691
3525
4436
6222
4169
1750
1593
1867
541
3635
3839
2434
3266
5982
4828
743
1446
2169
1571
4479
6478
6002
5578
1542
2010
6118
1360
6818
6202
2503
291
1013
2762
5686
17
3569
4955
112
6135
685
6319
6649
174
3836
390
5661
5614
3413
5960
6590
3656
1861
3856
4731
3568
2144
5058
3952
5591
5463
5007
2685
3145
4648
3607
1630
1912
5142
698
5278
198
2179
6944
1572
1907
6644
3374
2583
699
4922
587
2258
6409
5979
5831
3691
6569
5211
1073
1704
5981
5117
289
3060
122
3933
2567
6920
3050
5191
455
2129
3725
639
1682
2096
6081
6467
1669
214
708
4768
948
4209
4789
5447
2466
1882
6796
6614
744
2137
1216
548
161
4802
5789
185
4739
2957
211
2590
674
4526
1963
1467
6194
1479
4299
5308
2982
6949
3533
2770
3870
3408
4047
5653
6125
2419
2491
2380
1253
4960
5994
1813
3278
1435
636
6238
6658
2047
4781
4778
1920
4964
2986
417
3817
1851
3628
576
1037
6128
1488
5122
2791
4771
1068
1078
5043
5035
2066
3923
5095
5349
3442
964
2756
700
3091
2950
843
3672
4136
6845
2016
3170
6343
5387
5592
4440
6764
533
2868
830
5378
6587
5989
1878
6139
2388
5752
5716
5239
4923
3811
5455
3819
6151
3698
3449
3101
3109
4019
5901
6514
933
4537
4570
3392
4379
3328
821
3851
6815
694
2704
2352
5199
5285
3969
1771
5377
6702
193
2073
4
1927
4500
3985
1128
4901
427
6605
6243
886
1539
394
4194
337
5773
2779
5393
6274
173
4431
408
5720
4942
353
2301
4036
4004
6147
3572
3993
6050
5912
2009
3508
362
4196
814
2591
5761
3423
2960
5934
5855
5952
296
5782
4624
5341
823
6185
5209
4959
4095
386
5276
5925
123
1710
1993
3436
2305
2120
2307
5442
4631
6716
3397
796
5586
905
262
97
2364
3961
3787
3613
5431
3794
6707
5262
2971
3298
2740
4734
5751
6827
6242
4511
2696
2506
5395
1546
1368
2296
5940
755
1512
4976
6073
4325
3402
6813
3063
2501
5204
6805
6433
2335
1996
2124
3309
2174
6010
2193
6170
3272
4550
1665
4167
20
1806
2277
3679
2639
1136
5700
6788
6865
6952
2913
26
1290
6670
3586
222
2325
628
223
4808
5284
5375
6420
4186
5879
5190
5307
5973
861
2776
1002
6254
899
1028
2738
2947
3161
476
2568
2243
4939
4647
132
2587
2321
2871
4889
3096
6398
2184
2540
6487
5325
2233
2961
4313
4301
458
778
2656
6837
2818
6609
776
2749
4541
4852
5907
1052
1902
4772
2801
1534
5748
483
943
1009
2302
6481
3284
2684
1455
597
4592
3187
6621
967
915
1499
6109
3314
1339
5315
2882
4419
2552
4221
5559
1434
4164
5533
2606
3484
5640
6710
4415
6724
926
6961
742
4949
2967
2222
6225
1422
3332
1347
1758
5224
678
2665
6803
1525
3642
831
4143
6766
5530
5196
1857
322
5914
5672
1948
3246
3685
3186
1883
3996
5599
5924
503
4003
388
1161
477
1221
2744
6379
4961
6004
6029
57
3403
6143
2186
3133
3775
3247
6473
3276
5247
1387
5805
2256
5479
657
803
5097
3737
255
4363
2541
5734
1699
4469
5111
4130
1080
5708
4134
5301
2558
2952
2412
1932
6625
2615
2550
2498
4310
4390
1600
5811
867
1558
3661
71
3638
4649
1147
1312
1970
6904
617
3009
1226
1375
5996
1863
1874
3599
2432
244
1055
6090
5709
4348
2878
41
5074
4487
260
942
3749
6914
5046
4545
879
6145
5951
771
523
2730
179
2042
5242
5029
6452
4838
2299
400
5177
5790
4968
2754
6933
3632
691
5048
3028
5294
1369
1644
4421
5721
2872
5329
5754
1557
6359
2613
5636
1235
4713
1723
5541
5076
3301
6233
3958
1296
1015
4854
885
3210
3840
2989
1764
5121
868
1358
5750
4575
3445
4462
505
6699
5423
2975
1529
5577
4981
2406
4061
6943
5662
6910
4465
3076
2246
2881
3329
820
4279
1481
5091
2915
2320
77
793
233
4142
238
1922
5130
6899
6607
1575
3163
1587
4677
6395
2221
4120
3877
2899
261
1413
3506
5873
1074
3891
848
2045
5017
4711
6662
6390
4583
3012
4800
2618
2694
4073
4730
4752
2433
596
5772
5228
5251
6006
6424
3714
3999
5200
1123
4297
2775
4924
6539
3803
6822
749
5638
1258
2683
5810
2857
4450
2977
3337
903
909
6808
6177
5730
5554
4424
410
3814
1498
4108
1090
764
1318
6881
5515
5563
115
1414
1430
6798
1377
352
3382
6036
2737
2894
834
363
1465
4090
253
2611
1091
1961
153
1405
4834
1510
3198
2663
1027
2928
5656
5085
552
5453
6791
3742
3412
2542
839
2707
3437
2461
3336
6408
3072
3573
6832
5041
906
103
5038
6941
3899
2197
4652
4394
5896
4857
6163
3589
457
3093
1033
2865
5355
4813
1391
2128
665
4501
3784
5399
4491
835
4163
4202
2080
3516
5156
6916
4929
1629
2295
5388
2608
5464
231
1079
499
2211
4490
4319
66
4234
1469
1841
1071
6077
2578
1102
3014
1942
1295
2955
2101
5208
2627
6692
518
3578
5933
5988
140
1653
6191
3453
2195
1945
4472
6577
137
5363
5221
3684
666
3515
4430
5304
258
2447
2317
6955
6659
2736
2403
4595
1940
2843
325
3061
3499
2925
1036
6025
3319
4895
2699
2454
3705
4240
4665
3764
3930
5292
3455
217
3938
5695
6610
6114
927
1658
4941
752
4998
3140
3013
6728
4280
982
1559
2580
4609
1140
1509
773
6908
4626
2288
2356
5220
3518
1039
3623
1638
4182
5371
2612
2609
1320
6482
1044
6120
2784
6028
4748
3765
2651
94
892
5216
2692
921
5694
780
3315
6597
3154
6372
3146
5197
5669
5426
1088
3519
5906
2929
6235
5230
5671
5675
4510
5428
555
5894
1212
1325
6276
3511
5986
2153
5187
2093
6367
6663
1862
5819
932
6466
1149
4996
2443
3994
2888
4914
785
5705
1175
348
655
6925
5920
5585
6586
1489
3636
5856
1833
2844
5704
2980
1796
2425
984
2855
2048
1310
3946
5182
614
1906
5264
542
5785
2053
1065
1904
2190
6279
3394
2311
1300
3119
3311
2695
4869
3618
2094
993
4486
3563
4586
2543
4317
1732
3797
5570
6769
779
3259
3928
5047
6414
439
3277
355
5814
5365
3044
5473
2983
73
4796
5194
2877
50
416
33
4670
2370
403
1631
5572
6033
3018
3409
2070
2718
1334
2423
1121
3410
692
5493
522
6800
768
206
3054
6799
5860
5066
349
6066
3083
1357
4081
2056
4452
934
6236
5291
3896
6286
1264
6715
187
6348
5793
4481
3406
3977
2906
2105
590
5998
2676
2334
5864
1298
3517
1537
6486
5244
6637
4701
3863
790
922
5012
5595
5015
5677
1513
4761
4505
4371
4751
3603
2266
5747
72
556
2187
5094
1835
1564
5300
4738
5042
5472
1937
4912
6671
1448
2446
4556
2483
6327
5098
4102
5164
4760
4529
6632
2634
997
2217
5718
1427
2803
3721
3944
2575
121
4667
6705
1903
306
3202
5202
4785
5657
4212
6058
6382
3414
873
221
2402
5193
2008
4042
5731
4249
76
423
5900
1230
5161
5846
2255
3827
3624
28
3846
5270
2448
1045
4311
6492
6873
2561
4527
1104
4827
4620
1165
2043
5624
6772
1899
3825
4656
4741
2973
149
4722
4547
6178
4973
838
4727
2804
4542
817
5935
5028
4780
5528
549
5088
5926
1740
2308
1407
2519
2658
4420
1049
1767
3077
4612
4718
3466
4127
6442
2276
4608
2183
2428
3948
3360
1561
1798
5277
4625
3772
2492
5362
3024
3370
736
2893
4673
6338
237
1589
1240
2943
5763
3893
6909
3306
3566
1042
1491
6356
2809
6061
2421
2395
5687
3316
4851
4757
6094
2189
3378
3464
2013
3625
3850
4515
5946
6582
5845
4564
3194
3472
791
4270
659
1708
6186
5681
4278
6346
1618
6613
4198
3303
1852
2108
931
3127
5476
3546
3191
5837
5380
1070
4387
5413
4368
6072
2216
5667
4033
88
4745
312
5663
6137
4322
4411
4779
6786
1893
642
1199
987
3597
592
5807
5618
4601
4720
2052
3100
5274
2102
3025
4446
2426
2512
6282
881
1306
1440
3467
6704
648
321
4041
6234
4997
2993
853
5911
6015
3105
4215
1359
6915
5159
3143
2774
2940
5452
6374
6584
3348
4145
532
91
1692
5606
6525
4907
3452
5131
6057
5210
3031
202
5562
4832
4218
849
6973
1099
5683
6361
3297
4232
856
3987
118
725
6098
2437
3182
6157
5440
5296
5067
1911
1330
3160
928
2212
5195
6440
6032
937
3233
4442
3660
5992
781
5543
1964
5594
1366
1223
2616
5419
5780
4067
4825
42
6480
5141
4899
6874
5297
5851
2605
3726
3273
4250
1988
171
4749
3245
2489
507
1773
6861
4082
6500
5977
5673
290
2765
6820
3575
3248
5525
3313
5212
2012
5439
826
2473
3759
772
1714
1477
6727
6262
4138
6616
3941
511
3184
1007
1283
5275
3692
4454
3786
1736
2300
4056
1543
5551
3180
6131
989
3103
2378
395
6198
2298
4314
3016
5619
6900
4846
5128
6244
4815
924
2455
52
2624
4693
5483
6011
4160
5688
5519
3156
722
5353
292
4717
1286
4342
6071
5075
1096
2191
3561
6475
1858
3876
2360
4553
6571
1060
6219
3196
6802
857
3833
3305
6107
5016
1643
3925
1992
2264
5650
1846
2285
991
1012
5273
2554
1336
5899
6080
6824
4173
2934
4268
1737
1206
4569
607
961
6108
605
5806
2937
4105
2079
5060
3279
3289
3062
651
5310
4367
2619
4635
6507
361
6391
1925
4114
920
1176
245
1540
1756
1218
2978
372
6484
6378
3796
2469
2981
1735
1185
2490
3033
1030
5517
2481
2898
6940
481
35
169
6255
5500
4443
756
5549
216
6168
2667
1010
3762
2427
4347
1094
2149
3244
5148
6583
4201
4126
4157
5417
5633
832
4651
4919
1811
635
2507
5643
347
5436
572
784
25
4359
2444
5267
789
2974
1432
1739
4672
4080
6429
208
2794
710
5383
1335
5875
5163
2856
2817
5853
730
6948
4698
2526
557
2936
4354
4018
3790
4181
5108
5458
4683
4499
3622
2555
4764
1976
4253
5486
2830
3968
3293
2842
3224
5764
965
1731
6470
4497
2478
875
6730
5234
2476
2908
1466
4994
5878
2629
4724
3424
6277
6751
1947
1785
1445
4337
5969
2397
445
1421
734
6633
6531
5394
6101
268
2394
2114
5898
1894
4265
125
2623
3641
4637
5328
1386
6563
5514
4822
6573
3853
1131
3347
4409
6494
2938
6014
4902
5696
3227
3758
5632
6534
176
6463
6285
4096
3724
3375
2122
6757
1038
4197
836
4172
3386
4237
2628
1966
5384
2681
5877
893
4150
4133
4393
6127
4207
6721
2522
4402
2168
3907
4879
488
3491
6708
654
2846
3824
4847
4261
1707
2640
5402
6891
2457
3781
307
5412
765
4477
1511
327
1519
46
1921
1083
5496
6264
2972
3769
601
6816
2726
5964
6839
6902
3151
2761
3434
3282
4685
6606
2348
6600
4398
2134
5280
775
399
182
2799
1775
2201
2400
2456
644
4591
1050
1849
5245
5854
2935
6044
1106
5055
5133
6529
5637
3659
2559
4220
1977
2138
2918
6298
5655
2405
2097
3696
3582
6744
6795
1251
1820
923
5874
6560
3335
6477
3708
822
251
6059
2991
5403
1700
6355
3318
1703
4493
1672
2870
2562
6678
4891
2362
4155
65
2889
5250
6183
609
2495
1956
6373
4775
6833
4645
1647
59
6397
1181
5226
4616
6336
4509
6898
6533
667
5743
2760
5178
4915
2227
5630
3084
671
1826
5305
4506
4746
6864
1819
4502
4704
1500
3236
3211
4546
4489
6572
3792
4475
6888
6759
6097
2852
5999
754
4021
2805
2926
4109
5506
3688
6693
5931
2207
968
4765
1588
6180
2027
5488
5485
1342
6054
4383
554
128
5489
6498
6870
6969
4881
2646
1108
4376
5027
3371
5057
4463
2917
4092
2927
1398
4458
3295
1309
4945
5252
6322
869
3554
5526
5147
1054
4613
5749
6268
6964
3250
5361
3849
1854
4935
6502
6311
1436
1322
4843
1085
4369
4413
2007
6216
6508
5532
6674
2796
3361
5119
86
2
4769
5984
3454
945
5593
2814
6237
2181
3106
1168
5271
5971
5135
2375
1809
709
2000
2920
4818
6112
2995
6743
3683
1570
2424
3175
2659
3979
2819
1645
6394
5575
2701
1978
2126
3934
2524
4723
5166
2964
6126
1655
5231
2874
351
5546
1753
5957
1125
3391
6062
2315
4573
5339
2637
4323
2363
6812
4075
3052
2294
5032
1746
1418
537
269
2018
5314
11
1333
5813
1100
6388
4206
750
4928
1684
4392
2703
4304
6767
1072
22
5238
5432
2508
3045
1679
6349
6423
5710
4753
5826
5842
5327
1774
1262
1351
1725
1981
3010
4777
1936
5466
3911
2090
5765
5256
127
1915
2732
6750
1604
4125
1832
4908
706
2327
1183
4721
5241
4666
2452
6376
3381
2309
2431
4540
979
5983
5698
2838
2825
5352
6273
5531
6240
6026
5382
5114
3340
668
3419
5106
6344
3498
5978
3936
5369
1726
2883
6893
1468
4305
3701
3291
5441
1761
4107
2677
5013
5507
2625
5930
181
1316
4350
2768
1478
346
250
1475
693
3421
2958
6299
6307
6781
415
1715
5642
4116
6871
3757
5018
4516
2148
2968
6938
506
5781
3873
663
4600
5665
966
3609
2912
2322
5962
5832
4040
433
5867
716
1728
2407
2361
4798
5644
1210
3897
3835
5990
5511
2766
2672
4480
5753
5257
1887
6970
5288
4211
6350
4737
3111
6963
3889
6369
5490
3937
1314
1514
1969
1395
1153
5809
1577
2652
941
733
83
4725
811
3128
3321
3425
1410
5639
1751
4344
5520
6345
3830
3918
1485
6246
4864
4246
4554
1328
6901
5184
1409
4963
2853
2125
4248
2595
4750
4814
2523
5158
3153
333
6347
3940
2185
2087
2922
5087
6675
4874
935
1567
271
4702
2106
4561
3855
3064
199
426
6631
1530
287
1452
3363
401
1158
6512
3020
6889
4636
1864
1724
5482
4124
5970
3752
6523
3237
5392
6540
4235
2263
2340
4946
6858
6546
3085
61
4956
4641
5364
5084
1957
5735
4307
6389
1472
5082
5841
6457
2734
1844
4298
6829
2832
3973
6075
5102
6239
1186
4320
3579
2328
4224
4989
497
6931
6527
12
4219
6251
6316
2599
5712
1986
5144
546
4842
545
3433
4349
4993
5779
6852
4010
2076
1321
3617
5073
3612
3776
3192
6729
234
3976
5149
3760
2626
4709
1741
1508
4023
5736
1305
4351
461
2546
971
3427
6937
1825
2859
2430
5821
6045
2203
3265
3225
5771
1924
5005
2719
23
1484
6034
1416
6088
6513
6849
3957
2572
3112
1607
5205
6290
2946
48
4590
3699
3486
3598
5346
4453
4985
6406
6176
3736
6210
3239
1352
4291
6975
3345
3148
1252
887
4288
2745
2603
2689
4062
3858
3243
366
1429
5956
1152
5518
5101
3703
6821
3709
3799
4113
2046
4965
2467
1766
396
6713
6954
5406
3252
5540
232
1910
6825
2649
6341
3649
1194
6959
6927
1053
6651
3281
2987
5682
5286
5409
184
6085
558
5876
6110
3528
1548
3770
4654
5189
757
2585
6413
1975
682
6289
4562
1610
4947
19
4256
6593
5150
4152
4810
3049
985
3292
847
2116
3620
6474
1944
1492
2024
6876
672
3258
5025
4983
1793
2162
5137
6661
6265
2777
1338
1928
5259
833
679
4950
6510
606
4786
680
3972
6223
5124
1576
205
1496
4408
1843
243
5443
3431
6856
3203
5921
3591
3047
6483
3667
6564
3864
4103
124
335
6841
6972
864
4999
564
2564
2151
580
1331
544
74
6402
4267
3676
6892
1917
2451
1934
4230
3868
2739
1457
3615
4098
5169
5303
5648
5050
449
3810
2890
3878
2998
1918
2837
3629
2834
5866
4728
2219
4552
3652
4386
3678
4083
2347
1691
2248
5858
6935
5729
6308
6785
1788
3262
6496
263
5072
3497
4523
1974
5944
5627
4953
1830
5654
5366
2158
5847
5263
5260
6521
4204
1656
3779
5835
2547
4361
959
3963
3707
1648
1110
4118
1721
1476
2632
878
228
5290
841
1817
2239
2269
5932
3068
6748
2767
5223
6668
746
1522
2875
2084
751
5306
3290
5701
1623
938
3021
3095
2417
1536
4149
5991
5173
1365
4555
2529
6357
265
6520
5535
2521
6842
6722
2586
6328
3346
4658
2376
1616
1255
1308
1311
681
5052
646
2470
5769
3201
1747
404
2782
6427
1869
3338
6400
6834
6169
1706
2833
3401
4011
5065
5049
2110
1569
453
1619
6518
719
4517
3165
3693
4816
4578
1812
6809
6903
3129
5358
5077
6159
384
383
981
4357
1547
6561
5080
4925
1842
2713
4146
3460
6562
3798
5192
1431
3621
5185
5099
2956
5968
1836
4122
126
6230
525
4213
1348
360
6053
2411
489
6013
409
4085
3534
2214
4821
4439
4088
615
5985
4171
6106
2516
6165
3048
1808
640
1497
4158
21
5976
4437
4121
4835
3271
2593
2657
6354
3867
2121
4633
531
4619
3908
5354
1777
6003
3746
2238
3372
3813
4005
1818
1248
2104
6677
6745
4195
2621
51
131
2822
3715
5557
581
1388
2099
4266
4460
6516
4886
2004
6140
5318
1583
2630
67
2631
5737
40
2751
2167
1847
4238
4742
5959
5768
2287
448
4449
2786
705
3894
974
2369
5083
36
1443
500
782
3610
5448
350
5160
3913
3376
4485
1162
4346
3520
6960
3011
6885
3633
227
4205
866
6051
6329
969
3308
2778
3214
4659
1143
3399
4340
4283
2594
6537
578
2196
2601
5039
379
2092
2533
5881
5396
295
4466
2206
6479
5863
5817
6419
3852
2270
2350
