143
227
148
249
24
7
269
154
149
82
136
89
185
57
93
99
361
364
102
67
74
75
377
121
218
401
285
248
319
126
32
241
98
27
318
228
236
9
84
289
223
101
140
176
76
309
56
50
260
360
106
264
201
397
53
262
208
104
198
49
207
73
167
65
351
118
141
346
296
25
37
96
329
299
129
254
195
217
326
190
156
306
293
240
113
4
43
347
226
54
14
271
105
184
250
266
352
47
187
386
42
316
111
375
62
314
28
213
350
125
395
393
378
107
180
288
205
211
59
87
200
1
242
270
199
344
368
358
245
276
22
388
335
232
119
257
278
2
234
280
333
237
382
81
132
21
137
10
23
164
69
320
291
38
275
63
396
290
253
224
170
45
34
371
317
80
304
15
222
5
308
362
174
312
274
392
297
83
60
363
215
94
6
225
165
8
144
97
31
162
263
356
117
71
357
29
72
214
145
196
179
341
338
353
359
302
139
160
161
231
379
46
324
220
66
342
258
334
328
322
147
177
85
16
307
192
114
216
387
55
370
44
103
122
193
151
150
272
206
168
239
336
115
313
138
153
321
315
152
166
19
295
169
273
51
265
159
35
398
78
183
235
255
88
277
219
127
261
394
284
30
376
286
188
311
325
68
133
77
294
210
52
331
61
194
189
402
343
124
18
109
172
283
337
391
39
182
110
330
41
372
323
301
384
349
26
230
367
246
348
171
33
212
90
354
178
128
332
11
238
157
175
