1605
1842
1057
9900
1797
1235
10719
3723
2087
7043
2733
1811
1489
10993
2504
9745
12109
5149
5923
5501
6555
7907
3755
5840
4656
1697
3578
5925
799
5307
6849
2226
3526
7132
11788
5516
9738
2787
599
3417
2592
1068
3375
12187
7848
5193
4460
3817
6406
616
1698
10953
6950
4300
9830
2046
6417
4693
4256
8308
3431
10405
9906
5985
11253
2154
7177
2138
2476
3866
3029
346
9431
5506
1536
7181
2492
885
7682
3582
11606
5211
10269
5907
8528
8253
1040
5994
6795
5683
5963
3741
10788
1554
4240
4724
11294
5771
2503
11292
12218
7703
11916
591
8798
4481
11555
7482
9625
11798
1815
6389
7757
2661
5176
11776
5986
3562
6964
6566
1830
9471
1099
1567
7277
3784
9052
7098
7477
12275
905
109
6996
9732
878
6049
4274
5287
7060
9569
3910
3709
7563
8600
4175
4319
2783
2860
3109
6700
11830
3399
107
492
3402
11877
7254
6312
8309
6588
5859
5289
4238
5424
1177
7551
4773
8586
3865
4626
2419
3825
5247
11604
8587
11748
6267
56
7708
353
136
3671
4780
2521
4807
2237
6556
11808
2113
1164
9933
330
332
600
6600
11856
104
7934
7733
10330
2532
7685
7566
9880
2453
7469
2483
8355
9869
3530
2122
1976
11287
11620
12293
8288
8346
8837
8599
3695
7099
5891
2625
9597
3609
8544
11662
8674
4729
3337
11848
2744
1681
3911
6664
585
3641
7162
2045
9049
11001
2806
6928
3727
6359
7291
7458
2519
891
3900
6937
2815
7271
6539
6044
11721
6263
4226
5900
11694
10359
9657
4629
2874
5612
7501
10385
9710
2611
8767
3315
6704
69
3898
539
3757
5901
8245
2767
6399
2468
511
501
5163
6698
7032
3708
6400
8558
3078
7468
7221
11719
11873
6777
6617
902
6608
8886
7170
10728
3822
6627
10152
9919
2938
4632
1725
3353
6476
2439
10231
10148
9424
11843
9964
7933
5212
10312
6696
7791
7197
12273
9055
1437
6714
3669
7656
1033
7801
7716
7581
10367
5237
6989
2542
11853
9454
3338
7422
3921
6946
4466
9909
110
4290
6935
6368
1502
7582
1441
10279
7759
3359
6518
11562
7410
3824
3721
11559
7104
4819
6384
2493
6576
5993
7833
8215
7529
6597
9574
6256
4287
7640
5145
798
9565
5333
3087
3094
11821
7498
8824
5169
2936
9905
6781
10331
10270
7206
513
9854
2999
11580
5670
6750
10342
8206
9958
7596
8252
6934
5953
6646
6580
6623
906
3424
4796
4329
4195
4762
3836
11704
6726
12112
4735
1172
5860
8575
2054
11883
7888
7532
3745
4217
6990
5062
7712
11771
5640
7440
1806
7259
4726
10209
4781
8649
6551
1205
7823
895
7828
1232
4659
10802
2002
6275
6344
6747
10793
11819
3452
6622
3731
6676
3663
1104
11699
2984
8835
3895
5718
2442
5230
9591
4665
3413
7697
5814
11871
8642
6432
5450
579
4277
128
9447
4663
5409
4792
8593
6292
2813
3372
11572
7544
7369
10265
10165
11603
2149
1592
5267
7968
7680
7691
7832
6524
12264
2423
1843
4635
6630
3583
7756
6741
903
7031
5724
7127
6343
5714
5869
1835
9849
6798
6742
2159
8391
7009
481
1539
7459
7245
11946
6721
10278
7351
3461
12300
8378
12317
10412
2020
5664
10836
7204
7600
1512
1540
5564
4260
1139
3330
5717
7229
2793
7977
7914
6730
7714
3317
1525
2120
4751
5735
5431
7645
2171
10407
10386
4727
2946
1619
7873
1118
8650
3814
485
6091
4269
8620
3098
9595
7956
7736
3532
5850
8813
5466
12170
2747
9968
341
3325
9903
5222
10335
2868
467
464
4263
11716
1975
2510
5197
1644
2676
9685
7400
7922
7267
5276
8556
5713
5152
2031
3537
7230
12310
7424
11270
10794
4316
8364
5110
8888
8229
7200
2525
8827
6689
5139
2766
11289
2827
3555
3552
8256
7912
6541
3756
615
3382
6779
2818
6823
1603
8570
1149
3024
6763
8363
8872
5699
9051
6944
11715
1654
5165
9937
9852
6921
10201
5272
3099
5734
604
5265
10194
642
7324
3344
5884
5972
2624
3345
5336
6300
12121
10190
7446
10411
7643
6821
9669
10295
5106
9464
4790
1065
6019
5102
7726
3603
2618
8329
5322
7547
10239
4358
5341
9410
2614
1064
3595
11563
6463
8857
10328
6836
5113
1854
1204
12148
5965
11756
5920
3913
894
7470
7129
12190
3028
10369
494
9678
10982
6470
7530
3871
8792
3686
7352
6459
8633
7056
3675
9832
6589
2742
11907
8597
7347
5086
3454
5445
11519
5644
5765
1480
4289
7290
2840
3768
5557
123
5657
1966
7662
1056
57
5739
2166
3630
4242
3888
6707
1845
7235
5809
2061
3324
5285
7024
3395
2797
2969
10371
6268
3443
3588
8307
2035
5693
2189
5823
6832
5882
7614
4722
6535
3702
7481
2888
2810
7284
1628
3361
10721
3442
9889
9887
1857
3920
12134
1568
6998
6029
5539
3331
9644
2635
5977
9897
9839
8656
7080
7134
1660
6030
5243
2157
4264
1668
8898
9931
3323
6563
5416
10191
6334
5908
2099
6378
1980
5385
11786
2609
11810
11779
8653
2437
8280
6475
7738
8866
5674
5288
10356
9740
6248
489
2210
2027
2603
4774
3533
5990
1989
7167
11899
5115
9639
4324
2615
7238
111
12054
7379
2949
3772
10159
11753
5870
11273
4695
5886
3009
9681
8560
1716
8795
7717
4615
3834
1614
8812
12155
875
1527
9633
10301
6991
7115
5440
1181
2830
2197
7087
796
596
350
8541
7092
9667
10222
2050
12157
4154
5428
7943
12067
3608
8590
6426
6532
7396
1031
1859
1165
1827
459
5509
1491
5380
6467
5711
3316
7123
8645
8601
1229
5120
2776
7718
5070
9450
6926
4653
5381
10315
11278
2934
9863
12144
2966
117
3388
6681
6909
2834
7507
5909
11613
7368
8611
3863
10809
11641
1709
2652
1665
540
11636
7588
7874
7018
11912
5706
3355
3410
4714
11281
8228
559
8214
1066
3632
1180
1686
1695
1236
9971
8821
11900
7071
6956
3590
11644
2630
3379
594
3806
3867
12305
2097
1974
3425
1609
2665
2980
12192
5311
3311
2225
2645
115
7188
2640
12185
5799
12251
5941
9718
3102
5478
8568
3527
4619
3535
5049
2151
6605
6846
3356
7246
3451
2181
7363
1838
7693
11945
10337
4346
6853
2022
3360
10198
6363
9962
6274
914
12147
5184
8278
7029
8583
5914
11598
6665
6045
9885
8344
9578
7225
6002
6953
10173
1470
7165
11536
9872
6654
5406
5732
546
9973
12288
2475
6350
2941
11673
8758
1160
8197
5309
7910
10206
9978
5318
5387
7445
11841
590
4699
10293
4666
4643
9910
3874
5151
8554
5619
6405
4658
2622
12176
3016
5601
4707
2484
8572
2006
4785
4788
1631
6362
6059
7391
7668
11672
8632
7564
2987
2150
10725
8321
5069
7729
644
3748
10247
3536
5691
454
1511
1714
5988
6637
462
4467
880
7433
6323
8677
11752
10992
8530
7654
7339
2179
5332
6021
5780
11675
5608
6458
5291
11792
2024
7008
1176
6682
4262
7471
3404
8894
2967
9074
6407
9658
3835
3556
8094
5627
10729
3797
1052
2653
3923
7845
5199
9758
3326
1601
1960
1519
6638
3890
4310
10286
3800
9845
9588
6316
9058
7193
3303
6824
1503
602
10780
5469
8805
9572
11561
639
7549
5824
9670
10777
125
5257
1532
7381
5242
1580
1465
12037
6884
3368
7021
12214
7813
5500
8314
6540
10796
12200
1178
4798
2769
2158
6269
6815
7113
2659
1055
2817
11000
6880
3112
5528
5088
8794
3394
7919
10246
7133
8510
6734
7011
3321
3812
4266
11283
10772
5051
11910
1143
8086
11866
9935
11754
3889
7663
8189
6372
5672
12254
5284
7768
7366
913
801
881
4333
12222
8639
10266
7214
5449
4172
1478
6972
10826
5582
7613
471
2459
2598
6652
11852
1520
5883
5125
8830
5747
650
8386
5502
1608
8891
7077
2071
11302
4462
5432
10818
121
6448
6618
3667
2601
9698
4636
4816
1627
7966
11745
12299
7961
6329
2789
9712
5221
12128
2488
4281
3030
5080
4214
7787
12253
10273
9928
8606
3332
9696
2155
6569
3645
6052
2057
12056
1089
2673
10742
11570
6032
6957
6306
575
4742
7865
10762
6326
12260
6725
3696
2125
7938
10226
4752
5250
1805
6017
7325
8863
2221
6410
12158
7231
7149
869
6560
9600
2477
8358
5650
6879
4763
3370
10838
8268
1103
2779
11789
1558
11731
10401
3548
8905
6436
10248
5622
646
2463
1501
7144
5103
8298
12160
1083
4339
2957
10178
4803
1168
480
6421
6074
7226
11730
1564
8302
3775
6414
5141
6626
9974
505
2968
6925
3018
640
5275
10776
1027
9599
5236
10996
5665
8381
9680
2636
11254
2411
4248
8801
11859
6858
10370
1669
5099
11749
12162
8838
866
7085
4293
509
4717
2872
11565
8270
9976
2726
7889
4667
11697
9736
10288
4689
7096
6838
9654
2537
2989
8090
2529
6483
5514
7506
10939
12314
10799
6056
4247
3448
4159
12062
7234
1618
7599
7097
5931
12291
1510
3688
2229
5634
10389
7047
5072
2801
8871
6845
7302
7701
3005
6527
2900
11854
8881
6488
3787
2725
11761
6822
5223
593
7917
9646
2059
7905
3654
1645
133
82
3786
7847
3853
8883
5924
5535
2541
11583
7266
5136
10153
10732
10420
1468
11911
6507
6462
6525
5874
1586
7358
11259
10781
6842
5571
2505
9757
1731
1114
7367
7746
3884
2206
10175
1016
4697
3676
3357
8255
7878
9901
5128
6336
1999
9948
11744
4672
6305
2679
6756
3887
1646
3707
3534
4470
7034
3801
9673
7372
2499
12165
6968
6612
6298
2127
10830
7776
3572
6079
4719
7651
5191
3771
12298
12271
1488
6042
4759
11815
3521
2760
7013
5542
10150
11564
6071
584
7626
5715
2222
10325
2993
1616
2169
6885
3636
9934
9586
6635
6621
1215
7572
12313
7118
10744
8292
10285
3652
3458
4670
11940
4312
1545
7866
6992
1670
12141
2213
3319
6702
9709
9414
7464
2971
7782
7916
8557
7450
7437
4253
10277
5750
8538
1085
10795
11663
1182
11578
7557
1475
5559
916
1550
4671
6592
7365
10241
11631
3747
7340
2467
7145
2147
3366
9614
7546
4318
10416
6897
8759
9589
2068
5928
9080
7778
6752
10352
6863
11863
9742
2763
7039
4740
9873
7413
3846
7647
11258
6449
6889
10363
11288
5798
5060
12060
10987
6958
8345
7020
2133
8545
9451
11268
9436
8319
7861
11581
1967
11781
11646
3549
2646
11574
4482
7891
12033
7147
6873
6912
11875
12239
9419
3596
6031
3558
3720
12241
7871
11623
3528
2142
8236
8517
3384
2782
11918
853
2074
5312
5933
9435
3546
2049
3432
5082
2090
2867
6883
5194
5484
10804
11627
6249
4155
6450
6016
11678
6395
5696
11593
5609
10387
4815
5742
1865
3642
2723
5156
11637
3001
5226
1672
7353
8205
9632
5597
78
6724
1142
2893
1197
7216
4171
1718
5513
11597
612
6606
10294
8789
5957
5437
12030
9420
6814
5751
6573
4810
7510
2072
2473
10751
12136
8860
9611
2930
6997
4484
7777
9613
7493
3661
3322
11277
1717
2869
536
11700
4738
10797
5801
10753
12065
1071
6245
4778
4787
618
8799
1509
4712
9826
497
4715
5858
5679
5921
1025
2172
6084
103
7978
5160
11274
11264
11671
1456
10384
7466
10741
8207
887
6776
5911
6595
2738
6517
7931
6899
7673
6764
7483
5188
7625
10756
5599
6010
2921
5795
2014
9426
7939
648
1531
11674
10726
10803
10203
11729
6474
8623
11942
1617
1446
9444
3613
2755
7076
6906
6717
6347
1667
12315
6893
3818
2691
8353
12151
5662
5975
7616
7707
9927
3682
4340
6802
7950
879
5433
3851
6020
2943
2654
3305
7763
9078
10334
857
586
6927
2808
2732
2520
1457
9584
5117
3858
12276
6251
10168
8524
4229
8341
7929
2186
6943
9751
8230
12166
5512
1226
3093
12250
3021
2922
5166
9422
10759
9671
11782
5816
7066
8902
4267
2649
588
2228
10408
7665
5081
6250
5710
5349
7417
3722
2617
6988
4167
3522
7296
4176
4200
7949
7522
6711
3881
7773
7354
7508
5701
5606
3437
7152
2415
10380
5096
7624
6793
5731
4718
8250
2515
7054
124
2761
1487
8828
2461
2864
4168
2405
2932
7687
8192
12201
4218
8773
4459
5566
5264
7745
2471
6266
8258
5991
10314
7732
11629
6451
6876
11890
7790
1557
8382
4766
2935
9929
3685
11647
12255
2736
2881
1728
5373
6455
11669
9689
11816
4208
6877
8655
10950
5192
5629
8675
5585
477
7195
2200
3581
1474
2019
520
6923
1472
7275
8324
1684
9843
3781
7661
2126
10169
7879
2231
3354
2095
1514
6443
7448
5225
6916
7537
6283
3766
10345
5560
7157
7298
7899
8818
4753
11537
8494
10322
10214
5083
12077
6933
1442
6695
10151
5134
4246
9060
5643
5861
4220
10309
8515
10344
2118
7864
1116
7920
3428
4765
6264
6828
11297
10952
9752
6758
6008
7434
5438
5200
10821
3563
7567
8296
6295
8854
4250
5217
12259
8552
3896
5792
11290
9888
9941
4298
4160
12034
11794
573
5147
7064
625
6840
2208
7136
5678
12089
3363
3925
11924
854
2093
8652
4157
6429
3420
1200
4691
11670
4733
7252
9629
7619
1990
7007
10958
11934
8816
7642
11293
12207
3639
12084
11837
3002
11600
1179
9831
10739
2656
7484
10193
4651
7615
4270
3907
5849
11820
4661
5889
8509
5179
1552
2489
2469
8368
6065
10310
8211
10390
8210
8848
8822
12154
8267
12283
2111
7163
6558
7542
882
7604
3310
1461
7322
4755
7499
620
3113
6728
9061
10782
11550
2481
8882
1596
8648
6386
5894
8760
7067
2670
7281
7297
5251
7857
3791
6067
1615
5396
7310
9677
7538
11659
6586
9072
8312
1984
7457
1812
7371
7303
2153
1195
2918
1135
3811
6952
2911
5538
8563
5508
7890
10364
2892
8343
3376
8861
5185
85
5220
5490
1663
5578
10991
11534
8384
510
6345
6751
7831
2540
9682
7681
7543
2434
5815
10317
3861
1734
6657
1464
5684
2193
7844
5534
10752
8231
483
322
7288
7621
2084
4783
6697
12186
10332
9907
910
6464
7798
5837
9563
8095
3409
11838
10722
6244
9460
3715
7785
1849
11544
12145
2123
6760
3640
6376
6624
7156
4627
11758
8202
4186
5515
7212
3445
2180
518
11577
1729
11928
2847
9700
7684
6770
10398
2508
4782
901
8844
12180
8550
7667
6058
4662
7093
4477
1620
12226
5968
7503
10815
2124
7959
9721
5295
95
7607
7286
8259
7323
2495
6948
1951
5719
5673
12181
9704
8361
5248
2052
534
11632
8625
7382
6559
1208
11802
551
6243
2018
5803
5895
8190
2132
8495
328
4349
4784
10396
2192
7497
8840
9884
9744
5890
6075
11529
9461
1081
11642
4700
3815
5204
11947
5214
4336
10357
6980
1826
7392
2970
554
5853
3700
6521
8779
3826
6841
10961
7262
6852
2464
12115
11880
7447
2952
4239
5845
645
6420
2675
2859
6792
4611
9977
1211
6309
6636
10195
7331
6349
5620
11696
7971
3427
3701
7859
5720
9886
5089
1823
9609
6060
5992
10960
7109
4237
6701
10419
2663
8630
892
6477
10204
2030
2866
4231
5967
5109
5123
7161
456
1166
5959
1730
3625
11657
7725
2790
2083
5467
2522
2432
5716
1831
10360
5171
3348
6914
6097
504
7452
7426
5973
6000
8332
6825
2981
2037
5273
11764
7771
7958
3542
12057
7846
6096
6861
9472
5733
11306
4826
1462
1084
3644
3014
6351
2991
5836
11612
2878
6727
7605
2168
3932
5228
7817
8200
6066
2534
6594
3660
8387
5989
3408
8610
6977
1049
5998
12071
1515
12074
10180
5124
10200
10215
6784
11267
7075
7760
6902
2807
7042
1072
3301
12042
9756
6520
7897
3810
11255
8351
10754
11811
5531
8212
8663
5161
7834
9063
9590
5435
11667
4654
1222
10764
5700
3691
11590
9075
7893
3339
5625
9448
6513
12302
2523
3027
4189
1635
8226
7584
8097
9417
603
12035
8755
1190
3726
7263
6442
3751
1018
7130
893
1187
1578
858
4674
3591
4173
11539
4794
11576
7872
6755
3351
7016
5556
5447
3765
4813
9415
7411
4308
7000
1677
6394
2017
3106
2480
2992
2096
7151
6613
2717
1577
9846
3710
6903
7224
9950
8641
1495
8096
3577
7443
4464
12095
538
3792
12221
6454
6025
2053
7307
6920
8271
8242
5320
2156
100
4183
1553
4325
2005
6628
10255
2845
7040
5414
5786
9576
9912
6090
2771
9748
11930
7620
2063
5970
11923
7802
8089
7623
2644
3901
8534
7059
8300
2036
5987
7535
4805
11857
1659
2937
6373
3462
7830
10224
8306
12234
7676
5675
5635
898
649
9438
1694
3020
4331
2060
6811
3602
1105
1804
12105
8864
12227
8762
5767
2121
9566
8777
614
5686
2974
3917
907
10375
2530
5426
8852
72
2796
11635
5831
6486
3897
6068
12075
5725
8851
5769
5658
91
2803
7945
7399
10161
11639
6383
5843
3692
5066
5737
2204
6789
5934
8673
6611
11743
6651
2762
9598
6514
8261
8887
7256
3023
1636
10313
5153
7740
1639
2687
6803
8217
336
6759
3566
11778
5132
9655
9433
1638
2412
5415
9963
5756
11870
7439
6782
9925
5468
8771
12312
10376
4698
12303
10162
7851
6397
2861
7648
876
7330
6377
11822
5352
3304
11654
1233
3597
1183
8868
5611
7748
5189
4145
7593
7321
2914
7295
5615
7972
8598
1803
10182
3617
6496
1985
4680
1622
4249
6878
7409
8497
6666
11834
5677
503
4675
6678
6076
8219
5956
8371
6037
5331
2822
8225
2428
8566
5835
6412
8847
4306
5196
11742
630
6672
2418
4704
5459
7012
7559
2660
12225
8356
9908
6023
6007
2230
7465
5760
10238
6762
7898
9462
10981
8900
5178
2134
6046
4198
8083
7131
899
5893
12274
8498
7015
7646
889
4818
3381
8757
2858
5878
9054
6324
7868
9694
2152
6547
6947
5980
5261
5838
5638
2685
8807
8536
9688
1822
4211
4741
2003
99
9409
8375
1192
12179
5252
7719
5616
2944
5046
9828
5851
5918
10984
1566
2455
7415
8629
5205
10945
10240
8823
2637
5915
2447
507
11759
2094
6787
4657
6929
8235
9693
11557
12069
6800
1119
7911
8879
2982
4820
5631
6304
3854
3915
8553
2458
1227
6987
4638
6034
10985
5584
2043
5344
6073
4797
1588
7855
8499
10805
12137
7300
3419
3441
7407
2494
8336
11271
1613
6452
2772
3796
6703
10381
122
7964
12142
9949
11684
10267
8203
75
4182
2947
3587
7261
11541
4332
5659
8366
1591
1498
3808
11257
6435
5245
9833
11643
1800
4789
4620
6500
6602
2058
1560
1484
4760
6591
5572
5944
12099
2832
6864
1481
3862
11680
8616
5930
6649
8772
10421
7423
3457
8244
5187
4156
5703
5340
7057
1032
3657
6338
12216
4696
4215
5334
2811
7694
7908
12248
11931
10400
5565
7091
506
10218
6012
6280
9079
2666
5682
9856
1626
1021
11933
5462
12284
622
611
9842
1493
10951
5708
6640
5746
11628
1722
4241
7044
4361
2406
12086
7688
2176
2740
6494
2902
6285
7287
11584
5392
4772
5544
10423
1476
6005
1151
1517
3525
7595
1623
6843
5290
5997
2954
3600
2620
6931
5757
1998
4359
8782
2188
3422
3453
6722
12138
3544
1075
1486
8522
6732
10372
2178
7343
1813
2482
3616
3704
2768
11881
325
12247
11904
9957
860
11949
3782
7314
10227
12093
6348
6511
7492
7210
12282
582
6938
1224
5101
1148
6834
6735
9715
6502
5573
2062
2010
3312
7135
11718
2642
7796
4639
6898
5793
10210
11733
9581
2852
576
1122
6694
7534
2895
4166
7915
9960
6757
1971
1559
3763
6303
5056
7436
2128
6489
2217
5704
11784
8239
3082
6890
11889
11531
4181
3105
5315
8282
3446
8227
11864
911
5794
6503
6293
10324
8274
2527
11836
8277
6509
1058
1117
7585
2607
4320
7184
1692
5511
5259
1102
7577
10798
2163
8761
479
7350
116
6398
11905
1732
12219
11858
10425
6662
8326
6705
598
11760
12215
909
10994
9898
5495
3754
3412
3785
3318
4613
3759
7414
4757
8315
7511
6408
10171
7138
5084
570
9440
3828
1671
11552
3079
5254
7460
7610
1034
3878
6830
7818
3447
12196
8347
2632
7455
8502
7063
484
7887
8845
9853
6868
490
7376
5954
8352
7937
7710
1128
5753
3586
10379
3656
4650
10230
1026
5880
4716
10170
5510
5583
7666
2426
6287
9915
8571
4747
343
2841
6710
5645
496
1053
3392
1161
1997
5782
12210
1679
8776
6614
1673
9442
567
12150
5549
6601
5420
7747
1973
12286
2029
10174
4720
8222
2199
6826
1518
10394
7561
6064
525
571
9053
7438
10758
11524
4199
3570
7571
6508
3377
4795
2863
1100
870
3524
2407
7311
9605
10973
10997
11285
11783
8788
7700
12053
8843
5048
2593
5613
10957
2232
1228
8849
1856
10354
6024
9676
5876
4451
65
4723
5411
12228
12058
4793
9423
7892
6446
2408
9859
10720
3559
4353
3374
12301
3426
5429
10977
7788
92
6905
4204
10233
6259
2851
6307
7232
3744
2524
7037
6081
10237
4302
5232
12043
6567
11727
7393
1700
7253
11688
2731
5400
1159
473
2446
7941
6299
5348
6542
5545
4335
3914
5310
1173
1675
2009
7720
2165
7652
3554
1199
2219
5133
9621
10778
8238
6860
2449
8636
7533
6332
619
6387
7019
9753
1471
8372
6579
12073
2421
5094
5470
5137
3329
5078
8290
10275
8540
8781
5300
9913
5983
6447
7923
10418
3743
6574
5791
508
5503
6673
7948
98
12188
1855
5833
3905
11522
2465
512
9428
10208
7114
4265
2973
7488
6261
7010
3592
1721
10274
5441
11551
1038
10167
6642
7764
1952
6365
9616
12087
2025
9827
64
11651
8376
7754
1642
10736
2955
2117
7198
3460
7385
2198
9679
7669
10321
522
8224
2857
3367
6480
5207
8311
6571
624
4821
6859
6411
7635
3619
1093
3919
8766
5723
1477
7909
11795
4307
1035
572
5155
4804
5183
9456
4809
1624
10250
1653
6039
10942
5605
9637
3926
1863
6325
5338
76
5898
2965
6501
3085
5386
12240
8299
629
2951
10943
1202
1529
2915
5935
1020
2487
6505
10761
5726
3309
5590
11556
1146
6057
7258
6080
4660
11553
10189
4295
7431
1206
11548
563
4233
10348
11586
3770
5277
12044
5493
6993
1861
6575
3769
11002
5685
8263
5286
4814
3807
4655
5690
5692
2828
9840
3418
7513
5964
2647
5360
2879
6322
11682
9413
2196
5465
12265
8763
12091
12167
7328
10156
543
9618
12174
3101
10268
10959
5475
11876
6094
10338
7882
10413
4338
3569
7895
5654
5570
7982
5848
4315
6495
7970
1972
5077
5558
10404
4461
6891
5525
7781
8350
1996
6839
6625
7824
1844
8201
12078
7698
7496
5779
11847
12173
6391
6011
6940
10990
4258
4791
7055
3335
8505
7283
11938
11698
10158
7386
5569
6055
10184
12297
5090
5164
10986
9660
10735
7953
2976
6684
5129
3864
7814
8370
5168
7512
8527
8342
7078
7370
5401
12304
6829
5305
8085
1528
6644
6051
4194
1965
7176
5357
9692
1991
4221
10236
6284
8874
10378
3928
6999
1544
6908
6955
7316
2470
6491
10149
7272
2512
3798
10740
1604
10311
8584
6683
9951
9437
855
1542
12100
12101
4343
4771
3653
2904
134
7592
7574
5856
2623
7944
12120
7301
5241
11262
7632
10366
4309
5600
11929
1473
1652
3088
4285
11944
6615
867
7106
11895
6744
7902
3017
1137
1209
5142
8208
2674
10988
118
7190
8232
7761
2905
6040
9881
4646
11751
5519
2979
884
3832
2891
2599
6370
6479
7784
1995
2191
7373
3909
9969
7360
9749
2013
6677
3080
2977
12287
3690
8234
11766
6457
11303
7239
2008
2444
5055
2667
8826
4713
12268
1109
2098
2722
7683
7175
7489
11619
9610
9857
9674
7650
2414
7083
7960
864
5721
5491
7671
5203
5523
2040
3594
7981
5942
4224
2451
8316
5841
2452
9069
5697
10980
5451
7398
6313
12064
8577
8272
3852
5827
1612
1193
7509
10746
10368
11732
6658
7980
1641
9944
8899
8516
6047
4162
10307
10954
11626
1088
1571
1606
11722
7644
2161
8880
4684
2092
6599
7304
8775
2131
6538
2041
5806
4213
4245
10975
10399
5758
11708
9071
12055
514
8240
5995
11592
3406
1445
9860
4272
3365
6963
11842
3022
7629
94
7758
7539
3607
11567
2212
12164
3612
2854
4811
11894
8644
5231
71
11679
10361
12229
5774
1982
6453
7023
4683
10403
7387
7821
8608
9675
130
4360
6565
2884
2101
8897
10350
3096
6282
5962
2929
10197
3829
2743
499
2235
7315
1691
5085
8526
6339
7602
4230
6748
9936
9587
11618
96
1711
9746
5507
8504
9427
7805
5575
10978
2757
4822
10205
2108
5551
11695
12258
7946
5550
331
3601
2784
8529
4352
7090
6669
5325
5854
1221
5812
3456
12205
5316
6257
7765
8088
5240
11263
2440
12094
7743
8672
9070
4257
4825
8589
4203
2737
7881
6445
9864
10340
3794
6043
5543
9579
7159
7811
9954
4209
5906
126
11709
9877
11723
6653
4321
7597
6867
6632
11701
564
4628
7474
2500
12262
10757
3313
6253
1526
6896
2047
2182
6774
8817
7967
7442
79
2430
626
2080
5263
4799
10179
2185
7100
7928
7046
6590
11774
11666
6831
4244
12076
11805
3694
11767
10306
2839
9575
651
2004
11920
1080
9469
2139
8793
12066
8592
1693
7502
3091
9064
5224
7722
8547
7001
458
5335
2507
5636
6361
7525
1191
7143
3929
3649
2873
11891
2750
7128
4449
3013
1074
3719
10750
7836
5698
2837
2686
5866
468
5568
10971
1163
8618
7069
5058
11728
6308
1069
9620
6087
5526
6255
12197
4474
856
5546
623
11909
3805
7969
2835
3401
9713
6035
8349
7815
1678
4669
7936
3843
5167
6982
1171
1576
6949
105
7518
9728
2794
11538
2086
4688
10353
4179
7862
5770
12235
9735
7775
12122
1124
5639
3396
6900
1629
7251
5098
12309
7921
2591
7686
7103
1443
3568
2759
7926
5825
637
9453
10817
7947
1664
2831
6882
10185
6818
5412
7886
2065
3615
11814
3543
552
11882
5355
6354
9720
2608
7515
5174
5637
9649
4769
5494
8246
9651
120
1217
6466
2502
6679
5707
11711
10417
12169
11299
7079
7753
1455
6340
7389
5379
11251
3571
1210
10834
11526
4163
6460
9656
12098
4232
3110
2535
1467
10820
1037
4271
9571
1516
1220
7041
2513
7487
9926
601
1499
6271
3414
7375
896
8643
12208
7228
8194
5430
6888
5172
7420
6650
6418
4476
10979
11735
4776
7243
1024
7860
9672
11269
6302
6396
4303
863
11621
8335
2962
5553
11530
6311
9412
3011
10242
9455
3899
5651
7884
578
4288
9727
8284
7913
6804
1029
6806
5177
452
7030
10972
4354
10262
9602
1054
7858
5359
5875
4455
5532
5061
6276
10733
7045
7829
7724
11772
6530
11818
5434
1958
10260
5283
9577
4645
5219
6072
5138
9862
12038
5917
3342
10343
6862
1565
10187
6706
2173
9642
7524
4344
5563
8774
10422
500
1175
4219
3668
1706
11610
11865
7974
6461
10832
3434
7942
1044
5229
7475
7631
5618
9829
11568
3666
1548
6918
466
5358
918
10245
11892
1832
8819
6439
7178
11790
4286
6775
6254
2634
2739
6054
3737
11616
6270
9452
488
5143
6092
6960
3892
1625
565
5808
1858
12316
6260
8889
7035
6641
2443
11575
3000
2604
11266
5407
1860
5419
7215
8646
8294
3742
11937
6482
1439
6562
3906
2144
498
9077
7356
7260
6393
5604
2486
3628
8856
2491
11595
5345
12195
7329
4169
11736
12296
8519
1039
1651
112
11660
3902
3336
523
9638
7408
97
6481
12111
6820
7142
1207
9848
7278
1964
2223
5253
5233
12059
2820
7517
4706
5927
129
2160
5899
11750
8191
5867
3789
5239
12269
2683
1594
5121
635
3659
8614
12245
8273
4212
3845
131
4806
10765
7769
12106
11762
4475
11839
7081
4291
5075
1098
7463
6939
3783
12118
7906
8354
3095
7653
888
6740
4734
8811
7289
344
8520
8764
6761
2727
11943
6790
5280
8787
9959
12224
9924
1674
7205
6291
9943
9737
8523
7406
8658
2528
6659
6810
9916
9664
8367
11003
4201
5393
3008
11869
10253
2082
5818
12079
10336
9865
73
8304
11634
1650
6014
2220
6277
1505
8784
1169
1699
11527
5730
4775
10256
4681
8531
3103
10219
9723
1696
3633
5817
1023
137
2988
3550
9739
6647
1993
6754
4190
7196
352
2926
5054
8500
10734
11831
3450
2409
12092
5111
9892
3827
3390
3778
7467
5384
5922
5180
6809
4283
4299
5902
8383
7822
11286
6318
3833
2514
6984
9702
5158
6549
9729
1735
7334
12266
5258
10811
5764
8291
7255
7799
9636
4294
2870
7792
93
2626
10402
5105
4180
3724
11650
6416
1839
4191
5362
6497
8313
11543
2764
6919
9835
12194
1643
2501
5486
6833
4314
3891
7402
6242
5974
2435
7180
5591
11624
7695
10290
6959
6772
4624
6013
10816
9615
9568
9836
7454
2825
6866
10948
12048
5547
11685
2724
8855
8853
1132
7268
11726
4254
7609
2907
11773
7449
127
9612
8676
6320
5822
4458
4728
2889
10822
495
7637
3386
3006
2897
2638
3463
347
10789
6778
2906
4682
3665
9429
1504
7435
581
12213
10766
7359
5955
3444
5367
2655
8091
1607
2682
5653
9871
4205
7208
6402
8305
6516
9911
12140
11279
1574
917
5354
2917
4356
1123
321
6887
5479
4206
2595
8281
6693
3753
1452
12231
7737
5324
9939
5397
7004
7318
1688
7036
5112
1155
7112
4637
12085
7236
2066
7384
10976
7766
10828
11833
5327
8338
11902
11558
1120
90
8320
2067
7594
6819
4313
1087
1994
11927
7317
10995
2960
4330
10199
3809
7932
2089
7730
7554
11817
9965
12072
4342
6390
4453
2498
2956
7840
5126
6582
3879
8548
3415
2454
7918
610
4746
9470
5813
3565
8596
12114
2998
10280
9970
2431
11588
6817
10730
5873
6331
5943
335
7863
10284
12159
3564
6379
5298
6875
6631
544
2849
8659
101
5950
10287
5074
6330
6886
8585
10812
6850
2490
7187
6716
4777
8579
1167
1097
1078
4483
1719
1444
5050
3620
10252
6290
5266
9942
4327
4178
4764
10292
2838
7388
8508
5877
5446
12249
5302
7940
1851
7017
3343
5610
5235
5175
7344
11573
2927
5960
2814
12182
9902
9564
7800
10970
890
4745
8831
4174
5135
12123
10949
333
7550
8765
4480
7022
6812
861
3908
7401
7247
10257
8605
8573
5366
5668
1649
7622
8876
577
3848
7072
6473
5314
3750
6392
3435
8220
5624
9878
2842
11295
5190
7444
7160
10377
5292
10831
9594
7965
12177
2627
12103
7194
3875
7803
9947
5667
5819
5118
8607
5100
7751
2855
4692
3758
9627
3860
10783
6765
1600
3870
12308
7608
7553
1492
9411
11645
11535
11528
3107
5759
6490
5455
4630
7342
9683
2681
9623
493
3733
3614
2890
4161
1957
11763
3842
3618
5065
11569
9421
12051
4808
2167
9634
3918
2069
1497
8770
7453
3364
11275
6643
6904
10966
5761
6048
6786
7634
11714
4770
2804
11301
7242
2616
9430
5173
6297
1019
9917
574
1130
7320
2056
5663
5796
9073
6881
3429
5929
7139
4454
9955
9697
6785
9695
8196
6061
3779
5562
9425
11844
4184
3539
2224
5150
5206
2961
7185
5170
6634
3557
5202
5712
3689
7158
12152
2901
2948
10947
5586
4347
6319
3371
7856
517
7739
6537
11747
11589
3623
3673
8287
3830
8903
1551
5270
3712
5830
4273
5375
4737
10272
11582
4705
8521
5068
10329
5752
3847
7601
7885
11611
2898
4761
10810
900
6472
5215
1174
7432
7378
5313
7611
4147
12232
7659
6279
5705
6967
10833
7924
647
4823
11284
2985
2474
10790
5951
7649
2975
8753
12090
3767
4812
5452
9875
5279
6874
5130
10289
9665
4144
4685
7555
1216
11725
10305
8262
6942
5053
2752
6424
3903
453
9607
8542
2613
9855
4634
8562
12063
10333
11664
12156
2781
6799
12032
8806
1836
5966
2758
5301
7233
9643
9580
5114
7562
547
4148
527
1590
5981
12236
9708
8667
9747
9624
2129
11638
11935
9945
5852
11948
9439
4143
5209
5306
5740
4345
8578
8669
2456
5632
7486
2903
5940
7062
6794
6342
9882
6961
3729
8377
7689
3573
11652
1570
4647
9628
6036
2821
3883
8569
1825
10835
6768
10264
4301
8832
5210
6680
4824
1079
7755
5108
3631
5524
1036
8594
6018
12278
10223
7618
11796
8297
5952
1047
6364
10771
11256
8862
4756
455
1156
11249
2718
2690
2780
5063
4151
11823
5984
2517
5319
2777
3346
519
7380
4631
11658
3857
3711
7770
5787
7418
5785
6413
3877
12199
8348
2799
10738
12267
1500
11300
2997
3922
4450
8537
9603
7191
3108
2843
9858
5602
632
5978
555
3872
11860
568
6753
8833
10938
1690
8901
7841
7541
7591
605
2990
11939
12178
11608
5182
1810
628
9050
60
5671
6465
6409
11826
6648
7394
3880
5067
89
3698
3584
2631
8896
6616
2141
12061
9463
8295
5938
7900
3400
8518
337
3844
5669
3693
8561
8365
10964
11640
3734
7962
5504
2680
6327
8549
351
3576
68
2106
6544
7357
9726
2939
7052
1218
8247
3837
8666
531
7164
6837
6528
11594
5127
528
2746
4334
10956
5317
6780
8331
11252
12223
5626
6360
11840
9081
10727
7025
3894
3090
1837
7088
5961
1829
6247
5059
10254
11525
7883
11615
329
10276
8275
5456
7148
10760
6471
5476
5303
6978
4463
541
11668
3092
1702
11633
1131
560
2174
5695
2886
8339
3010
6356
6749
8388
6633
3635
5119
5872
12135
461
3599
5728
10160
3518
2466
10393
11828
10770
4678
1801
5328
2910
11307
2104
5623
3752
6272
9938
5802
2684
2170
7575
7762
5797
1821
3314
5577
8870
8664
7679
5576
8198
2119
7121
5464
1077
7568
5666
1508
6317
12039
10718
4758
8890
9065
7560
8362
7606
6550
6870
3391
7174
8638
521
12045
9956
6660
345
342
7218
7383
11533
4235
2880
7257
2594
2422
915
6598
5216
12163
2001
7633
8551
7935
9666
3736
10373
3380
3930
6771
4739
6712
7473
636
11770
7819
11804
1710
10249
2214
6827
8809
5269
8496
4350
2055
873
10409
7014
114
12102
5097
9716
8665
12257
1111
12080
7825
535
491
11280
1954
5076
2070
5274
6419
2078
8325
11260
5208
12307
7428
7348
7364
533
7808
9741
7672
1817
9056
7061
11523
2110
2778
3430
7598
2765
2958
7171
5748
1231
4687
7005
2672
8804
8266
1186
7816
3387
2130
5834
4754
5910
1219
7137
9592
8243
11296
3340
5926
10397
5888
7033
4668
8877
4236
6945
11791
4452
11717
1451
2081
12126
5648
3104
5805
5238
6975
5821
7203
6930
7179
8820
9686
7579
10807
8878
8511
2812
2034
9062
6619
641
8668
12243
8303
7292
4617
5480
5372
3699
10999
5649
1630
7894
7116
7531
7207
5766
5365
11614
1440
1450
5052
6425
1824
7734
3328
470
9719
6907
6028
8619
9601
2791
102
3545
6478
7279
11812
7772
1853
7154
7377
8814
7735
9861
7527
9904
5398
2805
1852
7675
334
6668
7146
11706
2190
6553
11824
10323
1814
7711
9653
7521
3823
9725
7280
3684
11261
12096
10784
4749
3678
5122
8199
1535
526
8218
8768
9707
2798
2429
7313
6995
5321
9408
6536
6966
3551
10318
7927
7220
12129
3687
859
1963
5140
7565
11755
5417
2848
457
1092
2920
6337
9059
2007
1968
8373
1707
7336
2931
5234
2531
7690
12041
10228
6671
5529
589
12211
4644
12209
7125
6485
11705
9851
7327
11884
6667
2933
1108
886
2669
9930
5652
6699
3531
2164
4234
5781
10217
634
6552
10281
1485
2538
5844
4750
1090
9891
8513
9459
1184
1141
7556
1050
6981
883
4268
5979
10967
5646
11872
558
2850
1230
2478
8539
1115
595
3398
3605
1448
5971
8875
1599
5749
1689
2234
2064
7485
6089
11785
6976
3677
7168
6022
3681
5342
6273
10998
4278
10829
5371
6529
6314
1449
1950
58
8204
10234
5661
8661
8276
11825
5293
8786
7264
9648
1043
5776
1611
1987
6004
7576
6385
3604
9457
4152
1724
10395
9932
8841
1070
7590
12068
11720
5598
8678
3416
1061
11793
6738
1138
6484
11298
6720
119
3841
2227
7173
10743
66
3622
11903
6519
3369
2497
6423
10768
7779
3007
11914
8797
10827
11897
5807
7835
5702
530
1048
9755
5444
7065
8756
2413
9465
11596
5788
6713
8803
9953
6596
12088
5811
8323
4736
7875
3378
9687
9468
11282
2606
5497
8512
10800
5537
4297
348
5996
10374
3813
8867
7664
67
7630
7727
7494
3647
11803
6715
1170
800
11250
5268
8884
6522
6027
7774
8503
8087
5297
2883
7124
2102
908
6593
5607
10188
8221
3019
1581
4292
6865
7305
3840
84
7126
5369
12233
5347
1658
10745
7462
6546
7812
7070
6983
5157
12238
7901
12263
1816
8293
6003
6070
4146
4652
6328
12277
1059
5087
4457
1657
4710
10983
3327
3407
7660
486
11305
10283
1454
9914
8237
8634
4677
542
5421
4225
7731
8580
3869
10346
11707
6791
6441
11547
7101
5477
7573
5382
3373
9952
11690
5832
7341
10388
2135
7491
7793
1533
7219
569
12097
8613
4817
7395
2734
5881
12133
12193
1720
9724
4326
4623
5351
1438
7211
9082
5594
8893
7704
5762
1460
5738
2000
11768
6367
10724
3459
1447
3439
8241
2823
6797
5057
2610
5330
2073
8621
5390
12081
6554
587
4701
5862
3716
6709
6581
9068
2148
10166
1140
9705
9606
10244
11712
7202
10263
9714
11906
10341
3026
4748
5422
5527
11692
8084
3735
11687
8670
10785
1549
1110
2720
5353
545
6369
12242
2802
2658
9076
10207
6531
2995
12149
10196
2885
6246
1196
11849
7082
2016
5388
11689
5982
4625
2216
8895
7843
5218
7048
3606
2728
2012
8778
7249
1555
9418
11630
8565
2826
9057
7854
8627
3804
7955
8333
5418
9972
524
1506
5755
12279
7657
1094
7237
4223
5800
7306
6687
482
12292
6288
6444
4479
6321
7586
5453
6857
9961
5213
4709
4721
8506
8859
9443
10251
6688
6986
1983
12203
10414
12040
5339
6979
6739
2112
2940
2015
6352
2639
1647
11665
529
10164
6932
4276
7842
1121
9890
4261
2651
3855
5079
6766
10154
9640
10235
5399
1046
5554
5282
8631
11801
2205
1479
8092
463
5790
5689
7472
2448
3658
5186
12220
7957
3859
8842
5389
5181
5936
2908
465
2877
1656
1587
5436
9883
7516
8289
3520
8213
6910
4228
2427
10763
5595
11571
1145
4614
7876
2105
1107
10775
6656
5244
1543
10974
3703
7074
10755
7504
6278
6434
8546
8555
7795
2441
5363
11521
7122
553
6083
6310
2875
6082
4686
5146
8624
3308
1086
1834
6440
5768
2983
12143
10261
548
6335
12172
2450
8651
7430
7003
77
5561
2770
3585
12050
10316
1621
7505
8679
4251
1523
12108
8657
2075
3523
7285
106
10808
1095
583
5364
9870
11893
5296
6719
5864
8209
10347
5198
4197
12252
1113
6366
11655
7027
9661
8257
3561
2923
1833
7111
6769
7780
12202
4153
2978
5299
4252
6915
7820
6570
5278
3876
8286
5741
2100
1969
11799
12246
11713
1992
6252
2605
2643
7804
10183
1685
9866
2833
9617
5948
6813
3795
8609
7222
2950
6844
3538
8374
7002
6692
5107
7192
2438
8249
4469
3670
7312
5778
2942
4743
3100
11878
3648
5681
5343
2600
1584
12139
6691
5454
12171
4779
10383
7403
6708
5162
872
912
6718
7374
3333
1820
11915
1569
5846
1736
9841
1610
7655
3077
5116
4768
2809
5896
5159
8514
2963
6341
6433
9838
10212
5614
8671
1680
10181
2479
1798
6871
6604
2919
4216
6816
6015
11926
2792
12070
2109
6856
8507
7110
2038
12256
6289
7141
3664
1809
6807
2775
2741
1589
2856
3449
1496
4158
2662
7361
62
2862
5804
6783
1073
2103
12153
7925
4196
5256
1962
6847
1129
10258
3761
7713
2650
8581
11861
4280
475
6358
2986
7276
6492
3307
3433
5540
8660
1125
6401
2085
11599
1561
1022
4786
10177
11605
1597
6609
6038
10823
4185
7617
6655
4296
1051
6941
10362
11724
2754
7880
608
12290
2195
7240
6033
12107
1633
10308
7587
9066
1661
9458
12168
11304
7333
9630
11681
6403
10801
7117
11862
4711
3725
7282
3383
11686
1986
2175
5304
1198
3803
9893
5763
3464
5581
7752
5395
12132
6572
1458
1134
12161
11850
10303
7217
5727
1808
5676
9731
5131
11602
7086
871
5842
11609
3089
7636
7696
5227
1705
2925
1563
10349
6913
1840
10944
7721
2994
537
5593
4802
502
580
6534
2039
9966
11787
8834
6610
6026
10749
5091
2416
4633
1634
5423
9918
11566
7120
7337
1575
8501
9659
6548
1866
8360
1522
10202
5743
8322
562
3320
10813
5260
7269
3579
3679
1521
8790
5361
6388
904
5463
7674
2876
7270
8904
3849
4317
9847
12052
10946
6557
2462
2959
6281
3717
1595
5829
113
5520
1112
6357
4275
5913
4622
3575
621
2218
3111
2526
1841
5394
5483
6690
3350
10319
5383
6895
7050
3706
607
5939
3302
3838
2114
8654
2183
8846
5744
2664
3389
8328
3680
10723
11703
4187
12082
6685
5947
7089
1096
10787
4694
6917
5660
5482
2194
532
7273
1583
10819
12280
12175
3819
11874
7425
7006
5603
3519
1846
12183
7742
1701
5789
12244
10232
5879
4150
7102
1063
2602
2953
10774
6315
11868
7461
5350
2032
9635
2518
3362
8785
3436
2882
2887
339
9446
8369
1194
11886
7094
340
5847
8612
6729
4222
6894
4149
6382
6063
11546
5946
1483
3672
1981
1076
8283
5745
5093
1726
6526
3931
1799
897
80
7569
10157
5246
10291
5485
2079
5567
11702
2011
2924
11560
3662
7678
4282
7495
7699
8576
1988
1482
3728
7028
5403
6872
613
7809
6603
2051
6510
10941
4323
4164
1147
3621
1977
7723
1850
1648
5777
6430
6487
10806
6577
7853
11265
2033
2597
10339
8602
5912
2633
10229
7053
10172
11867
5588
4641
2648
2091
11800
5642
7479
3637
86
5555
2445
3560
1687
3004
6353
8574
8591
5329
1585
474
11607
7827
1185
2233
7963
3646
11540
10365
9850
5472
8567
7199
10748
3904
8543
3799
7209
11520
6041
3580
8359
10767
7641
5073
3385
6801
10406
4640
2753
12031
2846
5499
9083
12047
3831
5154
7783
63
10327
132
8216
7628
3820
7405
4210
1530
9084
1045
4621
1708
2824
8248
11888
81
2533
6523
11554
3347
12261
8385
6438
1030
9975
8626
6922
6969
5458
1158
6069
7580
4337
3083
460
7421
10186
3589
5281
7526
11777
3624
4165
3774
1955
5937
2077
9567
6675
10747
2509
7108
874
5378
8582
7896
4357
6561
1469
9844
3790
11851
5628
1152
6773
11601
617
5826
9067
7084
3773
1602
12046
1961
4468
8808
7545
11291
2201
3638
10176
1490
3086
12184
9837
8825
1213
6371
7416
3634
7095
3025
6415
3627
6663
6469
12104
11591
6437
4170
6427
6333
6954
11855
8317
3547
8858
9691
6533
10271
11272
7049
1632
6585
2516
10779
9733
9706
8380
2187
4708
1062
9868
3882
2865
2496
6286
5633
7166
3749
11769
6095
7806
7514
7172
1028
11738
12127
12217
1723
6686
4649
8815
7274
7362
7478
10968
7954
1223
2457
2721
2485
6848
8390
557
8265
12036
9445
7140
10358
3705
3714
5574
8769
7826
11656
633
6468
5496
3341
6607
5775
1733
12130
5916
8839
10216
7638
8285
6731
11896
3529
12083
5522
8254
9734
627
1513
487
4702
3405
4279
9920
1662
11925
5460
5104
108
3821
11677
7794
5492
4744
550
6835
9441
9582
5857
4305
6674
9432
2177
4322
4328
10221
5402
4311
2140
2472
2735
631
1127
7702
5271
10259
3885
7073
1101
11917
2145
4676
2048
1162
8195
2202
8628
11936
5092
1655
4193
4725
2913
6355
9467
8780
7038
9921
561
8533
9619
12049
5709
3031
10940
7390
320
9922
7227
8357
9562
7540
8754
8233
1956
7476
4664
1848
5427
4648
7355
12270
