30
489
869
435
248
506
289
870
383
561
292
585
562
880
969
850
165
24
497
198
218
416
590
649
591
513
957
991
252
940
855
106
277
114
828
442
538
349
1035
181
674
7
401
912
387
894
298
188
210
1083
778
974
412
478
326
907
408
187
194
496
1009
848
127
967
101
1042
295
893
49
510
10
593
94
261
900
184
87
644
614
339
164
93
901
983
405
167
8
173
141
556
263
294
6
331
61
285
676
471
1036
592
100
55
275
891
70
1062
217
15
762
204
434
80
362
853
926
462
325
367
693
438
805
874
607
568
536
310
864
1038
683
356
724
963
781
3
1068
500
353
308
886
447
859
83
151
1017
812
518
369
758
882
914
152
371
18
810
235
795
42
550
618
1069
155
240
623
449
472
871
346
443
432
273
587
283
982
44
743
782
112
692
718
927
43
579
115
35
1066
429
205
765
719
915
1025
245
143
437
266
701
646
902
596
875
931
229
997
922
832
124
60
908
56
1050
737
1067
351
1055
390
571
448
1063
90
269
763
648
681
1082
516
359
699
868
715
393
831
1071
475
932
820
183
45
645
368
0
826
505
769
928
722
996
395
897
594
1010
657
91
1013
791
324
710
79
730
747
659
59
224
145
777
844
384
466
586
148
376
208
458
873
19
92
444
729
802
1059
1000
34
38
259
528
773
238
680
223
977
953
379
490
1023
69
691
424
668
117
658
206
801
1002
36
31
797
216
186
554
950
451
818
85
834
993
804
243
231
741
399
278
388
884
423
350
297
542
1053
584
779
389
291
622
570
537
684
130
140
916
985
563
372
1077
1008
670
789
452
178
558
391
1043
752
26
102
942
846
370
647
382
157
207
483
47
402
754
617
626
578
1037
989
772
740
400
460
433
154
166
994
808
453
287
697
624
479
149
354
176
1076
534
417
4
664
895
634
1073
517
843
347
960
642
1078
582
488
341
933
837
986
65
446
321
219
878
535
110
695
440
945
576
998
23
811
133
464
77
211
640
403
751
595
990
944
426
168
847
959
264
771
137
63
338
941
1046
52
503
68
662
768
272
1018
621
635
410
39
116
588
606
193
788
477
929
653
603
332
153
598
720
611
913
96
660
575
559
237
830
813
260
454
612
744
824
394
860
970
921
182
673
396
682
234
605
64
89
706
482
128
566
286
775
854
524
968
95
189
574
654
822
227
671
461
431
214
523
1005
220
885
803
191
1015
700
851
54
816
725
132
474
276
817
340
1040
97
627
314
146
800
761
962
20
793
548
1003
564
5
1016
172
1074
352
239
745
499
981
415
583
407
414
508
1048
202
527
964
125
509
688
694
319
159
569
1056
32
738
192
265
257
711
625
667
425
131
666
785
1079
749
599
476
495
282
643
457
1072
735
521
936
258
366
201
1
456
420
522
230
244
108
409
11
827
156
906
918
1024
529
360
305
138
16
316
46
728
965
1070
473
121
129
66
430
246
750
753
732
650
840
228
995
493
600
1026
549
560
1058
833
147
232
952
613
171
406
174
727
544
770
742
675
530
656
247
386
525
463
807
899
175
288
852
99
796
609
580
956
504
262
879
898
731
233
78
348
254
665
920
335
703
943
823
784
1022
1030
973
1006
436
825
677
357
213
322
323
17
428
948
158
849
988
459
343
315
661
301
203
492
856
628
555
632
903
531
480
636
1039
84
766
858
1021
610
619
162
637
631
705
374
1047
687
337
307
910
465
835
119
161
450
418
296
28
842
279
222
861
1054
639
866
427
185
398
1081
798
123
905
685
12
251
221
863
608
526
736
267
780
74
819
144
949
786
212
1011
733
760
484
547
961
200
1064
486
342
794
355
734
241
954
838
268
300
329
439
655
318
190
88
311
481
136
602
364
249
909
589
541
872
160
857
572
672
958
469
979
177
889
270
27
445
565
501
980
413
135
274
746
757
290
284
888
709
883
512
756
142
511
881
877
327
748
485
533
726
25
975
543
397
345
829
553
917
615
392
966
109
723
787
76
764
821
73
14
839
708
253
774
81
938
82
312
467
604
