3185
2237
3282
2728
4187
2247
3599
2823
2725
3891
3929
2688
4376
2777
4384
3087
3765
87
1786
3278
4133
452
1719
3384
814
273
1011
3057
47
1305
764
3496
3504
2299
498
1665
1348
2249
3897
880
495
658
3307
2435
3289
1733
3848
2724
811
3721
2666
276
3007
4269
3895
185
3491
1423
2233
1461
1155
3354
2288
3873
2139
3014
1619
2140
4339
4314
515
919
298
3764
2918
516
2792
230
3084
1242
3846
1019
3022
1517
742
718
2218
2291
361
1310
465
950
1684
1787
3645
189
3709
2052
1474
4294
3115
1215
1002
2515
1473
4081
834
115
1179
2916
2363
2020
176
2901
1628
1638
3483
1790
1136
2023
3696
987
313
695
1470
956
4198
1807
3325
2788
751
719
2726
1396
2753
2304
1810
1087
1082
677
2803
2980
3079
3609
2128
78
1378
2105
3757
70
2638
4351
3523
1277
3573
2962
4134
3247
1718
2283
4056
3835
3317
2938
4334
2248
1737
4126
630
905
2741
976
1680
3050
3814
2663
3105
213
3574
321
1290
1611
1282
1031
2906
328
951
3829
752
4163
4074
2074
42
3327
222
4191
2907
666
4176
2153
699
2368
4348
3321
3653
2961
2243
0
3818
852
2661
3082
1450
4138
22
1501
4011
3795
2618
3590
2227
2798
19
3382
767
829
240
1275
2706
4211
3808
2957
1639
2524
3237
773
1157
228
3642
275
3280
3203
341
2443
2464
1987
696
2572
2647
3227
2665
4185
2825
1774
3375
714
3429
2908
2870
600
366
855
4268
3190
903
2463
3229
3221
975
2106
2076
3665
1616
1596
3414
3218
3126
368
3104
487
2838
3999
3000
2002
3112
4238
1484
1069
2172
2490
2583
367
3774
2314
2114
1265
1539
2929
1217
3780
3440
258
4240
2820
4140
1572
3194
456
2155
3691
652
385
2837
3560
2292
1494
2532
3423
318
1664
4190
2902
3718
2219
4194
594
2251
317
1397
1036
3149
3901
2516
1642
3997
2818
3410
2077
2164
2637
881
449
747
4128
218
2238
1141
2257
873
2586
1063
46
1283
1042
1666
3923
3607
4148
1324
1173
2698
163
2175
2193
2768
3428
745
739
2933
2460
244
1485
4001
3821
1555
3209
3883
1447
4158
52
129
1001
1094
3546
1457
464
1024
3746
3805
3493
3979
2468
590
369
334
180
1671
3994
1245
3739
3664
50
290
1207
865
2405
2799
1994
3981
692
1085
3861
1998
1083
205
3788
2779
1734
4380
3463
533
4160
3039
1039
1006
1816
3391
908
2988
689
3094
1797
827
2178
3995
384
2984
4154
642
1181
284
3096
2813
1125
3388
14
3858
981
1727
769
332
2268
2523
662
3285
1214
726
3644
4008
725
3197
1344
2471
707
2421
1874
150
670
848
1169
4342
817
2163
1776
2121
1813
688
3719
3703
3967
453
4335
4093
1668
2066
2098
1154
3792
4034
4066
2156
4241
3893
3690
1403
3316
2185
1225
2900
1576
3184
1149
488
2609
3693
3111
1152
301
1620
2104
2641
3842
3915
1878
2528
3086
645
4195
381
3472
445
4207
2642
977
2240
4057
2437
1918
2765
3976
667
3521
4048
2357
1991
878
3074
3480
3752
3700
1335
2675
197
1922
598
114
153
4230
4349
1513
948
3836
1568
1424
4037
1103
2432
109
1703
4070
329
91
4149
3362
2917
171
3365
3575
3281
1887
2802
377
801
1326
960
1932
3188
101
4236
4125
1728
924
383
1236
3593
871
1227
294
4075
281
1675
3147
4288
2676
295
1953
743
1808
1032
2707
3714
775
2785
1013
2895
1248
3352
2220
2381
913
2540
2447
214
3106
958
3067
3611
2555
3193
2335
2786
4156
339
2202
353
2517
2424
3975
1930
3144
3248
2759
1343
3726
1681
2561
2145
233
2621
2446
3993
2612
4132
3991
491
121
727
2186
1537
4150
3618
1172
3369
1662
4157
3422
959
2465
1075
3196
1643
36
3623
768
4265
3704
3511
181
247
2127
357
3766
1886
3741
3119
2578
1709
802
1894
2029
2581
3069
3973
3615
4077
3216
4078
3624
493
3393
1132
549
3755
2147
3499
4122
3002
94
1080
167
3920
3478
4296
3902
593
3357
3108
2415
2671
4006
3329
3443
2625
249
3052
2362
3548
3529
2333
698
683
4258
2729
3809
127
4266
3978
4259
4068
624
2534
3029
3250
762
1306
2660
164
1889
2829
3270
1518
1805
1800
2919
4302
73
3037
2293
3988
1674
2065
3705
4146
2278
3113
2646
86
2746
722
602
790
2512
343
2556
3226
1320
1720
911
715
362
3729
1960
746
3584
1497
2226
3989
1286
3661
194
2596
4110
3430
4260
2096
356
2668
116
3356
130
4162
2745
1623
397
2995
2418
1158
799
3219
3939
1101
4189
2520
37
4014
2382
3697
3179
3030
1521
2338
2485
1785
3284
3124
3437
988
2173
1721
3253
2580
3612
1984
2032
24
1683
1340
3072
1144
3738
3089
497
1955
1312
2062
1138
3513
2810
4087
2297
3833
2636
1292
636
3189
3372
807
1732
992
862
3914
1928
3091
525
1820
2678
246
2469
1783
1604
4059
2375
4052
1267
1247
1422
1640
3730
3753
947
804
1499
2999
77
15
706
2983
704
1921
1178
3300
2591
2910
3267
783
1020
879
3315
1989
3266
447
2521
1373
2322
2277
885
4009
684
3018
2915
338
708
3733
2317
989
2771
470
3934
1735
3961
113
1691
629
1997
3868
374
2366
2306
2899
2431
1070
229
1052
3813
2252
1180
1741
3751
4381
3400
2309
737
4000
3578
3535
65
2336
3768
531
3557
920
3214
3860
2714
3488
1102
3180
1391
1598
2605
3823
1645
1371
585
3217
4214
387
2167
1566
4340
1487
2531
263
705
3318
1249
2690
1084
1034
1609
2947
3047
942
2124
1475
828
4041
899
869
949
1571
1597
3236
300
437
4050
3810
3761
3992
826
124
3763
450
2228
1488
4215
1287
3800
971
2466
223
785
1791
88
1401
1208
1091
720
3155
3085
2069
370
4035
3380
48
3024
192
2307
2117
1098
2034
635
3865
2266
649
3421
912
3957
3489
957
1520
2722
4111
4357
3820
641
1041
467
787
4233
1135
3028
1711
1078
417
3516
3412
896
3968
3889
3880
995
3847
765
3019
17
1376
882
3965
2780
1736
3439
3425
3963
3998
422
1988
661
823
986
392
3405
3855
655
2223
260
1451
1929
4171
1512
1008
721
4303
2643
690
3202
2727
2723
2326
2582
2254
3972
254
2422
3555
3882
501
3366
2808
2258
1575
2994
371
3305
2571
588
2187
756
1359
2404
4308
3866
1898
2623
243
724
1811
3436
789
191
1066
2602
3383
2996
2658
2945
3779
1678
2611
1717
4237
97
3034
3759
3605
21
2892
3477
3239
1872
2417
2151
92
3205
211
2747
686
2922
1353
2649
2778
3206
2535
56
867
84
2371
4135
446
2250
1663
1314
3473
1676
379
289
2026
2146
4169
793
3996
2487
2905
1040
3092
414
1724
1289
2817
4007
3666
3010
118
3076
4010
3640
1142
4272
299
1336
3512
3051
1602
3031
2450
1398
3722
581
2068
2830
1345
3815
1784
3806
1590
1076
656
1270
2981
2188
51
3801
2194
3053
2712
3110
2985
69
2152
4039
333
2743
151
2773
3191
1043
1493
4082
4358
261
3045
943
2782
2769
2324
198
2284
2119
663
3183
2684
926
1926
3350
3910
4174
3116
425
4152
2272
2640
2648
2950
1354
326
2766
1641
2701
2560
2590
413
518
521
2932
906
221
866
2562
3515
1704
2713
3562
1629
80
1351
255
3924
803
271
2775
1148
2717
1147
3314
1420
196
644
165
2264
2197
3008
2584
2537
1637
2954
3256
1238
4377
4219
1965
3408
444
2913
2453
1342
162
897
1088
1205
1150
2259
4289
1625
4306
1564
1985
664
1789
2361
2116
1569
238
3482
979
496
2832
2650
245
1415
2330
771
1204
3150
380
3290
984
2386
90
2051
1781
1893
4147
1574
2787
348
355
224
1411
3273
1250
106
388
1452
2529
3900
3032
4085
770
3187
679
1224
1071
3710
1030
1812
1239
4053
1049
1231
2563
62
627
2536
1218
3619
3148
4210
210
57
3687
3558
3208
808
3322
96
399
3908
3716
394
3058
3120
729
3906
3441
3876
337
530
2624
3885
1996
2574
1210
499
1777
1814
3898
2109
2744
2379
3776
1968
1074
2318
3960
3899
4155
104
3098
850
2626
3643
3743
993
1558
2610
1304
1617
3370
2826
2904
952
2635
1516
3274
3959
72
207
11
2686
1963
358
1137
2310
2790
1017
2585
166
27
3904
1418
2774
2568
2824
3724
2144
4270
733
526
1595
1920
3063
874
2979
1954
676
2101
2694
4287
178
527
1241
1880
3178
270
2241
220
999
3742
2441
3231
3073
4206
3291
286
1174
76
675
2169
2814
1605
3241
2414
1393
3301
2622
2530
10
4151
2989
2579
208
4353
2455
678
857
781
3392
1328
278
3333
235
3954
3622
1677
325
3326
293
1220
1288
462
632
2822
1294
3313
2176
174
4315
1916
3508
55
3955
2089
1251
3916
3396
845
3610
1303
1888
1330
4311
909
250
2141
1176
3387
3109
248
2955
2377
584
3785
3404
486
359
2518
3434
1554
3614
3811
2030
391
2483
798
3468
3556
3070
1062
970
2809
806
3371
3970
4071
3470
1230
2993
2828
3956
3102
1456
576
4170
1895
4002
4386
1317
3081
1092
2265
3145
1615
1126
3046
3199
774
4312
287
2764
2592
4184
4141
1333
578
681
4382
3598
3363
3286
259
2613
744
360
1005
3581
901
1715
824
2461
3608
1771
354
2273
2525
108
1806
4165
1601
2449
3268
1725
2331
2953
1038
315
4300
3005
279
1023
650
1635
1237
3097
1788
3539
3017
2321
3888
2816
3980
3875
1538
2595
3533
3649
158
2758
4143
1689
41
1044
2655
3223
3919
212
457
1884
991
3540
1742
2426
4040
2593
2177
3969
173
3276
1051
1731
3471
534
4042
682
296
2255
320
4080
398
2434
3181
625
350
3395
2070
1300
1156
1472
2958
893
3462
1453
748
1232
2987
2344
872
2313
2998
3413
1246
2457
2748
3431
2103
3520
3896
637
1274
2458
3402
1631
4205
2935
851
4352
352
1226
3374
3056
1882
3252
3020
2840
3913
2090
1053
4307
969
3706
543
4166
155
1682
892
3971
3745
1029
1349
472
812
1956
3783
3686
3586
2425
342
3215
2125
4204
3409
3881
4118
888
703
1794
105
3987
4079
4243
3648
3251
82
3580
3708
2939
2154
2200
183
188
1723
687
3871
2709
3794
978
529
3577
3852
1502
3506
3826
375
654
3152
3220
335
39
2323
1004
4299
2794
79
2267
386
822
1295
1455
242
3497
2428
1817
3928
1233
16
3549
3592
3233
3667
3418
3872
2234
3587
26
4313
2796
3685
347
517
2170
1573
1129
3064
1712
3940
2239
4234
1099
887
1350
1714
1822
760
730
1803
40
597
3775
2770
2597
3228
2159
859
3707
3128
3107
1278
868
1672
3234
421
3909
2433
1394
3016
791
2617
890
1966
3401
821
1739
1621
2941
800
1514
2387
2949
550
2577
4201
3417
831
262
1519
2903
3553
4092
3277
1958
2952
2926
2328
3772
2073
3406
3142
3867
3246
1374
1412
4089
1627
1593
3378
3933
2784
2567
898
272
3201
3036
1268
923
2343
3381
1688
4091
4310
3310
972
3210
962
3983
3485
2942
319
2689
237
4267
4383
3758
4218
599
750
3689
2120
784
98
985
1881
3078
1321
2841
965
1713
3244
2262
3303
2911
691
312
3200
3990
2222
38
3639
3297
314
3043
1578
4058
2564
2165
1123
3263
2670
4038
2522
907
3360
2589
3789
345
668
3331
731
2296
648
4336
1577
1486
1873
3042
1341
671
2793
4129
1710
2242
772
2033
3851
4073
3859
2951
68
424
2374
2681
2565
1000
524
915
2403
232
1983
4167
3863
60
777
154
3890
3762
3754
3713
1563
1421
2719
4309
3040
3103
3750
3416
3192
2800
701
4231
2715
3723
1414
1279
728
3862
265
1618
900
809
2295
3260
1705
2285
415
3545
3747
1799
168
169
797
833
2977
2559
3812
2920
2482
2308
3662
532
3734
2057
3524
3349
93
8
528
1503
1139
3099
2411
3398
2061
542
3736
1346
1269
2097
1356
2274
1626
3844
2311
216
2342
1891
3825
2451
4235
3518
3481
2271
2022
225
419
819
1613
702
500
123
579
3312
1562
2587
3490
1151
161
672
199
657
2143
2166
830
944
3427
3006
373
1399
2383
4112
2677
3038
33
4117
603
754
4113
3186
2100
3621
523
3204
20
2126
193
3153
2921
3576
2757
4072
190
3474
3373
3744
2673
1332
1632
4004
537
4164
3541
3522
3551
2925
1015
4200
2997
2161
3077
2554
2196
2372
4173
54
1726
2708
4145
2253
3403
626
776
4063
58
3538
3782
3376
1301
1540
2721
3407
2091
849
3255
2195
2978
3921
1222
1579
3269
3424
1211
884
4046
1266
3717
3359
2303
2691
2160
4114
3389
1773
1319
3877
816
364
864
3265
3068
346
4208
126
1483
3420
2604
443
3977
3532
2639
633
1153
3799
1244
95
3932
463
217
1027
3510
179
3299
3966
184
2924
820
2807
2181
3021
3720
1291
324
1448
973
673
4355
3857
2783
1064
12
1468
1986
4124
3850
2385
2930
1309
4263
2491
2416
4088
545
2276
2059
458
954
813
646
540
2376
3796
2833
2369
454
980
3140
2718
2657
1685
2440
1925
3849
3769
1240
219
1096
2679
372
3062
595
1133
2412
2305
336
3931
3887
3294
2021
2245
3035
2286
990
3271
75
889
3100
2795
3353
815
1183
1073
3834
277
2896
2423
925
3386
963
2224
922
1644
538
461
4142
1128
2819
3597
1105
420
1219
1633
1458
4051
3426
805
4239
2149
2898
3922
1093
3235
2110
2620
1999
4316
1104
716
3083
883
994
2406
2075
3542
2619
1054
1323
2791
1792
349
3878
520
2028
4044
1614
2400
895
2184
1357
2182
1692
4136
149
396
2410
3242
3249
3258
3502
438
1775
3585
1325
1090
3088
4298
3293
2060
3982
1890
1990
1416
3066
466
1927
3552
3025
1276
4065
2087
448
3892
2573
3816
303
3802
160
1964
1316
1901
1234
257
1184
3182
2261
1819
4385
3760
3505
3320
2364
2078
4175
2740
4347
2071
3786
2054
810
946
1308
292
3927
3838
2752
494
1779
3466
451
3926
921
170
2672
3330
2992
4343
1522
2805
2656
3918
3935
3620
916
439
1302
1400
2893
3049
4196
1057
4188
2486
3143
3279
2000
1065
1045
2337
3798
639
2982
2928
1919
3984
2481
2260
3601
1606
877
2776
418
4217
1559
159
1961
63
4346
1624
2653
592
755
4186
1035
1281
3125
3856
870
4228
2191
3606
3517
2246
71
1875
1967
4271
712
2438
2751
3288
1339
2112
2408
2557
1491
389
3544
3211
3702
3903
302
3712
3254
3309
858
1897
266
440
2492
4262
4139
3732
1729
1795
1462
2493
961
459
2225
378
3411
2614
3484
861
66
117
3534
2669
1213
2821
4043
2452
1796
460
256
111
2662
3059
4137
3009
344
3399
102
2702
3886
3663
99
1037
3870
340
700
1072
1661
1740
3328
4005
182
2934
125
2674
2598
1331
1669
316
4061
2588
4055
1463
3501
3650
693
522
2370
3793
2072
2095
4060
1146
2064
1413
2509
2063
2111
1993
759
519
4344
215
589
1444
736
152
3498
4212
2697
3869
3195
1802
3041
3962
3616
902
2203
2420
2836
2570
2527
2024
186
854
3368
535
4341
2235
2341
3272
856
786
3495
2174
1079
2959
89
3129
2789
1793
2113
3519
1465
2179
1327
3240
3912
3261
1055
3646
4153
226
1392
1067
2157
1495
1009
4337
4062
1228
2651
485
723
2695
1622
1610
175
2699
2720
3095
330
1372
3884
1449
2086
2108
3048
1818
9
761
2797
1687
3419
2360
2050
2442
2122
1273
3803
1077
3964
1500
2263
2339
3335
1212
886
59
241
2986
3839
1175
3262
3377
1608
3711
3151
3465
3332
2763
2055
998
2488
3537
3060
1402
3486
3907
1589
2716
2991
4338
2302
288
331
3894
1206
685
1591
122
2731
3435
2409
469
4213
3561
2389
674
64
3731
227
3114
2936
1307
782
3864
4144
85
2514
539
3937
2755
659
697
1592
4121
3771
18
3819
3613
3804
2183
74
2221
2703
1243
3444
253
4086
1603
2533
2742
2459
3641
3525
1877
3773
996
2835
382
1315
1673
1107
3528
2685
2027
1923
1885
875
3090
4304
327
2056
1131
2976
234
395
3033
1025
2664
285
2244
2575
2834
3824
3854
3725
3784
203
601
363
3101
323
2606
3311
4192
2230
3295
3698
2270
3323
3061
3853
4047
953
4172
2644
3442
4293
1952
3225
2754
3358
3117
2281
1667
982
1738
4116
575
1959
4067
3397
2608
3224
3791
3476
3432
3781
390
2696
2683
4130
3735
546
4261
582
1417
818
3507
1026
1772
1168
1600
2067
1815
4202
1492
3001
1565
4119
2594
489
966
604
3591
1296
2448
2301
1221
3579
2294
3283
3740
3469
1216
3651
1375
711
2616
282
3390
3879
3213
112
846
1033
2462
2190
1670
4127
128
4345
660
3334
2760
583
4354
4064
967
2319
2444
4350
4115
3122
741
1567
4131
3536
796
2659
4292
291
1804
2948
177
2198
107
3127
492
2839
157
3787
1127
1892
4305
2603
3287
3986
1028
917
4359
4330
1471
1504
365
3023
195
2470
3503
3827
468
83
2094
3415
638
2315
2199
2380
1607
4356
1097
3595
45
200
4090
763
1311
3547
1634
1460
2943
1782
3530
53
1588
44
1293
2279
3699
1515
1272
735
2340
3925
209
268
2711
1106
3594
1095
1879
2035
2088
1821
2569
2634
1446
983
2378
3600
3958
1801
732
1469
4120
3141
3093
1744
3243
997
1086
1297
2358
3364
2092
586
2001
1467
591
236
1056
4013
1556
1969
794
1347
1454
955
2599
2511
3308
757
3514
376
3559
3264
61
4203
441
647
3292
2927
1285
4168
2275
2456
2436
2287
964
3727
3831
709
1124
2320
2256
4045
2102
2427
2439
1524
4083
3044
3953
1271
4003
252
3543
1686
1010
3756
792
3837
3911
351
1377
2750
4084
2269
4291
3936
2937
4229
455
2710
2600
2189
2667
894
795
3475
766
1130
34
3845
2894
1143
1100
2419
710
4054
3230
2652
2831
3355
3013
3467
239
968
4069
1007
1730
2401
231
4331
3509
2749
1016
3874
596
1722
3207
3715
832
2192
2142
1022
4378
4232
1334
4301
2615
2388
1778
3296
780
2687
1636
274
1048
1612
280
2704
3487
3232
2891
1047
2944
2365
3003
1560
2607
202
2762
1322
749
