4487
2152
9578
12314
11809
8771
5819
118
1738
9657
1325
8646
4447
5796
4504
3212
11617
8760
4028
4033
6775
5999
3928
3992
459
2405
9950
692
319
7589
867
1800
9943
8165
4689
4002
3374
3224
9528
11086
6996
11265
7508
7424
9439
2168
9623
3283
2914
7839
12186
7560
9901
4042
255
2368
7841
7835
2939
10116
4714
4177
906
11300
8181
3738
9643
10121
6997
3899
4760
5020
4385
9923
8130
3492
3922
1321
8361
11027
4888
8253
11620
6281
4536
12163
6992
11263
11134
1389
7226
8169
2471
373
1938
1408
3604
5836
7496
8814
7301
1762
12199
9970
9840
12166
7434
10418
496
9858
764
12010
10150
10512
6769
5086
3991
2180
7274
12247
11271
12296
9839
10335
990
4624
10594
5978
4022
11298
9908
1528
11244
437
2387
5486
11275
5835
4894
3340
4597
11
7328
9935
3231
6157
2649
8362
12323
10315
4951
2623
4807
4439
3428
6522
4643
1258
3313
9696
4082
5472
2005
688
2909
11739
1270
1088
511
2110
5378
7940
8160
3403
947
11296
10422
3789
6037
454
7332
8712
5499
1324
10058
3866
8114
6272
7248
11292
10168
4575
428
132
10321
1998
3903
12162
899
11595
10110
1717
12283
329
3337
10727
11167
5910
2400
7500
11242
1570
977
3577
9854
4561
4660
6533
1824
8625
5037
3436
2924
7930
326
3010
952
7321
9700
1005
4884
10429
4917
6512
632
2558
1766
3417
887
3185
6999
8261
4423
1297
11888
5485
3959
6215
7606
3087
8238
3892
11028
944
10610
8609
8531
5520
1780
11607
5881
4016
6720
438
7269
1071
12189
8621
9955
5994
5959
628
8768
10260
4653
1011
7503
7536
5825
8639
4817
11812
1706
3627
4925
4935
3335
10042
5490
3272
862
1993
9853
10158
9557
10751
3370
6239
4552
8792
7885
3354
1298
7952
5901
1393
1271
4094
9966
3810
9432
10511
6225
152
6702
10711
791
3282
2385
239
4309
12223
10691
7476
515
1981
2000
446
8337
124
6675
6156
5091
2633
3330
7308
6183
7931
10611
1425
10498
11637
8108
10544
7369
3099
10725
10363
4473
2100
708
6212
3214
2644
903
5110
4940
10170
4855
3721
8583
10628
4664
10088
11602
3171
7966
11744
10731
8690
2375
8249
9433
5434
9826
8021
7876
8697
4387
11214
6042
2418
10258
10703
6508
12346
8551
2158
11808
7324
6161
4576
8682
4924
10681
4798
10399
4687
403
10554
9601
5114
4359
7386
4449
6985
3579
12271
5983
6780
5139
10280
11264
9912
254
10152
3420
1694
3102
8039
4303
5860
4701
10109
3193
2889
4430
6165
876
9516
10412
3216
9913
3953
4678
243
0
465
218
6669
4816
11771
274
9412
8676
10651
2710
5468
5381
8630
4651
2712
3955
11653
2195
5494
10519
4967
3342
10340
4809
11173
2760
3783
1777
3767
678
1367
4375
6149
8163
412
4987
2553
7391
6043
4977
5939
3318
3118
6203
8641
3237
11824
2165
4915
11022
3026
8325
2143
3771
263
886
6503
10555
2661
4737
10695
1251
10758
3898
5940
2414
1933
10518
8656
7859
5119
2449
774
307
7549
2452
10562
3427
7435
8651
4477
984
10466
8661
4047
1774
1931
11609
4758
2349
514
6045
3762
432
4414
3848
939
10536
10733
2629
7400
3931
5916
6542
6007
12227
1926
750
7541
3833
4649
4741
10587
8739
4005
9443
12180
6506
4054
8336
11698
1733
998
11634
10181
7832
3470
7595
11616
8105
11648
10447
3234
2193
4057
7338
3798
11882
5806
9640
8581
340
11683
2369
3729
474
6122
8357
1428
12312
3835
1010
9613
8123
6727
12318
10482
4490
3245
10287
10384
4324
912
6749
4999
7356
6089
9705
8795
10261
7868
11742
7259
10625
5776
11819
4594
7439
7233
9514
3116
4754
10359
12353
7890
7932
997
3263
7963
121
2456
10741
10140
5973
1989
4569
1708
1242
7592
3221
1407
7512
7511
6736
2783
7283
597
2091
8549
11577
1265
6259
3019
2208
3184
12209
3298
7537
5778
10599
676
6191
3378
7358
7573
7374
10668
11723
7889
1816
10410
4747
11015
6766
172
7493
10548
11280
3331
7840
404
5385
5107
10360
6958
8150
7273
6023
9486
1742
4599
8099
4733
7820
3141
691
9688
4319
11802
6201
5398
10481
11838
2433
12179
6204
3888
2383
4712
6995
6195
3128
9834
5927
8688
4790
3366
6213
8754
8121
214
1262
2348
11170
12185
7491
7029
11736
2160
5917
2410
1427
11099
4032
269
866
5464
7416
4446
8317
12289
1074
4742
7879
4662
5367
6955
9844
4618
9829
9398
2354
380
894
7438
351
3389
5849
11266
2223
3889
1356
9836
4095
2174
7528
2684
2711
10274
8332
2554
12257
395
4448
12026
7231
4781
5882
4963
10704
11798
11018
7898
5427
8342
7014
9529
1309
4734
10000
8391
4876
9624
11844
11737
5779
4773
2675
5005
1973
1535
11574
4640
5027
9606
3814
2547
1700
8244
6185
3608
7291
5883
8578
4867
10192
10213
489
3625
11707
8777
2144
237
7229
3919
10266
9579
4478
2678
8015
9860
3391
2366
11859
11223
12332
11857
4707
645
7855
517
7565
6135
5802
8667
297
8654
2190
1705
662
2155
315
12016
6729
1809
9662
878
5842
5497
6158
4093
6975
10672
7239
9709
2093
7894
2927
3158
4470
257
6084
5374
12282
5890
4419
6662
4145
3488
5781
8589
1375
371
9547
5018
7917
8717
10646
11598
4721
752
484
2107
10502
12215
8638
10664
2205
5
2123
11660
9540
2419
5453
7403
5401
2201
2164
4759
7018
1736
3944
2350
4433
10690
7960
968
1771
258
11230
9873
7522
1974
2188
8543
8
7816
5789
1546
228
4937
9897
6678
6737
278
8747
6656
8529
11041
10490
11101
3740
6261
5471
4076
12277
5439
3837
10025
1360
8725
11160
10686
7297
7566
10311
5447
4347
8323
3097
9405
1784
2439
917
11092
5386
6004
10177
12004
4548
10734
3865
10046
861
695
5416
7270
325
10320
11716
6772
11056
10450
3823
923
3255
11621
11143
7934
5467
10081
5006
10598
7821
10366
3980
3943
11681
4887
10543
1404
948
8245
4383
10622
1289
3176
2637
3954
622
10446
11604
595
7896
858
3400
667
10702
4934
2448
7912
6
7336
11128
7292
3834
10253
8183
3754
6790
134
6528
8140
9986
1303
8741
9880
9877
11724
5859
6688
8623
3192
8136
2189
5038
2146
6196
3869
3586
5876
4346
10472
2431
6804
3142
10050
10488
6189
310
6257
11088
1785
1097
9598
7420
1571
7008
303
2709
11612
8101
10730
5420
5943
3434
11149
3254
11187
5368
11262
6260
3248
7546
5843
5870
9544
504
10270
3479
11189
170
9569
12293
10136
10190
10015
7323
6712
12198
3258
11107
6969
12196
4953
3197
4970
3261
12338
7033
625
1939
10708
8734
10371
955
2688
2384
6139
9406
611
4100
2706
6285
3725
2217
12249
4752
2213
10728
2897
12254
2938
9928
1828
10565
9669
792
6030
1962
1014
8110
4378
109
2004
9725
8816
8241
9424
1746
7965
259
9830
7918
4791
3204
3446
2226
949
4020
11217
7393
3961
494
3325
10089
11728
341
10053
3594
10135
4709
11884
8826
5476
9864
2134
7856
352
3027
673
8721
279
3411
10398
10393
7557
12213
2175
8602
6090
9513
11579
9953
3996
11081
9992
245
10750
402
7923
5099
11048
3349
1403
9496
10526
4850
11678
8331
10606
2651
6069
6777
9957
10620
12201
9587
3310
2447
10501
10368
9690
3080
10612
5969
227
6077
4540
2220
2097
354
6218
10484
6973
8164
2472
762
7464
3084
8587
5795
4322
9863
4531
5001
11010
3885
6073
2453
3791
5465
4384
4424
4294
3205
2771
12370
7266
8016
184
3621
3623
2642
333
6547
9545
8018
5444
6991
1799
6730
5115
10626
215
8715
12341
1288
456
3913
1781
10032
5404
6527
4945
3101
8584
10300
12216
8724
7857
4899
4098
3854
4645
3591
4613
6152
10309
10489
5117
12236
4766
9629
1544
4825
7322
9832
8781
7949
8368
9965
7905
4988
3972
12274
1988
4746
366
2443
4527
12287
2229
4330
2543
5837
10459
4553
2761
11303
6000
7883
4099
5915
6153
1300
11726
3788
12307
9847
11849
4661
9449
11306
4802
4025
2716
3822
10347
9396
11730
672
5861
4853
12252
4991
669
4003
11302
3017
12167
4795
11747
10327
9995
7467
10636
7490
3218
253
6175
8109
9478
4428
11896
8367
1833
11629
349
3596
5425
10188
266
3648
8379
7343
1956
5466
6207
9483
3
797
6006
3182
4157
10430
4794
8124
353
11765
11074
406
10718
224
490
4445
2115
10660
10054
6275
1807
6695
3082
11708
11754
4013
10294
2933
6264
11569
4957
1975
3719
8677
8575
5379
1696
6768
2631
7604
383
4471
4416
9462
1396
8364
11163
9845
1003
9475
4341
12009
10143
6024
11572
7428
5828
6169
11644
9622
10178
2145
10491
3308
3585
9837
3095
11100
5010
7937
9564
2006
12292
11057
1099
10483
7847
7582
4086
9680
6534
5891
7908
6787
9461
10665
775
10639
10067
6681
5039
10332
4923
2777
3133
3595
11807
478
975
362
3799
8737
856
4050
9444
7441
10231
4585
6785
10577
1815
10438
6545
4397
11677
1342
10316
4320
5869
7243
8594
4631
3610
11194
3401
4916
9921
10338
10645
687
191
5479
10495
1314
4845
4436
4893
12351
11257
10732
4671
2911
11291
870
642
4636
8647
8355
2891
10322
11046
6541
3160
1563
10468
755
12204
665
4301
187
11873
10564
641
11649
8326
10008
3169
389
2432
1568
10235
12171
7543
9650
8755
1817
5847
2237
4160
3819
3206
3430
2923
12007
6794
10373
1550
5016
3847
10445
3453
244
8679
7850
3139
8801
11881
1248
3924
10004
7928
5864
12012
10486
4528
7406
5793
1709
6266
10093
4348
3444
8242
5469
368
10119
1549
3346
10471
3987
1426
3180
2912
3590
4112
3177
9575
12164
7920
1092
11862
12319
877
5041
1346
6050
7396
1240
4463
141
2546
6125
6944
305
9708
7555
11102
746
1760
7007
4728
7479
1273
2886
1391
4142
8111
11199
7013
7578
6057
6746
7408
8168
10604
5857
11638
957
1830
4481
4355
5502
3631
9850
9524
8340
1731
11211
3291
10561
6184
2346
8542
10551
8823
512
10397
12356
7478
4769
1307
3637
6011
2683
9981
6789
12169
5113
5454
5980
4006
6162
286
11570
5400
8254
8780
10165
1768
6725
2545
5972
1372
421
7470
12008
12194
360
1527
178
3287
11299
6202
8699
11705
289
890
8386
986
2773
8011
8698
4074
376
6706
8708
11209
11021
11701
6989
293
8705
2121
2120
4716
4638
1701
3851
10517
790
9542
10030
11232
11278
5481
11756
4685
5094
434
5459
445
3821
6773
8187
209
3850
4797
1269
235
6199
8558
8258
3468
1405
508
7000
4705
2194
853
6047
4829
4920
8746
1734
1364
9649
8608
3777
11190
11076
7941
1930
1935
10087
7878
4679
9609
6206
8710
10252
11030
5813
11304
616
4119
211
1253
7854
11108
9590
11140
2624
5101
3432
4959
7260
7394
2878
3131
11055
3292
8591
6008
3199
10480
3858
7359
3597
2674
3103
4352
6724
10199
10018
1311
3332
2437
9999
3309
9701
4919
2702
10529
7326
5519
10265
10641
3962
3917
509
12183
1745
10286
2435
1345
2343
2699
9857
5992
3946
6658
5504
7561
4789
249
4827
6677
3765
4331
12161
8024
5452
9924
11589
4556
1827
6952
5926
10228
4060
979
3879
4300
2639
9531
4541
7353
9482
2112
10247
1543
994
3243
485
3009
6802
7279
5865
6236
766
5816
699
5867
4411
3311
7449
10427
3339
11178
4958
4458
4393
1536
4971
251
705
8037
10595
3761
458
282
4652
8013
11157
1274
8576
2412
6774
7327
3127
11667
292
5962
2671
4516
3718
8695
9428
3105
11718
1351
2901
10356
8671
10463
4017
3964
8669
5389
2693
12187
7516
2233
314
12158
10597
855
9441
3196
4677
8360
11113
2686
503
7254
10648
2460
2660
1764
6276
6728
11706
2768
4665
2207
7953
930
1296
2382
9693
5878
423
3493
11686
10494
2142
9892
9883
11221
2442
3907
196
1551
3284
3952
3012
6735
8166
11866
10198
2468
2652
8378
10737
502
11704
11774
11630
427
161
7530
8767
510
3993
8154
8142
4821
5892
5850
8820
7607
2206
4435
11679
610
5934
9852
7307
11885
11007
6087
142
8031
689
7296
7315
9560
2363
7469
2154
4863
1992
8568
635
3878
10220
10550
8635
10323
6674
2422
1281
11193
3816
7456
3093
10748
4087
3111
5141
945
8588
3018
1560
3998
8700
11238
8387
6088
6018
12321
10151
11067
11786
4407
3960
2429
7554
304
9404
3147
6283
9626
7461
8118
4472
11656
9729
11992
9687
1702
250
4697
11287
138
5833
9838
12160
8162
10657
8691
4811
12344
8813
5450
10118
9402
6243
7870
12368
10688
4321
6154
7306
6982
1821
8383
2900
7285
4506
401
7320
4633
11700
8247
1996
11181
9568
1260
6803
5424
8170
7360
10275
8106
9597
11676
11640
4979
6241
11775
11584
7523
9722
7865
8763
9530
3491
6245
276
3236
4852
11672
5036
4595
10028
4875
2209
7929
2421
3975
9655
10656
11690
5851
8797
11045
3315
9538
2873
226
4666
11127
4774
2228
2559
10635
1334
895
2627
10390
4418
5442
10591
612
3466
2556
8827
8749
2937
11011
10166
11053
3350
9511
11050
312
6097
9979
2196
8719
8751
7608
10246
8255
4459
10218
3476
9942
6255
7956
904
7234
3583
4755
8027
8745
3923
6537
10379
2872
12320
12019
3860
11276
11795
788
9689
5380
197
3125
7906
12228
7520
1958
5897
4779
4590
5846
3812
400
4026
4851
1557
4736
10113
7256
11776
11905
10026
7827
206
8673
11032
8818
3925
11095
1239
8703
2551
881
4608
5911
5513
12298
4513
9419
2459
4587
8100
10581
10464
9615
10245
1820
652
11600
10162
10720
4757
4116
11745
4745
5024
10585
10452
4495
8600
9694
3622
6722
772
10729
3876
4004
1984
8788
8041
157
2919
1323
4824
7507
4588
6247
4077
4370
4602
3183
8533
3618
7468
4865
1366
951
7955
311
757
7316
378
4921
9534
6760
11036
171
9653
7448
4840
11832
1726
1978
1310
11573
6080
648
1256
11828
9993
9646
8098
10726
3198
680
11581
8735
6755
3607
4114
2913
7948
9697
5033
3079
4629
9963
3982
9586
8566
646
4329
7538
5131
4480
11670
3589
12157
194
316
11236
407
8234
6988
748
1944
480
3357
980
9828
7377
1388
3997
1950
11658
4404
6217
5392
7492
5997
10623
4325
2689
4571
6100
8631
1098
7432
3601
8762
166
3984
7379
5982
501
3226
10330
4768
3100
624
1004
10195
7483
10667
3782
11094
10047
10683
2944
6274
2692
2650
8030
393
11993
2463
10677
3829
3775
8369
4052
9879
999
8135
5965
1797
7304
3778
12295
4623
4611
10051
3458
2187
12224
4729
9399
10075
8345
6167
7545
5491
10428
9975
7846
7969
9539
1759
11098
10130
6071
5845
416
12003
6744
10516
4440
1566
11005
4131
7446
12231
10746
768
6086
3870
633
120
3908
8829
12184
4565
8730
8663
6666
3159
8776
4174
4985
8569
1
10572
6526
1537
3748
6957
11115
8559
4542
10694
2408
7881
3440
9851
6679
5482
11575
10064
3836
5430
4045
3726
3381
609
3951
9976
4557
4351
10659
9570
10624
3246
2203
3407
208
4938
290
6531
6663
1812
10560
4332
7027
11734
3612
108
6227
3173
6983
4297
1753
10351
4039
9933
11567
11084
9593
10096
8250
1085
11685
3766
10381
7836
8119
1716
10125
4043
10055
11791
8634
4313
5858
10296
5512
932
8544
9446
309
9918
11220
12024
230
11691
10443
5780
4997
9991
8707
11122
7010
4111
3772
3647
7936
10114
4675
8347
3753
8034
3439
11720
10111
3787
8023
3203
6131
3644
4395
11177
10070
12327
8177
9648
8649
6673
3805
2426
5785
9464
3968
6205
9916
4323
1737
10092
10278
2114
11200
4377
7366
660
7287
7003
3864
4954
1779
8680
2772
12197
2136
1752
9941
11077
2406
4150
9636
1352
4897
3155
3929
11611
409
4788
9594
4034
2922
11210
4123
7418
5515
10508
111
8606
9618
3641
3115
7238
10272
5787
8339
3455
9508
3217
601
450
12263
6676
4367
10455
914
2715
9899
8132
11109
3345
6235
5500
5977
10408
7559
2171
5435
9670
8603
10157
5925
10505
7817
2473
3780
1925
2560
3249
10569
5930
10326
6128
9580
10244
6021
8324
4550
6251
10603
4698
668
12000
8267
11037
7958
1539
9573
11222
2682
223
6966
12365
4181
4973
7576
4885
5455
9512
5397
7368
3383
10329
636
2781
4668
273
7563
3764
11126
8536
7521
9616
4793
875
11899
11034
982
10174
5082
10212
8775
6950
9671
10107
7462
3867
4535
2108
3270
1699
6020
5396
4740
9465
413
9713
4946
10617
11845
2417
10197
2172
4928
367
11208
4401
8349
3438
5458
7539
2896
11261
12192
5885
6520
10722
4035
4715
1929
7399
4318
12280
5436
11192
2704
10568
3895
7376
10349
5394
11815
8605
7818
4683
6782
1748
3731
11151
10377
763
683
1277
9855
11764
3473
7829
11841
8330
4358
8235
9509
11654
953
5026
3229
2884
10666
4361
5123
4555
2181
451
6954
7505
962
10559
6714
7531
4906
8335
3804
4614
10120
4939
7244
7350
10342
3496
8786
5022
8593
4295
9996
950
12001
3106
10618
3011
7916
275
2096
6051
9673
4176
220
10117
3916
3353
2393
11137
10406
8828
3800
1707
10175
1246
7494
11892
1755
9664
6141
11894
5829
4682
5903
2380
1340
11792
8343
11185
10411
4859
6258
7373
11188
3981
10009
3580
5432
7429
1986
7866
11743
12313
7544
5133
4410
1937
5508
6963
3643
6959
8640
9867
7339
9937
9934
8127
5017
2140
4839
10331
1276
6986
745
8791
10273
3619
7567
4694
4179
5015
5812
3089
6101
958
11811
9906
3950
10057
12363
2102
4427
3029
4405
9956
4654
10031
11789
4642
4173
4122
4911
9642
7910
10514
11842
4830
12241
5383
2360
7312
9704
4663
4949
4023
3497
9994
4124
1327
4763
12021
4639
6052
6140
898
11858
9468
6757
8167
5108
9589
11228
11657
11666
8149
3645
4996
2345
919
4067
8822
11693
10499
181
11840
4170
4670
3165
6210
7509
4866
7822
7572
9947
2436
5118
4563
11301
4460
4009
11834
1095
11625
10407
3148
6539
5879
8778
3025
3872
10319
1319
661
8528
3108
3300
1540
1436
8637
7261
3999
4848
873
3344
3256
9423
8652
9526
6795
3495
8706
3326
2894
12359
10739
6108
4637
6979
10103
9493
238
492
4488
6286
10035
3884
983
3724
4180
12025
8144
4568
4686
9451
9651
11171
8596
4822
11622
3605
231
1710
3092
9577
1355
5952
12212
11180
6268
2098
4486
7887
10281
11889
769
4889
4489
9691
6192
321
9896
7457
10754
4539
10137
10276
343
9982
7852
10172
7497
12347
11597
9426
9548
4041
12208
9553
8731
7486
6805
901
4132
5369
2126
776
12200
10160
6019
8809
1399
4475
3022
6708
4136
5395
7447
128
11587
10283
9874
3090
1565
11285
4872
4441
11631
783
10358
4159
1015
1072
6523
988
12303
8726
10256
6193
11636
6093
1808
1283
11662
3086
7880
5473
7009
5516
1070
3820
2696
8757
5495
10724
10637
3235
8585
4103
3442
2215
11282
4696
3188
9415
10421
10642
7550
4143
10537
4452
7848
2632
4503
4400
11898
961
11268
4162
3484
6964
6510
3404
4437
11790
4108
6252
7897
2626
5129
10203
2398
9898
3505
5974
651
12253
9430
4070
10126
4105
6048
8540
11762
4001
5950
3277
9676
8185
4178
386
11801
4892
11997
6188
8184
6104
5922
7440
9833
7450
6041
6763
11305
2902
11755
6118
11183
4474
4630
9603
9659
6801
9712
10401
145
4498
5032
1980
3882
6230
10074
9535
10238
5487
5832
2104
1382
7919
12315
4765
1400
8615
3191
8564
656
385
754
5792
905
11136
7228
5477
11174
9881
4564
3120
9563
6036
8653
475
3735
10454
4494
12329
1801
7950
9632
4607
5413
911
2390
10676
8252
110
234
10187
7364
11234
10010
4713
3796
12211
7016
5417
671
12358
8143
11117
10262
2645
4688
9474
2434
6067
8722
11810
1013
4849
8736
11576
2778
6181
1552
7363
4008
9558
3316
8320
2466
4905
5775
4570
337
1402
5966
317
1091
2409
12226
10250
8535
2119
7335
9571
1744
8264
11780
4360
12248
6660
11725
10541
9865
7862
631
10582
7831
3758
5872
6176
5372
9645
5030
10191
3327
11664
3463
5809
435
4558
9408
9527
756
4772
9973
3295
11142
8733
2183
344
3861
5406
10467
12269
12324
1715
10201
4912
10290
11872
3031
4451
6068
1415
5100
1371
4562
8758
11721
10134
4137
4521
162
8590
11738
865
11669
8545
4024
10647
2425
10205
5492
2362
11760
431
2113
8036
10631
156
9884
6978
377
6698
9835
1806
5986
7334
11169
3986
12362
7946
6013
3937
7874
180
11131
11565
7253
6686
4909
5509
7372
10254
6076
11013
3593
9954
7837
908
11297
2549
3734
1761
372
1245
2680
11852
7300
3481
11093
452
9591
8113
3487
6081
12349
8658
4369
3642
1968
1304
10510
6502
10303
9939
1832
5905
10616
158
10036
1577
3361
3365
7258
12301
1575
1569
5103
981
6951
3584
11213
10234
7340
1995
3168
4978
10658
4700
3489
6657
674
7513
5912
7542
6119
786
5957
3202
11158
4512
10251
4071
5000
8353
2169
4771
154
8318
6734
10241
10083
8819
10719
4044
6248
271
6781
10341
3230
11072
411
11227
11111
8539
770
12308
11746
2402
11112
5831
2111
4010
7025
11772
925
4926
596
9974
6524
1545
394
3744
10701
4442
10163
9576
4155
3881
9438
9658
4968
9961
10141
3098
4091
1401
4128
3323
3363
3110
2621
12229
2138
9730
4751
12348
1406
4058
12316
924
10528
8019
1819
5031
11150
3406
10590
7583
10284
4775
11663
4864
1083
5884
10394
9566
4891
5125
4725
1526
3609
4750
5777
6039
9718
5035
9427
1977
11175
10670
11224
2170
5393
2915
4600
10382
992
1317
4065
8599
163
9600
5365
5953
4455
2396
9621
6731
6137
6237
9692
9602
8643
11903
638
8329
4961
1006
382
3223
3745
7437
1077
7967
232
10586
10524
11897
11042
11851
6511
4146
487
7904
12203
6980
5963
7311
4491
9831
4578
4106
1783
3239
5946
5021
2148
11132
365
4592
9436
7251
6190
704
4994
10226
10522
8716
11837
363
5375
115
3815
11215
1432
5914
3859
9878
4862
5137
2450
9856
8032
9411
11639
3096
5503
6793
7481
6968
7581
10122
129
5023
5089
4104
3966
10425
657
12259
4708
7551
4304
9827
6659
10230
7230
5493
9409
10756
9500
3143
3857
5402
7921
12281
9849
6179
985
12335
3983
11766
11816
9969
767
4167
3838
5888
2455
8259
891
4315
4534
10259
2701
425
3415
3459
4908
12305
8151
7568
3792
4062
221
4518
7289
4072
8617
6025
5448
6102
10682
4479
3269
7011
8026
594
7235
3077
921
5932
10105
12279
7488
2775
7453
10589
10346
10236
390
4469
4037
6187
9518
1805
4007
2662
9972
6670
6159
2157
4127
10426
5405
972
10146
9502
5363
3390
9682
7893
3447
11854
5855
5967
3636
7365
9561
991
4109
453
10602
10183
10487
4914
1354
697
9660
9724
8530
4871
9494
649
1433
4523
1380
4312
12266
6515
8256
7459
1431
6700
9556
10156
7903
2
4046
6691
640
2758
11243
3979
2357
189
3746
10001
8740
3369
620
7547
3178
3304
5422
9445
11196
160
1267
2377
10475
5800
800
2713
10082
6074
4029
3887
6514
2131
5045
11890
7354
12165
5371
9717
11758
8562
8787
2235
3145
11711
8035
1249
11255
10523
2470
11757
2184
7825
7895
4610
5838
7922
6761
2881
3170
11867
2676
4011
11627
3373
11165
12364
4310
3779
3620
7227
12256
7
5446
9719
2647
4692
11778
1094
233
1331
883
7473
7580
8133
2411
1719
987
2677
929
11846
918
2550
5140
10169
4580
3341
3286
637
8572
10485
4566
12233
5788
5808
8713
8806
10649
8604
1834
7556
4021
1082
860
5971
11847
332
4073
1429
5414
5886
2117
8810
959
7842
3410
2364
4388
6535
4783
5121
10414
5498
10605
6694
398
10715
6166
9565
3786
7390
3179
10515
6682
2124
7943
2700
8173
467
4048
11114
9452
2159
8148
2212
12018
8240
10044
2946
460
7519
11307
164
3109
8159
4118
8659
6180
2679
5474
5945
4972
11783
11610
10021
964
8134
10706
2882
12221
8350
3252
9431
3582
10460
5128
3611
3646
3356
995
9466
3581
7240
12361
392
1530
2122
10264
798
1326
11284
9927
6016
4344
8670
10547
9869
284
9497
5507
8732
9559
8319
3634
12178
5887
4069
7375
7594
6946
4739
12288
7861
2458
1417
1305
2665
4417
185
10465
11075
3737
4061
5521
3021
5415
10685
8610
7019
8028
11618
1796
4621
6070
8257
12207
2464
179
8338
396
10337
1318
2890
4658
4869
6163
1983
4089
3371
5109
9678
2628
10242
12222
9552
4962
10752
1813
4296
6953
11999
6054
4902
10298
1255
10084
7278
4130
6219
2929
182
11079
3471
603
4012
10652
8157
8322
8374
151
5418
3454
5995
10013
4066
1529
709
11782
10675
4948
3262
7282
9
12244
4856
3372
7410
2664
11763
4787
2904
3628
993
1302
604
1330
7427
1292
7588
2399
4415
6770
7888
4307
12159
7022
7421
7302
5874
954
5433
6147
4676
2153
11818
430
2669
320
1740
9716
7480
10024
11651
7463
6945
2672
4596
5463
9988
11806
11805
2161
10608
5364
4476
1316
12262
7938
1435
3797
7942
1368
5408
173
256
6106
7813
2356
6155
10378
4483
4792
11152
5087
6965
6250
7579
10233
12309
2133
4812
5996
1280
1932
7305
11103
1344
193
350
1376
4711
1542
4152
11118
2646
5960
4833
11568
11699
4873
131
8546
3238
12355
1329
3296
10040
1788
8709
339
771
4090
10747
11105
4342
7458
441
6263
8251
12284
4551
9620
3911
11874
7939
4673
9703
3773
5496
11596
4582
7411
12220
9885
3399
10689
499
7407
12276
449
8580
3426
4581
7032
2895
3083
7815
8759
8363
1295
6282
920
5976
5790
4349
4051
6778
3402
11608
5834
10147
1243
11110
11571
707
6005
11820
4538
2173
6033
12270
937
5936
854
10299
7471
3942
7526
7484
10065
6001
8693
10336
433
11895
10470
658
5797
6221
6034
11796
5991
204
5096
8662
12267
11646
4413
9663
1343
6752
10389
6972
10194
4492
5929
11121
11650
605
9611
10085
9467
12173
11123
9886
3963
9612
2918
6748
9596
4767
4847
2708
4381
10395
4453
6751
5438
7925
7864
3759
10607
6075
10669
4372
7901
3502
626
1012
3152
10185
11652
9951
2876
336
3598
927
7242
9448
5913
10574
4655
4533
7303
4434
6242
6713
4363
1078
4706
10045
12273
10099
10016
2344
4724
3722
1416
4726
3274
11096
4898
4386
2109
4443
7309
11286
5928
3424
7851
2407
7002
6150
11089
7017
6130
8333
6693
8137
10385
6078
3364
900
8766
4832
3947
12225
10709
7252
10500
4161
3164
1727
2427
3144
3832
1724
426
965
4374
11281
3756
7293
5004
3486
3088
7823
5391
3448
1007
6095
4813
7911
9413
3503
10600
2636
8384
12154
1278
9666
4814
4394
7021
8815
1729
10644
7944
1721
486
375
4113
1347
4183
8799
12193
448
7564
2774
9519
298
3136
4805
2135
2697
10086
1369
9641
1332
5505
7290
10048
388
4353
9890
10573
12294
11078
8794
6784
4040
4719
11024
3629
4125
1728
3215
12258
5824
3638
3207
3863
910
4777
10520
9843
10305
8633
302
3994
9440
2370
10634
10063
8624
4335
4056
455
5112
2218
2705
4314
1835
414
4350
8366
8696
7257
916
11869
2698
461
5774
11793
7262
857
3132
10461
10521
8029
5896
122
10745
9905
3129
2655
4147
6017
11249
4604
4522
744
2906
12372
8388
9930
3222
429
11073
3091
8263
11274
8672
10072
5411
4868
5814
11878
12210
9715
4337
6704
5483
126
7329
2139
11586
913
8692
12278
3247
8158
6797
1328
11206
12317
7808
9940
10043
9895
3770
2870
6726
1411
11823
4338
10643
481
8567
3134
3741
2942
1791
5958
11047
11800
10076
11674
236
1081
8112
11219
4846
7319
11295
11588
3781
7389
9520
2355
9902
135
9584
10448
1836
7330
6538
902
3306
2359
7466
1100
663
10142
10364
3967
7268
9952
3875
2149
6249
11035
3343
3299
410
4717
5839
10458
7843
12195
893
801
10069
1264
8014
1798
10132
6277
10402
12336
4834
6754
4141
7264
8385
11168
1985
5863
2106
1720
12175
3784
9525
6072
10707
5987
8552
1261
2931
9686
7957
10680
11016
10434
11272
9504
3934
7384
4749
8803
615
4462
7381
10556
8674
8738
11900
11886
6705
7593
241
11237
1943
11902
8022
10721
6226
463
11877
11714
3386
4328
9459
479
346
759
598
8752
1392
10209
9914
11020
8537
6049
1751
247
10108
5990
9599
1361
10473
8714
933
4107
6096
11083
6132
7395
4081
3140
6800
3873
11817
5501
3281
10207
4499
11592
1370
10079
8188
6668
2003
9537
4139
12022
10176
4904
4368
12340
5102
6059
10615
2147
5989
4509
8233
11231
2210
3379
4831
2926
6764
11141
1290
3826
6164
9417
9476
9723
146
12172
6974
4950
2105
654
3244
10288
11998
8145
4166
6546
12322
634
9604
5981
12367
6010
6002
424
9910
11259
4316
3617
4735
10131
4000
11026
10700
3818
6798
6173
9605
6063
2641
4138
10161
7451
3600
9998
1773
5894
8560
12176
6807
10310
5042
11159
710
1775
7232
935
3871
4841
10184
10749
3265
8377
8532
11293
6716
7499
9707
2903
3893
11129
4431
2391
7814
12333
4027
11248
1749
6977
7015
9931
4753
3208
618
4376
4517
2211
442
370
6031
1284
6540
2150
3807
11106
7474
3939
989
7947
10655
8804
3808
6064
11831
11251
10417
3387
11069
4634
9397
12243
5798
11717
10248
10424
9710
8808
3501
928
9684
10409
970
9971
12286
1987
7409
6987
7914
6214
4986
5893
4782
11748
516
5821
11058
1795
9866
8125
6092
6238
2874
1553
3268
2221
11052
2899
356
9919
12302
7452
5111
9499
3094
11904
5923
3973
2197
7380
6747
11279
2765
10578
11994
3896
2930
9667
252
2129
10091
1378
447
789
7935
8359
682
5919
473
5880
787
4409
7558
11769
4826
4598
11752
7902
8131
3358
9420
5088
1358
10575
3750
4537
6270
4609
3776
444
7419
270
10735
2654
9654
457
167
287
2225
149
4947
11628
4340
12155
1718
6123
12297
1538
11240
11836
1951
8807
4732
4667
655
10239
8179
6145
374
11580
7024
9903
5920
5902
5866
150
9473
10345
3918
889
9492
12006
3167
10291
7436
9562
4559
10145
6516
12217
7355
3352
9683
1336
9685
4931
6279
8723
4
183
10317
4681
4403
11719
5122
1743
1811
10314
11294
1730
9447
10674
5092
10740
874
5904
9574
6265
5403
10442
11202
4927
3435
3989
4457
5877
4579
9517
5844
5933
3732
439
2656
11785
2885
4983
11843
3956
4334
11710
3877
4806
9456
11781
7325
3189
11619
6513
11064
9410
405
2681
136
2128
4502
2638
8573
6280
3007
9677
4546
6956
4770
4799
11665
2714
6269
3478
7444
1315
3293
6003
8156
477
10370
10662
12371
9437
9980
2162
9887
3845
4059
1767
6009
3279
7838
327
2561
4327
6750
10570
11125
4647
9862
4886
6022
4080
10243
7445
3790
6532
608
6129
8687
4882
8178
6121
8742
1810
5841
3874
1757
3175
10654
2947
10139
7398
6111
10312
7951
11751
9532
3752
4605
4450
11750
2883
11875
10376
3739
931
7811
12005
3251
4525
358
2759
10224
4861
10456
4646
9634
11247
3849
7863
1825
5025
11741
387
2630
7909
12343
4975
9936
7370
4408
3948
4496
3747
2379
4622
10313
1353
6949
5510
10269
4680
9425
5440
3650
12013
4391
5138
9522
6739
9543
11613
6661
3757
8582
6543
9421
700
5362
3266
3592
11624
10451
617
6742
10504
8316
12011
1341
3085
1285
3868
3285
946
3978
969
4317
3921
6976
10062
6014
5791
4626
242
9627
11585
8598
7023
12240
1533
500
133
8389
3130
9720
6267
11071
1936
10552
11661
9661
7443
10189
10097
5907
1337
4762
143
6146
1333
12342
8186
9550
2224
9523
4910
11863
12334
7907
1093
2163
10060
3763
2635
1338
3273
698
1534
6683
11054
7263
3413
4165
6758
11680
1934
6771
5784
4808
12366
6947
1395
8534
1434
8020
8147
7454
3024
8824
4343
1306
11204
8622
3749
3355
9595
9922
10257
2352
1970
8789
369
784
4085
9668
9644
4982
6035
7872
3209
6685
1424
8821
10271
742
9455
938
10343
1942
2888
9630
8356
9490
7858
4426
11226
4308
9868
743
5941
1776
10457
1782
8577
1941
4389
268
6085
3811
7250
6762
8626
1423
3219
703
5456
6525
3437
10693
3494
7313
3023
12242
8555
10056
4955
10068
6692
6133
3824
11804
4656
11004
7397
8655
3477
6053
4738
3172
942
3126
8765
6759
4818
9968
3974
11799
3112
7899
7833
10697
11865
11822
3578
299
3257
265
10297
11258
9607
7884
3452
880
7344
6105
11009
2002
7382
4981
7385
2462
513
7237
1413
4302
10211
10144
195
3392
222
148
6094
6046
7514
10128
11256
11267
6223
7357
11008
4990
4092
6278
4896
5484
7533
10223
3210
11270
5120
3730
8122
9638
8761
9915
12360
3906
1322
2424
10716
8689
9909
4175
5409
3433
11245
12028
8107
4063
415
8146
2351
7915
11860
12354
11119
5862
6530
11635
8561
12260
4964
9485
11235
9515
7331
11172
2465
2389
8579
882
12168
4117
10439
4298
1383
11133
4574
10588
1350
753
468
4064
10441
5366
11176
7954
8748
4710
1793
10214
9958
9477
207
4635
10267
5815
6061
4900
12264
2659
5840
9400
11288
11038
8684
6765
225
10699
5818
3290
2118
1957
12188
4704
10433
6990
4339
5988
3630
281
3150
2199
10002
4184
5475
8328
4976
2469
7246
3856
960
4943
3900
1953
1257
8120
1541
10219
780
422
3853
1960
10301
318
7417
3635
7415
11260
10567
4380
3154
11689
2178
679
5124
4520
12027
967
10563
10753
10533
6701
397
6806
10344
107
3322
8126
3602
4171
11582
9484
4727
785
10545
9450
12339
8650
335
10743
8553
3831
8382
3958
1772
8102
2397
9619
6753
4874
9728
1287
693
4101
5948
1000
3995
217
12014
1086
5909
216
7378
2200
6672
359
8642
7900
7401
7924
3395
10098
3443
6521
4154
2127
6115
408
2214
741
10671
9652
3802
3901
3720
2625
10153
4966
10619
137
3803
4532
10553
5002
2557
934
4584
10255
482
4084
7345
5899
3910
3241
3926
6796
1576
3157
6767
9656
7535
2413
897
3162
6117
6216
10217
4669
4406
7414
4151
11768
11273
863
9672
10549
5098
2376
3146
7337
3121
10492
6788
12230
11729
4612
9964
10692
10478
5043
6981
9917
1732
1266
12325
4702
7314
9479
7272
4952
2875
2707
10073
10155
3297
8728
9889
9501
7431
7869
8153
11594
1697
6507
9706
3014
5799
2670
1693
1971
10279
1556
7849
607
10011
8729
7810
10090
8597
1567
200
5918
6233
10225
5410
5506
11135
7510
10571
11031
943
3736
3462
10148
11023
5040
10029
10717
3894
355
11182
9536
12310
10386
4366
11995
4326
8550
11246
3275
9907
6715
5019
1558
1293
3015
6114
11186
4429
10479
10736
5900
8727
4619
4110
8793
175
2555
11626
10755
1263
1547
11033
3078
8557
4593
747
7310
9507
7933
11770
6170
4644
2230
7265
4543
10596
885
8033
10193
3842
12337
1002
9945
11713
4695
3250
4615
10449
8180
5462
8683
2116
4311
6689
3409
201
5449
3768
5803
4379
308
11797
12190
10208
11283
11289
5007
6262
3135
7475
1712
202
6786
11603
5805
10383
10496
3769
130
7525
3375
10462
10437
2386
5823
2640
6671
9872
2219
4133
9726
4627
3971
2695
6083
11692
7502
2762
9572
1241
6124
3137
6509
8618
12261
2764
758
9977
2167
1765
2892
2130
11059
4723
8174
3795
9460
4785
4992
12251
8668
8798
3396
6756
6029
3153
8614
1291
7830
5921
3649
4485
1711
5820
246
3827
4941
8040
4965
9926
4974
7602
7584
6256
4068
8784
139
1704
6058
3909
1394
11827
11632
10369
491
3028
11684
1430
10678
7249
7873
12265
2378
6231
4140
177
6254
10477
3421
11688
4577
4572
10006
5854
4456
7485
2191
5951
203
11212
4625
7506
10263
627
165
3423
4030
12170
3465
12238
9962
1373
1090
4158
11727
3977
2893
11784
10392
8783
8175
869
3633
11025
1818
10742
4399
11642
10638
10506
2461
1789
3405
7891
4907
7333
6027
12181
6667
4398
440
3333
2685
5871
8769
288
2763
10292
3260
147
11068
1770
7517
978
9920
6687
3467
3425
940
10579
9628
9946
4547
488
8753
10037
2898
4784
11601
4148
262
2358
5810
10614
140
3149
7601
9894
2544
3456
5938
10061
10102
4591
9727
7318
10339
8620
9702
11062
10307
9631
12311
11155
4390
11253
10757
8570
9714
5011
6776
794
3969
3013
1379
884
7487
8592
9489
7844
6518
2420
5786
174
650
10100
2780
613
8711
4835
10033
11645
11082
4097
10403
11709
5970
3728
3232
8117
3398
8260
10302
10023
1418
1548
3743
7030
6741
10679
10022
2451
2404
1381
190
1714
6032
11566
5134
8685
3751
864
8012
7515
3828
7276
3301
2204
11162
4465
653
357
4053
4690
664
11229
3938
11239
11124
4507
6232
1967
10215
1961
8750
4877
4135
1997
4819
9581
3905
8619
1247
10354
10713
2423
3190
5130
3081
4748
8628
5127
10164
11130
4345
3138
600
8390
11767
9442
8675
1385
3640
9434
9480
1531
7562
4510
8138
5013
301
10017
7294
3886
8373
9403
4333
2395
4703
6186
3988
3338
7342
694
4357
6209
11179
3187
9635
3504
4567
10027
6799
8613
6142
3431
6056
7031
4153
296
4373
2185
4432
10593
7882
3195
7247
11029
879
300
614
4586
10077
2101
4493
2877
3412
11675
11777
3912
3940
4890
3408
12369
7959
12272
11821
3616
10034
2687
11855
5116
11829
6717
4756
7482
5489
4172
2694
3388
3464
11085
10020
9506
8548
1409
5993
9876
1976
6229
4743
3328
4844
773
5826
199
123
1787
4144
4467
8381
11164
5782
9841
229
3278
3360
11687
4932
619
2910
6038
629
11733
10003
2403
5804
4497
7020
4484
8371
4780
3920
7426
9870
1725
1390
973
4589
2441
6144
10282
8636
4049
10527
10540
7826
2691
3320
6792
3271
11703
6116
10138
5390
4691
5488
5135
1422
1001
5095
3104
11254
6134
10182
4936
1009
10419
4529
3280
2342
11593
9985
4969
9721
3312
6065
8743
9911
464
3927
10204
777
11671
3603
4299
3228
5014
114
3119
11870
3945
12002
4883
418
4854
6200
2132
6970
9555
11012
11154
778
7527
2446
3289
4960
6060
7599
4617
1420
9471
7945
4913
277
3733
3213
1927
5924
2445
1572
5470
701
1763
4365
7367
7586
11591
2125
10629
6113
3976
6244
8265
2782
8104
11853
3418
10566
5937
1268
4858
9675
751
3599
643
2156
1831
7875
5964
11043
915
9900
9435
1982
10362
976
10324
4515
7571
11871
3376
10661
3161
11184
1959
6103
5429
10318
11732
11090
7281
7540
8571
1786
2103
5443
2467
8701
9422
4121
3990
10497
11145
348
10104
996
1954
4425
1339
4573
11087
3482
7267
9882
6971
11225
9510
379
338
1387
2690
4823
1084
3416
10186
11835
12237
7255
12290
2381
155
922
1102
7574
6012
12326
3123
6961
1554
3793
1412
8704
8346
1087
334
8116
4810
2361
10052
10391
7352
5961
2928
248
7968
8380
7012
2941
4843
3897
6211
4545
11290
11696
10268
8645
10112
10388
9978
4815
12017
3855
4354
7489
2373
11091
10723
10633
2779
3233
9610
3267
2438
3785
4980
7600
462
1299
8246
3500
10476
2653
1244
11879
4014
2776
3359
4364
1089
2666
6044
8601
11614
7812
1286
8171
11673
4055
9859
8563
12255
3891
11761
10071
7501
5889
12235
7349
1348
8172
5451
941
5875
11233
1252
10123
2415
10101
2934
10124
6273
3461
8607
7553
3201
4088
5848
2416
192
1698
10432
471
8681
4603
3124
10444
12328
5105
2634
3830
3880
9948
3305
4371
12020
117
8812
10405
3614
264
4126
3839
7298
4857
11868
6740
4526
7351
3151
8358
1308
7460
6120
4129
4083
765
11788
9551
10535
3264
5856
702
10653
1952
3904
11583
5830
859
6690
2454
7422
888
10380
10592
10289
3334
4944
3813
6091
2232
9997
11063
3760
10538
10387
8744
2365
2374
5807
5085
10609
2392
9567
9546
3368
4096
749
12205
4306
4444
5935
6151
10159
11794
4984
2231
4903
10583
3303
10453
7529
7819
11876
506
4468
3957
3862
675
3422
3186
6665
4699
1386
7867
10106
8805
782
9647
6182
5998
9585
1259
483
5412
11773
3949
4466
11722
10621
8773
381
11864
5090
10416
1928
4362
5944
12300
9929
12202
1829
9904
8541
7532
11097
10222
280
4632
6099
7591
10080
4993
3394
3321
4396
4500
4922
3319
2767
2367
12239
10365
1398
7346
1254
971
7570
8660
8155
5423
495
10698
6967
5517
1384
8802
10355
9674
11659
2372
4776
2940
9938
12306
3483
11826
11205
168
7498
6168
8678
7280
3194
677
936
4412
113
3890
1335
3225
3935
5441
2879
4628
1076
8017
3181
10012
7341
892
6519
11643
3801
4880
2182
1750
9549
6172
7275
909
9582
8352
11153
10094
8556
2236
4895
7824
2887
6082
7892
10066
7413
116
3652
12357
4641
2663
11880
872
8764
11695
6544
6112
6136
5126
3348
12177
4031
6240
2202
1790
8354
7465
1272
10328
8139
1238
3936
8321
6709
4549
5106
466
2907
3166
6148
9401
3639
6174
3755
313
1279
5956
5461
11138
3817
10372
4382
2925
1561
12299
1965
9949
5968
2198
9846
6160
3485
8627
4038
11578
1972
7295
670
7004
8811
470
5097
9711
323
4837
9617
10041
10237
5428
10531
3122
4761
2099
793
696
7001
6040
5794
5445
2548
4156
11195
7028
10580
6738
1250
11120
10436
3457
5514
4420
4860
1363
11599
283
9463
4778
3588
3163
3914
795
5975
10348
5949
6743
7477
2667
11161
2222
5817
7404
7442
8595
4718
12352
11049
10632
6699
1946
4482
5827
8372
3030
6222
6719
3723
153
3107
3809
9521
3347
926
12330
5009
5384
4730
690
10095
8664
4804
3156
871
10557
4356
4075
10684
7005
10613
4336
4693
10431
9990
11252
6723
7853
5480
6246
5478
12246
272
210
2166
11156
4650
4115
9407
7886
11166
3382
11207
3445
4838
9699
1769
3329
10630
2921
10509
11615
3113
11883
7402
4508
10333
9457
472
11715
6178
4956
781
186
5906
9989
7596
3324
9608
8720
7472
9875
10308
868
8547
3419
1073
4929
11668
3397
10367
11017
11201
10474
3844
3498
5955
10507
5426
10014
5457
3970
5136
8341
3276
8176
7245
11197
10738
2917
10149
1275
