250
779
932
572
986
873
96
471
217
801
825
32
227
148
965
954
312
192
275
600
385
1002
655
442
43
732
531
872
146
637
1021
10
738
107
574
566
111
544
642
390
139
709
232
791
63
347
601
569
657
42
488
874
648
598
724
366
101
161
611
377
195
47
437
706
394
128
218
69
527
1004
1020
878
699
431
200
633
855
412
221
907
763
587
482
225
356
290
88
382
106
605
760
770
468
210
497
742
675
594
99
41
238
741
84
171
124
631
296
703
966
815
422
406
178
968
87
960
614
606
333
157
237
415
180
641
1018
459
193
661
257
77
353
667
554
996
1001
289
19
603
465
384
454
95
473
205
920
682
13
190
561
429
588
545
109
516
956
461
564
342
759
822
542
85
504
153
841
202
739
4
925
563
768
215
978
158
808
410
113
701
334
991
368
318
681
299
923
254
350
860
774
534
472
251
930
66
282
634
602
1031
971
570
903
149
383
484
895
168
338
135
541
736
15
1015
435
972
853
790
6
868
79
581
811
500
802
22
820
387
993
1005
781
647
378
428
676
191
792
97
985
765
821
31
427
838
576
512
337
304
1025
916
21
514
494
844
395
651
710
362
804
326
591
810
277
846
757
324
1013
328
638
847
75
405
36
439
857
854
875
683
388
485
858
559
794
361
626
922
335
550
255
539
55
458
1033
831
194
833
797
812
452
68
623
182
441
894
728
38
783
653
132
263
244
942
517
456
582
777
126
589
59
264
62
16
404
669
556
144
883
262
33
273
558
18
440
816
448
181
947
532
392
325
964
134
933
708
967
979
658
119
640
381
486
3
1014
799
176
301
730
1029
297
12
722
118
288
836
433
924
753
871
443
1007
207
315
702
455
957
508
358
317
131
418
928
120
719
743
505
229
477
445
30
684
612
351
697
530
788
467
911
64
23
643
615
122
162
656
116
177
540
189
409
717
164
502
721
630
9
114
632
555
222
782
689
990
621
71
346
865
451
579
698
617
694
430
213
54
980
746
913
100
45
593
489
959
354
503
712
809
700
953
526
835
26
685
659
596
170
17
198
507
498
98
793
279
261
921
413
233
969
926
5
400
260
496
298
597
515
174
787
152
156
380
266
249
951
27
902
398
332
24
336
896
313
899
302
917
639
483
645
196
272
167
692
355
375
901
138
785
271
112
34
725
962
480
403
155
314
538
958
123
1023
316
197
749
805
292
487
474
0
425
506
888
117
61
735
48
94
798
995
305
938
543
360
365
837
248
1017
870
1008
239
885
223
231
983
690
1030
185
940
56
434
160
306
509
898
693
627
905
50
796
187
203
408
447
201
1
751
673
714
573
963
449
501
46
660
912
25
86
800
419
850
151
744
849
270
93
159
756
720
90
726
729
278
524
755
352
307
379
44
236
91
557
665
83
1011
861
807
175
102
535
529
274
284
490
321
386
704
931
771
234
269
518
287
944
1009
169
745
546
446
863
8
364
1012
817
982
52
293
948
188
407
705
163
103
186
322
206
463
359
320
67
511
949
952
828
945
105
595
247
943
11
575
211
733
230
939
130
827
528
311
143
402
414
51
884
584
481
696
92
37
620
950
977
585
417
327
622
209
775
276
450
867
212
713
256
628
629
608
150
936
295
876
370
734
819
843
1006
286
981
2
580
748
848
974
58
53
727
610
955
121
464
319
29
823
707
973
294
115
994
607
882
891
839
686
110
376
536
747
519
1000
510
129
886
778
491
613
851
567
1027
216
235
900
762
1016
421
1028
246
104
671
830
241
975
856
499
469
644
220
586
919
834
14
357
495
493
1003
547
946
520
127
695
478
522
737
460
723
636
173
590
716
935
343
391
165
224
795
691
341
571
914
154
674
780
987
140
199
892
758
893
604
89
331
374
411
927
438
592
81
619
988
789
308
470
679
