1011
1728
4644
277
6803
620
6387
334
1644
1870
2028
874
1910
4603
1134
1952
3051
6110
971
6397
4010
1630
3154
5836
655
3721
6028
3801
339
3434
5554
3044
1005
4550
6372
1413
1818
3452
4068
4226
6809
4219
4705
721
6065
423
1558
6840
3617
4319
3839
730
3584
4609
4428
2020
1733
1310
4673
3619
4571
3230
1172
5518
1626
3865
6121
1586
1601
3814
3868
463
150
3240
903
4607
4714
4750
1858
6198
5498
1050
3140
5731
3791
3840
3490
3312
4707
2084
242
2021
4599
115
1655
331
3666
4099
1861
4268
491
3595
3812
1222
3656
970
6048
920
1496
378
6095
6335
3296
1056
693
6857
4577
3942
3782
718
1893
1717
850
1175
571
4154
5754
3853
1232
107
6841
312
4417
5917
5537
4165
1584
995
3008
420
1508
1530
4407
3225
1803
22
1569
6242
1228
5973
1497
325
260
4150
4335
3813
2097
588
3305
6107
3835
6876
1487
4681
1037
902
945
3532
5839
145
1860
771
4309
1311
1195
2165
436
3182
3422
1946
3081
1250
3123
239
5448
3510
3106
489
6868
1572
7
3361
5711
842
910
974
653
1287
1720
5649
1229
2188
6152
976
5947
6373
1634
3967
1623
876
4576
775
3340
450
3854
1524
4380
867
4453
2150
4185
1121
4022
2091
622
256
1777
1184
1483
2010
3056
3511
3506
6315
5719
550
4282
967
3729
6165
151
6854
126
234
1267
2
1235
564
1303
4440
1
586
1188
86
790
4323
838
644
4594
896
6833
95
626
5943
1876
1757
4217
3948
4123
4279
4635
3816
3149
1328
3378
5980
337
469
4438
6134
3153
1214
3776
1711
4672
894
4457
1422
3524
936
1540
898
3323
583
43
3953
6125
3815
960
6927
24
3075
536
6961
439
3804
1254
833
1419
3274
198
527
6892
998
619
5810
4636
3438
1031
6178
3740
3226
1434
3974
1185
4009
1012
4147
1481
6378
741
540
323
5538
281
6202
196
5967
4500
4242
5573
1096
226
4146
4696
4394
4506
465
1590
4291
6886
3229
4229
4276
1047
1761
1301
1124
4391
4556
3654
804
5855
814
6871
1632
41
3147
1183
6119
4484
1776
3314
3893
4452
431
4025
3871
1206
4616
1660
573
3692
3936
557
3306
3574
5484
3321
6858
1069
4692
906
3957
5519
4320
3999
6251
295
3145
1347
6930
1549
1258
227
6268
3947
4640
5827
743
3429
3822
3808
1661
1594
6390
3458
2014
302
1814
6035
182
1945
3477
4124
1699
4474
1435
2049
6115
1779
3216
3783
580
6010
4337
112
153
3788
103
6346
5838
6301
4690
288
4032
3727
3568
1486
5957
1784
172
1345
105
144
101
651
1603
1171
4482
4029
289
3615
3221
2073
3199
678
909
1432
3754
5919
3560
3193
733
128
1543
3695
6855
1598
1420
1690
611
551
3669
5945
291
3786
5479
3304
73
1074
1008
1321
3122
284
3138
661
5755
4
627
6947
4514
178
6974
3731
6774
3680
1550
4747
6363
131
1610
40
3939
3749
3649
5501
4565
4347
4316
1268
1025
1595
4066
3395
5464
3363
685
5483
6027
3195
6030
801
4225
3310
4006
5828
3174
1734
6241
1735
36
104
3213
1900
4392
3198
4288
5692
834
6826
3900
659
3605
512
1775
821
5773
6033
1741
1485
1436
6194
654
3667
4292
444
190
5594
3894
6955
6377
992
3309
6257
1194
1066
6374
1713
3861
1291
2163
4676
1257
3003
5591
3963
310
3172
3146
1896
5952
3357
3455
3679
6016
6846
2079
5934
1072
697
4149
4001
3572
5496
1648
6074
3319
276
6347
1309
1009
6922
2053
222
1272
2145
4674
5803
2113
29
3387
1588
939
6863
1216
1791
688
428
1552
3504
4632
5713
5965
6334
6391
6921
789
5590
2027
4238
956
3400
3513
1731
88
3027
3842
581
953
687
6782
413
3859
524
1526
3518
1739
5951
6877
1231
6116
4463
1204
4454
2088
333
1640
4573
4516
3311
4729
5756
1889
940
6770
841
3834
5556
4485
3620
4122
729
4561
1233
3943
534
1246
962
6259
113
326
3176
6891
2071
3339
749
3083
1120
4499
3659
3291
1255
1294
649
3955
1573
1890
3864
3562
6299
682
6066
1329
3332
451
1044
3591
552
3733
3938
887
1304
1230
4267
1467
1383
955
3057
6960
1417
722
4285
778
3219
4552
5960
266
6849
6136
3744
5476
4633
3979
3516
3528
4738
6865
1401
5560
689
535
4263
646
4200
895
3483
3781
4416
4258
230
2001
4180
5647
3498
658
89
1659
1035
252
5738
4464
1704
6262
3503
6967
4152
4587
3952
487
3739
966
259
2044
3031
4108
3857
1351
1955
904
1892
1956
4510
1998
4080
2074
341
1545
3268
457
4345
476
6240
507
5900
4695
912
880
4186
3593
6834
5536
638
27
1805
1866
6934
1697
899
832
4387
1168
3663
6172
1740
3300
3405
4201
1652
3354
1081
1052
1555
3335
6308
4171
5444
893
4290
3424
5835
5575
784
3827
937
4118
2045
3998
4030
1089
82
3828
828
1993
748
1262
851
4164
4317
3205
91
3976
4306
3869
4176
1201
1051
4183
782
4675
311
3589
3349
3694
3987
3898
2003
122
734
1848
4505
1879
6272
3151
712
1996
106
76
4202
193
3108
3320
5912
6004
1995
381
5753
1620
746
1038
1363
1224
3780
1213
2072
820
3053
3609
446
5998
4730
1788
1327
5485
3495
1046
5552
4694
1407
4173
3852
628
3789
3124
1723
1271
5653
2081
4102
3026
6874
3448
4634
4277
1006
1536
3224
6819
1253
897
4519
4107
1365
324
1273
1988
39
676
4196
224
4187
6780
3820
6936
572
4270
3353
4342
4693
1418
2059
5446
473
723
32
5813
6238
2095
1479
656
3686
2000
4353
5954
4314
3428
481
3191
3267
918
2004
1034
1326
461
4390
1658
6201
1987
892
3334
4271
1130
5478
1505
5906
5894
6312
6029
6939
296
5866
3437
1127
949
6021
1691
383
1500
2169
3107
6070
180
4000
5771
5910
5914
544
2058
735
948
4204
1191
6828
6821
5757
708
5541
241
455
5915
1361
4680
3177
6303
1004
5942
3805
1095
4670
5808
521
4563
686
5750
4436
4720
1366
517
605
279
947
1643
3431
4466
727
2024
3719
6944
5668
1600
3960
419
3561
5863
138
3810
4105
3903
4520
6875
1102
6101
612
4284
1887
1706
3269
3105
3371
1954
6105
1815
6964
4090
913
2164
85
3502
3245
1906
4233
1986
1783
813
250
6938
751
492
1396
1192
5481
6348
614
433
4598
2051
327
192
2031
1279
4198
3685
4332
6063
4189
1629
4384
4166
300
1773
1942
4618
6288
4334
6261
1300
129
634
1912
2170
4119
1897
3485
6260
6150
5480
6302
6097
938
642
4275
3958
4311
3152
4168
1064
4593
1888
6008
3590
3203
3625
1218
4723
5854
6258
246
1197
97
4737
4589
3439
3829
5669
1810
1898
6290
3716
4402
429
1687
3491
1718
92
1538
3755
6954
4470
3968
486
1212
5856
6305
3454
1480
1346
4731
5936
1122
952
3818
1285
2075
432
6249
5770
1343
6133
5514
4310
6055
6297
4671
2112
1917
3746
1062
6963
1094
474
969
4005
6135
5981
542
3417
2110
1602
4743
4014
6958
4559
1770
3450
1833
5718
905
3603
1835
2054
4393
643
3795
332
483
3076
873
1489
4013
121
977
6124
6812
3949
4218
3817
1091
3657
6171
4388
1829
728
3380
4410
4735
3628
1695
3802
6859
830
3992
261
788
701
4245
6842
3420
4246
6940
80
4382
5940
5535
6006
6850
4324
1909
462
511
2023
3456
4104
1086
915
1099
6013
537
2136
4668
3183
3583
4431
3373
1531
1913
5664
3675
4412
3194
975
4262
2162
3369
6245
3836
4235
4415
183
1696
4125
807
379
6968
4467
5712
4181
3982
1703
2036
389
3664
1067
4354
3571
3752
6277
6286
1756
706
5787
1574
803
6061
889
785
4110
3565
449
6032
2087
3867
1539
38
5918
3724
1234
6170
3988
650
6856
4483
4240
2065
625
1745
6011
3457
1170
3941
4403
1618
3632
6051
609
1010
488
6053
6364
1215
1868
5865
3324
255
3596
4542
6807
3602
1923
2008
3333
5961
1211
3389
818
772
118
6193
4421
1692
6946
2060
3212
6073
714
2069
2082
3956
6153
5958
3460
3170
799
318
4266
1653
3273
4188
3308
526
774
3223
477
148
111
199
3522
1026
5811
6860
3231
6926
6175
2126
3445
5913
130
2083
965
5968
1198
4003
1269
3419
1743
1529
5979
4725
1521
3830
968
6143
6174
4260
5941
3480
1747
1656
1624
1033
5908
5457
315
3077
6870
1236
1021
6825
79
719
4617
6869
390
2041
615
472
3368
1599
3809
3352
1908
4614
1071
1410
4455
3823
1535
4679
740
5737
5652
1556
3784
299
3299
3496
6026
5786
1576
3059
6956
1850
5445
3444
3891
1340
2019
171
6916
4509
582
6247
3449
3355
484
232
3722
3487
4093
6952
4584
6093
3270
1902
6942
4008
3683
1872
3351
4419
253
792
710
269
618
2006
2171
3486
5460
794
5974
715
679
991
4212
3322
3207
515
2016
98
3275
1283
541
1352
1240
6255
3774
3604
2132
1880
633
2043
384
6250
4305
3365
3402
4121
6164
1404
3944
177
4344
5646
3447
1065
6151
4220
26
3586
1189
3856
3360
6776
776
4012
4459
3792
3440
6072
1348
795
3372
3241
5733
4435
278
5972
570
6235
258
629
1181
3986
1714
2047
1126
3696
452
3197
3220
3388
3693
247
2172
1205
5830
6118
3475
1264
3186
3430
4722
4525
545
1636
4021
3970
3652
5809
704
1408
2026
100
1654
6864
869
3032
132
4642
1290
3717
1123
3210
3079
4015
5751
1209
6310
1994
3747
3004
3520
750
811
1092
4411
919
3187
2144
808
3178
4116
3650
5
6861
6114
1043
3218
301
944
3393
1641
3317
2057
271
5994
1864
418
1533
5553
298
5841
5698
3573
2106
147
3600
6168
3073
1941
3578
3662
3850
1792
4686
2035
4413
1944
3271
6386
683
1819
1357
6832
5650
921
691
435
3622
4322
203
4336
1495
5534
72
1628
2034
3497
4586
6862
4027
610
3826
1642
1225
137
5868
5576
849
1509
1217
6884
5895
2007
152
1581
6966
3384
4749
3676
6318
6254
4338
1918
4414
2037
1781
1075
1504
3950
5516
4710
6918
5500
3807
447
1098
4426
6146
613
747
531
630
1769
1178
809
3715
4273
3995
2033
4708
2039
737
425
1409
1316
695
6031
1466
1772
4231
1859
6089
3350
3328
1869
4289
2032
3684
4570
2108
1203
2012
1068
1649
4182
4297
1725
847
3690
6173
1265
490
4011
6049
1816
181
6804
4558
1836
6953
1877
3099
3655
6824
388
6890
34
308
322
1607
1429
891
3404
1179
1468
1608
1400
4351
6141
3482
606
3946
3397
4568
6132
3648
4724
6316
1355
6014
3462
2140
5800
5593
1013
2090
1423
698
3844
6169
3777
1621
1330
1904
1465
6126
1093
724
174
3753
885
445
4106
343
1392
1331
471
1851
467
5901
1873
942
5520
1592
453
1924
6810
3647
3977
1437
2128
3772
4028
4498
5666
4687
1812
713
6102
1390
829
4434
4726
5864
3837
3493
1780
30
4711
6965
1523
1020
6313
943
1926
1922
4178
31
4562
1356
2127
1307
6293
4026
5540
877
4699
248
4745
3612
1397
824
711
911
4579
3738
4098
3902
3959
3426
3103
141
5801
3330
3937
1498
3610
6771
1003
6889
510
4224
1828
6296
1060
3616
6019
5557
1915
2015
1992
5907
306
632
4545
90
6096
2096
4432
1077
3674
4732
1580
4033
1852
1585
6140
4433
3779
5521
6244
825
3392
3514
1317
6113
3427
657
4084
745
6844
3965
4199
426
3587
1790
4312
6772
5592
4148
1242
3618
5693
3211
6307
3048
5697
6023
303
5542
6050
569
5579
1878
1297
6015
4381
4259
5739
1312
6001
3121
238
773
3175
3737
424
21
5966
4418
1542
3567
4477
1716
576
1315
1990
993
3501
1499
391
3897
5842
3461
1464
707
996
1398
6773
5944
1275
4643
558
1606
1405
4197
963
5665
188
696
5962
1490
6120
3374
1491
2022
244
305
800
3673
6345
6823
884
1029
1895
251
3272
3598
566
6056
3580
3367
108
4087
5911
513
2055
320
5977
4321
4214
3370
6144
641
2076
3985
1787
817
3201
3507
6292
3751
3463
3359
4704
4401
5571
3171
1577
1187
559
382
3208
3508
798
270
1314
997
787
4179
6265
225
2134
4512
3951
1088
563
191
243
3725
265
1822
4638
2094
6248
1507
6779
3206
5948
3833
3860
4553
3978
3098
3451
3723
3720
4352
3984
3855
4511
2066
6100
607
5975
4385
2030
2002
3327
529
3796
846
587
1200
33
518
4383
4702
4744
5896
1774
6948
6154
1027
6781
3570
5494
1266
5774
2086
4261
1492
4717
4669
2062
3377
4269
4575
901
1128
3303
1514
4109
6127
1007
4615
6069
3375
4409
1036
6111
3492
290
4167
4746
240
1090
870
6937
3169
3799
5953
3029
3991
4461
4706
1395
1393
4307
5715
6800
6811
6167
1578
3658
6034
579
635
868
4230
5769
3181
5577
4527
6075
4096
228
1991
1830
4712
1403
1342
4465
3569
6295
6099
3242
4278
136
4585
1571
6239
1847
1059
1358
1288
1512
5503
1484
2187
6389
1210
578
1729
1241
6191
1785
285
5752
3579
954
3473
1426
6159
4423
3895
5736
5696
5532
3293
3292
3592
702
3863
1919
1353
839
6148
2141
6149
3136
4151
3239
6838
1689
1782
1883
4597
1176
1488
125
1100
561
1277
1522
1999
5939
6158
4718
3698
815
146
4715
4611
386
1278
3244
617
4091
1227
139
4103
2142
3028
6266
5964
1763
3188
1320
329
74
3521
4397
1087
3054
4308
4613
6847
17
6300
99
235
4203
1914
6130
3173
1180
6797
4501
554
6805
1438
6236
1537
3494
1428
3266
3442
1744
1767
475
567
6283
6919
1701
468
6969
1073
1721
12
4574
5935
4569
900
6058
1016
1324
4329
584
4346
2147
5651
1019
6829
4462
823
3994
5461
999
119
5955
3769
4274
4174
3529
3613
4566
6320
4639
1292
1817
6263
3416
3748
6129
335
3797
548
1023
3399
4689
6949
3474
4100
5561
4528
4232
1341
3030
1133
1284
6279
83
4175
4257
6309
4241
639
6806
3222
221
1808
1547
6361
791
1657
1103
4678
3821
508
3945
5462
5949
6885
4583
3232
5815
3443
6317
1387
4234
16
3233
1853
3606
2131
732
2130
5772
5920
2080
6137
3832
4522
990
274
1905
4564
5905
3235
25
3060
3563
2046
1684
720
6393
1824
482
3735
133
6894
3476
1570
6314
4313
2138
1412
4169
4543
6388
4283
6064
4094
1705
4333
2013
1827
1274
951
1360
4114
3385
3819
1759
637
3594
6917
4471
4596
4405
1042
1575
3499
1647
6924
1622
3515
4018
4458
6138
1820
1907
3294
5899
231
961
3100
410
6957
522
3519
6179
4211
1223
1053
562
6109
5749
4192
6076
6233
1430
4089
1950
3055
1707
4389
1249
1742
1085
3325
1070
6383
1943
6822
1826
3787
6281
102
1596
3993
5458
3277
15
123
3661
1619
5898
1832
4602
3599
4213
946
3453
827
1863
1554
3990
916
5802
1319
2089
6131
3215
4667
3297
6104
6971
3196
1541
4688
422
5562
568
3398
1587
1894
6808
4019
3046
863
844
1855
560
1700
4551
1427
4223
1708
1911
1854
3588
3803
5644
75
3530
1384
1804
4101
4608
5667
4554
4195
6280
387
3964
726
1760
1190
20
1260
3006
4340
3386
2151
3651
6022
1289
4422
1688
478
1989
6385
908
1425
4547
1493
3981
879
3326
6973
6853
4544
94
4228
717
430
3403
5648
4739
6092
3190
3202
319
1208
6256
553
4526
2017
3862
1101
3633
4120
4541
1546
881
623
438
1746
3209
1710
93
380
3192
2070
6931
5959
5799
13
14
1732
1083
4606
28
4549
1055
4476
3972
1737
2109
1881
3421
4264
6067
1002
194
797
4475
3577
4287
1583
237
1925
624
1082
3243
294
3665
3533
3858
4595
5937
1534
1470
236
1293
840
6068
3905
3872
170
1350
4610
6777
1313
4601
6289
836
1633
3670
4600
5976
4517
1045
460
2050
4578
2038
957
3331
3576
6017
1886
197
1553
4441
411
6951
3940
1243
6282
6285
116
330
5574
3049
1125
2139
1015
1582
6090
780
3391
6012
989
4020
1766
4031
2135
3348
4237
3653
514
6799
317
1768
973
267
4703
6304
5691
871
195
5996
1527
3298
3848
309
4177
1651
1920
1875
1169
608
6243
6054
4691
229
3793
127
336
3459
6197
882
3750
6057
1871
3904
6276
4339
3120
1597
3726
3742
3534
796
5829
4236
3966
5735
4677
914
4581
3627
3559
6273
4683
6155
1388
3728
2018
2052
6333
4095
1014
4701
4222
4582
4460
3997
1244
1637
263
4227
6362
124
2137
200
3971
1544
3336
1048
3415
1831
313
1399
245
837
4350
117
4741
459
4398
4721
1519
2149
6156
1885
3214
3505
4502
640
3383
4504
314
5904
6091
1884
3806
5732
3118
1322
6271
2064
3301
3996
1174
3582
4631
3137
4508
1811
843
3489
1520
4112
3423
6852
3771
4328
3983
3954
4172
1040
525
110
2167
4424
1568
941
5997
1719
6192
3102
1299
705
4742
1199
6160
575
4239
3052
3734
3500
793
1354
3790
23
5533
3668
1061
1251
6929
680
2056
509
1415
1525
5999
3061
1809
3396
3527
6396
4386
282
1528
1028
87
1173
1104
3484
3185
6005
3441
694
6831
6820
6959
5963
1252
4472
3736
520
6269
1645
3890
2061
1295
3488
3141
434
6962
4115
539
6920
4070
1631
4524
5539
3811
4184
3234
249
4580
6108
268
950
6139
3364
6845
1362
4546
3608
4097
6332
3200
3846
1421
485
140
6933
1727
3624
3614
273
5950
223
4193
464
3770
6798
6941
616
2125
6298
1433
1548
1686
1018
4113
427
1579
1394
631
4331
4682
4685
1259
1000
1239
175
1738
872
3682
781
6294
4604
4117
636
1286
4190
5714
6117
3058
875
1469
3630
1857
1325
6018
3381
6384
886
3316
1424
3481
3509
3289
6796
3379
2085
3989
272
4153
6052
3045
109
2111
6284
6112
4216
1017
738
3660
883
1951
4548
3050
3523
4294
3831
6267
1001
4507
179
3425
5502
1344
3678
5978
1513
6851
5543
5721
37
1132
4326
4341
1076
1683
2093
6047
6848
5493
3621
3773
1685
1765
1416
3287
493
5946
1402
3825
4740
316
3024
480
1510
1736
4456
3849
4567
6264
835
1948
1865
1306
783
6893
4016
5558
769
458
1899
5734
2107
3798
6827
621
4697
437
1551
5716
441
4521
1414
1709
19
5867
3119
700
3785
3338
3295
3718
3101
1638
4404
4437
3688
6009
1406
5497
994
1186
142
3307
4083
5559
1219
565
645
5499
532
1693
4191
865
1431
3005
845
3074
6319
4406
1478
3671
4557
4325
6775
135
1639
770
1024
5456
3732
6062
1794
3975
1226
6972
5710
1786
280
648
173
3558
3601
5814
6839
690
344
4555
1078
2011
5515
1079
4486
5459
3288
6925
4256
3025
577
4023
6837
6145
6872
4315
3358
6945
3290
3756
744
6275
1080
293
4469
3980
5570
6200
202
826
1591
1318
1494
4017
959
4480
6157
2186
6106
6306
1764
1762
3775
4004
4572
96
692
736
1221
5970
6867
11
1039
4429
1296
831
812
1131
42
1604
1097
1276
6163
1041
143
6253
4713
556
6176
4513
3080
5689
3866
4425
819
1238
6380
725
1771
286
5720
5916
1758
4637
4092
1748
201
6801
6888
3607
3564
3401
84
5730
3743
6020
878
3238
4286
2129
1694
6237
3433
1589
4427
1532
4473
1823
4293
3611
1247
4479
6123
3382
3313
3841
2092
4591
3597
6196
3097
4700
2048
1298
1339
907
6802
4684
4468
6287
786
4605
5482
342
4709
440
1627
1874
662
2148
2133
6923
4243
516
421
3585
2105
2166
3689
848
1778
716
1389
4503
777
574
1605
292
185
287
3390
5495
546
1237
6835
6161
1193
802
4067
549
9
1385
3329
6932
4408
3531
684
866
1650
4349
699
454
