15
129
33
104
148
212
75
85
102
235
203
150
223
4
206
80
173
193
109
181
68
16
234
66
216
99
1
161
232
215
5
35
151
140
227
154
64
152
65
98
175
159
77
39
189
158
194
198
45
121
192
233
18
126
26
70
59
3
46
183
90
134
146
170
172
230
32
213
186
60
138
81
185
174
168
103
143
217
11
210
199
125
112
157
120
79
188
201
91
67
180
115
42
113
92
21
208
184
24
55
48
101
139
128
56
135
204
132
236
43
144
207
124
20
221
27
171
34
13
178
187
41
122
49
9
110
123
147
53
166
106
182
94
22
63
218
155
163
0
119
209
54
153
211
133
116
28
76
162
195
52
219
95
100
17
231
111
50
205
88
19
225
12
141
83
2
164
224
89
117
190
229
61
105
69
96
8
82
214
220
30
57
165
78
137
58
86
36
97
23
