2570
1289
4463
852
1287
1448
5083
4259
3531
3149
3461
901
2500
5154
2952
3209
853
716
3709
1969
4371
887
2528
4773
5429
2453
235
2174
1037
3324
4662
3022
2808
2762
1974
448
255
5380
4142
3178
3894
5015
2646
5413
434
1357
2561
5304
6467
6176
4636
4107
456
4102
3843
4992
3693
3978
4881
2991
6514
5336
474
2915
5306
850
4310
5423
5448
1794
4683
3880
6271
1679
243
4919
4150
3292
2212
1143
2964
5703
3396
4320
6165
2398
2703
5615
4945
2666
4565
3285
2614
699
3397
3175
3055
3307
2000
5127
241
5547
3281
4328
1656
2449
5932
1550
3275
2900
2193
3708
1264
4188
314
1809
6355
3908
1329
2722
5959
40
4017
4250
3205
1440
4374
6278
3530
5517
5364
3664
3805
1805
5777
289
6105
2800
3737
3755
3479
1785
4298
6494
5836
964
276
3623
5020
1692
2472
265
5833
6211
32
3691
1693
4515
3517
2109
1400
5870
1745
4960
1638
1735
5375
2169
888
440
1135
5508
966
5045
3832
5623
2287
4811
201
5458
3682
1052
5181
2858
5958
2157
1657
4640
2182
6287
416
457
6157
6504
1968
5936
6377
2574
2708
216
4244
3403
989
3248
2401
1611
6108
2711
3841
1254
6074
4872
2652
3929
1586
2698
1650
2152
3851
5068
1379
4085
3407
1398
2577
543
512
5477
882
2922
697
5460
2628
1741
6561
1702
1497
5478
5558
718
234
907
869
4954
2474
1714
4820
2924
326
3842
2466
2010
5882
6261
2497
1263
4274
2819
4106
4959
4659
6424
2317
1198
493
2794
5259
157
1813
4761
3699
637
1093
2753
3453
5624
388
5220
4767
3454
3431
263
5529
5408
2674
5650
1286
236
5171
1278
2668
1986
3925
2680
5867
1810
3870
1599
5242
4481
1921
6093
3417
3101
6069
3743
2525
3508
3624
2084
2965
2007
2367
1078
4195
2346
182
343
2488
2228
5481
5649
3046
3619
3665
4831
4251
1339
5490
308
2029
2701
3151
3796
2797
319
147
5535
5280
2743
2192
6325
926
1565
1557
5357
4122
6269
140
3493
5069
1791
2388
5705
3132
2156
3639
3330
2450
3886
6084
2724
5890
6428
1654
2975
6283
2406
5814
151
2024
5839
4032
1589
4472
1229
2804
328
6481
4771
1113
4490
5678
3581
3118
5254
4260
5622
4049
3137
285
2110
4240
3466
1416
4695
4351
4309
640
605
3326
6513
212
621
1925
1804
4479
3749
2482
2408
1265
668
3128
2487
240
2224
1290
736
3641
1723
5647
4346
4917
593
2278
2255
5396
1284
4985
6455
30
489
594
256
3879
4469
3250
943
3617
252
298
3704
1648
4644
3042
5845
2907
3976
6117
2658
3306
4563
644
2772
6286
3831
2336
3251
6288
1508
2655
4474
3115
2747
2215
1492
2923
927
2660
3999
5398
2865
3556
944
5956
3213
2001
3688
224
316
5143
4476
3434
643
5434
2485
1258
5574
4913
1054
44
1348
2617
239
259
2693
924
5543
3406
5055
5560
2980
906
5864
3210
5832
1253
5681
6451
2081
3613
1025
3663
4222
3625
1495
4653
561
936
3289
3500
1350
3877
5920
1750
3489
4519
468
1661
4686
4205
3674
2893
1321
6268
2477
3659
5919
3321
635
4517
628
1747
2149
2609
2424
3038
427
1982
1245
5510
4424
634
5405
1717
4342
5820
5641
667
2763
3013
4253
785
5129
4886
6387
5475
2889
5674
2527
1687
3215
2172
1924
4014
6558
645
6554
228
4063
930
3335
3644
4570
4112
2489
3548
5496
3889
6142
5462
1710
2421
5842
5416
4539
2702
3410
3859
5043
5050
3725
592
4661
2863
546
909
3672
5883
2951
2619
4523
4213
3286
6392
2827
609
5137
5172
2536
1381
3846
1124
4909
4088
5923
1789
3892
1413
1024
5368
3740
5358
2656
2705
4027
553
994
33
2689
5834
1281
4488
3484
1327
1972
2934
1690
2935
3845
3280
19
3035
2074
694
2471
5660
4965
6275
3723
4110
4382
1787
4221
2190
3239
3565
3029
4084
4359
1713
4758
3567
1733
4145
3504
549
5320
6208
6334
652
717
5076
2653
6452
1704
1520
1338
2933
3850
2316
809
1354
6175
3135
4081
1674
6344
1727
1406
146
2075
5283
5310
3428
6075
4553
45
4324
4805
4161
342
5793
778
2191
5880
2541
3933
1720
3963
5489
5672
4429
447
2551
1923
3702
2825
5858
3967
5848
6408
2004
1980
5855
2328
2712
4581
4068
731
5528
2375
5706
4471
1835
2590
3525
5693
4911
3303
4961
2925
6300
5047
2864
5657
3142
2822
3987
381
3986
1018
4203
6082
1491
4091
4047
5654
992
2150
6463
4749
3610
1531
6048
3300
81
3265
4040
1703
2937
4293
2380
1778
3049
6256
2770
2669
5546
585
5588
1788
4817
4157
3888
4801
3971
3733
4747
4421
919
4042
947
5170
29
4956
3443
334
5482
5570
4656
6546
1965
5440
2941
1621
1019
1251
379
3472
4475
4753
20
2716
1615
3510
6091
3979
2913
315
52
227
3872
935
1421
5661
281
1636
575
5957
5006
6089
4895
1334
4910
4074
455
223
6149
977
4685
2351
2959
2580
449
2210
2180
2431
3560
1811
4008
2801
6319
1533
1346
3056
1250
5317
8
3898
967
251
779
2983
1844
5526
5327
3241
1751
6162
4022
5373
2079
2888
1705
5319
5365
3253
598
2462
3572
5899
4468
6559
1691
4554
3491
2749
1851
5696
5716
1538
70
548
3729
483
5578
5719
309
3611
1501
5503
2438
5486
2676
3486
5232
1039
3756
5437
3640
2766
345
1244
72
4884
5549
914
3254
1040
2148
5390
3312
4079
5815
5849
2113
2752
4242
4642
3261
2276
1609
1758
1673
5163
4752
74
3519
4319
2890
1387
5554
4379
4502
5192
1524
5463
5464
3481
5266
4962
349
657
876
0
5906
2205
4117
4546
1424
1114
2664
5709
1725
1801
2005
5901
1431
2891
1815
1997
4128
6331
3477
4641
1551
5217
1235
4876
4514
4976
3864
4151
5085
4163
2293
1120
3028
2799
705
1563
1513
2586
5566
702
4562
2795
928
3962
3121
4212
4990
2963
6173
2811
3462
858
6259
3040
5222
4701
5331
3119
911
4464
4897
752
3026
4921
4197
4190
4892
2076
4645
3993
2643
3122
1556
422
4358
843
612
4207
4639
3507
5188
5447
2177
3713
5228
2372
2542
3621
31
5332
741
6297
268
3720
6158
1737
2904
6045
2437
4449
5638
3583
473
2985
3036
5492
5381
169
2820
3681
3418
1740
2990
726
5875
5831
4321
1542
3800
857
2621
3136
3552
4671
296
5459
438
1595
524
5334
3087
1790
3420
2343
2209
654
4093
3983
4530
6393
6177
5790
295
452
3881
4261
3853
1021
3416
3492
1849
3697
2633
2685
1043
2813
5689
4575
2734
2397
420
4524
3874
5841
4821
164
1442
4441
4339
968
5168
5072
387
5243
4594
3906
1092
827
3211
5916
2593
870
4007
1607
4914
3715
3501
3968
287
4196
855
3456
4982
2179
786
4311
2429
557
509
1922
3146
3902
1342
1653
2862
5057
4544
6270
2856
5960
199
2480
5000
1194
632
1004
1853
1671
6511
269
6490
2277
4241
4894
4944
3764
2454
6400
3498
2309
5159
541
3671
49
6205
1756
4343
658
3089
1020
4677
2636
555
1985
6267
1191
2908
3448
5382
2591
6335
1988
4099
5379
4696
1296
6383
2063
3176
2199
4564
4754
562
5720
4543
4545
208
3288
3435
4338
6147
4245
327
2292
6368
5571
6522
3255
4218
2651
2529
5075
5401
3652
6376
3258
1390
1712
4535
2605
2362
2433
3125
3660
1867
3243
3323
4215
3882
5987
348
4878
4423
2186
938
590
835
5061
2944
301
608
5124
3734
1048
2417
3442
4567
3262
3311
2353
26
5934
5223
2859
5675
3218
1190
166
2197
1950
5225
1336
469
3140
4031
15
6
322
198
3913
3266
987
4582
5330
5933
3268
5894
5476
2304
4440
2161
3144
3088
6289
2719
2325
3669
4365
3267
1445
2697
355
4160
4458
576
4086
211
1667
1843
4234
3577
3203
486
1625
3083
5177
3436
3183
6079
1026
3408
5151
2181
1753
727
1276
6338
3414
386
13
2725
4964
5686
703
5982
3608
4297
4973
6519
3279
2470
3444
1603
5944
1866
2339
3690
2430
4508
5907
1642
3528
5837
5073
6326
3561
1847
5132
4140
1715
6395
4159
4166
4585
4669
338
4318
3921
2478
2556
6542
5835
6113
3395
1262
4065
1130
5942
6292
4890
3977
6343
2555
17
1089
1490
3975
3037
2456
5238
435
623
1127
257
4325
818
4439
441
2394
4873
6295
2899
1451
6472
1597
1038
2420
4062
5881
237
6453
4428
5628
5282
3855
384
859
6510
2571
4770
1193
3996
1385
6517
3806
1568
3606
3080
2350
2360
5236
3124
4979
4071
4119
6202
5469
4179
5653
6457
3078
1275
3694
4526
564
3419
6081
2576
528
6520
5021
1577
5274
2274
4313
832
1706
5891
1601
1013
2003
6419
6364
3904
903
6470
4660
2671
2057
5226
3020
1956
5869
470
5569
3612
1622
4587
1605
2423
5273
3580
3152
5827
525
5552
6099
3927
6423
4989
4273
1975
2340
82
3534
4578
6418
1856
3174
4381
3521
1352
2948
5402
3449
2290
4547
2279
3586
6379
274
5633
3091
2735
6172
5536
2461
3680
4649
1993
2553
659
4146
496
1561
931
5173
277
1578
1049
2269
4294
578
782
2901
5454
1640
2683
753
3098
2898
1347
2954
3614
880
1971
5514
324
5688
4453
3985
5265
2492
3655
1450
3445
1300
4912
5335
823
2327
4663
3337
2459
3739
4983
5714
2393
3566
3095
4200
6262
639
1036
1412
5655
1202
1780
1252
35
5559
3578
4108
5016
6341
3700
4
1053
2691
2982
4470
2826
4597
5931
1708
4748
1729
722
1436
4576
808
5851
1274
2966
391
854
1377
6206
5230
5735
661
1845
905
9
3684
974
995
4021
579
3793
881
1995
2163
4775
3511
4090
4583
5579
2681
587
4087
3645
6252
534
4077
6380
3736
6548
904
6109
1808
6482
633
1139
1509
2056
3637
5123
2031
1643
5501
5522
2330
4082
200
2332
3895
1207
3844
5128
1647
6337
4030
4500
650
1396
28
4024
3661
2189
976
3915
2214
6486
5640
2053
22
3476
3849
1081
3630
3529
3325
3683
3992
6496
3034
982
1500
1137
5164
2154
4225
4682
1384
3032
3741
2718
3649
3216
1644
1978
1774
3753
4076
1659
3569
3973
4045
2637
5014
656
3795
1226
193
978
6485
5453
4239
176
221
5952
6040
158
2547
1528
3439
50
2315
2647
4889
851
2357
2203
1397
6495
5886
5530
5585
2976
2769
141
4115
1852
2919
79
1581
1195
3458
482
4763
2949
2616
3336
522
2458
3958
1443
2732
2573
1493
5419
4054
5165
4527
6095
5134
5400
3469
5472
2249
6382
2448
2108
3206
2354
1996
5436
5940
616
5914
4988
1014
1926
294
4922
163
962
1259
4569
1930
453
2390
6272
847
6509
2986
4064
5789
2629
3112
1836
1001
6404
5383
5267
2300
2543
6071
1675
1404
1617
4495
3804
3991
2748
337
5062
2072
4263
4330
4373
514
6273
3474
6464
5840
5818
1800
4907
2568
6086
708
2146
1432
3719
2265
4109
4361
6077
1505
4431
3980
3278
2491
3411
2968
5479
734
1268
5065
1427
3761
4681
2426
2803
272
320
5216
999
25
5943
4360
920
4692
3616
3297
377
730
6560
733
3863
3907
3106
819
1446
6253
1539
3409
3969
6265
3186
5930
4011
1619
986
2184
3317
3627
1322
5483
4078
3854
310
1701
4958
6409
2194
4187
4774
266
4802
5410
5792
1548
185
2464
284
382
1122
3147
253
4009
3549
1626
3748
2145
4168
5582
563
2116
5261
4800
4765
1402
1522
5051
6243
5262
4920
820
1298
2374
2687
3899
537
646
4380
2264
2307
5860
1632
2395
3998
3470
1447
4435
5445
580
186
695
5926
1677
1734
2589
2604
6435
3656
669
3559
1117
275
1507
6204
4183
6279
5557
6545
1271
7
37
2361
3177
6373
5644
6551
689
4177
516
3518
2756
4447
292
2014
2828
4666
2852
5561
4044
6078
1016
720
3542
983
552
6153
3017
737
6488
1610
3922
2572
2490
143
225
250
1399
5580
4512
6431
890
4126
3430
6080
4141
1527
2894
560
173
559
2324
2584
6497
3538
2122
213
2727
1554
2594
336
5518
772
4232
1532
3305
43
385
3315
2198
3490
3873
5148
6155
6521
307
5131
1530
1238
430
1267
5366
2764
5260
1979
4542
3570
4760
3018
4198
3413
6239
219
4180
1744
4688
1234
3496
6102
5185
5438
206
1136
5474
258
1861
1042
6249
5658
5186
6461
5385
2034
6111
5455
1575
11
1698
6042
2805
5625
3557
1239
5421
4096
838
291
1337
4353
4000
2936
921
6210
3024
5684
4327
868
2632
3422
845
4148
1518
573
4366
4425
419
214
5080
4101
192
698
4111
817
5227
830
3727
2288
174
3868
83
2396
5550
3584
5158
2829
2227
5607
3887
1301
1963
4336
2544
2345
4103
3555
5183
3424
2545
2326
3588
5315
500
1280
171
5631
3427
5333
4149
4452
990
5648
1439
4202
6484
712
3059
2746
3636
218
2033
6543
2222
5646
4808
744
2546
4998
6501
4772
4487
6406
3271
1683
711
4993
154
2296
6290
4480
5627
5620
3111
1652
3533
3544
2363
3835
4541
960
2538
3628
6477
2473
5218
2337
4039
1393
6150
1623
5285
2060
3524
2447
715
3021
2416
2271
2967
1932
6557
3293
6410
5325
5255
4249
2956
1233
3801
816
3401
4130
2707
3745
2714
5279
1149
3495
5877
533
1512
4652
1269
152
329
2248
2744
5497
4158
1699
4556
3924
497
875
1414
2588
3451
5555
4266
5190
1786
4186
1576
4815
3296
4303
341
4997
6469
3516
4923
971
3302
378
4231
5680
4046
5415
3235
5361
5040
18
1755
2348
2262
2559
826
2678
5042
428
4586
1620
2973
6433
2539
4700
3763
5378
5702
980
414
4505
501
2962
4588
2065
1660
2807
1231
6476
459
856
2648
3911
5498
3893
4155
1285
5874
3450
1639
2650
6328
949
4807
3238
1415
3044
1681
6478
1863
429
5983
527
2713
6506
150
2451
3332
1083
3916
2665
4893
3957
5403
2960
6291
2758
1966
5406
6363
3405
1781
4060
3642
3747
4507
4759
588
1344
4493
1031
3803
1990
2987
5263
3532
2816
6034
4224
1006
663
413
1392
879
4485
6257
3984
2221
4996
3686
2295
2814
5066
6483
392
5234
5324
783
3328
1776
1732
2940
707
6112
5275
636
709
2977
6250
5450
5736
4875
1547
3622
1401
1525
3848
1084
948
6415
3463
3707
2892
4698
1633
2897
3171
446
4238
4550
2171
771
2710
4891
6121
3244
5046
5231
1386
4963
2677
1959
2073
4056
2524
3260
78
3299
3856
3172
4590
1591
5272
4139
2739
3170
3304
495
2294
2534
2410
4574
3127
740
3910
2432
4344
36
458
4354
4143
184
5011
5355
4467
5
6240
2767
3657
4308
5824
4870
1205
2623
1356
6104
1559
6200
6106
4450
4363
1792
4941
2476
1728
2067
5617
1645
4334
4504
1526
423
1919
5951
4362
3876
5322
4557
1859
1749
311
2569
4275
2415
464
4265
4307
3917
5245
6391
4828
613
860
2479
5152
3327
4175
2550
1662
6120
6489
4888
3475
1203
2475
2064
1496
1858
3648
596
4125
2709
2729
1546
696
3609
1694
4189
42
393
4952
73
3550
4335
1663
3184
746
3579
5636
2387
3207
5052
3794
602
5053
1141
2144
4123
2257
3527
874
332
5673
1796
3471
774
6329
3264
937
5395
619
2342
1664
894
6043
1627
21
425
2385
6164
4230
5872
3
3536
2320
2974
5491
864
2009
4015
1696
1999
1543
1992
2815
2855
5687
480
6516
822
889
6480
3488
6302
4061
1418
5409
1247
3179
5651
27
4454
6390
5572
1630
5013
3441
3047
3027
3547
4904
6460
4422
6083
5989
1058
6493
5370
877
1426
3575
884
958
5180
5947
5321
1403
156
351
3113
333
3110
1669
5432
2771
6041
4905
2391
3400
3016
3412
6159
5424
630
2467
2266
3679
2929
3423
84
231
6246
2407
4050
6171
439
3426
3310
5918
3666
5853
6244
4877
1783
5515
6264
6553
1848
4010
2857
180
2909
2080
6321
2972
484
2379
23
1928
6166
4560
2625
3513
3990
1146
3446
3865
538
1689
1003
4433
6140
2402
3473
4658
700
6500
4006
1283
5387
2176
2741
2386
6403
3955
5904
6459
5784
1005
5247
4918
3033
1857
1651
217
2077
3404
6119
506
2563
1684
4915
6381
2124
1243
839
910
2285
3277
3272
1294
2311
3025
4162
2115
6144
2015
5001
1670
3048
5150
2531
6332
4822
1635
4708
5990
2581
5507
1498
424
3689
5175
4323
1604
2405
215
6402
3926
4368
1812
4120
4943
2151
5794
5616
499
331
4670
2465
1353
5451
4549
1383
460
929
6197
2370
1192
3878
918
1864
4255
3653
4121
1549
583
5504
4584
3862
6212
5449
2484
5908
5082
3051
290
5239
4898
2008
1841
1540
915
3576
4955
4678
209
5563
2728
4057
5506
4906
2640
4809
945
984
6512
3316
2275
3829
2953
5485
2802
956
719
2818
5694
2457
2798
5828
714
5461
5533
4482
1802
3920
16
2310
172
85
5879
2596
3571
532
6258
4345
896
1007
1757
1046
461
4296
472
5900
566
5897
1391
4825
2992
4098
4568
833
437
4689
4750
1558
704
77
1973
5308
302
5041
5584
5922
4301
6163
4124
1798
2373
4538
194
1051
701
3695
5443
2679
923
2289
3421
5276
5937
1030
4070
5376
2765
5391
4497
806
829
3468
3638
5071
2530
4520
2202
1637
2162
2774
394
1998
2947
5852
6345
2280
3710
2111
1340
4199
2208
4364
1779
6035
4356
1419
1743
2344
6349
502
4803
1818
2185
4529
3931
2331
4551
3539
4217
2630
4357
3564
723
607
3861
5692
5865
6371
4580
4211
4432
6282
1738
433
390
1034
2914
1580
531
3270
3647
4672
4114
4219
6236
2302
4001
3173
1295
1854
2548
3651
4667
4004
1600
4442
5541
1502
618
2159
5003
248
4635
2618
3129
2523
4113
517
5843
3104
4654
1133
4257
2069
5063
177
1807
5921
1987
4746
4208
6370
4819
2283
3526
4494
913
3754
5698
280
4824
4506
3520
5442
2021
5374
1056
4572
6118
1189
5244
1080
4600
4638
478
2168
3415
2821
5829
4806
2022
4486
3852
444
3677
5480
4995
5613
3923
3263
4522
168
3798
5948
706
6375
5187
5160
4827
4756
4164
1333
6237
2355
2352
3890
900
2272
2978
5634
1087
1957
6154
5323
2259
2365
4005
5064
4443
3540
5531
1423
4220
205
620
1629
2823
916
1227
3574
2920
1731
306
3301
908
4223
2961
1803
1349
4118
2773
5271
1716
611
2413
2981
5896
5715
5189
6360
2585
1523
3482
1407
3086
6070
5138
5669
6143
2969
6552
5981
4337
4348
1292
975
2147
599
6474
4426
4026
1323
4029
6416
6550
1411
5991
6515
933
902
4355
4492
2641
293
5229
513
4043
2414
3457
1506
380
4518
6425
5394
834
811
961
1958
4437
2700
6322
3467
1023
14
2
5568
5935
4264
2686
6263
4012
2483
2359
4804
3181
139
2446
1666
3965
3282
1608
624
5494
959
2334
4548
4256
3052
1929
4704
4540
4694
2445
3582
1573
2026
6353
1115
340
6320
6333
5699
4089
318
2273
4258
1123
6475
4599
2422
5372
5054
5878
1129
2684
3438
3883
5384
1395
2582
825
5281
985
5328
3618
617
5417
4674
4134
606
3678
6352
6417
5431
3294
5428
357
4999
508
5516
3502
1784
2606
1536
2261
2695
4986
638
3058
2659
2481
4970
4579
2371
4942
4135
872
2030
4951
3982
2694
3126
4138
304
475
6420
2634
4306
4269
5411
5821
3012
6103
530
4953
3698
1777
5467
950
2592
3116
282
1128
6301
1261
5534
5167
5182
1606
4252
273
5538
466
3097
2442
1984
395
713
3675
4637
5471
1256
6342
485
2086
4810
6498
48
5270
1665
2667
1297
2812
569
4350
4513
5683
5846
1782
2654
3568
4693
2455
6148
2400
941
1614
5174
6347
3884
2600
1519
2284
1964
1726
6401
149
5312
4709
3329
2796
2626
3182
550
3891
5252
431
1592
47
5737
1579
3180
751
871
540
897
144
750
1417
4589
2717
160
3537
4092
3626
1797
3696
2989
4174
1816
5577
5457
841
1746
1255
3039
4132
1529
3839
3103
2520
1680
1722
2912
4028
1002
5887
5866
2443
539
5512
5780
4003
690
4262
2125
2860
353
4903
6398
3432
1754
5929
2226
1697
5532
622
4697
4673
2486
1246
3274
1240
3643
3714
2979
5524
6462
523
220
3494
5146
4509
2369
2565
1962
2587
2170
190
4755
350
2223
5314
4503
1613
3522
4292
2938
2583
5465
2642
4987
3634
1248
5007
2281
2930
577
415
3900
356
969
6260
773
1382
2252
5502
1027
5126
6036
691
3245
828
6235
5817
836
346
4832
6296
5586
2411
6544
1094
1860
5873
5548
2737
2121
5583
2817
666
5156
6468
6274
5441
4176
2564
3339
6407
4216
4214
1147
3875
142
2639
2366
2631
3587
2498
6385
3802
5184
5980
1736
891
3298
6141
3487
2206
4094
5435
6479
6354
5144
2612
2392
5039
2382
5652
1266
6318
2013
5783
3425
4484
5612
5903
1534
2928
5191
4171
2988
2087
2299
6167
3090
5008
159
4883
2349
6038
1752
2917
2167
1441
4451
4968
3314
2755
2910
5955
3759
626
5393
4434
3057
2440
2204
2025
1503
1257
3284
6151
3094
5019
1616
2601
2270
5892
6339
2499
4595
2731
1434
3585
665
202
330
4702
6429
2742
3731
383
1116
2329
2187
865
2905
5316
4105
5938
4552
5822
5427
5539
6555
6233
6255
1088
810
5500
5495
2958
2153
5004
5993
1121
5367
1552
4236
5850
5155
5359
3726
4333
5545
6411
4816
305
3988
323
5269
4525
6247
3869
6505
222
5363
742
3240
4703
10
3050
4372
5844
547
6152
4034
895
5139
4270
529
5305
5950
1437
3131
1560
3605
6426
651
3799
2902
1230
4369
3543
271
1838
1718
4457
6456
247
627
3452
5690
4528
4191
1332
2195
4705
2754
3322
3030
5142
3148
4687
3399
1389
2338
3130
6384
542
505
3752
4020
3019
300
5776
5718
6094
2535
3658
4083
2751
2055
1981
1846
1628
2020
3994
5915
5527
3318
4002
885
3546
5825
5927
2567
4558
2699
1010
6399
2932
892
2927
69
515
4185
3959
6033
5912
5645
6350
170
242
3553
862
2383
2376
3096
3706
4643
286
4456
5677
747
5446
3139
5917
6366
3896
5670
3143
1641
5056
917
4347
2027
5819
5823
1541
848
5786
631
2155
5018
6378
4116
4033
4035
5067
3045
2809
4991
1015
954
5005
3635
5249
1961
5444
5785
4172
3141
1719
5953
1299
4762
1408
5240
4675
4593
3242
2615
2853
1920
5893
5397
4192
1707
492
4104
4235
6346
5439
5499
5135
5256
3981
3667
4137
6096
3117
899
805
5248
2706
6299
4153
2253
6037
5311
4664
2607
3966
267
5924
1009
2704
3738
4233
6031
3685
3866
4182
5581
3954
488
749
1429
426
1711
972
2760
3455
6323
5268
4051
3912
939
270
4329
204
660
2866
2672
75
38
6336
1585
5513
3269
5556
5422
1150
693
3105
4073
3751
1028
2002
1596
4777
996
2286
963
463
4665
6473
3668
4459
3840
1057
1270
775
3503
4499
728
2521
3041
2943
233
6207
4650
1011
4814
2254
2399
1430
5493
3701
5642
4829
5153
3123
148
5509
6293
4896
5895
5861
4302
4272
1960
4204
4072
998
3082
354
1277
3858
6450
6492
1380
5246
3102
2495
993
3214
2696
1676
5830
2023
595
5704
2117
4427
6116
4466
1793
6213
1511
389
279
80
2070
5553
71
5939
6161
4436
1983
1535
5911
2389
4757
4571
1842
6067
4498
1204
2750
5863
1631
4994
3808
5251
1837
2638
3558
5954
1279
6160
2549
4776
6280
2207
5876
4080
1598
445
5193
4657
886
2054
4766
2291
4295
3972
604
4957
4684
2469
3447
5166
5978
5630
6277
2314
479
4691
4367
2175
4147
3620
5009
4532
973
4314
4880
1142
3053
1537
821
3717
3015
5388
6434
5084
3724
1977
1145
5868
558
2118
4165
3309
6458
5671
2427
1444
5196
1082
3692
3742
2610
1041
1515
261
1055
5371
670
997
238
507
3208
776
5888
4178
1584
565
1134
5470
2692
815
2657
3523
4778
5194
2733
6365
2955
5392
1077
597
3014
6405
4069
5856
418
2364
5224
3837
3650
4949
2645
912
655
3236
1351
4477
4416
2166
6397
12
2861
1409
3138
6276
1
3246
6427
1582
1685
1000
2164
5941
5909
1326
866
6389
3964
3333
3256
2436
3257
443
5621
2738
3237
1678
2540
4209
591
288
4136
570
1865
5992
2578
2496
556
3607
642
1388
1293
1817
572
2321
5484
780
2673
5133
3433
5540
2597
4444
53
5847
6317
5691
1228
3085
2201
5781
4340
6374
1199
4036
2218
2579
5130
3930
4561
3440
4268
3730
2945
2946
729
2611
5257
179
2112
2682
5564
743
991
4460
4018
3541
4430
421
3023
4566
586
4473
3512
299
863
1420
1516
4592
2644
5695
2522
3320
504
2160
4048
6549
5404
3673
3633
544
2903
2896
6110
844
476
1514
2806
1634
4019
6032
1668
3084
4326
934
724
3885
4651
5521
2119
2263
1079
4173
5356
5360
5587
5610
3918
2301
4478
653
487
4648
3735
2663
1330
4980
521
4038
952
861
262
465
3836
3120
3711
721
5010
3797
2608
1241
6097
5125
3563
3953
4768
4871
1721
1931
1612
3716
3114
3485
1594
2886
417
5079
647
5169
6092
4246
2225
5377
648
1200
3631
849
5525
4052
965
5488
5618
5791
76
4331
2895
1494
2358
6327
436
551
1976
3133
477
951
6396
4341
3291
2333
230
1045
3514
1242
2970
207
3961
1091
2761
3919
5782
3909
3081
5910
1341
2378
2575
3464
4537
4812
1517
4129
188
4972
6251
145
5986
1583
5313
3402
4025
1570
4646
837
4305
5233
1953
6362
2260
4446
2562
4167
5286
4194
3687
1649
3932
3905
957
1991
4227
5871
245
1260
6087
3830
2554
1090
2620
812
1569
183
2921
526
297
3515
6101
2730
5859
2404
3712
4181
229
5656
2083
1394
2435
3834
4445
898
1047
6394
2493
4885
4248
4016
321
2759
1970
3897
4916
3334
603
5414
5632
5928
1425
3838
807
3295
4376
4299
4799
5701
1555
5862
4154
511
4184
5264
2557
6503
5659
2622
1197
3629
893
5643
3107
2282
3287
2418
503
1032
6174
4100
625
6203
2854
5309
5250
2661
5949
2560
1029
2720
2303
5147
554
5048
5697
5575
1709
1331
5426
2258
6072
6196
249
5399
1272
664
5676
246
6507
6330
3809
979
5318
5576
1148
777
536
3989
813
3249
3259
4899
1571
5682
1799
2251
2757
5425
6508
5884
5573
3871
1806
1955
5984
584
1345
1504
41
4317
2019
571
2425
688
232
2213
5629
4984
940
6340
1618
6367
4144
2061
6556
615
2305
5452
197
6388
4483
6422
5708
335
5178
4496
4901
1855
462
5277
6518
581
5537
3901
2916
6090
5122
1236
4377
1646
600
519
1288
4826
6068
3646
1686
4067
5565
1499
3100
5562
4417
942
2906
1602
3807
4887
1545
3145
1587
2428
3060
2603
4023
6284
3483
3505
2319
3338
195
1144
6294
2066
4271
6357
2322
3478
1588
5787
4375
2268
873
5685
2721
5542
4975
2627
641
3554
1724
6547
6245
6523
2867
1954
5898
2957
6281
981
4462
5608
6254
3273
5430
1012
5219
2463
1422
153
4370
2068
6421
4707
3108
6499
4769
5049
5734
5611
6412
4170
3632
6413
4312
3109
161
5077
2403
2526
6356
3676
4448
5816
4491
34
1118
1410
932
4966
5505
5141
2107
4577
4818
2267
1682
3460
5002
4950
3150
5161
831
2356
6201
4206
6156
5889
4598
189
787
5058
5012
4156
1730
191
2188
4418
1850
1008
3079
339
1343
1989
4706
1510
2085
5707
1449
5221
2690
2306
467
2381
2918
2740
2017
1131
2217
1050
6487
5487
1433
2200
5619
510
