1175
3644
839
3426
2137
602
482
256
3135
221
3039
727
309
3551
2233
3085
325
168
167
306
53
1505
163
2255
434
3982
1216
401
310
2026
2170
2497
686
1373
4010
3340
2686
3810
383
217
1430
3536
271
2814
2020
3704
196
2285
3730
1953
1439
1374
3676
757
187
2782
2513
2755
2696
220
1196
3017
2507
2392
2753
1482
1952
776
510
1950
3151
906
2828
3462
2494
129
2883
2821
3305
2919
381
3721
1666
3204
3030
4090
3827
2578
1313
3486
183
236
2510
486
848
2902
3813
3660
619
3344
2996
1471
2486
4030
2780
1922
867
203
143
2751
1557
3323
3862
3716
2165
3929
2471
2421
1211
1330
2998
3884
3773
3614
1096
2099
2646
1746
2172
3352
731
1776
1967
169
3143
2378
3843
4052
246
2242
1999
2072
2068
1474
2163
4337
780
1759
2876
3891
1555
3568
3070
2018
995
1627
1367
3114
81
1115
3381
1219
3477
94
1445
340
1544
3411
2388
1663
1802
1572
3662
2792
1727
1795
620
2786
1282
262
2894
3581
3180
2729
3878
1581
1742
282
3473
3465
3435
3680
78
3713
755
3419
3655
2411
987
3553
3329
1844
1357
3723
2678
3534
808
2575
1801
3646
2393
472
1696
3608
1189
2676
2901
2189
2760
3962
1652
37
3933
1977
2870
888
4321
1961
3957
2188
4216
974
1761
4240
2685
3736
1869
3942
4373
965
2384
3514
1559
3263
2886
4155
390
2003
1130
655
4159
880
3258
4114
1936
1436
2917
3269
1058
555
768
3999
291
1824
3071
3129
412
3728
1120
2058
2410
1079
3322
3149
698
934
3257
2145
2982
2198
1028
387
1522
1204
4339
4145
639
4022
1781
2115
3610
334
3446
2073
3403
1182
2465
3902
1012
2017
2149
3289
579
2114
2321
1995
1027
317
2973
2539
1686
4372
2690
2769
2330
1811
3650
1365
773
2749
3952
1268
3762
1435
2719
63
3343
3033
790
2445
2856
3504
1057
1944
2834
435
335
3341
1413
3318
1034
2325
3752
1606
3832
2725
2439
2714
2533
4031
2498
567
793
2459
2558
2249
4065
3564
1772
17
1303
927
4284
694
2964
483
2055
2800
3251
4225
4139
1065
657
126
2433
1958
1275
4103
1360
4132
1222
2352
769
4197
4238
3761
2187
1907
3630
2985
2161
115
3468
2730
1948
4320
1726
2661
3578
3222
2185
4042
3700
395
2689
2603
766
1090
820
2087
23
2202
1584
3397
177
2447
370
3432
869
691
3633
3501
1539
4157
738
3004
2521
3809
1201
1086
2557
1154
885
789
1254
723
4133
2683
1734
547
2083
3523
3575
1684
1328
422
3708
2664
763
1213
2715
3577
2551
4254
2583
3628
3656
4249
441
2584
1369
4089
3497
4106
1512
2968
2586
384
2864
2336
315
449
2581
2002
3434
2425
440
1938
915
218
642
4047
4101
2570
1609
824
1886
2200
2861
1597
3490
1540
2292
3302
1119
2130
4211
860
4377
1543
499
4034
552
2157
4033
4067
2920
2874
1350
2553
2975
4178
3759
3668
4208
851
1072
586
4228
152
1910
1532
2997
321
2972
2140
3253
3620
3142
887
198
636
120
369
2117
2588
3174
2679
1259
2092
2428
405
3729
385
2748
3732
3686
3976
3547
862
273
2051
3702
1840
3276
4071
259
898
2816
1378
2791
1691
199
760
1317
919
2412
4018
1176
2662
4363
2771
2757
1646
2116
3245
669
560
1926
3447
532
3837
3355
2626
3904
3966
558
1420
1452
99
3710
676
286
2244
1653
276
3961
3086
1591
2934
2246
1856
2374
2077
2406
4173
679
1968
573
3491
2999
1671
263
253
2655
1103
2222
733
4008
277
2933
1134
2739
3918
2687
3537
46
597
144
270
4070
324
1005
2474
838
1854
3821
3206
2606
1986
633
3742
3615
3861
2811
1481
3816
3586
3548
462
1466
13
1364
4057
3430
3892
2601
1928
352
2176
2853
3108
3848
4189
4316
1672
1387
1407
3733
4345
4267
1647
1053
2455
520
2097
1296
1209
2552
1814
3315
714
4200
478
3479
711
1848
3458
1224
2647
3111
4122
4028
3881
3701
1492
1247
1274
2158
238
283
3654
3993
1353
2508
3529
1680
7
614
451
933
2651
3310
3720
2700
419
22
1332
2207
4091
2660
2430
3216
1060
3439
2205
1942
1723
4105
843
569
3056
4083
3544
3513
1565
173
664
2803
1783
2762
3632
453
1763
2752
4016
1415
446
753
3127
928
1174
2654
427
2899
3440
1530
512
2804
3576
326
629
3533
97
1131
2971
1098
2620
208
396
3905
2616
4109
872
3776
301
3342
1825
3168
1661
443
2442
1636
3801
3724
3562
1329
2105
2949
3469
2243
1567
1345
2143
3165
2995
2389
1358
3806
2050
344
3443
3968
4076
2180
1626
3906
1756
678
3679
2340
2600
1812
1984
2081
413
4056
2268
1549
2692
4261
3663
2653
3582
4118
1141
4297
1891
55
3366
61
245
1654
1467
1809
931
2837
721
2109
3754
2402
610
4331
1641
1893
715
1736
425
235
4043
350
1841
1514
3914
1331
3346
2112
1562
654
1140
4061
3306
1724
1602
2506
751
2623
2035
1149
1861
855
943
1501
308
2397
4282
667
2909
213
333
420
1875
1343
3694
4253
458
719
2466
4352
1347
752
1629
2148
3399
1370
2756
3337
783
3274
329
1279
4383
3236
513
1230
2398
1941
1898
178
1398
2401
4343
4158
1248
883
1608
1757
3550
136
1737
811
1489
637
4130
3481
4025
2744
1394
4012
707
3518
996
2181
1125
4117
3571
591
4136
1097
1633
3336
2844
1372
4121
3092
2043
4351
4062
3510
805
3240
2640
2688
1816
1123
3464
2865
3471
1694
1434
2667
2671
2525
2695
1085
2614
4353
4195
197
3673
351
3601
2327
910
3402
3438
699
2887
3020
1092
4288
4340
2468
1704
1899
864
232
2107
3011
2291
4341
2776
2473
1978
2574
2013
2727
4381
2799
2759
1304
4181
720
1172
2544
3374
2823
717
3703
2042
2941
1914
1669
3612
186
1148
2648
73
4204
3594
767
6
3350
2582
675
447
2339
3288
4064
812
2625
4055
3851
1
2247
561
3698
2556
349
541
3412
725
2311
792
442
2253
1829
3493
3678
2877
1271
161
2839
2223
1055
3717
2225
492
2543
4051
689
4272
3626
993
3825
4094
865
1525
250
1366
243
734
3415
924
1409
346
1753
2356
4138
3095
2697
1862
1894
3545
1403
3225
1111
3255
1632
2048
3188
2698
2251
3950
3852
3865
1245
774
1927
3641
1206
4164
1355
2905
2329
2160
240
244
1158
809
1885
3981
2717
3599
1424
2240
249
2930
622
428
2138
671
832
299
1256
303
296
1009
3377
1035
4234
2879
4001
3136
1128
2612
4375
1797
3895
1362
1459
3858
4203
3774
2252
3822
407
3193
2414
3307
2875
2250
1849
4179
1913
4236
1546
1945
2372
3235
2284
1008
85
3331
1650
1288
1031
4292
730
562
2702
3227
2502
2721
1418
1207
2704
2239
1580
742
2633
1876
819
1883
3674
846
653
1454
2980
1410
904
3363
3410
1237
1477
4153
4023
258
3597
2293
3277
2275
2866
4184
647
2987
3840
3767
1998
3516
4281
28
854
2056
548
989
3028
2984
1949
3653
582
3749
3294
2155
4306
3751
2443
337
3988
941
2213
3152
758
3220
2166
1964
800
802
3137
3408
514
2317
2377
749
4231
445
4180
3874
3298
159
3748
193
1455
1185
338
2053
1402
3290
359
2011
320
807
2858
4194
949
2103
2190
92
2282
2666
2993
744
2364
202
2569
367
2280
1323
3693
4298
4007
922
3233
4338
4017
540
2229
2351
1872
295
2691
893
288
2262
3500
1404
2591
1338
1743
322
3735
4075
2809
3978
1667
4144
695
265
1611
3395
3023
1266
2395
528
4006
2602
1165
748
1764
2768
1307
215
2754
1043
3367
1533
3734
2296
1722
2693
1039
1022
4011
1817
2561
1233
1973
643
2890
284
4003
1162
18
380
1889
1784
4350
2884
1137
616
1828
3400
4280
1061
4150
2942
313
1419
1500
1924
4156
3301
3561
3299
1226
3010
4059
961
4124
1717
1291
2767
2926
3800
3293
631
1659
3598
4044
1298
1775
1847
2476
588
3652
527
2764
467
2102
4359
1019
4049
2238
1836
2978
661
1100
2524
578
455
1760
3528
2368
105
2977
3926
1838
2380
3424
1934
150
426
1393
813
2236
393
3682
1993
84
2925
1576
3875
4084
2880
2404
3794
3409
1308
1547
3388
3685
3470
2787
3404
1590
1881
4026
4014
3503
1232
1183
233
2529
967
2673
2843
3207
962
2387
2279
2000
2446
2409
2281
2121
471
825
3075
1951
2619
1874
2306
4300
4095
3590
574
2742
3637
19
1867
2
803
201
3444
481
2531
3793
2477
1888
4325
1084
623
2290
1625
4160
3777
357
1730
3642
195
3758
739
523
1969
2535
501
448
3460
1161
1262
3585
2274
804
2034
3990
3252
3687
650
1594
3270
3198
2672
2076
3835
1601
2382
260
1749
2184
1265
2029
4347
2044
1122
542
4266
2924
1750
15
722
3804
2705
3173
3997
418
964
3539
4332
1592
630
1698
461
535
134
3688
4086
1260
571
1980
1831
984
2907
3741
1171
2871
1475
4053
3475
1521
1316
3234
1327
1246
2147
3425
3177
712
4020
973
2403
801
3250
1321
1520
3779
1011
3196
1450
3300
814
2016
3139
1210
682
297
3963
4147
2731
912
732
1018
2039
3684
3789
953
2746
1957
677
1779
1236
1468
603
3948
347
921
3090
1585
1843
652
2950
1015
2635
3588
2826
289
2773
3084
477
3333
508
3556
2237
960
39
2186
1163
701
3372
3940
3969
977
170
2657
254
2983
228
958
2562
127
3712
1774
1502
1985
2338
1800
1050
3022
1306
895
3549
1075
450
2519
398
1827
3707
2735
3949
2462
1178
4358
976
1897
754
891
14
817
2226
2341
2542
696
361
1587
1021
1114
3278
8
969
4151
2938
1138
1276
180
1179
1983
1655
3088
3244
1997
3532
713
4088
1705
1610
821
2278
4146
1798
925
3817
2154
389
823
2295
795
2564
4260
488
3792
2967
438
2234
939
2881
1006
2460
1896
1342
873
1516
2359
2174
2501
1902
2642
1381
2287
107
828
1787
3303
955
842
2931
1933
40
2024
3389
3737
2146
3964
877
1859
3722
543
4177
3589
4167
1048
466
3845
139
3695
2257
3994
4120
617
1695
1552
3985
606
1908
2770
4183
2765
2945
1513
2260
1301
1155
1181
3505
740
21
403
1029
779
750
1476
3133
794
1112
2314
1036
112
2734
2656
572
1823
2453
687
3603
3979
1108
4299
4063
1469
3815
4015
3005
2572
706
2885
2261
3096
4107
292
3705
328
1499
2546
3008
2913
658
3383
2892
4270
3231
1623
2808
1683
4237
4127
784
1785
2436
2265
4169
3200
160
2988
2079
1334
2151
2461
502
3089
1422
4093
833
1494
3012
3482
4315
1832
3265
3555
2530
4152
4187
1685
1348
1251
2567
3437
234
1713
1281
2038
4085
861
979
882
1850
2872
2192
1363
3546
2915
1916
2670
3808
858
1531
2241
1550
1235
2922
3667
3001
2613
1208
2030
1804
533
3524
1286
4111
69
379
206
638
634
2396
570
729
2565
2514
1690
1792
2492
583
2324
1799
2681
1588
705
2089
3618
4066
231
3627
2628
992
3631
1042
1673
2929
184
474
1368
1648
1793
2509
4000
1139
1537
2041
1184
1444
142
1045
409
685
2266
1573
3124
3267
684
188
3375
2895
1361
3433
584
1010
25
4041
3309
1069
332
4245
2528
3882
2532
2962
2563
3747
612
2208
2248
3595
1621
4213
3647
1335
1242
1470
2394
1089
2467
1834
1630
4171
2182
1325
2431
1382
1351
2495
2010
1806
230
2482
1744
1041
2898
1310
1769
3102
1635
408
421
1821
2156
1284
3760
3125
3428
1813
2096
1919
1664
1293
1249
2199
2337
293
4131
743
248
3573
3118
1349
903
1878
261
4098
2084
3522
4140
110
2120
2630
4021
3122
4029
1741
2126
2323
3888
3638
239
2308
640
4135
1702
3026
2732
1820
2912
4252
3739
3935
3182
2095
1708
279
3081
382
2632
1432
2736
1884
3059
1810
4374
4364
3120
3525
2343
2610
1491
1679
2893
1954
1315
1144
1240
1225
2065
890
2122
3449
2463
3386
3930
123
2618
2527
2289
2631
2300
4210
1380
3996
1865
4027
1599
968
432
876
2737
2726
1024
162
1033
275
596
2658
4268
2110
3896
4217
1770
681
1939
2936
697
557
3727
621
1868
2269
2385
1751
3745
909
1001
1682
3602
1786
2408
12
3000
1515
4307
994
3391
1777
3358
1273
2419
4143
3565
252
3738
3421
3977
3176
3799
3975
3755
2133
778
3921
1716
1376
3617
4040
2680
1808
3871
2322
2817
1554
2215
3132
875
1644
580
3368
1976
716
3339
709
2086
3580
2415
2954
207
1631
3242
311
3535
645
3639
2796
2617
2684
3420
2573
1745
1981
2127
1106
957
2852
2801
911
1068
504
2420
3308
4050
102
913
2989
3280
4308
1354
1509
3249
601
4385
2085
1166
1465
2576
3467
3202
641
1397
3621
3413
2307
2071
2868
1379
1595
841
1457
3160
3291
4004
2104
894
372
4099
2733
3543
3459
3144
2488
2309
1073
4123
2100
1223
2320
2805
771
1732
3454
3013
1818
3256
3709
3053
2621
1534
1478
3542
611
399
1747
1612
3332
870
2440
2434
1244
926
1088
1392
2283
1930
2622
4013
2407
2554
153
3496
3474
2659
2454
1300
1146
886
2082
257
798
587
3607
1309
1574
1460
2869
237
298
3526
3706
2781
3812
164
3450
1613
1711
1778
3579
1915
3640
3780
493
530
3945
75
1735
1386
3354
3554
3613
3910
2515
2045
3791
1989
3566
2592
1389
1766
2259
2783
2541
1102
1707
806
1819
3126
95
635
3006
1375
1524
3356
1169
1150
1839
42
2701
559
747
278
2994
433
3670
269
3786
2896
41
3239
3312
609
1676
1796
2802
4134
3611
1857
3715
3726
3826
3232
2228
4176
990
2709
2750
2652
1803
2706
3563
615
665
4128
3148
3689
1731
1523
2951
2212
3939
785
1346
484
4100
759
1503
3683
1217
4371
1136
2319
4175
899
2009
4246
1643
3284
2522
2829
1920
1972
3502
2381
4199
264
3669
304
339
4102
1239
2882
1845
761
1147
4039
287
764
1767
3495
437
3697
3797
889
1153
1076
4196
391
4154
815
341
4329
646
463
3783
2108
1765
3100
3472
226
3814
853
772
991
2536
1121
1895
404
205
2263
3162
4172
932
4104
3427
788
2747
866
985
3764
649
3699
1762
3889
3153
3489
1721
1990
999
503
2106
1538
818
1302
2366
829
212
972
65
816
3946
940
2124
3314
2708
756
2923
599
2504
327
2080
2789
2037
2464
718
1167
3429
2976
1788
1853
1909
316
2152
1947
3958
2555
2724
1458
2006
4009
2537
850
2027
2059
3635
4048
600
1563
539
2990
3146
3093
2774
1083
1568
4077
3494
1892
2298
660
923
2547
1401
980
2313
1486
3769
2745
1758
1490
242
1257
1145
3965
4113
663
3169
2952
3648
4289
192
4110
978
2437
10
101
1965
3757
3917
4235
2316
703
3711
1527
3007
3317
4174
4060
920
3824
1202
353
2245
1356
1720
4348
2778
1241
366
1326
358
1013
2848
2728
1095
2025
782
1319
947
4125
4230
377
290
1620
613
3275
4285
2677
91
1212
2579
2928
3740
4264
345
2301
1443
2974
2008
2599
1921
1709
3692
644
4207
595
3719
490
156
439
2101
2643
594
656
2766
4220
1199
2480
2571
1109
1129
4219
182
4296
175
1252
2175
2210
956
2125
4250
1318
3417
2615
1438
374
3453
4072
3893
590
2827
3379
3283
2840
2204
2860
1963
2422
4342
3609
3765
1880
1962
917
454
3955
3616
2286
2217
1059
3509
3540
2375
3666
3110
2270
1541
3636
1456
1815
3019
2128
2118
2807
1904
3212
3507
4274
3592
3853
2549
376
930
632
4166
3002
2111
830
1507
1833
3466
2194
473
294
348
746
3584
2113
1598
4290
2472
1228
2940
2196
355
1937
4354
2318
3264
2713
500
2548
3983
3967
117
3830
683
2560
214
3237
1991
166
3515
3394
1871
2399
3569
1619
1054
429
3324
929
1943
1099
4068
568
416
881
3106
5
3021
981
3657
1049
1091
227
1220
1451
2589
4074
1479
331
2131
589
2813
878
1604
3175
2550
1423
2232
1200
536
1863
680
2649
2605
1044
224
312
362
1982
1805
3591
319
2503
3823
2177
2344
1752
2195
4096
3211
2139
1864
3606
1504
2897
1589
363
1996
2490
3499
556
700
1078
2665
111
575
3016
745
2487
3194
2743
122
3357
1689
2383
604
3407
3756
837
3973
511
479
2214
2833
2119
2935
1901
4092
1395
710
2981
2386
2273
1917
1337
2523
1157
189
1484
2220
98
2367
2716
3567
1912
3959
1197
2219
1093
2944
2540
3295
4054
2763
1214
3671
3675
1344
3867
4276
2953
4218
2979
1518
791
3376
1870
2129
1195
2031
2391
342
3463
3645
2639
666
1064
4192
1842
4058
3557
2193
1396
1860
2966
1657
1658
1384
4223
577
229
2624
1191
2970
1272
2142
1879
2132
2168
970
3927
549
1570
3223
3506
3048
365
2032
3931
3441
4312
272
2867
3677
2334
2593
3476
2878
378
4019
1312
840
1607
1906
1377
4286
1311
627
1238
431
1593
1014
3248
810
1290
3024
2663
2904
2272
2173
2390
2795
856
2775
724
531
3067
918
1903
480
1935
2723
3134
937
2908
1264
2785
1966
2830
593
3034
1959
1508
371
1295
624
2585
2441
2675
4357
1417
4097
2959
509
1448
3763
1578
1391
1253
4317
1556
2090
1352
625
388
3623
3113
3131
1994
305
3619
3209
45
2859
1493
2178
3587
2417
2947
1791
1297
896
1105
2153
1822
1285
2136
2162
1081
2711
673
3380
1830
3788
281
1339
3061
3531
410
2596
4182
3552
1739
2179
1946
2057
566
3894
2094
1617
3560
2046
4069
1261
4265
1639
2559
4112
3330
1925
468
935
1433
4079
2641
1168
954
1305
2123
874
1016
3393
465
360
3286
1094
2052
3062
3972
3651
1066
460
852
1124
1038
608
1333
1495
3087
1173
1133
564
2916
2918
3418
4002
2164
2370
2820
1487
4115
2405
364
4277
2891
1733
2910
4024
2135
777
3785
1700
106
1287
3521
1156
2956
1192
1472
3014
797
4362
1020
1616
2961
1067
1359
3519
3718
3082
1656
1511
2209
2790
3784
3559
3558
4032
787
2254
1506
2469
3604
1160
1618
3226
3445
1416
4108
3094
469
554
831
1132
3661
826
3659
2354
2457
2838
982
3605
674
2191
762
2921
3292
775
4137
2019
4126
1729
827
3766
3208
2718
950
859
1575
2305
3714
1047
847
3511
414
3060
936
1651
2965
1488
3349
4205
2004
1858
71
3029
1542
736
2788
1267
2937
1198
165
2049
1528
2144
3512
3947
3498
4201
2312
4005
626
1662
1975
1324
209
1227
2674
1151
1553
3887
2597
607
4328
3803
1900
1063
417
2493
3974
1577
3371
4185
1780
2991
2216
3541
2021
3442
2023
2258
38
2969
2183
693
3313
3696
1529
796
737
2712
2888
3898
2577
1170
2590
3625
2960
1263
781
151
2379
4141
1911
1322
1714
565
1243
2957
4142
1956
2028
1771
274
2682
3031
3025
3915
651
3478
648
2636
3984
4367
2932
255
2594
3347
