5543
1651
1312
6255
6092
5240
5548
990
1920
170
3079
6171
1538
5450
5755
3012
1396
93
1830
5461
4240
4586
4404
3072
2356
5776
2449
2745
5408
300
2258
4110
5399
5428
291
5645
1497
3308
257
5810
5252
1112
1430
3024
3082
1782
6288
3640
348
3441
2095
2950
2713
6562
4635
4093
1290
6000
6227
3643
1151
3874
1006
313
3768
5556
2371
2727
32
4570
6280
50
4974
3427
5708
515
4196
1238
5065
6376
6469
1953
3132
4503
5881
1091
726
1815
2001
2135
1291
1638
4822
4957
3412
3193
6034
1616
1714
5005
3329
5790
3300
181
4088
2055
691
2222
5265
3303
1022
4471
1732
647
5685
1115
3130
643
5377
1311
2016
4150
6281
1035
4468
3614
5909
5205
4904
2216
4886
2468
2190
4897
1679
4465
2949
5895
2280
3556
4801
4562
1329
1874
5455
3690
2678
4109
973
906
6222
1952
3607
361
5640
5553
137
4875
4447
6254
1663
4017
5880
1218
1058
3624
71
1804
3068
5752
2929
4776
204
6553
250
5175
2276
100
2602
3049
1649
514
2735
5358
2324
3100
6150
1603
3522
443
5237
751
6336
4521
2326
5018
5994
2047
1299
1643
1724
3115
4480
3114
5123
3633
2643
4991
2128
1243
4018
3431
1492
473
6499
2613
235
5968
2789
5016
5169
3379
386
3317
2330
4337
1194
1089
4489
1066
2091
2855
682
1503
5795
1023
3292
3062
701
6351
944
5638
4195
316
5793
5127
306
4843
6298
6260
3510
1704
342
5416
2185
2656
1371
2421
667
2272
6475
2362
5104
5767
2654
3031
2729
4597
1844
5121
5134
1020
5211
3041
2598
946
4997
1303
1332
1665
2429
3047
1403
302
1942
56
1624
5871
2349
2147
3594
3348
1904
2022
5257
3113
2293
105
1891
1841
1690
4132
3554
3698
4413
1785
4461
3029
6226
3025
469
3637
2239
985
5647
6147
2104
6285
2448
3173
6556
3889
3629
5405
4942
3070
2732
1751
1820
907
1280
6085
5686
967
5565
3960
1550
616
3183
2401
2452
2039
2355
5976
4442
2922
4587
2400
19
3508
4494
3408
1410
4770
5661
2364
389
5282
4631
512
4964
1770
5896
5754
821
6179
3350
5775
4551
5560
2111
2061
501
1924
4466
183
4350
3102
3882
6264
3222
2286
6417
636
6038
9
733
90
2769
5280
1944
6487
6136
1723
5413
1113
1645
1028
5995
4953
5980
686
3541
1153
1531
5680
1533
5813
4007
3042
5486
262
6035
6423
641
5467
4397
2246
5286
2641
4634
1997
2778
2509
4995
4061
1982
3051
1416
1698
2472
2965
3725
5159
2159
3313
4256
3582
6265
4359
1036
2809
3060
4921
5626
5731
4245
2756
2058
1250
2041
4202
1633
5782
1906
2788
2334
5987
6561
797
6134
1415
69
194
3572
6224
322
4917
180
4278
5778
1853
2994
1796
5868
1196
196
358
683
5785
6268
3547
495
5710
5650
1316
5658
2034
932
728
346
4335
5777
4317
6068
2906
3377
4627
3459
1164
2736
218
3288
824
3337
5103
5307
2597
4241
5757
363
240
3770
1422
2644
2867
1658
5634
5781
2514
6002
1304
4830
3438
3368
2705
6021
488
2912
5770
1933
1205
787
1592
3829
2921
3433
4094
3747
4068
4343
97
2383
4140
3182
3001
752
2724
2630
4322
5395
6514
1008
4885
1473
309
5322
1661
67
3135
2730
4566
655
4992
3166
4201
2482
5043
4595
2803
1055
4371
5550
1964
3683
3310
2881
6378
6157
4923
6318
1328
6235
1927
3639
4477
3241
4179
3195
2620
3486
1584
134
798
6005
1419
5019
49
119
4399
1932
5682
4639
4391
5269
272
5873
3389
35
529
5545
4579
1546
6465
4988
3370
1899
83
1948
666
4363
1741
3735
1278
5977
4051
5610
2546
5424
2461
6187
3647
5608
1733
4569
1555
5539
4199
559
3913
892
2403
4013
5132
340
270
1536
1887
4386
4986
3110
3550
5010
5477
684
4981
4255
4066
1158
2636
1788
1517
1544
1320
3533
2007
4043
3260
831
6275
2348
1828
114
5161
3321
17
5476
4916
6464
1849
1073
4460
2799
4777
120
2152
5481
383
1842
4029
6103
4451
5812
5305
5137
1725
2130
3061
4336
3706
2877
5756
6166
1049
6082
3257
1167
1319
2227
527
2187
106
2253
5805
4356
4544
2945
5320
290
700
771
3713
4006
5667
3224
3008
4893
5381
3297
2606
4375
978
4095
3682
4124
4108
4116
2605
6229
2874
1648
3761
3037
6501
1726
4281
6025
2228
1988
3995
2415
2901
2782
5068
611
1577
3615
5876
3815
1030
4092
4581
1480
2398
3652
1210
3671
2722
2189
1754
3150
4975
3307
4042
2035
2999
6415
1981
3230
273
4235
2858
1078
2638
5623
3233
1737
245
4574
3736
3950
2248
1783
2515
3666
6492
1485
1370
2982
3662
5397
2986
699
4910
3684
5646
491
4977
2011
3052
1288
6250
4844
2050
4915
2801
4820
1917
2177
3903
1710
3965
3000
5747
2100
3203
80
2539
669
972
6221
2767
285
4668
1495
2714
1168
1878
3134
5897
6437
4980
4367
4546
5564
5063
2279
3
1889
5974
5681
4577
2612
3296
987
4845
169
5311
5057
1103
5002
2245
2322
1784
4020
763
1309
2410
3481
2225
1675
2005
2019
4559
3553
5398
1923
2384
4846
5427
2336
2114
1734
214
1511
6093
289
26
2687
1530
481
4588
2570
3527
3506
3256
3942
675
1832
2880
1596
5884
3064
508
3291
3816
506
6160
665
4894
2811
216
5062
2025
4285
86
2506
1248
1413
5456
2984
118
6515
4395
6189
2768
6445
6246
6072
4277
2508
222
4064
2465
6272
5614
4246
4312
2634
1097
4890
1644
5489
3085
1166
2746
4249
6331
5276
3947
381
6407
3154
3943
3099
6314
5108
5271
2418
3674
6097
4443
101
1673
4410
670
1575
6132
4348
190
275
2299
1039
3066
4287
5759
4882
5549
1780
4055
2369
2708
3131
5235
5015
2924
6427
5371
6421
2683
5840
2143
1314
5631
5922
745
2354
4870
6258
317
4493
945
44
5732
2428
1191
3826
226
2679
1202
5462
5260
3577
5374
4500
3138
2734
1000
2065
2852
3760
2865
5607
737
1510
2502
3524
1685
2385
3537
3123
4674
2193
5362
2694
1928
3600
5726
3745
4967
48
6312
3450
3290
2706
5740
5555
4659
2770
1220
3285
3145
351
2954
605
3213
560
997
6430
2709
735
4966
662
5541
1682
4976
1586
2859
1957
3939
3333
1896
1739
2639
3151
4552
2804
1902
6559
2056
5356
1397
2090
4593
4146
365
1083
6043
2300
1680
1568
4019
2960
5802
2948
1192
1634
3664
4828
6162
3835
725
4373
3730
224
4339
4832
5892
3592
3680
3190
6333
3757
3489
1003
1632
681
2331
4617
1317
1400
5902
2017
3738
4527
2241
2690
5523
4766
3023
5665
4979
2127
5651
3344
2134
2792
5609
4578
1909
1565
1551
2966
696
3417
6297
3189
3746
739
1294
4985
5471
5552
6513
2970
2411
258
2936
1580
3128
5111
2237
6230
236
1313
4362
5695
1884
1560
2214
1315
3423
5020
2471
3494
4041
1574
2955
6138
5739
40
132
6496
504
5013
193
5411
1128
5655
1579
1204
3053
3004
2975
3963
4655
1333
2543
5806
5378
3158
2806
2012
3876
3410
3032
2952
3891
1858
4282
3342
1852
5630
4507
550
2702
1864
2066
5210
1082
3997
812
4531
4847
14
6485
3484
2931
1259
2985
2981
307
2266
4441
4023
3228
1119
2541
2476
3946
1628
4456
210
6384
6425
3447
6026
4478
2779
6450
3693
1046
2040
2038
3319
6512
4325
4462
3365
6287
6074
4349
6008
4516
3834
2365
1793
4576
2120
2099
1955
2131
2761
4561
1761
6498
6503
3393
2557
5116
3491
4192
1835
6153
2422
2599
1840
5521
6003
3538
3649
4291
3726
1013
3286
1033
5251
1706
3169
1524
1235
6543
4390
2244
4618
1950
6544
5773
1956
5911
1721
1653
2406
3667
2342
4505
898
4459
4762
2033
1795
6259
2750
4231
930
1671
603
3109
1910
1681
3526
1242
744
3187
3742
6306
549
993
266
2564
4174
2672
3493
5903
6299
3712
6151
3420
2396
523
99
5904
694
5315
4771
3907
3405
3167
3516
4142
6004
5524
3156
1892
2566
3729
2395
4394
5668
6344
3665
5663
4059
2093
344
2023
299
3074
2002
350
3346
3058
2381
6436
6247
3938
6504
6471
4978
4891
937
808
820
661
663
5975
5055
6319
4486
45
253
695
5849
5694
2109
2327
5140
5967
772
4229
4357
331
5913
6328
654
1532
1881
3418
4826
5445
5666
2640
4662
4848
297
3810
4098
5004
1507
5011
1122
5425
3584
4194
3237
4458
3211
1233
3357
318
3125
3009
37
2860
4338
3752
934
1125
2850
5310
3828
5901
2146
1541
4663
2565
5460
6228
991
3512
5041
3530
901
6020
4283
3675
2513
980
1513
2993
4346
3899
6315
3014
612
5369
2879
249
2048
3376
518
1748
2905
2892
136
5241
2013
353
3603
1759
2758
2296
645
6419
4225
4185
1090
5376
4554
5746
6447
3107
4800
3621
5534
109
5984
692
5006
5762
2186
1789
1599
2277
5525
677
4126
1111
608
3580
2504
4402
1159
312
1629
1825
566
652
2157
1812
6142
283
87
3505
1065
1677
5689
2651
5490
4258
4070
4653
6493
333
4803
186
5470
3612
295
4450
4479
1986
2900
2285
4016
2517
6240
5236
4619
5039
326
4012
2961
110
5135
2451
324
1610
3606
1619
3941
4414
2754
1626
1053
3695
4175
3483
3819
6381
813
2544
1777
2601
472
5990
3039
2545
1476
1757
4248
814
1308
4383
3529
2695
238
5323
5642
388
2479
3948
96
6356
6453
4036
3373
5736
986
3646
2740
6455
4203
3435
2254
5177
264
2367
6084
1044
260
200
6251
3091
1746
509
6069
8
4596
2957
6125
2274
3589
4673
1071
1749
971
2009
1831
4129
3027
4572
2060
3244
782
3663
3498
4113
5012
4187
783
6497
4065
2720
6030
5779
3294
1163
4186
2882
2780
2261
2862
805
1295
6387
5059
2249
1527
2795
1600
1061
27
486
161
4408
3407
2661
6128
4676
1791
6194
3862
2142
5118
1056
1037
2393
5962
6015
174
3617
3756
59
1014
6191
3697
5529
95
2475
4835
768
5837
4961
6266
3944
5277
5008
1622
1535
3259
6269
618
4403
4455
1702
475
3302
2374
4642
1859
2609
4508
5938
1913
2478
5262
1246
5839
4380
2625
2753
1523
5659
5652
1664
1369
3172
1506
5370
5275
5453
1002
938
1743
4955
4945
5213
2594
5742
4138
314
5165
4387
818
5125
2352
5763
4504
2282
121
38
4590
6326
6282
942
84
4473
1578
6048
2259
3967
3867
3034
1099
2996
5401
1525
4665
648
3267
2549
6491
1765
3390
2635
829
3870
5536
5109
5993
3622
976
3335
1429
2552
192
2380
522
1074
1252
3343
5386
3043
288
1606
2540
6554
3442
5384
5978
1712
3083
5357
3177
1029
5380
4224
2856
1686
4253
1528
2652
3262
6012
1827
159
4120
4667
1260
999
4919
392
2122
1735
936
485
2974
5760
3127
5612
3711
2372
5930
259
1101
3045
2875
3341
3306
4833
2887
2268
6420
3122
3002
4804
46
2218
4067
2235
2375
5261
4087
125
2595
4454
1808
6223
6087
5014
1635
487
2648
367
6353
1418
2450
2868
4876
6404
5518
3394
974
1736
173
780
1227
5136
133
1669
1660
5007
1612
4279
349
2223
3500
5832
2851
111
3243
4996
479
1359
1730
1959
5170
294
4111
1281
212
206
1203
5964
1428
2776
1822
3480
2297
6545
2988
4872
380
63
4033
5751
3778
1131
437
1005
2893
1598
6249
4749
1399
4994
2659
4230
6320
4289
6009
5334
242
555
4204
4887
940
2149
4484
5568
680
2232
4594
3535
3544
356
2376
3206
6292
2010
4649
5
1947
553
5906
4510
1925
4193
3678
5206
556
3126
5313
2283
5432
4661
2392
3722
2020
1102
2698
2555
2691
4328
6037
2784
3312
6071
5988
2402
1156
3007
4878
5330
1229
3710
263
213
3827
4472
3604
1502
3653
1989
6434
551
2420
803
1846
5745
3999
5242
4053
4656
3630
280
4319
129
5003
6508
4050
4128
2873
3812
2805
3251
2043
3875
1262
1867
6045
5239
5893
377
2129
749
1774
1994
3964
3605
4999
4753
3502
1618
5248
3521
4492
5403
493
3619
3316
4824
130
4137
2616
5329
2920
207
1025
1043
3887
5168
3355
5122
5932
6139
30
1591
3392
4035
5734
2414
5735
1018
3575
5983
6413
3018
3723
2240
1361
3951
1358
4000
5617
4530
3914
835
2294
445
3069
1670
2660
4112
3429
3877
6522
1601
3754
5992
1854
3969
3073
2388
4445
1284
4119
94
4105
2008
4954
2480
2572
2777
672
3345
6267
3716
4365
1092
4646
4815
746
5558
2658
2474
3763
4377
1597
2853
4469
244
554
376
3334
2412
1027
5842
4534
6040
4529
4197
1562
773
2909
5458
4621
239
1086
359
1863
748
5844
3180
4567
1499
387
3581
5542
4488
6039
5321
3386
1659
4871
4323
4571
5696
5870
3740
4250
1995
5278
3871
5472
2188
3689
5935
5436
329
1696
3353
5527
5173
2863
1847
5172
4965
21
339
4807
5999
1545
2697
5889
372
3223
2942
810
1297
64
1045
3445
3910
122
4011
3823
4314
4918
1406
3620
319
2621
5355
4565
5021
76
1797
113
1367
720
292
3413
4811
1274
2968
1216
5562
1779
5774
5702
6484
639
4913
3773
3890
3528
2117
3129
3727
1935
91
1263
1085
6479
5970
1755
2394
4660
4389
1824
6332
3028
2139
274
1998
5519
3654
4515
2116
5709
3406
1694
6449
3395
352
3287
4497
3818
3360
3934
4550
496
1154
659
3328
1224
1069
3144
5933
5629
1802
1845
6374
360
6276
4648
5567
3551
3075
65
5920
1961
2902
2301
5561
6310
1339
6309
1514
1911
5937
2938
2125
4198
994
5325
2980
2910
3717
3588
2345
4623
6488
5390
1542
3311
609
3627
439
6156
1270
3820
1954
3249
3836
2044
4259
2026
4622
1327
2676
5066
4435
5943
4575
2704
4056
3398
4909
6330
1423
5117
4045
1573
3830
3578
3668
1764
3549
3813
1652
484
3585
6164
225
5468
2181
825
1362
4898
1819
1031
1118
776
1605
3234
223
3642
2409
4873
1762
2624
6010
1221
5966
6180
3401
4970
1515
5244
1848
5492
6358
4779
2191
2053
5927
4541
4947
3207
1432
6563
2236
2089
3911
834
1404
3886
6316
3426
1708
2353
2182
2068
3539
4585
2972
6127
1654
3517
690
6159
16
5619
278
3235
1587
1300
1773
5628
502
1407
5517
3192
321
1938
2645
3112
440
5965
5838
4962
5435
2271
2098
2359
5835
6238
606
4748
2785
5808
2742
4874
2059
2626
2158
4757
640
5049
271
2092
830
332
5704
2231
2686
467
5791
6452
1877
3289
304
4026
2755
2333
5743
2802
2976
4102
6188
1017
328
4633
498
5254
4834
2946
6178
6386
6168
1662
3460
2886
3661
3005
3523
6546
4512
6
1756
1064
3247
1431
1412
3513
764
779
4640
828
1100
4286
664
103
5266
5784
6555
2417
3439
4758
4983
2049
219
2573
507
6459
809
1552
1292
4903
3945
3625
77
293
3669
6509
5360
6335
3199
6377
3908
4658
6510
3449
698
929
5910
434
3359
1554
4520
3503
3419
802
5324
3400
1558
4769
6270
3599
833
3937
969
3231
3118
2871
2710
3314
891
5846
2252
2979
4034
4526
1223
1566
2481
4629
6411
2176
5727
521
806
4778
471
4344
2899
4556
1070
5706
6181
315
2959
4533
1873
1034
651
279
4139
6337
3613
3170
6018
5110
1990
4369
801
6557
1245
4184
4400
5847
52
1823
2542
2617
3387
2629
6446
432
5660
1678
1695
658
1116
5753
2357
6067
6239
4333
5633
5845
3915
1800
334
4774
1769
4436
4524
3714
6359
5544
4765
3992
5929
3040
2944
6145
1129
343
2132
5636
5452
4141
6346
1934
3545
5465
6261
4401
2701
4763
4901
5423
5982
2995
6448
1778
6098
4906
5644
366
6123
4438
3176
2861
3749
5253
4118
5250
6024
1296
5203
1108
5197
1481
4364
4747
4052
2739
6502
4172
1010
796
1256
1857
4838
5270
2956
4959
3016
4895
6329
3252
3998
3461
4345
4446
5385
3226
3253
42
1567
3490
3832
2069
2133
4038
2067
2786
5215
5563
6283
3010
5737
53
520
3362
2693
3623
1267
3108
3358
6219
436
5639
438
4378
5809
468
1258
1985
4589
2462
4831
5898
4506
4620
2121
1613
4773
1293
4200
6322
5000
4189
3720
3896
1040
3258
2618
3444
2715
15
3543
897
1474
4984
2321
5166
1269
4636
131
5728
3548
195
5627
2423
6511
1829
5336
1691
1666
3293
5120
1041
5516
2760
2220
4802
5641
6248
1617
5126
975
6124
166
5707
3495
34
1996
4960
832
2123
1127
1050
3733
1337
237
3618
2953
2144
3140
4600
1318
108
6466
2655
3696
5925
4956
5255
1771
5383
902
5848
1875
4941
5939
3096
785
1062
2773
2897
3175
4154
4987
1080
895
1298
1543
2221
1374
3146
3336
2382
2951
3428
4485
3432
1594
2790
4989
3136
2890
3436
3092
3866
2373
3744
1206
5431
5569
4251
303
4905
6155
1862
758
1833
6519
3686
1401
3383
2063
3718
177
5449
2916
5768
2561
477
5417
3361
5410
255
2568
4973
5249
5533
1701
1916
75
823
2667
1160
3579
5054
6078
1894
1491
5621
6262
6432
1582
3540
3315
4135
3245
3868
1534
753
3399
36
2575
202
2153
6517
4021
3098
116
1114
4091
5653
3088
2646
2399
1334
4448
2558
3021
3583
6403
470
164
3218
1060
774
3739
4190
1869
5493
4434
4205
1526
2390
742
6340
5761
2857
6385
3015
2032
5447
1699
734
6274
184
199
2864
793
2273
3396
3327
281
3081
3265
4351
4647
6183
5482
6304
171
2021
1918
107
5052
4490
5483
2344
3261
1647
2653
1001
2622
5440
2424
3391
2872
6170
2503
1501
1922
1190
1727
370
1271
4025
2284
4584
1169
3165
1326
4097
2387
3046
2682
1117
1236
740
3020
4675
6177
6184
1368
5105
1637
2015
2329
1021
3953
1941
1244
1984
4568
909
5875
4412
3033
5888
5238
2917
784
6433
6422
2728
3694
1032
4969
2571
2744
4751
4008
5285
3728
1856
2263
5422
4227
3531
3968
4481
6541
217
1214
2918
989
5671
2878
1992
2154
1067
2031
2962
3814
305
2747
1883
215
6190
58
2741
431
3446
5878
284
3451
5327
760
5620
5478
5679
1636
3330
5404
5733
2717
1285
2140
982
5112
5419
448
4127
2680
5890
3197
5318
1199
4558
5921
5484
3153
1585
727
5788
85
6137
1627
505
4849
3338
3422
5796
513
693
1639
5654
182
827
722
6233
5366
3709
3650
1569
2138
649
4086
4355
4883
28
1228
92
209
5208
968
474
2600
1930
2243
3591
1963
4487
3363
4149
1402
1893
1417
3878
3677
1688
4538
5113
6163
5061
6441
6516
4439
3011
301
4950
227
1237
2607
72
179
3765
1257
5171
6472
6077
2391
4746
1776
4028
5046
5811
1261
676
1767
4024
2229
378
1865
1811
6126
3198
323
1926
2593
6073
6500
1493
2180
642
1482
4525
1222
6165
6263
2603
4385
4644
3019
4528
489
3324
5279
939
1398
3388
4134
1703
6253
977
1630
2633
1306
5106
5703
5528
3679
4805
5879
2631
6090
826
4814
1672
1054
2379
4624
6327
688
4491
4946
5900
296
3179
3691
3216
1364
1553
5869
5724
5485
4039
1799
6161
3208
1747
1426
966
2800
2973
2453
3777
5657
1907
3996
3817
510
6542
4308
1794
5314
3452
4495
2793
3905
3354
3056
4144
4411
4342
1590
6463
395
1518
2797
6019
6295
1607
5530
4030
5138
4090
2751
357
2563
3416
3147
5163
4813
3912
1321
5051
198
3993
4440
3952
5887
6406
6507
347
1249
2042
3869
1152
6100
1019
4063
644
738
3989
6460
4971
3708
4040
5972
6001
893
6193
992
5693
5053
765
5554
5304
5335
5997
4760
2427
2757
1792
6357
679
5919
5409
1004
2341
2250
2791
2935
1234
2548
6540
1775
2340
1322
6405
5326
2457
4889
5635
2663
3904
115
2045
4464
4912
1583
102
2332
3715
267
1537
4392
287
1860
6017
3217
4048
5488
1201
4511
6558
2260
5915
6081
3884
4318
1421
5365
3573
81
2876
394
743
4539
4922
6416
3141
1901
2926
3238
933
3897
1200
4276
3699
794
3077
2681
5941
1052
2103
2018
1615
2810
4514
5174
4560
5463
4313
5882
2148
2343
4360
4563
6424
3227
2642
3885
941
6079
6343
6467
2937
3142
5546
2518
3364
6257
6300
6431
795
4573
6023
6146
3743
336
5940
1903
4226
5540
5688
2664
5047
1494
3078
3374
1752
4767
6426
3608
5662
2516
984
2939
5382
3586
1076
1807
3900
2604
4517
5907
1843
3430
6131
1189
6470
1077
3822
6350
1255
3457
6303
1265
4228
5741
637
2110
3687
4498
1716
3221
1623
2119
3065
276
1424
3732
6474
500
4089
6144
3168
4756
6013
1657
3892
1787
3162
127
6173
3456
5766
3631
138
5426
3515
5705
4907
1786
6490
4837
2731
1731
928
5256
561
1209
4123
325
3017
2328
1581
2560
446
6022
6231
4583
2003
5430
2752
2368
5991
1810
7
617
5800
981
1871
1905
1958
3301
3385
3448
2264
2854
5914
2719
254
1212
6237
277
2737
1563
2094
2234
988
4806
2361
5926
3059
2464
6182
5931
723
3634
2389
3759
4537
5874
6089
5333
1042
3148
4540
5396
231
1940
1850
5418
5274
2106
1408
2466
1851
1498
2137
3094
4433
89
2665
6133
4182
3105
4819
908
6256
1509
5973
5836
2281
3402
3242
756
5625
2614
2978
2562
3157
3764
1834
5798
5459
3501
3325
3397
4799
3186
4993
4884
3404
2145
4233
1943
4309
162
5001
3626
2964
3987
2337
3411
268
4892
3534
6195
3212
1557
2413
5648
6334
1713
4998
2971
1016
2242
4143
5306
4545
4049
4176
6296
5115
2378
3893
4379
5246
1310
4290
345
657
3044
6451
1247
6130
4058
2046
3204
3681
4592
2619
2774
3994
900
4908
433
1945
1335
5359
904
2105
4881
1880
6271
4057
1121
2351
5451
6076
759
6175
6070
4239
78
2743
5538
5199
4003
2772
1277
1479
671
2407
6456
4817
6220
5202
335
1912
2102
6345
5687
4001
3054
2870
1625
4004
6016
338
4396
668
2726
3511
2699
3555
6375
3958
4851
4630
3084
187
1999
3655
3525
4324
33
5807
4829
3590
5328
4145
6301
1855
610
4914
3651
3171
1729
3724
2404
1305
822
4672
5918
1266
5067
1604
1409
6141
1790
1744
3101
5332
6252
4047
732
2657
2649
3149
5616
4555
4641
1676
205
6352
3210
355
1900
2888
3215
5905
3821
5923
6483
724
5139
3266
2219
2666
5522
769
3641
996
1547
3250
4580
2983
1360
3143
995
4358
5738
6218
3080
1758
5765
4963
265
6232
3178
4518
3991
1813
2596
1821
3670
5750
308
5128
1983
6428
2903
6518
3089
5804
5971
3453
1226
1420
1836
5247
5624
4148
1549
4879
3824
2914
2269
6044
4247
4232
385
3152
5050
2766
2883
5198
1870
5114
2943
298
4948
2113
2997
789
1868
74
55
2891
2179
1123
1254
66
3702
1571
3214
5421
5388
2298
6014
6192
5209
2610
6317
4353
6360
1239
163
730
390
4519
3704
208
1414
3155
2796
1908
4372
526
4398
476
5515
5448
4183
2290
6102
2419
6129
1991
1667
5373
6380
2458
3632
1705
2251
4543
3519
1075
2425
2869
2725
88
557
4334
5942
3323
4582
1330
5454
4475
2107
6185
3013
31
2150
3701
447
5894
5284
2977
6480
3988
1087
374
2454
4388
6095
5643
1253
1646
2711
3440
5780
516
3659
2677
4222
2141
3120
5526
6338
3504
1411
3894
2913
1919
2989
736
178
3339
1674
5615
6277
819
567
4100
3898
3236
6096
3159
4406
6494
4121
6036
5916
2112
1763
11
2787
6305
4808
6462
943
4896
6290
1024
2627
4368
229
3648
3194
689
4027
57
3864
62
979
6410
4467
4839
5107
5402
444
4775
1302
4188
3536
1595
112
2696
1608
261
5678
1505
1047
442
5434
5129
6311
3672
4101
2511
4331
1719
492
5429
5444
13
4347
1520
269
788
3775
4982
337
43
2178
1287
6083
6286
2136
2928
6169
4444
4754
60
1286
2923
5368
1283
3611
1742
731
5719
5537
3961
1949
1539
3022
5040
5130
3139
3657
4284
5393
4044
6435
5474
5684
4069
4234
168
558
3990
1937
2670
41
490
5799
2703
790
1936
1572
653
3055
5212
4152
4015
364
3181
1951
2024
5998
2477
6313
766
6029
6273
775
1885
5243
2895
2904
6440
3093
4598
6215
4750
517
4911
6382
5786
3488
5415
2712
5885
4474
6308
1063
1483
5406
6244
2338
4191
6140
656
1890
5044
6482
6438
4669
1405
4952
4812
20
2889
754
2460
1105
5917
2556
5263
4547
1707
1165
2783
5886
1655
1962
1365
82
211
2669
1095
2775
2700
2992
2567
2323
3482
2192
5446
39
3036
54
697
379
3872
10
3137
5375
1740
3063
3748
2408
800
3825
1155
4005
931
5466
1068
1301
4405
4549
3106
2386
4670
2963
3421
5792
1817
6418
3645
5834
4223
1717
1276
3837
1197
4638
894
6174
5996
4437
750
4244
243
811
5475
3304
4968
4131
3780
3116
1425
807
2054
2611
2288
2463
4130
158
4502
2574
1570
3160
4557
4920
5009
674
3121
435
3737
3188
3232
4651
1275
4499
2467
1876
3602
4632
6454
5331
3574
126
6379
3587
3598
5167
6225
6032
5439
3901
5281
1588
4452
3185
4637
1478
5363
1564
5748
2898
2405
4944
1161
4628
4654
3332
3200
2692
5690
4900
6143
1641
5520
6241
499
2671
4825
1251
1929
2866
3415
3635
5272
6293
22
12
1088
2608
2459
3225
2647
482
2287
5283
3184
79
2292
1198
4772
3841
3628
4535
3936
6302
3492
5637
4096
5245
2014
2684
817
1093
565
1861
1839
2325
4509
3616
5214
247
1096
1697
5487
3755
3248
1366
2213
3705
1225
2108
1631
5124
650
1094
2118
2748
2473
5986
4972
4880
3375
5989
2958
1230
230
4836
2483
4370
3071
3966
4821
3331
4841
2370
5017
1104
3255
1489
2794
5438
4902
2932
2930
4645
5730
4136
2707
3658
2289
3688
3771
2183
1760
3593
1084
2151
4181
2256
341
371
6412
3644
5764
1897
4180
1621
4626
1098
6214
6409
4951
4122
6560
5749
6027
3940
1814
3048
2215
1866
2505
1120
201
1611
251
5566
6091
6414
160
4009
6080
4332
3520
1602
2278
1559
2765
1650
2771
6341
741
3842
4523
5258
2849
4104
4280
4238
1427
3839
2262
3721
2991
4415
5389
1838
3485
3356
2363
6458
5532
2397
2030
2426
6383
6349
1110
4384
5712
4759
3326
5367
3692
613
2064
3595
4840
3576
5934
5433
6489
3318
3030
375
6217
6234
4483
3380
3246
4310
2550
2057
4393
2270
4643
3454
5877
6520
6148
4242
1642
4542
5312
3057
5317
1589
4657
552
3707
3369
441
4316
2028
480
2967
5725
5611
311
607
2884
2238
6505
4943
5045
5669
2470
6289
5379
5442
6495
1987
2101
1683
3656
3831
4877
5207
5164
2911
3638
5664
3384
4513
3610
3542
2947
2360
3219
2226
6478
6245
5048
4764
6167
3299
2062
3509
330
3239
4311
4125
2808
4374
5273
3382
5803
2115
2455
4329
6468
3305
18
3220
1272
1240
3026
1512
1508
1700
3366
5872
3434
5316
5632
4032
3685
2456
3067
5407
786
1015
3496
1609
167
1126
4288
6389
221
2885
2350
1728
6176
2894
1273
4237
3731
2623
4147
4376
3769
6279
4409
4482
4990
4321
2000
1219
3443
3205
4823
3609
2662
1207
1738
4366
6477
6354
282
6242
1718
2685
6348
1715
4099
5789
998
3191
1484
660
755
1376
5711
2029
3552
5200
4014
197
1072
3087
1490
646
4177
1338
6042
6243
1993
369
562
4354
3959
3676
6473
6101
3888
4810
4115
5319
3703
1079
2037
6216
1264
5985
362
6047
2335
135
1279
391
6481
4496
1888
3378
2416
5908
4037
2927
3546
3050
2036
3372
5758
2990
804
4449
2510
2501
2749
3086
4046
614
2366
5060
203
4476
1059
1898
6236
2184
3673
5928
4173
3095
4671
1805
2339
903
6007
761
1521
4752
252
3514
3209
51
6324
3124
2291
1895
2896
4340
1323
4888
3750
3349
638
6291
1325
241
1373
6347
563
5131
4330
185
2759
1519
3497
310
