2492
3748
3660
936
1298
2860
1230
164
2421
1196
687
2327
3763
2814
171
3418
675
3484
1132
4234
3702
2041
2373
3530
3750
1877
1235
3999
1789
1320
2976
2097
2529
655
1041
1898
1510
2770
3195
422
4148
274
1480
2786
4060
857
2894
846
1733
3323
1571
954
3072
247
3266
2072
2867
2390
4176
3208
1751
3486
3965
421
1035
3943
986
2019
230
705
4214
1936
3470
229
1024
3674
3380
905
3194
3149
341
278
4265
4302
2541
355
3455
1558
2125
1938
2698
1441
1206
2394
3665
2634
2089
3321
1701
2632
3886
2316
2978
2831
1117
2584
17
414
2807
1051
1757
971
2496
3595
1037
1584
1679
4064
1030
3957
1844
3686
698
4275
2503
2078
2116
2381
238
3308
1153
3015
3819
83
1842
4360
511
352
3945
3898
2789
502
1828
2236
3374
611
3181
443
3037
3262
7
1859
1512
1574
2414
2834
2036
868
3803
97
1594
2445
93
1473
2278
2428
1310
276
2742
768
583
4240
2943
3722
4332
3061
3247
3705
3150
3059
3018
3605
3767
2368
3909
2815
1840
903
3959
339
3404
1550
3579
2602
44
380
2274
2103
3509
11
1838
2509
4340
3292
4220
4033
3160
4135
2020
3259
548
519
606
1428
3502
3815
3069
1210
451
2044
4272
54
436
894
2736
1882
1526
1447
1046
409
3028
2983
2353
2597
3799
2057
801
3197
1700
112
3191
3039
4026
86
1627
2772
505
3990
3531
576
3887
2944
3436
4380
26
3835
2149
1958
3560
1191
1494
1989
3706
4187
3337
4309
4245
1341
567
4338
3739
329
1277
4096
3322
591
941
3607
3761
3902
1333
2804
2201
3044
2158
3542
1178
3544
1975
2663
447
2899
2499
1036
1105
3786
953
2347
1617
3000
834
2992
3769
273
1165
1600
3927
286
520
2377
1875
1114
3529
1273
1120
478
1214
2076
3942
2153
4093
1411
3519
455
1275
1172
3882
1753
967
728
3429
2275
3419
18
393
2068
2432
1040
434
3884
782
3345
2046
4043
66
2397
1177
3264
2021
128
3981
1717
2790
1458
1375
2014
3089
3216
3688
188
2926
482
558
209
3218
167
797
966
1331
2159
1553
2050
1902
469
2392
346
2880
744
1967
484
1957
284
4075
1311
1548
301
964
3033
1461
619
1049
1413
2198
3110
52
2685
2511
1141
4289
2105
622
3186
1672
996
158
3070
3111
1743
892
3973
2027
2972
4129
1813
3217
130
2940
1853
2680
806
2576
759
3126
1887
3516
1352
1623
2385
9
2257
2826
430
2211
2172
2647
2333
3312
3026
150
3040
2396
386
1053
3385
3173
453
4315
1931
790
3443
4270
2792
3589
3464
3349
2903
3899
206
4359
2749
925
3076
3998
1509
4346
1365
629
4310
1336
1007
2594
2300
2272
1543
1290
1929
4183
1317
1265
514
1292
761
333
2859
1809
3119
1459
2794
3417
176
2571
2024
1705
1788
4098
2311
1914
4170
2315
1169
2722
2139
1271
2033
2104
3817
985
2379
3313
2581
757
2130
3238
2552
3127
1971
365
4122
2785
204
787
2164
635
4277
283
2548
481
1110
992
2005
1781
4113
3141
2266
864
3676
2739
31
3671
3988
1015
2526
79
3409
1355
899
3364
1561
3003
4267
2346
4150
68
1945
2169
240
4269
2696
2963
1042
1873
1942
2560
3543
1433
891
1612
660
1454
3154
1697
1821
28
875
1825
841
2816
3564
4177
462
1124
399
2140
1770
1174
2415
3592
795
2902
2051
300
228
1238
2464
3733
1908
1874
3987
2684
1369
313
3282
1513
3816
2516
1202
1095
3230
3518
3011
2035
1335
2056
1237
3573
1226
2527
1917
3694
634
475
1806
2497
334
1059
1723
650
645
2241
1250
4204
820
501
3680
4049
122
2030
262
2649
3077
476
4180
1756
2808
1215
1130
3620
3757
2833
2589
2040
382
243
2967
407
2328
900
2777
4038
542
246
2480
3406
748
4227
4030
38
3685
2270
2427
174
734
4023
1596
2694
968
4167
1455
1881
89
2707
918
1018
908
1173
3344
532
420
280
2626
2235
2844
2893
1710
2606
1616
1381
4228
1150
1157
2265
3467
2855
2338
3837
179
252
1689
1684
2661
2644
3967
3575
4268
3255
3006
2891
2543
4327
2205
3276
3461
3338
3753
1625
3504
4386
3439
121
731
2843
581
3358
177
1894
3584
3368
2769
2493
822
373
1998
610
1676
780
186
1090
741
3332
2228
3090
2691
1425
2737
1408
2757
3422
55
2837
1378
349
87
1376
287
2655
134
1832
2958
1604
587
1244
147
375
3157
3994
1116
1696
1001
3993
907
328
637
2321
1541
803
53
1656
735
3546
2351
2960
2720
1579
3865
3476
2854
1501
711
1606
3355
989
159
1961
3668
4107
3363
4052
1327
767
3983
1533
659
3847
1568
3359
2988
3007
1537
631
4063
1243
2163
1043
1328
3697
2763
1585
1933
354
1382
1807
136
42
1476
1081
808
4083
3485
1775
1021
2023
474
3256
13
2939
2048
4320
1545
1772
3
3131
125
1088
535
3049
2697
811
3315
746
340
2419
3078
851
680
1610
312
3190
2848
2137
3146
120
2850
1404
3468
2981
3055
4091
2474
4022
613
3391
3206
2699
84
3291
2269
2501
562
1026
1507
428
205
2070
216
2607
100
2484
4239
3274
862
3097
2398
1208
3526
1515
4212
800
342
2200
766
1524
4105
3506
835
4271
1847
4352
549
3198
3433
3272
1502
3025
1490
599
3408
2038
3258
1344
3389
1941
3630
1783
109
1926
1296
1665
185
3498
934
1181
4182
1384
3992
3825
3527
3781
3384
3252
4287
3278
193
331
2086
4128
1729
1147
753
3798
2504
1862
3914
4367
4078
1029
1280
1204
4253
321
242
4242
60
194
1736
951
2778
2107
1978
3569
1257
877
3941
4334
3426
4173
3667
3698
538
614
1660
1671
211
4192
3646
805
1486
129
4190
3237
3864
1864
445
1525
1361
149
1423
1657
973
2666
1359
1453
3331
1489
1621
1531
2551
3100
1608
571
4232
2243
2979
1528
275
3387
3298
812
4139
3787
1720
1527
3147
2904
559
707
2402
983
3163
1412
1888
2506
2692
139
2487
248
2355
3636
4056
4229
3726
2802
3495
3528
4051
2675
3765
2878
1254
826
3182
347
2580
2197
4385
148
1346
2403
1854
1829
107
1833
4062
786
642
371
1397
3311
2374
3020
113
348
1642
873
4194
417
2672
888
3594
1474
1118
370
1640
1800
2405
2959
4370
1517
2906
3448
3729
2277
3964
2452
2537
2738
1491
689
4061
487
1583
3610
1964
154
40
2317
75
2449
1822
1385
2659
1683
102
1358
545
231
3012
2282
1506
1182
2635
471
1709
3932
3469
944
1326
2319
1692
2875
2640
3814
3854
1426
1131
3622
1992
3071
2555
3716
3054
4092
942
1663
3463
65
1220
924
2809
1588
464
2857
2512
3032
813
4369
911
3751
3727
4354
863
4077
2708
4127
3267
1776
432
595
2861
1547
772
1469
3478
775
3317
3050
3361
3452
3775
3307
3184
1831
1742
461
3675
155
1168
1780
3725
3058
1373
1289
51
1233
4206
4258
3512
2938
1670
3356
1338
2729
1061
3723
1555
1878
3944
3824
2965
2015
980
1430
2472
2290
3896
2080
1159
3454
3662
303
435
2565
1064
81
2018
224
2544
390
2588
739
1482
338
1674
722
62
3689
1492
1488
360
2031
574
2657
3893
1185
2617
4073
236
3169
784
459
1650
1432
2240
2779
3848
1008
1643
867
324
1582
2703
2109
4031
4345
557
2974
3261
3948
95
1959
2382
3552
3550
4210
253
1301
2897
1405
3043
1620
4379
2761
2542
2768
623
4252
4262
4197
4261
1415
4112
256
773
2341
3611
3770
4218
232
3104
3841
2301
1587
3730
1845
1924
3791
4013
1098
1171
1466
1166
77
4074
2113
3547
579
2399
4015
1197
1456
1003
1367
3505
4356
829
2856
1299
3002
3996
3852
2227
719
2446
1884
472
3970
3362
1996
2788
1483
2713
4363
1457
318
2676
1006
2143
4205
2273
4025
2590
1972
2190
4042
1176
686
1207
3176
2765
3091
2289
2435
4164
3608
1834
410
1028
3246
2625
2530
2547
901
1198
1034
3459
2255
67
1071
1068
2417
477
1092
2181
449
1693
431
1217
855
955
2566
1849
1667
3522
1449
2340
2264
1722
528
2665
2258
730
2022
2896
2491
144
1906
608
454
2052
1777
1592
2180
2658
2611
1962
2719
2931
2150
2358
1843
2320
3350
1263
1982
717
4348
1949
2780
1827
473
2045
3210
57
99
3699
3088
3121
3161
2436
3758
4318
106
2451
2909
1702
3938
2375
1746
1903
2818
4041
4141
3554
745
1004
3754
1907
3625
1133
50
2842
3035
133
2695
1830
1764
3373
3632
1602
3187
765
2718
72
241
3316
117
969
1630
1156
3205
1578
1810
970
263
1747
1647
2362
4159
3908
4215
1985
1387
3947
2391
3081
3420
1848
3548
4292
1255
3755
4296
3220
1779
2296
643
3581
3085
2709
798
1259
1615
2920
671
4303
1794
308
2578
2111
4059
2271
2823
4099
1052
3711
1472
2444
4219
379
3352
656
2519
172
677
3189
3324
2821
922
2306
2176
3500
2996
664
1725
1145
156
627
4006
4256
419
433
3166
615
2349
495
2654
4157
3856
831
2291
4106
2094
776
201
2420
2322
1419
4019
2925
3447
1771
3342
4097
3405
2309
2114
2853
550
4237
427
3113
1639
4120
504
2209
3764
1011
41
3388
3582
1279
403
126
3515
2006
2082
2489
1563
2145
4011
1307
343
993
1754
1646
1691
401
2471
4117
4153
3067
1323
4046
96
2059
4125
552
3783
2261
1104
3567
2067
384
272
218
1258
2812
541
391
3894
3510
3231
788
1248
1349
4145
644
1704
4257
1635
3904
2674
2583
713
3628
1551
3534
916
2712
3294
1450
4381
3038
4044
2133
1523
885
3919
3365
1861
245
2122
2144
2479
4131
3133
3774
2811
2276
1129
3196
3718
2682
63
118
2459
1267
1856
1055
2458
2595
1814
490
653
1503
4341
1716
2563
1520
1866
296
2877
4250
2426
2308
2383
1699
3233
1521
1761
3917
3701
3956
4293
3372
2454
494
1870
1383
4281
859
2616
2256
3537
4165
3057
2574
2393
727
3249
466
4080
266
2478
2025
4144
2129
3200
3094
1863
3213
555
2252
692
1000
893
2873
2638
691
3023
1732
3696
260
999
726
710
556
3827
2416
3568
3663
3563
3968
4321
661
2624
4055
626
1576
2245
1651
2613
729
3354
3621
843
861
1370
882
1987
4246
590
2612
1496
845
3732
1706
3063
2908
1519
796
4282
1631
1183
3399
1850
2075
1434
3014
2223
3639
1846
2907
4297
598
1236
1805
1590
2910
3251
566
1538
1203
1403
4324
3284
1540
4307
3901
3142
200
1402
2579
2110
387
869
1682
413
1451
1329
4181
2034
4010
1414
2639
2463
2183
14
3047
4300
2422
4349
3778
1366
1195
2121
2134
4155
2933
3318
3129
101
1353
207
1020
4362
774
665
1072
1564
2465
4020
2364
214
2091
3879
1567
4278
3618
4146
3241
2759
1648
1487
3229
3474
314
4076
1435
4029
4111
132
2567
1711
4004
2716
3287
3411
4375
1740
2741
452
1817
736
1923
2192
1591
3672
3159
732
1703
3535
3982
2466
3972
600
415
3991
688
3951
2148
1152
4199
71
783
750
3132
291
646
21
1758
3265
2154
2572
3022
1354
3562
2498
1312
2302
3445
616
1288
4140
411
733
39
183
2246
191
1187
2146
3351
4012
2561
2862
2330
3450
3138
3403
2357
3271
513
2199
3643
2781
2966
2773
2690
2175
1444
302
1389
3807
1416
94
135
2467
4166
586
1017
2620
3302
1485
3310
4071
3114
4291
1727
3743
4201
479
2151
2673
2806
3831
3095
3559
4274
3175
4147
4301
1076
3004
2892
2998
3715
316
561
1270
2054
34
2975
2127
1073
3795
2636
1613
131
4299
3013
3793
1146
4035
3243
617
889
4017
2100
2468
3491
823
1102
3823
1218
1575
2600
3304
2462
152
1418
3843
4280
3570
2872
3642
3228
1661
2884
3664
1803
2538
2182
521
672
958
3353
4283
2849
29
832
187
2304
3473
2260
819
3859
1904
4368
1879
2745
3297
1687
110
537
1916
1286
45
1626
3488
4090
1302
3600
3254
2934
2642
1609
716
3833
1611
641
1391
3232
3497
1044
3496
4365
3796
2846
336
3306
2995
4024
1170
3678
4304
2820
1552
315
2371
919
460
2450
2514
485
940
3441
524
1429
2344
1251
2827
2476
3915
3042
2774
3533
3056
930
3911
696
2962
3989
1955
2629
3762
1014
1749
2775
3923
3106
2404
1915
259
3565
1759
2545
2179
3222
1330
2325
3690
19
1079
2973
1305
3861
3024
565
669
3768
1374
3248
2193
4185
2186
3612
3108
3107
3566
1921
2817
1988
3062
2299
896
2762
3273
2218
1462
3295
4186
1598
4264
1478
298
1511
2828
64
2343
695
3980
3788
952
4119
4027
367
2871
4364
3328
681
714
2598
3977
895
1069
3561
3889
1565
4358
3326
3424
2411
145
3340
1539
2835
1016
3005
1101
1388
2095
277
325
220
597
2725
3874
2970
928
1247
2559
1562
295
3619
1499
1190
2332
847
2165
4238
4171
251
3453
1896
1340
4236
1303
2669
1137
2921
2488
1649
4028
2206
738
2292
3650
755
3082
3300
306
3092
2147
3481
1468
1652
1445
2923
2582
4195
458
1516
853
697
3954
4178
1607
1205
2556
1677
876
1662
4039
2363
3325
3931
2155
3849
1253
4142
3598
489
1107
1724
3779
4104
517
2431
2604
299
2717
1216
2099
1125
887
2297
1970
1033
799
281
3400
3669
589
1922
3728
4162
2242
2453
1371
237
2623
2004
4102
709
1624
509
2522
2596
1154
2648
1960
518
1144
1395
3250
1012
1246
3109
3293
512
2715
933
2668
2889
1452
507
169
4000
1162
3179
400
4100
3421
1407
3838
3444
3492
1135
1039
2724
2764
1193
3654
3482
3183
551
4115
4158
1808
584
3174
1536
886
2905
2885
257
289
2071
3773
1467
3617
4137
3717
3425
1439
3151
157
4374
4163
879
2424
2131
1889
2173
2490
1668
2637
2882
3466
3658
4114
4361
249
1554
704
2314
3539
1096
2865
3180
137
743
1505
2751
3168
809
3638
4118
3883
3381
61
1943
2482
85
1773
2356
821
1401
3440
3438
706
1136
2303
235
4069
2858
4066
945
4207
2734
496
80
943
2599
3514
4189
2335
1976
938
3946
1364
37
1791
2494
2760
596
703
4095
836
530
2957
652
3588
2932
1479
23
3822
2539
649
914
213
1266
3393
3704
1013
3731
3979
1149
990
1880
4108
3961
1819
1782
2829
2898
3367
442
467
1470
4058
359
2058
1304
2138
10
3857
1291
2224
3517
70
3045
2890
2832
4288
2123
1211
1694
2003
3603
1534
1325
2221
2225
1372
203
3785
3895
178
4308
140
1448
929
572
2152
2188
3260
2324
3494
2047
4333
842
4244
1070
1122
1867
1343
332
3693
3086
1345
2220
3152
3644
1824
2161
498
4213
804
389
1654
515
3963
123
554
2212
3794
1160
378
2430
874
4224
3299
1801
1719
2810
3866
3596
854
3541
2954
666
2028
3905
2000
114
4037
737
3700
715
457
4161
3501
2262
4298
1855
510
3681
279
758
1804
2238
3507
1549
2226
3269
56
4151
2851
1115
2326
4001
956
2573
1752
3872
2553
1841
1440
3386
1658
2502
4081
3958
3858
2869
1108
1939
3782
2234
2126
1284
3415
628
456
997
3309
3395
2008
3682
2294
2455
612
2945
170
2568
3462
742
1031
4247
5
1966
3268
1314
3130
1633
3397
1282
2208
779
668
1681
2922
3918
3597
1093
1225
305
2888
1890
4
3649
91
560
995
2141
604
4036
1952
662
3051
3553
1940
3867
3427
2231
1175
1557
2135
3710
405
544
2754
975
1390
3984
2055
418
1895
4319
2633
3370
543
932
153
4156
254
3139
770
2528
2688
2513
225
1189
569
2964
1054
4312
3136
2013
984
345
3221
865
3936
2386
1316
1023
3670
2331
180
1209
3878
3868
3346
2060
2913
1765
4305
3112
1934
1947
1240
527
1698
4109
1294
1865
1285
4003
4366
440
1380
3083
2318
2927
1179
2521
2941
1581
1339
4110
3708
258
0
4021
3096
3801
3046
2285
3772
4382
3976
1741
2500
3068
2118
4339
1993
2345
1410
3626
2532
3490
3684
824
1436
3371
4067
3451
293
4089
2864
1227
2977
1508
3724
3192
676
883
90
1406
3428
3099
2924
3493
2700
1969
890
4263
2752
2108
1532
2339
4048
3017
2167
356
2534
4351
4254
2531
3382
2437
1762
3064
582
1632
1918
1930
785
3800
3171
1471
1593
2117
1655
3394
1986
36
1075
3369
3641
92
2758
2279
651
3226
3402
1477
4007
1109
1731
470
3115
3935
4255
633
2011
3143
119
1714
2112
1707
701
1261
3437
860
294
3721
4231
2650
1785
839
4057
196
1348
4152
1212
30
840
685
1357
362
1851
3876
4226
1192
16
1968
3966
1560
4353
849
3052
143
3413
3079
3330
2370
1760
2753
2447
2915
972
3771
4203
103
1798
2049
3472
720
3140
388
1636
871
416
3093
4331
3240
2009
1739
601
1184
913
2876
124
3227
3792
3949
3471
2101
1796
2993
3952
1234
778
2481
781
625
1048
2819
1980
1920
2216
1222
3926
3826
2783
3971
926
3167
4179
446
3609
3286
3253
2166
3477
2622
2787
1103
3924
3202
189
850
4329
2441
2171
4230
4094
4276
917
165
1927
1544
553
4273
2053
4101
2793
290
1268
1728
1121
2845
2919
1910
4005
3571
3877
523
3019
2485
1744
1787
3048
320
4018
2284
2603
2061
3075
536
4336
1792
2084
311
2295
3021
866
3712
1360
605
2799
3412
192
1351
764
1597
4174
3805
2039
3410
2870
694
620
1322
3840
547
1164
1221
2189
2412
2750
1869
2776
3556
640
1748
3236
531
292
3503
828
1580
4072
3010
1180
506
1935
2805
4116
4016
3709
1818
3207
3809
1199
261
2728
884
408
2801
1050
789
3156
2726
1032
3343
534
3513
1421
1297
450
897
3545
991
592
724
1087
878
3828
516
3714
2784
3577
3144
949
344
35
3692
2065
3041
3651
2087
3008
1245
1653
902
265
198
957
2440
3320
1274
3790
1899
3327
978
3214
480
3742
4217
1281
1570
3430
1140
2671
525
2874
1911
3875
1946
215
1669
181
3204
1134
3950
438
2170
1158
491
1981
2438
2475
1708
3209
3164
2929
2408
2733
2601
2081
915
76
858
4225
3974
1201
4376
1622
271
1342
946
1379
674
3285
3834
3281
4241
3211
3456
540
1119
793
3890
2679
3116
223
3027
3855
3614
1377
1786
4079
529
1595
988
4222
2251
4260
2546
2203
3153
3891
1229
1295
4316
678
2334
1308
1362
2961
3920
4377
3978
3760
3707
2136
3810
2229
4373
4330
2124
3165
2376
3602
4325
2217
575
2204
1219
3333
2083
350
1618
1495
815
2968
1790
2980
3860
3863
2207
2710
74
2064
2916
2771
6
2670
32
740
4198
1566
377
2687
3520
3532
1422
264
1083
1058
792
3661
217
3853
2591
3538
2651
2439
1605
322
3016
2283
4200
2128
2359
1242
2887
2063
1321
2369
4306
1905
3137
105
3098
1318
2841
810
3242
2997
3244
161
4124
1793
1163
1113
25
1820
4202
1398
2406
2191
4328
1750
3713
3925
4384
1431
1010
423
1097
580
2361
974
2586
1334
3657
1937
2
1481
3892
2558
3170
2947
166
3234
2088
3558
4149
2653
1022
3673
2803
1983
202
1463
1559
268
3457
564
3599
3873
1065
297
2866
1730
4279
3065
1151
3118
2387
3969
2969
3804
2721
1186
699
2026
3720
385
1313
3203
2732
2253
374
364
3623
2643
1774
2042
3955
2746
426
4313
2254
807
1394
250
2263
3580
1664
1332
3446
1835
2219
2740
1056
2508
357
3629
33
1347
4294
4383
1573
2119
2160
2824
2288
3277
1755
3655
825
3524
486
2914
363
1138
1025
4123
1872
4068
2400
1766
2852
2702
1999
4314
1901
3185
1446
1619
2533
1852
3870
920
1074
725
1438
3135
2994
368
4088
721
3613
987
2106
412
2575
708
3808
162
3975
4285
912
3844
2593
22
593
1091
3756
3432
3414
3747
2550
3590
2953
3314
2239
2609
791
2194
441
3283
3479
3862
2518
2495
3741
2523
3357
1060
3329
1973
3869
1797
4014
3442
190
2868
4322
2714
2177
2077
4259
2367
3219
4286
794
700
837
3279
2517
3986
2735
1213
2354
48
3830
3687
4249
1161
3659
1089
3789
1965
398
2564
2456
358
2535
2448
723
2641
3578
1139
2797
2605
2681
1443
3101
760
3953
1951
1231
1932
2037
818
1396
1659
4126
4326
1673
361
376
3134
304
317
4343
2323
3366
4085
935
3691
483
3465
2312
939
3155
335
1100
4191
4211
239
3084
1950
4344
1067
4050
2525
326
2731
607
227
3933
1885
563
654
394
1858
2237
2949
2562
