200
31
54
138
265
55
94
252
133
19
98
33
123
162
70
112
219
213
251
117
103
77
87
12
88
234
207
40
163
11
229
242
281
32
204
227
177
168
142
114
235
96
188
176
271
150
48
170
190
82
277
45
276
74
66
80
152
106
76
221
203
180
256
178
282
29
171
108
233
8
241
145
64
135
141
102
179
21
275
169
272
84
41
186
61
144
43
105
202
91
174
246
147
193
185
183
131
37
78
148
120
119
194
118
121
155
110
175
211
127
34
17
51
67
132
52
247
157
9
196
195
90
39
259
73
249
166
49
81
69
111
71
22
154
4
128
58
30
107
184
214
240
239
208
199
268
47
172
262
35
218
238
267
254
159
72
57
24
151
160
258
164
149
13
260
56
158
124
263
279
217
134
161
153
244
215
220
209
280
86
226
83
14
237
206
222
167
63
38
42
187
3
205
109
212
25
284
273
15
165
2
126
143
59
232
16
253
223
250
26
53
274
182
85
44
181
101
97
65
6
146
189
245
89
173
79
122
192
283
