10647
9671
1160
4420
5242
467
1501
6259
8404
4688
10796
2082
5011
6431
2838
11596
2727
9035
5521
4156
5732
5524
2288
10386
4542
8408
6631
612
9959
11028
9730
8210
6895
1621
4322
6919
12065
10918
3875
3474
8238
9802
3062
4586
11736
10313
10629
4294
4040
7664
11559
1427
538
6294
4579
10988
3558
943
7992
3532
2012
883
9487
1792
2517
4481
9848
4085
520
8654
3662
8590
12215
7614
10355
9254
6065
11812
8611
8235
11309
9871
1606
2096
5363
6005
4518
152
3439
3629
597
3269
4915
6292
4484
2330
1198
9625
9950
4855
4284
11991
11686
4702
894
3060
7679
8117
11847
8848
4075
3821
8916
241
1356
9166
8635
7338
11332
958
10711
10817
1125
9827
11774
6604
1049
6771
1907
10247
7705
125
9389
2519
3157
862
7235
1829
6067
6516
2704
4223
4685
11478
5159
3827
5200
4337
8214
5864
11524
11665
2684
10587
1664
4306
4613
9595
9763
1959
6405
6275
11090
10550
8353
3905
7543
3100
6662
8313
2873
2927
8657
10968
1758
4141
9447
1119
2891
12350
9548
11073
2848
1691
8475
7086
7339
9716
1960
9082
1134
8493
6573
7439
8819
9841
10383
3336
12053
11085
2023
211
2535
2596
8589
7519
3776
3702
1825
10514
4744
7498
4219
3876
7302
7007
9435
7355
4175
6429
6351
11208
2117
3497
3396
3770
2191
4949
2382
9336
10168
1518
10972
3391
1433
10179
6920
402
539
4914
10520
256
1725
950
3630
11759
10232
9038
11998
3088
3998
7727
7702
9325
8275
11509
2080
7625
7502
4552
10416
3983
5254
10876
9731
6317
927
5948
5353
65
10730
8925
7122
393
2013
4633
6164
2734
10866
5900
8616
1561
4370
4021
9713
2664
2426
3278
11636
7089
646
2606
3519
10906
9944
10735
11519
8910
9544
7264
11900
7474
6558
11473
9142
7296
10831
6480
928
3848
1129
3236
370
2420
4675
12228
8388
10757
9130
5204
9094
2621
6618
9786
7093
10158
3546
2122
9723
1852
9860
9266
9303
5479
6503
268
610
3185
9658
5958
77
2087
10426
7668
4609
5112
8420
514
1013
11746
4020
2088
7524
2308
11200
7754
11081
12103
4660
6042
6864
6560
11123
4280
422
10136
7333
9375
11199
7697
8562
4597
1231
10648
9344
10400
12233
10361
5196
9404
2079
5315
5506
9864
9088
4822
10435
5464
32
5554
2374
4031
6413
156
1030
206
3903
8755
8345
9772
4757
9798
9540
12314
6587
878
9442
5214
10036
11469
5967
4550
9384
8571
4228
2409
10714
3525
5114
4499
8173
991
8927
1096
7657
4140
5260
593
10422
6232
7083
5180
6787
659
6277
9551
3248
8565
3294
9016
3687
1846
6038
10608
12209
3857
3811
1899
5403
4704
6861
4988
264
5222
8864
6321
2867
3286
7419
3596
1837
6274
787
4539
8563
10724
1848
5552
11867
5360
3041
108
12290
7599
5913
1440
8376
12188
2235
9045
7297
449
4687
3316
10430
3257
9859
2536
7349
4614
6054
1066
9816
11240
1807
11791
3114
6122
6000
3584
5300
10338
1754
8448
9792
3318
8204
8483
4324
9203
7767
7393
532
3402
10820
12177
10794
7616
5008
7298
2714
1975
11560
6102
4513
3795
6338
9409
6180
5577
3588
10902
6544
7489
11131
3738
5424
3726
45
1604
5419
10812
10282
10343
1430
186
3734
11546
5186
3700
10014
9726
15
8850
11493
8734
10062
4038
5631
11003
6120
632
2991
4218
7809
1458
592
11850
4692
7837
3553
192
8490
1985
5031
7257
9295
3586
11407
7437
7909
8655
4568
3792
2833
7073
2765
10285
5598
11697
6078
6625
7865
5057
10327
10405
5835
4097
11637
9714
4998
3653
9268
5977
5010
3492
9022
1015
2518
10769
2754
4983
11587
2540
7791
9701
3545
8732
2177
11875
9210
12130
1581
9790
6377
1521
9682
44
7819
5733
5603
11080
10268
9451
1654
3288
5875
166
4196
2111
10164
5876
2408
7803
1978
3223
7680
5951
2112
2380
1523
3773
9627
10983
10588
2821
10359
9125
6653
10499
10058
11505
22
10204
6440
8237
11282
3954
2254
2475
8527
11303
10288
8689
2043
1769
9912
2148
1519
8809
4519
3921
9803
8778
6304
11390
5672
1601
8005
10567
8642
1611
2573
11531
7350
198
3125
4238
7080
2636
4890
1658
2451
9115
153
9118
1854
11695
11495
312
1450
3789
9562
3718
384
9647
11696
6513
9564
5154
8918
240
9253
11075
1714
2337
3741
418
9689
7849
6261
11771
1411
7222
7077
863
6360
1487
2149
143
11504
6578
5477
10133
11428
1766
2218
4184
6105
1709
9985
953
4348
10113
6621
1379
11981
860
6555
150
7573
2657
998
1557
7406
6889
11156
11316
6170
11306
3583
8405
11988
11351
6383
4278
3538
4559
7871
6918
2842
1419
1565
2469
59
2973
2742
2511
7275
10873
8901
8870
12320
9606
3115
11280
2046
46
9972
9470
8342
5050
4283
11960
9745
9651
2264
11487
11522
7096
2478
12099
1022
1100
11433
5988
4909
8548
8984
8233
8815
1750
9296
11049
3978
12371
10893
1885
7893
40
3209
4786
8539
7469
9739
8627
7287
4594
5549
3416
4631
11557
1456
6375
10165
11402
9826
11925
6336
7288
2899
2216
10842
11795
11590
10903
11548
10226
3966
7799
1426
6848
5368
2447
2386
12357
1741
5271
172
1760
5245
2733
8
4302
4829
3907
10957
2323
2281
2843
11113
11127
5195
8243
8604
8500
7337
6302
6433
8480
3692
9257
2680
9290
10521
11336
1485
10538
11699
6452
4585
889
6071
12102
8979
5959
1527
11606
9759
12275
3162
9558
10345
3541
899
7407
11634
7661
2627
1974
5351
2898
11364
5505
11612
6390
8736
486
7747
1582
1949
5808
11229
8265
4247
7456
4841
6043
3461
8352
2453
596
9902
5980
3723
3756
11310
3617
4282
2361
9339
3418
8508
8849
5928
7101
8696
7367
1828
10286
9758
7351
11754
7703
5077
5655
10537
4192
4715
7683
11552
2005
4497
4681
1693
4232
1703
6481
3528
8078
7994
5830
9108
7066
10101
9443
11888
7813
11260
1661
4270
7729
3457
10029
6264
9708
981
8269
10312
4654
7597
11892
5534
10491
9020
1418
8004
2679
5661
4486
2598
4365
8112
6769
4482
10032
11344
2282
33
11987
10773
2076
8935
6550
4682
1859
8986
4460
12082
5344
11799
9771
9245
12187
3142
9419
4496
6310
6027
11848
5373
11845
6423
6045
1600
10075
11452
9385
11285
12221
7473
4804
3496
7780
421
4776
9478
1973
3126
3491
971
9234
2975
6986
8570
2097
4328
8981
8718
6656
4847
7798
9566
3027
9870
2463
8332
6426
4948
6082
8743
10519
8818
8610
4093
6697
4405
12277
1528
3625
9250
4116
1908
1033
9931
8336
2135
11906
11360
3959
8904
6211
1578
719
1509
5225
9172
6597
8300
11263
8442
11045
9630
10468
12286
6343
11430
10445
655
5522
10356
1503
9041
10501
5230
5540
774
5417
2215
8944
11739
354
7135
11950
10987
8091
9654
9861
2142
9408
4664
10986
10940
5277
3136
2830
4873
12022
6788
10341
12115
10181
12055
7885
8549
6319
885
10076
12140
4029
1641
1979
7255
11415
4465
6867
5953
9251
9649
5656
5853
1191
5496
6209
11893
2914
9284
1124
225
8150
3683
3048
4921
62
11647
10336
11968
8512
7408
3310
1083
11667
128
11549
2929
1610
8494
8115
4532
8970
12343
9448
10265
795
5423
6561
10504
5188
11948
2826
5940
2544
11496
4851
988
9465
9882
6524
11997
10000
3341
8772
2236
2646
3089
11929
4274
129
2673
6575
7696
9263
9017
5593
10490
3148
10205
1830
4239
3720
11915
12121
7280
4669
8763
4174
7728
10473
5653
1207
8013
9072
9327
10568
7069
11721
3952
12212
7220
10460
8592
5872
4018
10744
10511
1951
2357
4017
8333
8665
1132
6269
2311
8760
6886
6118
3169
11580
4025
10952
6843
1138
623
4661
6649
3847
2579
10302
10475
497
11618
2340
10801
6231
1993
7708
3307
1314
5925
6521
10682
3939
4098
7995
7778
10140
6962
7721
9120
5325
4601
11551
12014
6706
4351
1817
3026
5056
3386
11978
1996
6089
7001
6798
5614
4937
11512
208
10495
7160
1560
9775
5071
4090
11955
1587
9819
10276
5209
8716
1143
9733
12171
8623
3703
2161
2845
7800
6501
10936
8535
8225
10183
12363
3273
11729
12023
11897
6020
10930
9729
6174
5444
2486
9942
11169
3499
9601
1465
3958
4216
11902
523
4003
8996
7149
10838
3201
9904
7756
861
9969
4345
5898
2162
10440
7724
12342
11482
630
10638
10580
8234
9006
4612
7717
956
3393
3464
9185
7979
5138
6847
8123
80
1436
10375
872
10747
8422
2192
9585
5816
2640
6519
11659
3669
8159
11604
2233
8323
68
8217
10951
10496
11683
5985
1194
812
12318
772
10009
3763
9760
7319
5198
6858
4942
4794
11516
5386
2496
2943
4039
7424
11046
3411
7869
10562
777
5999
5550
2452
10407
1631
5285
11518
10239
11384
5072
11008
8645
6223
9496
10925
9489
3186
11555
64
8377
10953
10992
5398
8127
2822
4463
685
11776
4450
212
7113
586
9657
11456
1415
12016
10195
1757
5453
1534
1192
1184
9379
9737
7458
11262
7653
4752
11643
5621
1698
4963
9890
1422
2967
7331
63
8824
10034
2276
6379
4289
2847
1035
10785
6584
6702
9391
5637
1011
1984
5472
12276
4301
10245
3727
5079
10551
6556
5586
1738
9974
11283
6188
6746
11395
9973
7081
670
4883
1313
579
1070
5291
1127
10099
2131
8587
11259
5581
9520
5530
8466
2020
8130
11927
869
606
7532
7170
2328
2524
4913
7738
4181
6196
6271
911
5645
801
8311
6541
9224
846
9317
1058
7126
8211
9610
7152
7304
10454
10249
6015
1675
545
5354
9105
7675
11783
5337
1168
6760
9431
4323
8598
10470
4285
5005
9746
3364
2682
3793
2888
10493
7223
1635
1921
6932
8174
11429
2387
818
11572
4800
3414
4977
8390
2729
8580
9042
7762
5092
8359
5309
4807
1223
6203
6690
8274
8451
2520
5022
9040
8767
4700
4235
4458
4777
2712
4734
12002
9845
6551
1230
11348
9710
202
2138
7090
1717
11268
9449
8320
1697
4094
142
494
5238
5790
8514
2528
10845
3960
8692
2309
1513
9178
12074
7656
8835
12303
10854
6797
3677
5558
4001
4836
2805
9805
9192
11884
8798
12240
10837
10065
4641
8135
1179
4398
6616
4312
11506
10728
10772
9302
7935
6780
3014
3644
4785
8705
10298
2602
7938
6411
7641
920
10333
5006
10447
8536
3332
9462
5819
6233
159
2067
9386
86
7723
8874
6670
6659
1019
10142
3149
8126
4705
2689
1063
7105
290
2780
1997
9960
11224
9911
11838
9131
1890
10476
8806
3554
2064
10919
4113
12067
7311
11214
10289
3666
3279
7277
9765
4326
2164
10634
7195
12222
5075
3555
7554
12066
6946
8446
566
678
10524
3522
2710
10958
3284
4809
7552
4072
3222
5842
2025
7210
10657
5601
4646
10382
12174
5871
6701
11869
4773
8478
3791
2736
9372
2693
9949
1170
11440
2530
7172
7592
3485
8891
3917
5430
11507
4185
576
11247
6705
1886
3383
6036
6026
7478
9084
8790
1445
4529
9481
8008
6434
3993
11249
5465
2912
9963
12296
3728
11231
9200
6996
2858
4068
3813
10878
2437
1080
7854
902
1339
4770
4050
9436
5163
3018
6926
4122
2286
9869
9500
3484
7361
4410
11625
5927
8510
9241
1334
9888
3908
6992
2440
1943
7886
4177
10572
1421
8921
9343
3750
9711
3849
9214
1952
3259
549
1204
1998
1085
2921
3766
6764
3759
2410
6620
9242
12182
9183
7898
10037
3823
7836
11917
10993
1473
8182
2466
7766
9554
9898
508
7875
2050
10846
2884
4622
4391
9110
12326
8027
2670
11261
10653
8489
11361
7236
5158
3177
541
879
8409
9594
4958
9986
11832
12219
8817
9521
8183
5731
9397
1254
3369
8245
1424
3534
5854
12255
522
4186
6609
1023
5828
1718
10443
7011
6682
2920
445
963
5076
4835
3054
7382
2400
916
5814
2401
10632
4611
1720
9030
9968
5298
11330
964
5707
5181
1190
3646
5169
5564
9140
10070
12333
8096
305
5358
1559
3904
10973
10389
4959
8177
753
4002
10457
5480
11198
10090
2364
5629
8012
10594
10850
2209
1994
3003
11689
9153
7242
185
2443
3155
3947
10484
11349
10709
3501
6763
3744
3449
7914
10555
11385
9696
5007
6323
9690
5166
6012
11866
472
5996
6335
10464
10236
2792
3431
11584
8683
8954
6968
7781
3289
1529
12246
8241
949
5001
11808
6744
11999
9687
11684
8486
1102
11024
10469
10668
4242
4366
6528
8593
2419
9779
10124
8383
2889
4318
5067
542
4135
11378
9984
3103
6741
8156
4008
11834
5399
341
6477
6221
5405
11341
3020
1464
479
9704
12224
4648
7470
4659
4798
9146
3695
9828
1543
1685
2750
9538
10899
3572
5912
3548
3467
6435
4080
1462
5585
2685
2755
9897
10717
5130
780
10134
9604
9071
4501
1888
10217
4268
8471
67
3985
11403
8407
2287
11983
11889
6076
8430
495
2413
6031
10151
1808
5317
7584
11758
2317
3621
10527
8346
10963
3616
1155
4012
123
10707
8560
9113
3897
10122
5938
1459
3031
12341
12173
2820
5922
1851
8373
7383
1588
4960
8581
6570
9735
11682
3883
4775
5108
12019
2381
9280
246
7575
7492
437
1648
9218
2580
4197
1977
8588
1733
5829
3255
1474
10263
1452
8495
5887
9851
10654
4838
12031
7853
2824
2825
99
837
7028
3015
8995
5968
2441
12018
5863
6420
11102
8644
6057
11751
2887
12229
2193
7816
12334
9167
5161
11564
6006
7691
7720
9036
9347
10412
7270
9498
12111
3275
12094
2403
11006
4574
609
1412
267
7362
403
9457
8142
4308
8454
2226
3134
322
9345
11419
2970
7037
471
3456
5589
11486
279
5956
3543
12197
12367
7322
2971
6179
9188
9865
6736
12037
4859
5175
1902
9439
1568
5366
6337
10777
726
5450
8324
9057
4380
7676
7224
4767
4061
2546
6971
7743
6594
1925
584
7788
8715
5151
8515
6022
210
10083
1681
3585
8773
8928
1214
11421
9679
6273
10225
11104
11359
3234
4104
553
7368
4986
9488
2892
3299
12090
3762
9285
5433
2274
6454
11179
11096
351
7713
2962
3828
11035
4875
2434
4037
6460
8533
3059
10593
2870
3033
9033
9502
7518
344
11513
5588
3214
8643
9525
2306
5338
5148
5904
2721
199
2578
3265
5375
427
4439
5536
227
7374
7848
10303
7403
5553
10280
7556
12214
1026
8576
9930
9945
2204
6564
3967
6358
1068
2663
4103
6101
9584
7670
985
5906
5513
4060
3574
10662
5446
650
9979
2291
8664
6244
133
3591
3232
10228
7598
3424
6202
446
4173
5617
7471
1176
5267
2145
8151
2937
975
5401
5132
4159
8556
3233
4699
10684
8704
12299
10001
5029
12116
7581
4133
6749
6766
6350
8768
7612
11894
4758
8107
1261
8322
3056
9957
7748
4207
10459
5255
11391
9586
8220
7673
4787
2272
8797
12057
11932
483
8249
10776
1801
3202
1154
11610
3349
11544
7211
10561
9134
3377
11861
1746
8487
10999
6716
3688
8521
10334
8573
1449
8662
11731
8784
4244
1860
6715
10035
3371
1692
3777
11227
6414
4721
4961
5882
1617
5547
8717
9988
10346
10251
7719
628
10565
2692
11012
3127
11857
6250
10060
7293
712
5449
11034
11465
9405
1147
8200
7862
11607
10715
8661
9360
5856
8163
11652
5227
7156
11128
3717
11831
8288
7266
174
11744
10479
7815
11773
2909
4055
10830
454
1052
8229
1296
4255
11442
6216
12133
8682
10461
8212
5989
1137
4091
8246
6671
36
5286
8902
7655
9414
1941
781
9225
2026
8449
11855
8273
2969
9155
4608
9335
11934
5541
2890
6218
2493
3104
11844
7878
1472
10979
9842
5501
6222
11032
7996
5548
10411
11595
10300
10898
11347
8820
7364
2155
4694
9806
3459
11425
6339
5240
11218
2739
5380
4436
6534
8889
5892
3295
2628
933
164
11976
6535
7790
8194
9236
2869
9926
9719
6484
3359
10840
4220
10221
11216
6960
9637
7041
3752
7685
6087
5467
10770
5219
3684
3043
9715
2060
10364
6227
11094
10822
3790
76
1209
10253
1236
3274
11792
8842
7404
7344
8742
9752
5669
11752
2042
10026
4745
7774
8637
3443
1062
2021
2543
2728
2893
11613
2701
375
1069
912
7230
10956
8426
1290
8239
9228
11477
9182
10624
176
1836
9329
2778
7247
9292
7433
4560
5341
9252
7359
6366
10110
6565
4431
2791
757
8137
6253
6639
6276
2028
315
10316
7039
9609
8402
5149
4453
2922
5649
11864
1432
7761
6468
6709
7395
11853
1729
9281
5136
10636
4024
4992
8120
7365
8877
750
6372
9991
430
1771
2956
301
7046
12199
7035
8721
4300
2944
3218
4965
11241
5069
292
4147
1001
6151
6554
7840
9083
11230
9750
8566
10603
4989
4136
1623
10998
4385
7262
3175
3476
9817
2472
1930
897
4848
3880
10649
11369
10131
2159
5885
3626
10582
7267
8660
12289
11577
2566
5218
7141
6355
9836
1548
6483
8724
43
5619
11798
492
1417
8095
112
12282
4843
6801
1814
782
3276
4803
1483
2896
2405
4266
12260
5210
7017
10886
5460
1499
11980
11533
11923
6729
6049
5263
7348
2490
6514
4811
6409
10250
823
10403
7092
1095
11650
300
2378
1075
9741
8298
9116
11450
9273
3636
11047
2223
6890
9503
11732
6464
4920
4063
6032
4043
12164
4580
11601
10216
1332
2541
10431
205
11153
4447
1794
6900
8316
11500
9079
6399
252
4259
4828
9905
8582
10214
5143
3716
4791
11497
9668
10996
6730
12295
951
6754
4674
6400
4343
1785
6059
9579
7315
11204
9809
349
2988
4765
2694
2146
2718
6676
2814
2435
2760
2985
6652
8507
7129
5083
8260
10308
1494
11628
11187
1965
6085
5239
9493
9171
3896
11001
7976
5018
10088
10272
278
9217
5048
7181
961
1742
2172
23
10118
7118
4383
6995
7606
1673
10810
9948
8279
1448
5039
12304
8955
2448
9193
3224
6166
9804
8396
4224
11271
11922
320
9547
910
2232
629
6300
8393
6651
11449
8181
1670
200
10858
7313
5389
6978
2756
1130
1672
2196
1719
6332
12227
6574
9923
11938
1797
3047
5918
10694
7250
1645
2464
8821
5091
8957
2695
11740
10291
10128
3182
4712
11654
1704
7205
10161
6205
2648
10556
6224
7111
3219
1055
8164
8157
9608
5448
9319
2124
5666
11742
12280
4240
6548
880
10949
1067
7005
458
5157
209
11963
4710
3342
1158
3196
583
1963
7629
145
27
1227
4087
11149
272
6392
9
5026
4573
2424
2089
8203
10765
253
389
4788
7087
2394
9337
10976
9603
2622
10434
1525
2783
1047
11236
6600
4077
9889
363
10706
9100
11936
5902
600
115
6880
4330
2347
4298
8912
10172
7190
8038
9686
5266
8695
3690
7922
2398
8569
12217
8085
7303
9924
4469
4441
4968
2389
12186
8621
6613
960
3615
3487
6040
11777
2296
3991
8519
4241
7341
8958
4952
6295
10456
3638
10733
11858
7422
5518
4200
1954
9132
7310
10989
9368
11055
11070
4642
8421
313
6165
4592
3796
9459
9646
5983
6345
12284
8153
2968
11536
11445
10004
4999
2759
735
1815
7565
3483
2417
9114
2384
1845
8281
4549
6935
1536
11393
1093
616
12042
3347
5936
6478
10787
9043
5055
6091
7531
8247
11806
7206
6915
7358
7523
5880
2984
2631
5395
11943
7281
1702
7541
8351
5542
1935
1408
8618
12021
10328
10884
8896
4044
11878
9053
1740
1875
8131
11550
6646
8452
768
7882
3228
1782
1135
4543
4452
8640
7068
14
10244
7
3375
1109
4514
10819
2033
386
9956
4480
6100
11289
8145
2261
4993
3698
1916
11242
4438
3846
841
7008
53
4825
5634
254
11605
496
10738
2723
6466
555
1201
10210
1826
493
11882
5397
10681
5199
11966
12345
2200
6485
1955
8595
10670
6989
621
7085
9632
7283
6121
8365
7246
7200
10922
5561
8634
8973
4190
3589
5422
12196
2649
7749
8714
10296
9412
5051
9747
8184
3473
303
5820
9175
4582
503
2668
8202
1981
7285
7209
2476
6328
11257
3090
8522
10781
4475
120
5587
12158
6424
4058
10991
6703
11839
2395
1113
431
11926
3963
8840
1653
8709
1331
6610
5203
9533
9727
2850
2757
2354
7360
4070
4138
7832
8613
39
1906
6240
10557
1832
8308
335
2482
9999
8384
11521
9958
5910
2166
10596
5487
4577
1210
5012
3373
6536
3618
3603
11979
8779
1711
2329
4262
11292
8861
2325
7273
8951
8568
1922
11237
6193
7076
10073
11704
4723
1186
10365
2302
6747
2295
4901
382
10277
4933
6110
1931
3709
54
131
4375
2617
10436
4340
3353
10515
261
6437
11212
5326
2635
2522
9262
9693
9025
4108
10085
11339
1264
962
7201
4630
1502
1216
669
1504
11105
7018
10909
4109
2877
1839
10534
4589
50
4449
4454
401
7663
10498
11480
4400
11498
3657
2630
3194
9080
7042
7742
4246
2411
8461
10354
9209
2061
11787
7131
6539
764
11956
1500
7421
6213
8264
972
8659
4421
12259
9312
9643
2360
11920
213
5932
9939
5941
4799
10107
704
3270
9304
9376
2210
9002
7423
4839
12072
10254
1816
274
5318
1773
12236
7207
2948
11354
4258
5663
6283
1097
9323
11627
2450
9955
3576
1662
7834
7551
10446
2551
8737
10716
1609
6910
416
4243
855
7466
3682
11760
4953
3641
5257
11379
7070
7913
9846
11563
2934
10792
4412
5942
7823
914
7465
6228
8224
674
8118
9887
9400
10566
7604
4286
2075
10643
10177
6412
9918
11466
970
3685
3918
10406
722
464
4604
11135
10488
9702
9600
410
5383
73
3926
8178
6443
10500
8926
9380
5994
234
10720
4754
6532
5
4747
5952
6614
9575
4743
6623
289
562
4943
7137
8914
2958
4966
1021
390
12166
8959
7124
8963
547
6417
8686
6615
6097
7970
2625
4485
11064
5884
8836
8992
2059
4437
2813
2058
3453
4470
2171
10578
9308
9238
2720
1150
6680
10719
3282
4464
8206
11662
8088
7244
1877
3620
2930
1690
5491
3697
3253
5250
10105
3803
6357
6722
6537
9373
8625
7387
5045
6324
10198
1607
8413
10601
1226
11005
10057
8138
2157
3331
10201
4602
8186
4095
5097
2106
10937
8675
3140
688
2205
9422
5935
2404
6622
5690
1620
1833
9129
5933
10806
9794
2310
2418
3940
2559
2794
4817
4596
9101
3013
2156
2529
5359
10731
4404
5652
8349
12238
7051
11398
8034
2666
12302
6028
7157
243
2655
9998
6517
4727
4132
367
5440
3515
9665
6090
2681
6635
7282
7180
2798
9259
1772
3176
7706
3204
140
5860
8658
6236
7053
2151
2449
7166
2414
2459
2772
1121
6718
6246
10622
2047
978
5878
7681
10419
2283
426
2609
5041
2332
8166
2462
8544
8776
4209
5463
3559
8884
798
8934
10006
6369
7148
8375
4215
627
3132
5278
2001
8272
4753
8306
10921
2045
4616
1182
5019
7138
8575
2879
9010
8268
8491
10432
10929
2343
11194
10908
5861
581
7633
3074
12079
6643
8459
9997
9426
5659
4473
944
6924
6235
1841
9148
9255
5437
11076
6035
4639
4886
10184
3158
2963
11362
2531
5335
5190
10642
11986
4291
8628
9055
92
12362
10393
3742
4995
4624
947
9691
8310
5962
3815
6724
12136
9311
1909
2831
6755
9305
4387
7824
5599
8968
3389
2525
6459
10576
10378
617
10667
8252
8766
7775
6465
12316
9788
7095
7459
10675
8915
1591
8867
1115
9332
2841
850
1165
5526
10489
9895
11575
8639
2642
10320
1926
9677
9935
85
4429
2006
5228
10458
8612
130
1556
1488
5036
12142
3241
6176
5590
5483
6297
10258
11451
4155
8528
11836
11021
2691
5957
10451
5509
6851
1597
6572
10764
11666
8822
1114
2538
10516
9628
3189
9783
4213
1175
2356
7204
9791
11710
4146
2907
5208
4257
3712
8218
2815
1078
11679
11137
9157
10182
6072
10231
10775
2864
3220
5053
5431
6418
373
9458
2197
888
3430
1894
7416
4673
7829
10759
4690
854
2730
4047
12024
7425
4149
7968
530
7733
10153
175
7088
10525
5416
7890
892
8858
3263
5378
2916
1923
882
10169
452
8672
3929
2810
2774
391
1442
1065
470
1646
8433
10549
1215
229
10448
10050
11753
7711
2840
802
6743
8140
10054
2501
1850
2182
5306
7279
4354
11161
9099
4065
1552
2098
9453
5546
7776
2086
1251
2572
6266
3092
5364
6668
4288
3280
1551
2278
5275
2358
8542
6642
12266
11410
9240
11630
7510
4696
1809
5280
766
5706
3567
11304
2228
224
4245
7879
4316
9173
11891
4325
8674
2933
3708
4076
9531
70
5059
967
9542
3399
6138
3607
6263
515
7427
9301
5252
6242
10391
7846
11157
6023
4445
4088
6630
6144
5571
8649
8321
1920
8574
3855
3579
6567
7637
83
8456
2722
1683
10317
8215
8401
7212
2366
2368
10156
5179
5493
11103
2147
12328
7006
9761
2711
8823
338
12001
7525
1625
10049
4418
7785
9517
4344
4250
3989
10927
60
3780
1824
7715
1206
9982
10856
11404
11048
10078
4923
10064
9907
2513
443
1413
3238
337
3049
11399
11629
1024
6134
6237
3442
8711
543
9474
2213
5482
2092
11770
6128
9822
7048
9787
5602
3365
11463
11820
9526
12101
6309
3510
2905
12356
5990
11365
10574
9501
6907
2661
10264
8526
10739
10560
537
9207
8006
3384
11703
5089
4575
11657
10331
3632
10297
2816
7432
6837
8176
3729
4379
12273
10424
7975
4912
4644
7689
10847
3022
6373
4564
4252
4957
7109
9413
3507
5768
4599
2331
12252
6491
5500
11735
2990
5919
11543
6487
11592
2432
10508
10160
6629
1783
9486
3437
231
5387
12338
11068
342
8132
7386
6387
9738
1152
2763
3184
671
12349
3324
7559
1716
7576
1774
4048
4683
10615
8119
1098
3311
4869
11716
10749
3109
9269
9181
4083
10091
10529
4335
10704
6796
5813
8084
1467
3122
5396
7308
6493
1874
10907
12278
7806
8632
8191
3356
677
4230
6270
11830
2881
11029
10055
3417
6976
8286
11188
1835
2766
4416
7651
6453
6147
9378
2508
1682
3577
9279
4605
1576
9011
5342
5189
3506
10408
4123
9684
6286
4414
3531
11840
2004
7686
2614
1482
10340
9812
9793
9709
11031
8228
8690
9652
1481
4272
3755
10690
10939
5165
8726
1246
5009
3938
12003
5155
651
9044
12179
4363
3400
4563
2011
11459
4780
4548
548
12335
4750
817
10093
8775
2109
10505
4662
866
9910
8679
10042
10480
9278
6333
8541
9135
12104
12032
6687
6923
9774
461
5485
5890
8913
5296
4204
4812
6352
1516
10132
8936
12123
3345
298
2267
8108
11432
10980
11050
12160
3731
11644
8133
1603
6364
4538
5408
10612
2214
12084
10081
8619
9754
4435
2554
11638
6306
9398
10066
10955
7771
10542
12306
3123
965
1914
10974
7998
1590
3082
10283
11152
9446
1602
1834
3468
7401
6017
7064
4130
11355
9197
8374
10564
681
7671
5810
10388
7507
4962
8189
6768
9663
695
2950
6699
10127
4831
9648
5545
2515
10220
10826
11023
10125
8617
6051
8630
11698
10299
1
9073
6499
1335
3701
9545
10111
6334
8905
12292
3997
6058
7745
2982
7022
2489
3061
3571
9357
8113
7112
10743
3513
10808
10261
3192
10750
1934
5926
2455
2100
4733
10698
10180
2399
8911
5817
7014
465
9047
7845
5517
3206
9334
5874
11588
3264
7563
10928
4342
5675
6523
3797
4990
835
6655
7142
8892
4725
870
4512
6496
3600
11967
1484
825
3084
5961
9780
4524
5226
10911
11255
2563
4128
10813
12203
11715
9921
7428
10559
8098
10237
6052
9417
10685
7945
12026
977
8041
8469
12135
7301
9769
7072
409
11380
2607
6512
9215
2010
5984
7163
5964
12108
8872
5046
7253
2129
2817
10888
10347
11554
8703
3965
309
1131
9504
2487
8550
10129
1118
7318
3023
9274
2057
937
6061
2979
400
8983
356
3087
6421
9724
4984
8277
280
6388
9179
11669
921
5251
7560
11134
4203
9576
1905
3403
9743
8922
2615
5311
6447
10890
9537
10068
2900
5106
615
10106
9707
2260
233
2931
10507
7899
8597
9392
829
11013
3135
7545
7016
5385
11989
7514
4045
12150
3628
7115
82
7765
4897
5972
12128
8865
691
8099
7174
1208
7490
2365
10718
898
3303
2639
12009
8101
3754
8941
6281
700
8756
11912
10609
5231
4229
4078
5849
6700
6957
6836
1730
10295
10243
891
6154
3028
4515
2803
2839
12331
7392
4134
834
4796
9748
2782
11940
2342
2003
4627
5818
10869
11016
1751
12189
9244
4013
9410
8638
3806
9808
8293
460
380
5170
9031
11566
9355
3435
3166
11570
582
4336
11448
7167
8104
11059
4845
2603
6677
10098
4100
800
3323
2799
7698
3297
3529
6037
1524
11294
1995
3337
783
7546
755
6713
2285
6661
557
3488
2221
9403
6562
4199
5426
126
5211
3128
9583
856
11556
3785
11343
7804
603
11849
10104
2552
2582
3174
3392
3172
8859
10723
6448
6825
3183
6599
10494
3002
177
8271
1522
4182
517
42
5292
8354
7843
3761
6952
3757
7977
10766
12307
7866
1375
9261
10585
2977
4746
9480
8093
9664
8875
8730
10166
2269
3561
9810
5895
7718
6720
4265
6130
490
3647
8520
8670
7268
10011
10623
6142
4396
11004
10692
7812
6403
10541
1046
9366
9452
2425
2819
5981
12176
1938
8770
10173
11640
6964
2103
8964
4010
5557
2672
4099
379
8838
2016
6873
168
11711
5377
12106
3931
12165
4857
11541
7289
221
1870
12206
7636
3747
9976
5307
3216
2102
6407
9507
9322
11266
7969
6723
8852
137
2832
10116
12045
3086
3319
1074
945
3722
8282
2784
11298
7847
2259
7098
6543
3395
1853
1579
12078
966
8477
8646
4296
3242
11243
7146
2406
1864
10727
11301
4936
2070
5857
6756
9633
10187
4022
2829
9004
11896
5168
11485
287
7271
8230
7991
3052
7828
5511
10071
1924
11856
10800
388
11170
10314
8834
3637
607
5119
7208
7452
5248
2915
9581
71
3937
2989
4844
4629
3935
11747
7481
8208
4466
8291
4211
7162
740
8385
9276
599
658
2273
1910
5027
5622
4053
9801
5909
7500
10017
4939
9866
9127
2422
5998
1883
11761
2746
365
11726
12043
3381
2796
9514
1608
9776
3984
2438
5721
7579
9437
3980
207
2041
9561
2231
11788
2038
3035
5070
12265
3252
9670
3778
2959
7183
4476
1505
9734
1337
10540
2652
3746
4779
11672
1383
6268
6463
4536
11745
2781
6356
7966
4233
4955
7707
9277
1655
10374
2127
11435
12336
10188
4982
3243
11930
6191
4423
11995
7460
673
5555
9316
9444
3454
9499
601
5943
11206
258
4520
5641
2183
9830
1786
9703
12105
5915
2503
10809
9388
7672
11591
7188
3831
8713
7325
9886
10033
3808
2708
4472
9862
792
9695
10671
7381
1900
1950
11611
6461
3113
6997
9947
10294
2802
3854
2872
8114
4434
5946
10535
7960
11865
5580
9694
4698
222
11
5528
12253
3131
11387
2942
9620
5294
4528
10095
9095
4769
608
7457
11730
11992
9186
121
5852
9906
2818
9247
10056
725
5287
3401
9005
844
9331
12347
478
9901
4180
9559
11376
5333
9641
12218
12184
11860
7385
3673
1799
10870
10310
794
7329
923
3006
2008
3999
10895
3229
11779
5969
3151
9374
5003
2388
2553
5322
3932
7905
10275
100
11377
6580
2547
7192
7730
1197
8653
10023
4707
3549
4880
11000
10463
2534
9065
886
3650
158
2279
4422
7104
7936
3578
635
4878
9177
8304
7892
169
6685
11928
9012
1651
6807
9430
4381
5520
8782
4941
6526
6590
8960
8543
11467
7578
4534
6161
7002
9382
8893
525
4849
7047
6947
10790
5923
3568
10705
4179
6948
10401
7263
4588
5192
9495
1842
3909
1627
8609
5283
7063
7184
2514
3466
5792
9662
6068
10385
8011
3706
5331
10917
7479
10652
7626
8278
7191
9027
466
3743
9052
10162
4925
11537
11741
1665
6678
11655
9341
6533
10696
4225
2972
6576
9387
11167
1788
4169
1161
6511
8997
6490
9287
3623
11800
11284
8389
1116
11801
2577
10811
3138
2556
4833
12364
3296
9202
9570
331
8917
2392
9645
1416
12210
10607
4428
4701
6214
9908
10438
11458
215
2244
5425
8363
2637
5314
2022
5635
2801
11811
1612
10190
7779
3450
3021
2362
7436
10154
2062
345
7203
11953
7620
12325
4446
4677
7910
4502
12213
1512
7820
2136
3658
12271
12100
8706
5837
11769
7260
3606
11574
6688
6500
8990
8828
5064
10145
10428
4402
908
6131
187
4333
12083
4900
692
9568
11941
2217
9464
4407
8226
4736
6410
11702
2470
3423
1813
2176
3547
3516
1793
4483
9237
3490
9915
6307
8434
9807
5719
5515
12274
7499
7010
10512
2063
10167
12297
11921
250
3550
5361
8651
7535
614
10833
10740
4645
2019
1630
3970
506
3569
2206
1855
10946
7033
952
8116
4432
10279
2795
4320
5610
9229
11252
11635
11201
6140
564
10138
7320
6386
9884
6669
3207
3768
10536
12134
4206
4708
9037
197
7870
8391
10429
3807
2584
406
10415
11184
7084
11389
4686
2876
8325
7965
8193
11112
8751
10734
8854
11651
9607
3860
1818
12340
7677
8816
11910
5825
1444
4504
6212
6432
501
12148
5140
1747
2015
11958
2999
11510
893
1016
5633
5362
7218
5391
638
12086
10278
3385
7583
710
11251
5916
10910
4842
8147
6482
9154
9642
1701
2154
10618
6207
5567
6152
5371
2143
8805
3315
7177
9593
10655
6717
6115
5023
2363
3121
925
12071
6795
9326
3147
9090
358
2735
3261
9598
2071
7099
3964
11762
4706
11805
4373
4535
752
8172
6711
8810
1585
1619
11146
3760
6340
1871
8309
11088
4562
7868
2474
9121
7306
10027
1633
3976
5539
11098
2747
1111
4672
1989
4640
8361
10399
12279
8141
1103
5038
2658
2495
9469
11681
11125
4161
4118
717
6315
12137
3164
328
568
7555
7030
1221
9024
6753
1901
9896
713
155
2758
7887
8294
3681
5015
3745
4178
2993
9353
9589
4793
3010
6846
12153
17
11151
9109
5535
3819
924
6658
9256
3881
8329
7179
3420
6311
3221
1770
7278
7056
11526
2939
8943
5858
1163
7123
3477
11293
1211
9981
9782
3599
11213
11322
1469
1699
10358
9162
1174
8190
6150
7455
1199
2040
5324
1727
5560
1571
3826
9342
9635
8457
5183
7826
4935
8785
595
5780
2591
2126
329
7485
2199
9313
6592
6520
1136
6728
9736
8314
10366
10483
8485
4619
6127
10683
2764
4217
2861
3818
6442
4632
2809
10114
5174
10427
6288
1064
113
11670
11949
6650
12192
3350
11226
5024
6430
4067
1696
9692
10897
8932
4290
641
6912
5220
941
4907
242
8564
4015
6106
2928
4127
5594
10997
4210
11057
9613
2882
3075
7055
474
11909
505
8685
11222
2709
11671
8591
10024
2807
8319
2862
4389
9560
7107
3471
3930
4976
11907
12146
1945
12129
7295
8236
4756
3719
5061
1843
8087
7038
1918
157
8092
3465
10978
4852
9346
6177
6568
4059
9159
2949
12308
12248
5950
6050
12152
4618
11709
7916
1117
7842
9078
2107
6002
519
9891
6280
2767
11372
6602
11176
1027
7872
6064
2837
7258
4607
7256
6870
10748
1492
10084
8347
4172
10646
4806
7600
10915
2125
6634
239
37
6504
110
5844
11964
8467
5110
11947
9479
4487
9876
9530
8787
4498
9619
3893
4208
2960
4553
3696
10196
8195
10889
6518
5945
11603
8551
1584
10482
9622
459
2175
10771
9700
5939
5595
1686
6348
10348
11323
2320
11946
8258
484
1036
11117
5412
2179
11036
11270
7567
8040
399
6070
2456
3083
1010
281
8631
10267
7736
4731
8684
11313
6993
10051
2626
7378
9362
10256
6921
3765
1982
791
230
11373
4761
1956
3914
7299
7043
10676
9433
10874
4821
3605
10015
11562
4846
9813
2284
2009
7542
3285
871
7340
9123
135
11914
8769
6911
11674
2163
9717
516
9473
4739
91
7751
512
12006
6167
429
3001
2846
2827
9823
6349
9685
5800
8339
11099
5776
1639
9283
2777
1140
4164
1553
9168
11297
8897
1406
4062
12287
12151
7682
8472
4973
6075
7522
6589
10725
6406
7189
4474
2051
12088
9291
8497
4871
3030
8764
319
7725
11475
1414
5215
4628
9235
1126
2527
11985
8299
1466
7132
675
11970
4026
352
11871
5021
11416
11334
3643
9475
10862
11842
6942
4249
9472
1220
5305
2994
4403
3042
3536
1810
9881
2444
6004
5899
8786
4600
7987
10544
8878
2029
4362
9310
4032
1976
7388
1912
9136
5578
6296
8991
8948
5502
228
1542
6178
10926
3678
7128
10815
236
1919
11911
12048
3397
8292
8813
4493
1460
5193
11095
2667
5328
2638
7553
7645
3376
3016
11868
4490
5330
2433
5632
333
7377
9894
500
1822
1434
2957
9289
7859
7939
419
3570
8827
3101
8295
10579
6617
2355
3150
10318
1656
11573
8263
1340
2266
6215
2860
11177
7251
6719
6462
9320
3057
10240
7243
8752
4905
5987
7570
11802
8771
5507
3774
12200
917
3309
8501
636
11471
3143
9282
10860
4
5497
12017
269
769
4086
8334
12321
11265
9624
5730
11370
204
4019
11267
47
6021
6938
2589
10497
6784
5194
5244
1680
4376
4868
475
317
1643
8341
6591
11717
7486
463
5370
8418
3867
2090
9485
9338
12268
6378
9933
9054
9996
8530
11133
6777
8447
5660
4760
6979
3258
1775
11325
7375
874
7777
931
6681
10583
2220
3434
6238
266
5044
8537
10100
9903
8673
8890
8744
2828
2178
10376
9706
350
4442
887
7059
9953
6579
3237
2446
1169
8845
3210
11037
8780
6826
11274
5965
857
4051
5078
2120
7026
2491
594
11804
3694
4795
2031
6607
396
11026
10882
10007
8380
11977
3329
11701
10197
2137
3511
11290
4792
3444
7594
3816
936
7746
7997
10208
5955
10828
7744
640
10072
6301
7147
4317
3794
4329
10575
11807
5348
5452
5473
7649
1493
4637
10959
387
10577
1787
6104
9000
3949
1447
4448
4356
6489
12272
624
7071
3948
5438
10304
4477
10018
4797
11708
6185
1705
7850
8350
2224
1983
5565
7233
2255
6367
8697
11223
3076
2338
11508
784
11728
3314
5689
10849
9081
5235
6474
3489
5735
9932
1142
8221
7143
6396
9216
4578
2855
2886
1915
7562
9938
3409
9425
5065
10545
8516
7503
6818
4028
11083
776
5141
11692
4567
730
11250
2856
9354
11525
3340
7900
10853
5293
9066
7400
6041
8553
10573
12011
1061
10710
6084
7052
8368
1120
8802
7199
7259
5052
2665
4304
10640
2415
5068
1811
2716
9163
5308
2402
12231
3512
4444
3019
7140
11454
9875
8731
3357
3355
4321
7161
10418
3120
7874
3146
1338
5488
6066
3564
7045
489
11944
8154
6488
11197
12250
5171
5090
644
8783
8121
5413
9773
3829
9351
2203
38
11437
8518
6779
6983
2677
1575
10625
2744
2512
9721
10193
4089
7536
11903
9293
8676
8358
6495
9158
5821
6603
6330
2835
3563
12093
11038
8579
4655
3167
307
5461
98
5095
9416
9460
4545
8425
7013
1616
1752
9592
4625
5620
2965
2926
5525
4084
8799
4451
1721
8898
4166
1821
1520
10844
6455
9221
12139
2093
11931
4996
10349
8301
3598
4526
8680
11724
1583
2762
1748
10040
11235
11722
3804
3271
9506
7173
6930
736
7429
1544
2998
1463
327
7324
2083
8561
8441
4142
2724
7608
11142
6129
6279
10306
8808
876
3005
2153
3707
7712
2202
10829
2165
5394
1861
10021
10861
7978
1443
9638
687
5606
1202
10212
7739
6257
6344
7074
10581
11913
10948
665
10807
8855
6908
8525
10381
1992
11712
12056
8458
8482
1398
6190
5978
11826
11368
9934
9867
3664
1987
11455
580
9799
771
7475
48
5523
10591
4853
2222
4081
2324
10402
4165
5288
1007
2492
8832
5274
7044
12241
10793
1053
296
2906
6689
1183
11942
10031
797
9170
3025
11933
16
3462
4832
10703
5896
4558
6187
10816
9333
4508
11975
4826
5290
2715
2703
6342
9265
4801
1405
2671
7953
9681
10745
6507
7838
11092
11690
6704
5566
4590
190
8366
9971
7516
339
11658
7714
3565
7029
6318
5596
10248
676
2904
9797
2696
94
9850
2412
9164
9264
5258
11582
9656
4649
1879
5608
9800
8668
8503
8047
2436
2168
1054
6740
8909
235
9069
10096
11434
2290
4334
184
283
8765
5176
5184
11924
3956
117
4315
9811
1451
12185
12033
4895
2461
7196
1203
2506
3110
8800
2751
1614
6654
2345
8315
10284
6402
10010
4866
5017
4339
11436
10673
8097
11705
8601
5779
3
2036
3479
6362
5253
3413
4016
9728
4443
9455
3363
453
1967
4782
8061
10229
6647
3740
5429
2880
10171
1222
9194
7678
11589
3077
4533
6053
11234
5481
12063
8287
10791
2604
8929
4327
1580
4119
4188
5638
4928
9587
5177
11165
8488
1569
11540
2344
6977
12339
1972
6230
11664
6708
2753
10028
8175
9239
5801
171
7119
3460
3974
2797
2322
1776
11515
8807
1778
3398
5201
1563
5796
10867
2073
378
1224
316
11558
6394
8223
10664
1777
3475
6665
51
10117
12155
4195
306
3539
7561
11916
6308
10517
3063
4865
377
2275
2557
3977
9835
2516
12010
1802
4033
9952
8213
3481
9050
4226
7182
6782
10123
9420
11168
7431
8758
10016
8939
3858
9597
11489
3372
4718
10135
372
1110
3293
1180
5657
3593
10387
8947
10471
3973
1511
2874
12154
6559
8757
1964
3227
11484
2115
6284
2208
11277
1004
11653
1475
842
1574
5049
11599
10558
109
3877
7891
10063
3096
9074
10970
11217
1764
6842
1988
8168
1928
7643
5859
8327
9395
9599
10659
9744
4253
4399
9349
2488
6999
12355
5028
9324
3173
11324
9513
5532
10950
3639
6184
649
6502
2620
2055
8792
4820
9977
528
4530
10894
6498
1798
2497
4714
9369
12225
5562
8540
2925
8428
2018
11837
5966
9330
3112
6984
2575
2101
3426
9023
8090
4918
9756
7908
5420
7332
10763
4392
7139
9309
297
5030
11209
6060
6096
1847
4790
7153
5411
10602
1526
7169
4888
8290
8416
1884
6438
294
4461
2114
4260
469
10742
118
8161
3094
5797
11957
6644
4991
7517
7768
8158
3330
1803
4397
9618
6073
5262
1736
8667
1700
3361
9013
756
7701
6449
571
3732
7100
11186
6633
11202
3972
10257
10920
9180
9440
6255
2719
12220
5630
5881
6973
8362
7782
3410
8681
5868
6944
6794
26
3705
340
5695
3642
1761
462
10238
4571
5365
6382
8975
1489
1893
10805
7627
7521
10339
10798
2375
6093
9091
24
10855
2367
7363
690
8338
9718
6013
8727
11288
2085
10762
11413
6287
5997
1018
8280
864
10967
3987
11315
5150
332
7501
6734
7821
1780
2068
11476
4749
4489
8624
7783
10487
3408
11327
6195
7269
3069
10852
10395
6508
8484
9039
6239
4697
10396
11418
5579
942
7628
7399
9892
3505
3208
119
8945
788
2397
4393
2180
9951
3601
3200
4309
11880
7610
10865
4517
12254
6469
2651
4666
2304
11901
2908
11420
195
8470
9928
5347
163
9062
11833
881
10330
11972
10552
12167
12190
2633
7699
10130
10086
3235
4818
6494
3799
1599
5986
1638
12330
12162
6985
2690
10092
161
8307
779
2480
11768
2647
10008
2650
8058
10522
1547
3659
4566
7012
4096
1342
813
7659
4361
3171
5582
7571
661
2789
10721
2212
9128
12348
7513
3751
7839
2800
11011
6967
10420
7009
9840
7512
8524
12183
5400
10887
11264
10554
5339
1969
833
1749
11441
9617
7415
2903
5167
12007
8985
3619
5329
10380
2074
1020
11408
1438
4189
6039
1431
5947
9432
6497
4802
10933
11961
4297
1517
9536
1497
5492
900
10962
3758
8165
455
11937
7505
2878
7789
6547
7983
376
8474
4703
4541
6522
4148
2980
8791
8710
4805
11345
3610
6
9878
11363
1032
2594
11877
5710
7054
7538
6855
111
11785
8577
9477
3045
6545
12058
10119
10864
11022
5435
5421
10223
7082
996
1694
7284
7568
8410
5313
2574
3779
2195
3801
11375
8938
11870
2526
1806
684
9471
4371
7528
6638
6416
8386
8722
2699
3590
9946
2458
9028
5671
10942
6252
160
11108
2035
9466
4814
12249
1274
6506
5893
10271
3611
8419
1545
1913
1592
4023
10843
1644
10687
7972
194
11859
10982
11614
3300
6262
4237
8811
1153
9001
11371
10665
840
1999
4695
6111
4503
10450
4406
4881
11474
7630
7646
2812
10012
2852
3504
895
4035
11962
6109
6206
5974
12373
141
7590
7031
11089
10626
3205
4377
4167
8942
9009
7889
8603
4455
10857
6245
9468
11714
2379
4082
9490
7856
5350
2186
11411
11468
9705
7732
74
6770
4358
7158
4467
10175
12077
10680
11397
10823
7533
8139
11331
954
4506
8712
7811
7817
6866
2250
1219
9989
3982
2185
9321
10995
10586
3853
4816
7605
851
2895
9352
9219
9306
7168
1233
664
1895
2550
8803
450
7025
9015
12170
1122
9246
5897
7274
9294
11074
10760
3472
10126
5301
7873
359
858
56
1827
11409
8708
3374
9428
5870
9666
8930
2590
11150
3724
6408
1028
10528
7690
8297
4352
5268
502
9212
1156
1050
8432
7993
4034
41
5093
5390
10713
11822
10149
10875
5751
1218
9314
5080
9103
7117
1099
8741
10150
10981
7342
11305
2587
9494
8794
9383
3191
12327
5207
1763
12092
3250
7272
6457
5369
7548
12027
11819
5216
5404
182
106
5678
12309
10663
3226
10971
1530
11502
7609
3594
6200
9838
4764
3552
8312
2152
9916
2713
8453
1820
4742
1889
1420
686
2376
10281
11809
2
11841
2483
8270
8620
5237
12113
5791
8170
760
9509
11154
439
3480
10630
2593
4153
9318
7830
5447
353
10094
6772
5600
3679
2938
5316
1532
7231
4426
8128
10207
7015
3321
2123
5445
12029
2866
11895
9297
6063
9423
7981
89
3098
5807
9914
2790
10821
3277
5851
590
334
5662
8196
8795
2234
11898
909
3333
4650
4276
13
9160
6486
5866
4191
4313
4401
7327
7550
3901
12324
2823
9778
877
9258
5388
1336
11256
9434
11246
1187
10311
9272
499
5310
5911
181
3942
3521
8378
3044
3493
9156
11843
11383
6260
7831
1212
3934
7057
4411
8227
10363
2237
7990
11767
103
5865
6208
10695
1869
6341
6258
8399
2188
8719
4221
12124
6660
6987
913
9205
3775
7737
75
8328
4987
2385
3245
5888
8739
3680
383
6422
3560
7640
7933
2731
8017
11642
2851
973
7529
330
10532
3486
1966
4222
10901
9673
10756
7986
6726
4940
2542
8473
5243
10342
8330
12004
8124
9026
9147
929
7176
5879
4264
9770
1555
657
993
11814
11337
5478
6854
7564
4367
2335
1957
4364
5185
6204
8826
1228
6024
10531
11356
6241
7825
9873
8971
8656
7032
7603
6624
9983
5060
107
7412
4522
116
4863
9582
10384
4347
7971
4353
374
3961
1800
3950
6877
6583
7984
10669
4126
3272
11155
10466
3215
10178
8019
3981
10883
10839
2460
5221
8464
5867
11443
2653
3071
1732
2370
5615
8812
7855
10848
12059
12288
11014
10779
12181
10975
11138
10425
749
9672
11040
836
10390
10699
8860
3922
559
2315
930
7121
8450
361
9557
6961
11535
9270
10913
9653
8754
8188
8445
1971
5304
12353
1178
5754
4137
8599
3946
10606
5261
1146
9674
11447
10235
7091
11295
5823
3111
3298
5527
10048
2537
4360
1577
10935
7426
5113
5822
10323
8257
3037
7134
4917
2779
1537
5815
5914
1573
9634
6327
11982
935
8933
9438
6428
3246
4359
8920
3822
6679
12242
8094
369
8888
10352
2319
9222
3320
5973
4772
10610
8558
4054
2027
11569
9097
9616
3012
8748
6119
7658
11160
9900
10934
3080
7343
7639
10186
9573
9169
567
12361
146
9621
11553
2416
6149
4717
4006
637
6785
5930
9965
9753
938
1650
5684
7354
3463
3046
5223
8109
11279
2910
796
1872
6566
633
1678
7185
6003
561
3665
10053
2327
4755
10481
4394
5047
10741
7596
1790
4071
8998
6601
9874
11460
3193
12161
518
1689
3212
4521
4858
4872
7654
6981
9669
7384
997
5356
10108
7665
8479
9396
3159
11908
3029
2207
3749
11790
509
11182
8903
6081
9122
3843
9230
8967
7662
2634
10569
10827
9877
9484
7352
1515
11276
10234
6686
4860
6778
2277
4636
7430
3438
436
8552
6916
3317
9497
9111
12257
11615
12159
4036
2624
371
7108
7587
10377
3582
4079
2644
6467
8677
11183
9003
7369
4603
8285
2966
9852
3394
6173
12107
9491
5769
3225
1663
6693
12358
11400
816
1710
2094
10530
9683
8829
420
3382
6626
6069
10513
8136
9112
10768
3178
6265
2318
8256
6077
10020
6775
8781
10905
9363
6970
8414
5098
6571
12180
1025
3769
12237
10877
2569
2859
6117
9126
4171
2986
2919
8699
11757
2258
4735
8605
1762
5202
7982
1940
2326
3652
6903
2494
11426
10599
10206
2662
11329
167
11691
1961
2983
66
1040
7876
5020
1856
10485
3165
634
6804
4584
326
6381
423
2597
6445
12310
10767
12251
5494
2567
12352
6148
2935
11353
2053
3859
3975
1586
10137
11494
6953
5736
8924
11789
7241
9697
901
4684
12351
6370
7194
9569
7964
10960
11503
6698
2299
1437
9211
10170
9492
4598
9929
5004
6606
265
19
905
3254
11326
10546
4261
4656
6436
4981
6727
8255
10627
3508
10441
754
2539
3526
6404
2776
251
5191
5319
6608
773
7851
9407
7980
4198
3230
10115
4978
11994
8691
6928
1441
8547
5573
3017
1104
1549
10984
2954
9415
3055
2836
6509
2883
9937
9406
8546
11065
3737
9820
3612
4975
2752
4711
1490
11350
6456
11312
11727
9364
7178
10044
11738
2484
3367
7585
11481
6169
1572
3824
136
404
4004
8403
6611
2775
2349
11286
5648
10121
8276
9855
10753
2351
7722
11163
8423
4540
132
8666
9920
7917
2659
1082
8993
5960
10351
8759
3523
1145
11538
4537
4834
682
9644
9184
3482
4676
10413
10547
865
1722
544
93
2251
2313
1031
6684
6881
8284
1819
5025
6762
8586
8559
6086
10260
1196
7202
2981
310
3346
1873
3809
7004
7750
8435
457
10966
550
4176
9742
9199
4956
10293
9048
9825
9483
10362
7726
11479
2173
1038
3415
4462
6945
6906
7286
2150
3106
10732
4384
12075
9578
9650
8144
2585
442
1659
903
11707
8641
9029
2289
8015
3469
4042
4408
10103
10518
12247
9191
3152
1933
5160
2198
3537
11258
3130
10635
4610
1986
3093
12087
10879
12172
9980
2923
7116
11890
3957
11835
5903
7164
6951
1723
9539
7495
1089
1674
5604
4129
5340
3081
4202
7373
11366
3198
3451
1570
10912
2853
1166
4368
7593
1531
2995
12013
6958
3325
6476
11794
3107
639
6314
7276
5037
11539
4305
11951
4665
6001
6914
2702
7763
3008
11453
4551
5101
2049
1622
4425
5646
5759
7024
12047
7065
5236
8931
626
8753
10964
5723
2113
10818
10227
3032
476
1077
5763
11748
8509
7237
7907
4972
11585
10686
8952
11374
10143
4713
4884
8340
3387
2771
12293
2997
11063
5804
5334
4861
6988
1745
6829
5042
11571
6632
8900
10200
4105
8400
11528
12
11616
4131
5040
4170
6675
10176
11027
6289
4945
3188
1225
1880
3608
7357
4433
4967
2056
2936
11586
9990
1081
6080
4741
10148
3581
12294
6278
4409
2430
10900
5991
5282
1271
10584
1715
11565
4281
2465
4623
3440
5665
11333
10199
7186
3800
10924
9137
3004
11225
8261
4183
9390
1649
11935
11854
4112
2500
7060
11232
9660
6272
4762
11619
9300
852
10841
11645
11002
8994
12015
7520
10038
6936
7249
7468
3613
7509
8000
9978
12117
10539
1139
3190
11523
11846
9461
4651
819
3604
11772
1060
2346
2743
12244
2263
343
9818
2227
4657
2454
259
11015
3199
11220
8143
10069
7694
7229
3422
9104
2339
7557
11749
104
9883
7312
8387
3943
7394
12125
7740
440
1495
8369
9857
12070
3452
3951
4479
347
8517
6299
10290
7835
1953
9879
3556
5643
9085
147
7631
11141
2445
10335
6439
1862
2940
1756
3971
9206
9102
3421
6450
57
9174
6010
5795
974
7334
9450
247
10611
10954
2298
9340
2167
5592
4110
1144
10916
7062
8417
4254
4882
11490
191
8192
8429
9213
9424
1079
8545
6243
11299
10506
2134
2688
9119
7497
5924
11501
8615
10144
7792
3070
1708
456
6368
3524
7049
9962
6398
6470
2371
10242
10661
3648
9755
9967
11239
2588
1000
3812
1640
7050
10241
7094
8949
2505
6786
5381
8103
5144
49
8511
5609
3448
7462
10189
124
244
4950
6627
3699
6029
3835
2187
4850
11422
2768
2481
7572
3370
10477
7067
11852
12138
9541
3118
9524
12141
1991
2683
2773
5954
368
12205
11111
1657
5476
3783
2054
6256
11784
9467
3306
7398
6018
2133
447
4027
2190
7411
10478
4544
2611
2786
2334
2081
7414
9824
2951
11887
8572
1624
3805
6451
9064
10439
7213
10319
7290
2393
934
10474
6158
531
1101
4510
12216
849
7602
4287
946
9328
737
5312
2139
2271
2996
10904
12313
533
6731
5135
1217
4722
6593
7638
2108
6901
1660
8555
1858
6393
12300
2473
5074
12317
8608
394
3739
8331
7397
9640
3955
8201
282
5575
5302
5711
10503
1478
11663
8839
8869
8152
5343
6254
4214
6595
245
3495
2854
3419
8162
747
2788
12028
3725
5125
5886
72
69
6146
2341
2654
7787
10994
4879
6752
5442
10139
9227
6285
11233
488
8961
6025
1958
5862
1731
6194
12095
8761
4620
8844
1823
11406
3144
11228
1439
6588
12360
10252
12109
8372
7988
12207
6694
3715
847
7695
3428
6832
9789
8468
323
5975
4647
3260
11388
10595
9847
6320
2316
4615
2099
3425
10379
6047
7330
2014
9572
10700
9075
9970
999
12143
5917
6290
6781
4011
6696
5462
10013
3540
7896
10191
3039
3771
11661
6884
11335
3575
5970
6956
12096
5846
6007
1944
6391
1159
10533
5063
8465
11192
4495
9187
2698
6471
2189
3328
7467
7888
2583
5346
6014
2270
7540
9019
9021
2629
2844
2468
11087
5838
8857
11823
8197
7125
3240
6198
9699
948
1904
778
144
12366
8476
7150
7097
3530
2992
101
1043
7165
10061
11446
2769
4862
3798
1668
11797
3551
10273
9993
10030
1779
8789
7752
10414
8051
4388
5129
1357
5624
1970
8557
5357
2918
11314
2427
2987
7527
4144
12322
9858
7833
904
11148
5410
3412
1554
12168
6802
1533
1477
667
11673
3455
10678
3817
11317
3670
9781
9150
8364
9299
4922
10944
2961
1962
1044
134
648
9992
6640
4819
10679
8923
4815
6475
8950
4162
8367
9411
10701
6667
4194
7021
7234
5349
1948
3635
9612
10604
8626
11608
980
5213
6385
10677
2039
8999
11488
11974
3996
4386
5597
311
8600
8134
10523
10002
8185
9063
2641
4256
5142
4307
8240
3990
1014
6030
8720
1840
428
5279
2576
10417
9516
2732
9519
4732
2549
4338
11185
7079
9144
9275
569
498
4509
8317
6510
151
4346
9233
6619
4014
1491
4653
12354
7822
922
9511
12178
7758
2485
7300
10315
2032
4679
6371
2352
11743
1618
4277
4561
4299
8438
9565
7577
11713
1739
1510
8302
5032
4774
4527
809
8216
2521
6009
148
6359
3691
7040
3470
11813
8023
8529
3436
79
2686
2048
4073
4678
10786
487
12118
11534
10211
3407
6346
1461
4251
4728
9623
2564
3713
288
324
4440
6673
10621
9961
11470
8678
5206
6692
2333
4117
11873
12175
1939
7586
7692
2738
832
7844
295
11171
1791
4581
8001
10896
2439
7402
10350
10089
10353
9190
97
5376
683
4709
88
1105
11245
3388
4049
11827
5233
1057
5246
6088
1287
6776
3291
5247
10262
4092
9767
2623
10444
1831
8694
7895
3322
6033
3573
8110
7078
4187
6598
10755
8289
2616
214
366
9365
2804
11996
1652
9402
3256
5355
7949
4954
10274
11700
2391
12298
8614
1167
196
1042
3283
642
1352
9821
1676
9785
3533
1927
4231
444
11530
7784
6298
932
3312
6585
3358
707
7488
1457
5654
8894
8796
1253
831
2555
10691
2932
3380
2953
9698
8382
7187
4565
5570
6291
4107
11287
4125
11609
4766
8089
2072
2871
12005
10726
2297
8007
1189
11675
10990
10712
10462
11633
867
10592
1428
6538
6648
3640
1753
2219
11646
2314
3034
2806
5613
4570
7786
1476
4516
3735
8740
6363
6415
3244
12319
3181
7480
6347
7103
10163
2745
11414
7114
8862
1562
9629
4424
4115
4810
8460
6282
4427
4273
4069
6663
2676
4934
285
6441
5332
4491
4430
3266
12062
1051
6909
10109
5992
7130
11863
226
3836
8906
435
9381
9441
660
9872
232
10307
2044
759
2307
4319
5468
5583
81
7151
1029
3651
12149
3520
3786
10736
3007
2532
9762
8750
9429
10851
8002
5162
513
10969
9161
9639
4994
5454
8729
906
9059
12098
139
2499
10660
8733
3139
11984
8538
6941
8774
9208
2510
10421
9676
4267
9863
12157
868
9445
4554
2605
9580
3036
5572
11158
9839
4395
1882
7595
8663
1647
2160
255
5908
2457
3097
4824
7409
5415
7309
5533
1045
8355
1867
11121
9232
6940
8594
552
6056
10233
8882
10689
5121
10824
1595
8463
3458
4263
11423
5379
3141
2601
9138
8554
2037
6765
3527
8596
4587
7020
4606
179
8039
1193
2118
11971
3944
355
10097
11939
4349
9456
1173
1936
5295
11109
5402
7667
5058
4737
7370
1594
6828
3631
5393
10080
10087
4064
2471
9732
2369
6055
1946
6637
9784
5441
3494
10502
838
5321
4919
3597
2431
5688
6657
11340
8607
10774
8843
10423
6710
6446
2740
10543
1937
5100
5289
7841
11793
7526
12239
11600
5605
9602
9133
9152
4874
5107
9117
6959
2868
9018
1558
9067
4951
2705
1857
709
52
6628
4670
11874
12054
786
4658
6939
8887
1002
7494
2941
7463
5418
9574
12372
1041
11300
6714
6641
346
3802
4111
11412
11044
10932
1903
540
360
9271
3168
734
4456
3267
10404
9307
8804
2353
9141
5469
1541
10571
5187
9936
4896
8305
2619
3326
6840
1273
2121
11688
1538
5062
2945
11461
3686
7245
2748
6425
9954
7227
6934
9243
10923
7566
9286
9032
8397
6994
6636
7634
1039
915
3009
8567
4057
1128
8980
2170
9482
10751
5563
10590
12020
1141
9107
2632
4417
5241
4193
11272
4168
11756
5276
11765
5644
11775
12194
2558
6192
10397
12122
1671
2857
3736
1107
12285
0
2548
2726
3203
7857
11392
9370
10943
2586
4471
9149
1333
2618
7391
6197
398
2600
3535
2770
11542
2292
1048
3900
3050
3592
7154
3979
7193
6757
6695
12267
8492
2350
4236
12193
6473
3953
6325
2706
7219
2675
2612
5774
9087
127
4759
12223
9880
7159
12281
4332
6596
11278
9089
2707
12202
859
5489
1713
9401
4374
3352
170
424
5937
2078
7906
5197
2913
3351
2321
1151
969
10079
9749
2132
511
3154
8125
3268
105
4310
6546
2660
3102
11796
926
411
1781
2504
8481
4000
4468
7755
6905
9201
10619
4293
11905
8232
2697
8014
4390
9086
6251
5013
7539
2479
7225
5470
739
1755
8248
775
11072
3163
9614
11039
7558
10174
8969
11143
2211
7335
6141
11598
3730
10697
5217
6569
11952
8629
12211
8003
10322
10589
11810
8648
5297
2017
11954
8437
2565
9393
4856
11816
9068
2428
5628
9288
694
9014
4457
1566
4382
2467
1891
10863
3834
12131
3633
2294
10222
1185
6374
6748
9189
4157
11959
2946
11215
11219
7291
8762
8251
5081
11750
9315
4555
9394
7345
5607
10641
5033
8344
9922
6527
10885
3498
8777
10795
1162
1589
2875
11817
8496
3933
9987
412
1942
8337
11780
9567
1634
3133
2645
1453
4689
7508
11660
12008
11491
10961
3587
9515
201
11417
7036
7773
12283
2656
2229
9124
11424
12234
3689
546
8283
6745
7547
9844
2477
3302
1423
11248
8504
8146
10789
3366
8080
9919
11269
4523
8106
10783
6898
9563
12301
5713
2253
10213
2268
1795
3906
8989
10266
7248
1177
8987
554
3969
1767
2141
3609
820
2052
6581
5516
6758
9093
6882
4621
8965
7504
3072
3446
7102
7648
10141
2194
11342
6998
2303
4459
7356
3445
6563
5382
12110
2184
8318
9588
3557
8745
666
4593
6933
2678
6229
1008
11195
6803
1707
9913
10046
11444
78
12245
5949
10082
4789
6380
1564
11311
102
2924
11545
10398
4771
385
8303
9034
12145
6819
6199
1234
4066
2421
9454
1593
12030
5414
5929
7328
6954
5299
6083
10259
1669
5043
7580
407
10614
12120
5073
7023
7326
2030
2007
8360
8111
3153
362
12191
2119
729
4005
7967
9885
473
731
3988
10005
1157
4784
1765
7544
1471
10255
9220
223
12204
2560
4314
5256
4525
10788
321
4052
4911
875
2372
5232
3338
2158
7261
12156
3301
6444
8205
940
12365
5265
3343
12235
2811
6515
2749
9688
5921
6316
6389
6322
1034
12012
6925
10737
10067
11825
10722
10043
10442
5529
11597
5551
5327
1229
10598
3624
2091
10209
10814
11367
1613
2793
8700
8209
10455
10437
10617
9590
2865
9766
1684
7353
5303
6312
1759
9176
2669
1744
1687
1743
277
7003
5443
3339
3936
11764
10761
4488
8687
955
11338
9226
4275
4870
5873
11018
3509
477
6157
4738
7808
10102
9267
7615
1712
11685
5323
18
8863
10746
4626
149
12119
8513
12195
9058
9195
6965
4892
3788
11321
12359
87
8919
8427
8371
5409
3379
7731
4494
2390
11517
8937
3992
3195
1540
7221
5066
5979
1171
8907
1897
10047
217
7171
5993
7881
11175
4583
7757
1486
2069
9007
6707
7974
6472
845
12076
4102
10570
7476
10486
529
5920
5054
5264
1598
2423
3129
9712
6542
10074
6329
11676
11734
8222
9512
5352
2442
5793
4595
11623
5345
12243
4719
11381
6133
8652
4556
7110
8326
5014
6974
4007
7215
3390
4652
12346
5883
7797
4638
10202
9834
11656
9056
6019
11172
11547
11886
114
9659
6735
8633
2104
9655
5891
2077
12127
10977
11205
2955
3160
6225
6859
9505
6201
1632
8379
3478
6969
10309
4854
11778
9143
11883
7650
10563
4234
8847
6182
12025
5584
10600
3671
11725
7307
7852
2509
10218
10835
7753
10305
1037
1012
763
619
1898
10467
3748
4724
10326
2978
5755
6079
7769
