3943
6643
2472
11133
5960
2217
10184
11002
5440
6043
7913
4839
1946
9289
1105
6117
6311
6732
7336
3338
9991
2640
1403
7470
3088
2590
12170
513
4572
5877
3781
2659
8462
9224
4474
3734
1466
11562
7448
12267
4031
5880
9782
269
3948
11103
3808
6284
4441
9749
1943
3332
12336
6008
3861
3188
9703
5066
5489
3341
841
1274
3751
5398
1900
7518
294
8322
7883
9326
1310
248
4888
8325
3450
6468
6184
9654
6206
2805
9758
9302
4854
3637
3270
12320
6702
12061
7341
3371
3285
6241
10841
4777
7934
4430
6701
7880
11911
11110
1426
4724
11164
5128
4415
7318
1388
4419
7908
9247
3636
9349
432
3867
8969
2020
7859
4027
5887
2377
5419
11523
11038
2220
1679
4937
879
6712
1772
2841
4141
3408
220
1513
11864
7954
1429
5471
12285
11371
11638
9395
8332
846
3002
207
3320
4778
1764
2989
5442
10342
4720
3850
4579
6436
6639
7810
9090
7332
9106
4942
1965
10328
6345
3741
1453
8349
10906
5881
4422
12113
6045
1637
1667
11912
1880
9355
4550
4537
2673
417
8188
2942
7475
2583
4848
3592
437
4239
8339
11146
1869
272
2818
3441
11155
2666
6340
310
4805
2427
3984
9419
402
5433
6128
11923
1701
6110
3691
3924
9764
12050
3663
6176
9114
9286
8164
11538
7567
480
1734
410
11201
6058
2043
12058
4010
5971
1715
4154
1508
3759
9141
3770
6403
4097
2899
11083
12372
3236
4059
9410
11118
2263
4096
9319
6616
2864
7835
3232
11203
5883
3866
10400
4727
2171
11535
6496
11127
10190
9088
1959
11861
217
10404
1833
3806
7530
2802
10380
8490
6630
11093
1879
5949
3710
5021
4466
2676
9814
4460
3870
3487
9673
2602
1039
9105
2384
7420
8963
8402
11567
1993
10863
3587
9227
238
6164
10026
5377
319
12230
7906
1695
8463
6473
12052
829
62
3764
3586
11943
2600
6942
4268
6073
9337
2078
1966
9680
3623
5469
849
2620
12200
4979
10376
6623
11928
3456
5990
1041
3579
10910
10208
12109
11331
407
12322
5966
10860
1867
481
11884
1500
491
9232
4932
9131
4491
3938
1570
7846
500
8413
4163
3171
9627
228
5931
6332
3436
5001
8983
89
1634
258
4515
3944
3817
3993
4287
7957
1520
4005
2475
1421
11122
9265
1690
4820
10257
10322
9384
836
3462
5038
5048
1081
2968
11385
9803
11901
8407
6914
3150
6385
8982
9441
3437
2055
3187
4730
9753
2423
2416
3667
7574
10845
2232
6157
6349
2918
3773
203
3968
12371
2829
1470
2188
10259
6971
10401
7538
1510
6233
7588
7516
1995
3208
11941
1073
7870
8972
12298
370
12154
4138
1894
1821
1852
1517
1446
822
6929
838
3233
3445
1773
12220
4829
6139
848
1911
11885
1350
3831
9870
9431
9430
6889
5498
2387
11572
11324
6457
9794
10237
6084
10290
11554
6162
3414
1084
12177
6187
9173
8248
10234
3035
2821
9822
6070
3498
11859
8428
6081
6054
9724
12144
2790
3657
4816
11124
1361
3405
11866
9793
8340
3280
12084
858
1417
12319
7932
7822
11532
9811
3364
4207
12167
1870
2885
2781
4029
7532
7949
10212
2916
486
3104
6956
9817
9254
10005
4915
10292
9990
3298
1745
6353
4894
8157
3772
10182
2953
10394
4102
1741
1723
8941
1886
2012
8327
2413
4146
5857
3257
12188
11360
10942
337
5102
7488
8246
4254
11545
6195
4703
11378
5906
5862
9162
1751
6906
10281
2641
4753
2003
3922
7473
4930
3936
2089
1507
6320
8726
3819
9112
4958
11153
11589
10362
6698
8902
5951
3105
3123
607
10843
9833
2444
7480
11615
12244
5439
1496
2677
9258
5415
405
5114
8601
1793
1318
4764
4514
1755
6491
1700
9629
8936
4760
3386
2970
2180
2235
10915
5903
5368
12082
5023
3730
6086
9406
8741
6003
7959
2000
2824
12321
8369
3659
3410
4523
4900
10418
1719
11147
11619
7500
504
3209
4847
224
1720
3946
8465
4486
4717
1428
8743
5493
4538
2902
11835
8904
5892
7457
2204
4067
4267
3611
10196
3977
6298
2087
5984
1075
611
4484
6458
9873
4599
6260
11080
3425
2019
7481
4526
2051
1878
4878
8187
8414
11105
1402
10236
3279
11600
6606
9184
1563
7300
352
3111
8335
5511
2062
11051
9672
3585
6145
12266
2764
6662
1725
6660
3312
9182
9651
3644
12260
9634
299
4738
4511
12165
9761
6006
9377
1742
10873
7901
12179
456
6000
12243
1897
8448
11112
2616
1437
6614
11939
7958
2395
4159
9296
5876
5416
3618
2037
1726
1694
2183
2441
3030
10301
7333
5502
1838
3019
6665
8383
6479
3864
12145
4208
6100
2926
11166
5869
2669
10968
9750
4831
7504
11892
3818
12180
8912
3483
9123
4058
5055
5080
12053
9781
11637
11006
1985
5372
853
3293
8420
1378
3929
12269
10858
1044
3727
1689
3978
1846
4735
9165
1564
9156
6668
3142
1356
3178
9331
9252
2202
11131
1287
11834
2456
4606
7446
1990
5110
12309
1875
2068
6498
7809
1498
11016
2950
1389
5130
2213
4866
4111
4452
4909
12080
8447
2940
1898
5046
3463
3396
3890
11123
1672
4152
3856
1238
3756
3826
6738
3921
12156
1569
6031
3495
11025
6348
9237
193
422
9985
10849
6746
4281
1729
3355
9261
3203
7605
2568
9988
7468
1316
2961
9670
3728
10904
5939
8360
4143
10383
9396
1916
4992
11631
3927
2687
827
4271
5464
63
3853
8608
4266
1952
6330
6600
3041
11919
4969
5408
873
1095
1859
9344
2212
11050
1896
64
2969
11005
6029
6707
6090
3591
11188
4734
2691
4162
9272
3965
398
6499
9316
6250
5510
6908
9701
4219
2849
3684
10372
9717
2186
7509
3228
3127
6313
7841
12360
423
6147
11160
9708
4172
1515
10286
5098
5396
9690
4740
6096
7526
5123
9101
1257
2016
11571
7596
12236
8372
3641
8342
1400
11529
8964
4775
3457
12117
9122
271
3401
12116
3997
3214
634
6968
3331
12078
1651
4946
4213
1789
3594
3690
376
9718
6407
2670
5516
9385
8375
874
11390
1246
11636
6293
9095
3633
4226
5974
7416
12317
10239
4507
10205
5374
6418
7599
11555
10978
1923
3638
1292
10955
3038
4036
7485
5959
10270
1106
6220
6467
1332
7496
9154
2205
2473
8168
7338
2228
9358
10315
3361
9416
1305
12160
4711
6328
5483
9352
12272
5875
1962
12325
1438
7857
6666
3926
7960
6697
4244
8724
9420
346
4007
6964
10353
3765
3288
1040
9414
469
7461
1903
6934
4595
1267
415
11177
3715
8167
12110
821
10333
7544
9132
3359
3339
303
8359
5982
335
6946
11195
11060
10019
7569
4602
12223
10004
3661
4262
4758
11101
1815
2752
7302
10421
5413
9765
1631
2380
2858
6217
3743
5379
5936
6710
11949
1931
2838
6027
6691
6290
4480
8477
6358
4987
4117
9428
8345
7946
6325
6314
4167
3124
11198
9863
2596
7582
4790
4836
11365
6454
10235
2938
12131
4464
10009
10850
12197
9757
9317
6071
10897
1482
6958
1703
4436
6068
3238
3757
3879
11860
5083
5006
10913
5479
8470
4049
11843
1917
1699
9325
4895
3654
2683
6590
2389
3250
7886
3313
6050
11092
216
801
9446
198
3411
11190
11007
4094
5916
1778
85
11138
2900
442
1487
2578
12332
642
2889
9116
4265
9639
12314
3324
1449
11158
2668
8445
214
4133
9334
11323
9725
10194
1258
8746
11047
8437
11128
4714
10210
4769
3584
1936
9388
3889
11363
8442
11150
3982
1024
7425
1919
7521
1046
3666
9685
10280
10386
4881
2998
375
6694
451
1756
1686
6346
1571
10229
1533
8929
2791
11040
8142
9201
6493
10986
5013
2457
3350
8932
12054
5019
12139
4485
1746
4490
4234
2793
4427
4075
230
6667
3306
9376
1300
3893
8730
6243
3370
1957
12274
9163
9235
4748
8927
10256
5944
1999
11601
5480
9984
3647
3186
1988
11169
5443
1096
3998
6374
6365
11904
2461
1473
12105
505
10980
12323
1413
1492
10846
11026
6133
2237
6057
11116
621
6951
9375
273
1298
2053
10908
6283
1271
4911
340
1385
3382
10944
5468
1360
4539
11557
1331
6149
4574
5044
246
9813
4560
1646
9158
4045
3859
6291
1022
4597
1434
5943
799
3263
12159
4471
2009
10969
2039
4068
3090
11948
3096
6368
9827
9318
862
4885
371
10255
7452
414
4412
2785
4582
7339
2466
3475
3675
10410
1030
1910
12229
4209
2810
8361
4534
2236
3213
11024
10323
828
7811
7525
1534
6323
11029
6214
3199
5921
2662
6136
11055
9444
4050
3785
4709
3683
5994
3317
86
3016
9434
4530
5382
2015
1391
6215
7471
3366
3745
5047
9713
3318
8454
1263
7478
1998
6317
8171
6121
302
2758
10224
1313
1026
222
5488
2222
8965
8236
8403
5998
2023
9795
6602
101
6082
2184
11003
6392
3026
1884
4576
6255
1794
4876
10923
10993
8924
10855
864
3894
4512
10218
809
1969
1954
279
12146
1045
4423
11033
10997
1575
3904
6611
12207
5940
1047
1576
8378
11561
5076
1268
8404
10409
70
466
6940
291
1678
4779
2250
1029
4442
9835
3822
3950
1775
10027
263
1401
11366
6585
11017
8745
9801
197
5436
7877
4110
4890
1104
3694
2181
9100
11865
12271
10425
4277
12101
3234
4098
8338
7890
5934
1858
10295
5371
4788
4554
484
4478
6186
6132
5007
406
4910
10268
5079
360
6399
1702
1459
6306
8959
4792
5096
11877
4095
5108
420
11063
3790
859
11087
8186
9113
9333
8750
4258
8135
6891
863
3989
1386
9367
11878
3348
6210
7904
4965
2993
3184
8143
4768
2958
4157
12273
2831
4907
5964
6685
4443
10227
3182
11927
3794
4983
5117
10398
195
3309
10975
4877
7571
11068
6205
1662
11388
11585
2880
8153
6659
6494
12339
819
385
4072
11318
2862
3925
5448
3843
1660
7931
12102
2060
2242
7894
3181
349
7812
2394
3627
4521
8421
1085
9996
1369
4231
2082
3823
1341
6111
10840
6919
5082
8937
11194
1243
3923
4101
9145
2825
4509
1877
1561
9153
3221
9374
5859
12098
1431
3046
510
5141
3868
9345
5481
7897
2201
9763
6414
3273
4843
9786
9864
9825
9668
2611
2609
429
1374
6932
11633
4956
4871
3427
12189
10273
10248
3736
4869
2200
2245
10198
11575
4824
6747
7584
4090
2038
12051
10309
12137
4786
8607
356
5999
4176
199
11075
9292
2586
4821
11577
10340
3577
3351
2386
7879
796
4536
11881
8318
9222
10020
3608
10024
6190
2877
3769
6301
7324
4741
2017
2637
10387
1248
11840
2421
9649
3828
2233
10844
7316
12324
1423
9658
11316
10225
9439
9216
5137
4421
7578
2369
2373
11161
2612
11078
92
12284
10247
9242
1317
3626
12259
11157
5861
3820
192
6894
495
6654
4426
3481
11530
8174
4212
1511
1814
10879
6742
3477
8362
11372
1245
1505
10302
1023
2792
4517
3720
3383
10905
11528
4898
1048
10896
10991
8240
3094
4247
3902
10999
6078
820
6035
7831
5383
5111
1486
7512
3147
7944
6371
5015
7440
6288
3482
3406
1652
7312
3747
2667
5099
6480
3162
10948
3397
3218
810
10985
2259
1375
3888
2680
10972
5426
5391
5045
4414
9219
1873
4070
1396
2399
9269
12178
7948
4425
10940
1553
5868
10998
11370
5064
10369
10920
9194
3442
12104
9856
6622
9774
3841
6688
2759
3391
2898
2614
4468
815
4990
212
4081
6649
2036
1302
3271
6337
9821
219
5069
2635
5365
4066
2886
11107
497
4794
5429
10008
11145
6939
4719
9306
12316
3755
1940
6156
8395
6095
9342
4420
1349
5026
6126
10263
3966
2905
11564
3335
10311
8925
4886
7441
5106
3107
6072
2574
6448
1890
6728
3120
424
4215
1669
7548
6930
3872
11846
3286
3810
6485
9381
6389
9386
4498
6047
88
3845
2626
4585
1278
12213
9848
3760
3784
5889
6663
8977
5072
4014
4273
11102
2011
4151
6335
4119
10935
7490
2846
7895
3685
9719
4747
10374
5506
3855
10033
253
2859
7482
4749
5459
10885
12365
4233
12123
2881
69
5088
1951
3696
4558
8456
11531
4455
7889
3917
4793
10282
4103
5454
2628
6101
7419
1974
6886
3344
3242
4889
1774
1688
10912
4113
9118
3851
12225
3754
91
6950
12096
12279
852
6608
1451
816
2445
489
247
6151
8351
413
4944
9834
5032
1484
3122
5975
11851
6265
4228
1654
3700
8430
10378
8749
4288
3319
2927
6923
11373
10211
3875
2248
4737
10399
10006
10185
9108
8416
5435
11596
1063
9230
11608
12357
5025
236
4818
1307
4977
11120
8731
3191
11549
3045
1457
3882
7817
6401
1862
2049
6329
77
6696
3372
1693
6226
6367
11134
12216
11632
1259
5085
12349
5129
6308
1433
2013
1464
9260
6733
11374
439
12305
357
7600
5899
6053
12068
11142
10013
5942
2962
5928
12201
2063
5402
7573
4278
3220
1558
9710
1493
4171
4571
8390
1461
12226
1895
3295
3121
11367
2407
6382
6007
7445
842
5407
4989
9167
6648
11335
3453
6039
454
4279
5997
5420
1082
10853
8976
11354
2210
5490
9180
8911
872
1804
4936
3367
6150
11857
12155
8930
2453
12346
1717
3219
10242
10983
7340
4842
1684
10957
3200
11581
4707
6635
1516
9659
11028
4883
12373
11622
1891
6887
1345
798
4596
3885
2621
3749
9691
8146
6690
2975
2695
2443
11052
5432
7527
4218
7832
6451
9094
6062
6905
1544
12174
3849
1100
1825
7472
11521
1796
2606
10312
6216
1237
4981
9684
12342
9767
10321
3704
4913
6334
11163
5503
1665
3598
2630
2799
2617
5950
6459
8958
7483
1912
12303
6961
4752
628
11113
643
10984
7874
472
8422
8473
11204
9397
647
10000
10294
3669
11000
72
10981
8185
10260
3656
4236
11359
1666
10982
4733
9796
4591
2405
11913
3404
3969
329
4502
8355
1996
12206
2684
7466
4972
2208
8921
2896
5071
3021
835
5043
2887
6355
11559
3398
12169
3452
3149
597
1312
2681
11171
9432
2613
11609
7852
10936
6957
11386
2833
2754
244
2882
2252
2997
6021
6434
2464
1055
2795
2459
10420
620
1728
1856
465
10377
6883
8484
1527
10384
4217
425
11322
6020
6048
10350
4518
6470
11125
10010
3347
8727
1840
5519
4462
7603
12330
1972
10929
4887
3970
9169
1758
806
5858
12205
1362
10240
1499
7307
6734
213
12181
5475
5084
6965
10032
11132
9715
6280
11565
7427
11879
12209
1953
6161
5031
8368
12282
1832
8487
1089
5107
4610
8235
11066
814
10959
3840
12083
3981
12344
9867
11922
6285
4123
3733
9657
6017
9171
1241
4879
9208
2843
2915
4555
8905
11634
1351
3308
1377
7838
11090
5882
5920
2642
2209
5384
1068
3241
8732
2070
6673
11030
3304
12192
9689
3011
4891
3983
4902
6594
6354
7854
9449
7322
2088
90
11871
1358
10928
1648
1472
2403
4018
6257
1056
4844
483
11566
4920
11527
8909
3085
9291
8900
8241
4850
605
11341
5394
11606
3420
11853
5904
5893
1754
7602
12149
3726
10034
2761
4034
11635
4216
6490
9087
9143
11064
11036
4564
5501
1365
8138
5462
1964
7501
1937
6199
4160
3739
10950
2937
1327
8733
4510
12227
3776
616
6088
1324
2249
4418
10949
3811
5002
11525
4023
11568
2447
1070
1394
5027
12077
6644
7342
3267
268
3474
4742
7546
4809
6310
3706
12135
7484
11570
1788
6431
6933
4543
7843
7938
12136
8165
12100
4006
3289
4755
7861
7502
4529
9399
3415
11586
12208
103
6065
7920
1398
2052
11364
11108
9130
6182
9883
6922
3340
7577
4272
5103
4085
7311
8474
3393
8469
5954
11377
3714
10960
3017
3725
11850
5518
5378
6970
2426
6711
12291
9085
1383
516
3419
11165
10886
5057
2034
4725
9830
2224
4002
2253
3215
4868
8147
2619
12228
3958
7520
9310
11115
11199
11936
11175
3422
11829
390
7524
10249
2433
65
648
3020
8323
839
2410
9878
3857
10307
3161
3028
5404
95
9196
2045
4493
6885
3141
5089
4548
1810
8438
5972
6944
6427
2218
1984
6741
2999
6016
3662
353
9225
6909
8179
5863
9728
9839
9266
9776
3349
7941
6420
8131
2656
2869
4964
1420
10246
3008
4449
9818
3216
2002
2446
12239
6130
3409
7564
10882
10325
11937
6717
3358
6343
227
6109
5452
1395
6038
9372
6904
4275
1346
10023
2437
1888
2804
6938
3735
11069
1450
12275
12341
4082
9857
602
2419
9836
4077
4256
2161
6211
2778
2857
12355
10332
6218
1629
3862
11569
12262
9436
12111
2207
8970
1442
4762
2077
7937
7829
5362
2769
6373
9408
1975
851
11930
10943
3782
9646
6884
9234
2638
5932
5008
8482
5116
2960
2439
6168
608
66
1800
4444
4516
9240
4801
4712
1623
2908
4903
11091
2994
6014
1083
7552
11605
6094
262
4283
9098
6898
6362
2847
1286
9138
2396
1255
7966
3971
11065
3500
7566
1930
3269
8952
1065
10842
9417
2450
11189
6076
5126
3674
3022
5131
490
9362
10244
3649
1060
6650
8163
1382
11898
5009
11946
11888
6277
12348
855
6339
3023
8381
8376
9877
3276
5915
6920
3201
3908
1303
1850
9735
1539
9875
2585
3788
12240
3336
3863
6411
9447
6333
5924
3711
10405
2469
2074
12265
7531
4503
11849
6437
6714
2919
8984
3933
1854
4789
5470
2809
459
6612
6363
6405
503
7455
9407
1495
12065
11114
6966
4838
6254
9997
12363
5496
12264
5895
9771
9807
7586
4165
1034
12034
1291
3198
2851
3139
1656
3910
9137
6148
5978
2601
10299
6221
9686
2424
1042
11895
1372
5988
10014
1697
11049
1094
6709
1882
6735
1020
10941
6336
318
6036
1881
2401
6028
1860
1802
3179
2774
6202
9207
1674
11141
9854
5392
4241
6289
2165
861
1542
3746
6239
1893
3231
10964
6026
7545
265
7562
1404
4126
4055
1671
9760
4447
9119
9103
1981
9411
3821
10231
11149
6441
10183
8353
2170
3653
4787
6010
4062
1944
1290
10899
1353
7321
2658
2197
276
261
2008
4744
11039
4243
3431
289
11614
9778
446
10219
8149
10926
6633
2800
5109
6440
1299
6615
7837
811
5078
445
12182
4739
3268
1647
9107
3449
6676
7477
9751
4173
7925
3892
8476
1841
1967
4905
11924
10002
2696
9820
3731
10396
11855
4489
2773
4513
6705
12055
8485
10298
3024
2582
9656
6959
1776
2367
9872
4242
10193
3732
5003
2256
2811
8434
9243
3133
3928
9301
5933
8604
1379
3337
7872
5373
4584
1761
3494
10326
4210
3265
2435
5977
4721
3174
6693
4482
2084
9423
1352
9327
8966
4506
4975
6609
638
1504
3163
1076
315
3916
10371
8489
10266
3172
3589
7417
1883
1273
9215
9229
6120
1264
11602
4093
2603
1415
2777
3932
6264
8598
1816
1320
11126
2024
2936
1247
6023
12318
3673
7542
1262
10861
10979
8139
10314
8432
96
4551
6417
9346
2081
9270
8397
1028
1945
2875
4504
9636
1475
3352
596
5937
6351
8898
7460
10911
8137
9732
10852
12238
1790
11625
7924
612
3300
5991
10976
9840
470
2983
10202
191
2806
12247
9236
11344
598
8172
6192
12237
7537
8178
7581
9111
8922
3593
3492
344
1328
4009
8175
2589
6270
4804
1803
2227
399
4896
2874
4556
6895
3896
6678
1642
7517
8401
4269
6949
2855
3098
3963
7508
8367
11034
5074
3915
305
12356
105
9246
867
4827
1256
2622
3763
3877
3887
3377
2572
1572
1412
3697
1668
9278
5451
11945
6924
2041
1476
474
11351
10316
641
12263
3903
10367
2646
6653
2260
11926
3225
3389
7443
8184
382
3620
7495
3426
9332
1976
1059
2651
9185
6102
3693
8457
2408
10859
1058
4998
11920
10877
12308
11621
7815
870
7491
3622
4899
1849
12114
5105
4237
9738
7884
9799
2214
4810
3792
11537
11858
11326
3469
2756
11583
1991
3334
3446
2848
1288
12049
9329
427
5860
3600
11910
4437
1560
9667
3036
7343
9338
3170
10408
8914
1348
4109
9756
4862
12249
9862
6722
106
2059
3325
359
1625
823
11526
4751
3801
1407
2933
9323
3254
6247
8592
7565
9866
9421
300
8233
9688
7557
11827
3597
11886
10390
3897
10965
3967
11842
11071
1557
8926
7439
3089
1099
3077
11100
3613
10914
6034
3083
4545
6620
2576
5969
7444
6476
9882
12168
9125
10243
2014
2965
8334
4706
7580
12031
8602
4076
9731
11539
4084
6952
4557
2030
9798
9392
11628
9804
8599
3671
3135
3837
2005
7592
9313
2462
3945
471
4931
12081
200
8181
2368
11908
4963
288
11343
6478
6240
3299
1795
6137
2771
1926
3664
9810
3012
5024
9846
12250
97
2788
2588
11181
3384
7320
2698
3119
6338
9142
8389
10221
4522
2580
4134
2660
2004
11130
9858
9304
9805
9340
3025
1960
9284
5400
7497
6244
9696
4446
11830
10411
421
7928
11348
5879
599
3813
7951
9281
2828
210
1989
7314
4520
2381
3619
6703
1111
9353
341
8979
12261
9285
6726
11610
12294
1319
8899
9850
4851
7335
11875
7429
12193
6607
514
3699
11852
5380
7875
9435
4003
10188
10891
9241
866
1933
6743
3290
297
3617
3918
3964
635
496
11067
2383
3167
12191
8946
3091
8740
6113
6428
5120
7450
8156
7808
8394
6009
11008
8597
1785
5010
1282
5068
12287
9086
1113
2467
6748
11106
9277
7919
4540
2856
6586
10233
3583
8600
3399
10382
10012
1845
2391
12039
3995
4797
11894
7595
2627
1308
2693
4603
2779
2044
5900
10324
3766
9181
3146
1714
449
1899
11918
1763
1293
12315
2648
10917
8238
6067
11159
12075
10902
8981
1806
5039
9364
1744
9188
5948
12069
1277
9360
9697
5912
1478
8321
3328
1422
8386
2374
11934
6056
1336
4933
6601
4026
4759
3029
9099
2404
3275
1829
7860
1323
5063
4017
3807
3151
9183
2412
1333
4112
6642
6105
6926
6645
468
1115
10018
275
10031
7939
9370
6037
6398
3688
11831
6651
11187
7536
3093
4453
9747
3680
10201
8928
5450
2169
9742
8400
6154
7438
4925
5438
2430
1718
2952
4205
9413
3314
5056
2402
2923
8752
5514
11887
812
1675
9262
9231
3455
5097
8943
4791
8249
8734
6425
1460
9759
6408
4912
270
11833
6497
2801
1103
2980
5472
2836
9320
11167
4127
4129
9734
3412
11369
5521
11111
5124
840
3488
4951
2753
11349
10230
5458
498
9842
5029
12329
8728
2597
1994
6342
4533
3786
277
3459
1364
3797
4919
6092
10958
6462
6492
4245
604
7424
3363
436
4781
3799
5104
4745
12343
2894
2244
2238
10967
7921
7871
1441
856
4107
6185
2069
9678
6672
5140
11186
1812
2972
2591
10884
11889
7912
9849
2083
7956
9357
9170
9998
12350
2371
5872
1087
6015
6160
9146
6268
1949
9829
6295
196
6899
4986
8908
11376
5491
3169
9300
5515
6052
11094
3116
3244
9176
1713
2690
6274
515
3602
10245
12333
6357
4756
5393
4012
3629
3079
10870
2819
6152
8365
3117
94
6066
1809
3101
1649
5127
633
11624
7867
8346
12129
1784
332
3255
1253
10293
10251
12094
11088
1831
12030
595
7814
1839
6261
8433
625
9736
4016
4161
8144
5028
4497
9217
10310
8337
9093
3132
11095
7561
2678
1871
1340
12370
479
2058
1820
11337
8478
6032
6013
9218
1532
4834
8460
6603
9438
9205
4060
2901
2776
11139
3858
2564
3789
485
2909
9294
1376
6091
6263
8472
257
9341
4561
9134
5509
4815
1556
11544
6936
3369
5965
2697
10872
9424
12063
632
9273
5421
10402
6364
3131
12246
6640
9785
11004
4476
10348
9845
1354
7433
3109
610
6134
11563
10922
6163
4860
2636
57
2623
4428
10297
8443
9451
3138
11882
5981
4424
7868
9982
4140
9147
8938
9324
6954
4156
10277
4583
4873
5485
3407
1019
5885
7575
6294
12210
4458
457
9992
3311
6677
6001
4996
6312
11381
4957
1918
10977
2422
7515
10889
9390
11870
2931
6953
4590
11916
6421
8166
8486
3033
1114
2454
3486
9268
4923
875
12057
877
8415
4041
1712
1710
9440
7601
3330
6044
6304
4274
3454
2649
9361
3717
2935
2175
8180
12352
6097
1522
10344
8737
10954
6138
8354
871
7940
1016
7821
4796
3432
9876
3113
12062
1497
3824
7858
1567
10222
6124
6232
5922
3503
8151
2903
6483
242
649
5884
434
2176
9190
12190
4290
8243
3702
2955
4723
4832
8453
1691
80
831
4508
5968
8945
3400
830
7474
443
8907
2943
7442
204
4147
5914
3007
3043
5955
1387
11380
4940
308
10416
1304
4874
11085
10275
10029
59
2048
1334
6236
857
9192
7892
7933
1698
264
1355
3190
2079
3365
6273
12047
3429
4121
1566
6416
12036
5065
6080
4594
3034
430
2770
5052
3615
6146
11311
6179
1759
9628
12235
9321
2807
11379
11084
10946
223
9443
1721
3578
1321
3205
3305
12289
6251
231
4108
3836
2193
8471
2854
4960
11883
4454
4021
4037
8429
1537
4728
6183
6638
314
9096
233
1798
11618
2624
11838
7539
9844
10206
6246
869
3791
2073
240
4255
4227
650
1630
2573
3972
12368
5891
1485
12076
3297
8374
10867
1432
3424
11854
6286
9832
4056
1653
11353
7534
10285
3243
9683
6005
5985
2471
1116
8423
1254
9253
10854
3448
5434
4947
3581
11170
3039
10406
8424
797
251
3676
418
3616
10262
5020
5395
9733
9288
7964
2631
2196
79
6049
2682
6079
4795
10379
4846
4985
4812
3833
74
1547
6112
3496
7885
3905
3880
11612
4586
834
4025
2872
2379
4071
6159
11336
6912
2047
2964
4803
7476
4473
208
4849
290
1842
12143
12313
5894
10284
2634
3805
3211
9664
9442
5136
6180
3177
1050
8913
2254
259
2797
3291
6178
6657
2618
7535
8481
2035
4607
11613
12241
6234
7910
394
4552
2029
7807
3596
7850
1735
10864
9677
7844
1064
10015
3980
11202
9255
9249
1107
3006
10424
4501
11148
9779
9297
6276
1289
3465
11382
2948
1750
1706
1359
5134
11070
4495
12221
2262
3260
6361
4578
4494
6018
1704
6474
11880
12045
1577
1874
3670
8331
8491
5463
9117
12245
7499
1454
1523
3100
6188
4826
1628
10334
10423
6253
12312
1074
4577
4472
12125
11053
2027
2956
9168
6106
482
5401
1624
7426
6098
463
6223
8436
3258
3438
12072
2834
10951
11027
8948
509
1639
1297
8461
6194
7533
10395
3168
5387
11520
6249
7319
3985
6228
6422
2674
10952
11357
4774
5375
3485
11837
3321
11059
2986
3360
4929
2839
8935
1295
10214
11350
6087
5477
1342
5870
12099
4819
1983
4505
11035
10300
9280
4783
12203
450
3698
7462
9191
8411
9251
7914
188
9663
7492
12038
1443
11862
9802
8953
12124
8245
7453
9309
8742
9382
5133
4961
9633
2995
4776
4260
12108
10956
3086
5119
4856
10994
6699
8408
7893
11828
9293
3439
12215
1541
9775
3798
7304
2826
2871
1239
56
6450
6359
5418
3775
1479
8450
4158
9791
1913
9187
11140
10351
6384
3835
2663
10961
11580
3939
9645
1481
5457
2876
2065
5987
11340
9666
3716
3639
1108
9789
11620
4605
4035
493
3986
12087
1057
5050
4286
10415
6466
6729
9641
11867
3678
4893
6212
1555
3155
4562
6089
1416
8956
12088
6322
2978
9693
6903
11072
9109
9772
4048
7842
1748
2418
6235
9720
3947
6198
5017
2028
3416
639
1655
3695
6347
12253
8918
7953
6140
1636
4470
4448
1251
1325
11135
2974
4852
386
3689
7900
6679
12233
1086
7489
9305
11109
4906
4549
3217
9687
4115
3235
2977
5865
460
2163
10875
4799
6258
2644
3854
11197
10291
3502
60
9166
3388
2945
6916
3796
1736
4229
1339
7514
1249
9282
11847
1294
8410
12270
8901
9400
6259
8435
5412
5453
12278
11082
11587
7826
8605
9343
2409
7891
8606
2823
9115
322
355
6435
11642
2996
9676
3467
10359
2569
11334
7568
11384
511
9160
5397
3403
11573
6123
1857
4457
397
5499
10921
4921
3421
5051
2006
3681
7447
9415
8343
4609
455
3952
328
7299
3423
81
11935
4580
802
6426
9124
1782
5424
5923
1072
11626
7559
9393
12150
1322
2976
6400
11184
4438
3129
4943
9754
5030
6122
3834
10283
3001
9770
3767
6213
3390
1018
2866
1424
7853
7833
2939
11896
10288
6731
1997
9773
8747
3723
3264
10349
3847
3599
7494
12056
10269
1824
2199
6646
2757
3380
9828
3606
4861
9674
4028
255
3195
7317
10894
1677
5035
1091
2458
3362
1948
5087
9995
11542
1090
7591
1977
2827
7422
2633
2264
7428
8418
1791
12071
7896
5054
11332
4214
4248
1716
6443
9189
11876
1657
8452
2162
3262
2375
9426
10308
10851
7309
7560
12048
2234
6207
7458
4104
1565
412
2664
6888
1807
1419
8239
8317
6910
7303
11595
11639
506
494
8398
3873
3911
6641
6166
11940
6074
3230
2830
1640
5957
11546
6902
11014
7454
7513
9202
5389
4477
5363
1963
9212
7570
4939
4773
4813
10278
8377
1069
1927
3846
3110
1692
6193
11327
11522
9172
5476
4704
11627
8358
12224
3301
4924
286
2692
3143
6719
4249
1306
512
11832
7540
10403
7942
3955
7969
11143
11914
12085
5866
2654
1301
2191
6739
6445
10011
3665
12258
2932
3460
1467
9838
4967
3259
1727
3451
11641
4949
3758
104
2425
10007
7589
7330
384
11616
6387
10356
4270
7813
6287
7909
3128
4581
3705
4999
1934
205
317
12186
9128
6077
7827
6352
7423
4211
3604
4092
10890
7583
11591
9263
3900
615
9336
9787
1889
4882
4170
5376
4013
5888
10924
9209
3913
4433
1036
2021
2411
9700
8917
7305
7301
6477
3385
1847
11196
10862
3126
7507
7863
11346
5918
4174
10892
9707
4945
1708
11046
3724
1805
800
321
3652
5075
2922
4802
6167
6475
11342
9295
202
11023
12211
4870
9808
11873
2225
8950
9716
3994
6307
11607
2794
391
8593
12295
1519
6432
5474
8441
5456
4807
12254
83
9140
4251
7598
6115
5427
3979
2775
9379
626
3130
4566
4063
11611
2385
11352
1102
2593
1370
5132
4864
3316
4553
2581
9783
9740
5091
6378
10232
5512
4525
3612
4073
8352
249
10028
5447
2860
4434
9328
5444
3816
8947
4547
617
2762
9228
8475
5042
2428
9681
3175
1409
5871
1252
8176
2187
9206
2808
11156
12231
477
9812
3848
4024
6718
8155
1681
7437
7869
4052
7506
4080
9299
10238
594
10217
9709
1633
3719
9726
11947
10365
6704
304
2075
9330
11074
11541
5422
1054
9638
6181
9704
11056
8405
9437
6051
9203
6911
6948
9383
2370
5369
3378
7298
8356
11011
1783
629
5886
9368
6915
5081
9682
9737
9642
2772
278
9089
388
854
12311
5497
1658
6292
11328
7887
807
5061
3099
3660
3153
627
3379
6592
5077
6892
3988
476
10970
6278
4439
645
4952
10414
6618
3738
7519
3707
7952
2247
9675
6745
11338
1922
7323
7487
67
400
5122
6683
1535
2429
11921
3609
8170
4100
3095
1743
850
4867
6242
3814
6962
8382
5381
2959
2434
10318
12158
3672
9259
3160
5905
2686
6439
6281
10363
11903
4469
6075
4224
4780
1528
3729
7911
3044
1043
9448
343
5986
3003
6025
3941
12166
10909
12173
10215
1808
7529
8967
10368
2921
11358
6256
5441
3976
3224
325
8944
11603
6085
4417
4479
102
2563
8152
6222
817
3876
6299
8957
3643
9186
10343
6636
2941
3394
4729
3949
11098
9097
6227
3283
5455
8449
10419
4235
2963
5878
354
3632
2448
12252
9126
4001
3476
5513
3015
2768
11154
9175
4114
2206
10901
6316
2655
7579
11136
1092
3709
6393
11314
1792
1062
9865
2928
6486
1737
296
2930
2085
6064
1958
6619
10389
3125
9197
12042
11383
6282
10035
9308
2987
3458
2167
2643
11899
11347
5112
2689
5867
9665
4500
9354
1901
9213
363
3504
3737
4148
12097
5467
3084
2751
3392
7907
404
10287
1955
464
2992
5494
12334
2076
7902
4413
3655
7498
2231
6296
5425
10366
7315
11897
4828
6127
12358
6626
10992
6012
2665
6588
10200
1902
9226
9630
7553
367
1279
11932
3470
10391
8906
75
283
5446
3778
12176
1117
11152
2893
311
2844
517
4782
8729
1489
11356
3248
9819
1384
9363
2924
1935
4232
4922
5445
2895
2072
4069
1834
11890
387
8479
4872
12335
6686
4830
6598
1436
1338
4145
5929
11076
3499
403
10264
12152
5060
4166
7824
7328
7865
12362
266
4136
9729
4220
5012
1038
9661
9102
10336
4927
3895
4600
12130
2388
358
7864
7881
3292
293
6144
12204
6708
11089
1509
1676
2436
381
5059
8344
9422
6175
4046
10017
61
4057
6605
7418
11022
8371
11009
2763
2390
4875
11096
11617
8326
9348
3974
11630
5036
11931
4137
1393
7467
7576
1309
6501
10963
4086
3395
5983
4570
4853
9233
1444
10388
1574
1098
3287
1452
10937
1992
4264
8455
383
7818
1921
9405
3418
2867
1477
4459
2420
860
3975
9881
225
6388
10003
2639
1261
843
2061
6725
2566
2240
880
1462
5428
7950
9823
6324
8324
1786
10317
1818
1531
11185
8739
2567
2625
6625
2174
12198
326
2219
6736
4044
3281
7862
1797
4766
6629
5947
71
9843
11598
232
9155
5482
2239
9200
431
5864
2178
2780
1250
3937
2194
5945
5917
5138
1752
3752
5500
623
7945
3294
3227
8954
3087
8370
11309
9373
1032
330
4240
11550
9359
5093
9378
6455
2086
3990
2652
622
6658
1787
2688
4445
6716
10422
2914
7840
9816
1521
1661
11037
4099
9151
6119
4971
10347
2675
11015
1503
6022
1817
2891
10303
1430
4531
8136
6487
10360
808
6011
6165
10338
11077
6893
11119
1418
5874
10878
9837
9671
4928
6740
5995
1066
3193
8336
5890
6267
7549
1892
2230
1683
4592
1079
438
2595
478
11048
8464
2226
7308
6481
3582
10934
7421
1093
3679
1819
4713
2432
3748
6489
7961
5414
12218
11552
5033
9809
11540
5484
447
8373
2701
833
10320
6444
453
6321
9120
2863
12217
1491
10016
9429
9640
5139
10272
11582
7876
4978
8910
10898
1445
9852
3108
1456
6730
3037
7905
3315
3204
6366
12059
333
3886
4263
9351
6681
9148
3176
2203
1468
5041
4966
11168
4743
1925
10304
9702
9784
4822
4800
3701
6410
8587
12162
10209
6447
2468
10866
5873
3687
11121
1540
4855
7922
2398
10962
237
881
3934
9880
2661
5018
4715
3261
3092
4074
6197
11836
9721
8357
3032
9712
1757
11045
2814
87
6203
5946
6720
3907
1779
7930
7819
2946
4863
4153
4565
3931
1731
4746
6125
4033
11906
6376
4431
10335
6453
1568
1924
252
4149
12120
4292
3307
5399
7917
4988
6744
876
2870
1864
3920
3246
3375
644
8480
281
11387
9314
10306
3605
4238
5058
4544
11193
10988
4926
6967
3464
4135
2954
6656
8393
9110
9402
2679
3497
12141
4901
10339
11368
7847
7511
10271
3610
8145
6375
11174
9669
1638
9276
3588
6675
2944
2452
5911
6155
6610
3430
6030
215
9401
6652
2653
12255
3010
3207
7855
3417
6713
1822
5993
12328
12340
7899
6153
5961
475
9104
6724
4726
5478
5016
8915
194
6297
2929
2782
5070
4608
12147
2449
2090
2040
12297
11590
3603
11173
8391
11361
10204
1939
5100
1732
2812
5930
1973
10357
6960
306
9195
4284
395
11594
4040
1929
499
3713
1707
4047
12280
12044
5386
4995
9391
5962
307
12290
6941
4953
4042
428
10893
2460
12281
3942
6229
4155
4004
3222
12187
5907
7593
492
9193
6024
4716
1283
507
345
11519
6302
9792
10392
11597
2451
9174
9999
2474
12074
11057
1265
9861
5004
10397
12093
3884
7848
4120
2414
12292
1826
4974
7608
3097
6621
7465
9250
10223
9283
12219
2647
1546
508
606
8931
10361
9275
12112
9366
10261
1550
3898
11044
7888
380
3800
1664
12033
3830
5941
1410
3387
7436
3891
12041
10352
1753
9859
7486
2393
338
2160
2032
3630
11578
6174
4022
3212
8488
3346
4573
4950
8451
12148
12119
1827
12276
6269
12293
3614
7926
1425
3042
2917
12128
5505
3353
4705
1543
3774
4811
4139
2789
6689
4125
8971
1562
12140
6173
6945
2241
10254
5406
12369
6706
444
7597
6135
9238
2985
7430
1941
11556
12161
2022
9987
11839
3682
8363
11020
2973
2594
636
12214
2182
7505
5898
11330
1408
1399
12095
8141
3296
2951
10868
366
256
1904
9433
4164
10883
12195
2243
10848
8409
1680
2190
1813
12353
6370
3080
1626
7415
12067
1326
8162
2392
2934
501
11592
1771
2657
1311
9741
7955
4481
6209
10381
350
10021
10918
4569
5520
2382
8379
2168
9144
6931
6383
416
1373
6627
9369
11856
5935
2979
1071
4064
426
6248
2570
6429
3777
7898
5040
12089
9298
5466
3103
3478
10279
2066
2798
4934
2911
11391
3173
2185
12251
3027
3440
378
7816
1110
7329
3333
8751
1777
254
3959
878
8387
12248
4079
8173
3210
1465
6224
4761
8735
4015
6266
3809
2007
1244
12307
4980
3987
1052
4276
342
2988
9730
3940
2587
7550
8237
3166
10931
1405
4285
84
7522
1337
4955
11863
4859
2417
10375
4991
316
1025
267
3703
93
3505
7936
9695
1709
2223
6319
2850
2054
8919
5034
8596
1078
8975
4435
1335
6033
6599
2080
2400
11325
9824
5910
9133
8328
12070
6040
409
4250
1696
5062
78
11588
10199
11321
8132
2376
4835
7325
5938
4880
6469
4825
6955
1455
9855
8140
9127
10856
4221
3768
6208
1980
8364
2565
10927
12092
6721
6412
4710
8439
10974
339
8148
12306
458
1663
4908
11938
3677
1427
10313
3112
7845
5405
7459
2645
818
11872
2694
4563
624
10945
826
10881
9365
5115
6318
3740
9743
1685
8920
1526
12066
8234
7856
4078
7828
7962
282
3196
1368
10995
2438
9711
4718
9831
1545
2685
3793
7947
5967
1641
6632
229
4976
4259
4039
11182
4011
461
5979
2650
9211
9679
9766
235
4053
5053
4823
7839
4765
4588
2967
10857
1390
2904
5388
3009
3435
1872
3491
10393
9149
4546
372
7873
4897
6687
9777
6237
221
6170
1347
6461
9989
5495
10276
2216
8591
6647
8417
9091
8380
3154
348
4962
6737
11054
3883
3247
10900
10191
7967
3871
9279
10874
10417
8330
10220
9851
7464
4429
1053
9631
1643
6593
4106
4568
6252
6900
6634
9652
12354
3434
2991
5364
8483
12299
12121
1781
3827
3164
9150
845
1768
3930
1049
1760
9199
5449
4130
5925
1938
1315
12234
4841
6925
334
2897
3249
1837
12118
8610
2868
10919
473
10241
6587
11317
3718
6402
6597
1414
4708
4982
1447
3829
10355
1835
6142
12331
3852
8158
4935
11917
3901
1435
411
7313
2599
8974
11172
3634
6661
2784
8744
2177
8396
3991
76
4722
1371
6409
11043
7431
6591
8444
6692
1823
1488
6099
6305
1622
1067
6680
4175
100
3402
1490
3881
6584
10329
3102
6464
11392
2050
3645
9135
2803
11073
3253
1905
1548
3493
3844
4223
1329
803
11099
11604
1961
8933
4997
3802
11547
2671
11178
3354
1914
5086
7918
3413
12366
1673
6715
4289
12032
9290
813
373
11191
6482
4817
11844
651
361
260
4083
4030
7572
4808
805
9698
5486
3136
9653
3783
6488
5504
6397
2912
9409
5992
487
865
6055
11012
10887
6613
12196
12338
3839
6377
10953
6141
3472
4785
7929
10252
351
4252
3804
9722
12138
9983
12103
11551
4772
3134
6201
844
8586
6131
8951
6589
6344
7547
10996
3284
10847
1573
3356
3708
2071
3838
6684
2840
1738
9993
10839
11907
441
2879
4892
3906
2837
9994
362
12171
5094
12300
11902
11345
10358
2221
10932
6118
6430
7916
1942
3621
218
2215
6200
6143
3140
8949
6963
5996
6901
10330
1739
1876
6103
2835
12122
9660
1080
3192
4496
11893
5958
4575
2878
2229
2910
11329
6424
3183
1554
10354
1724
12153
6275
241
12242
6947
2056
9389
3960
640
10197
9745
12172
7590
8419
5113
4038
1281
12060
3953
2195
4291
2766
4524
4128
9303
10973
9239
10207
2990
8388
10189
467
5897
9159
11355
1982
9445
4206
2372
3484
1506
11192
1501
9739
4736
243
12086
4230
9264
9841
11021
3650
4091
11176
1471
284
4970
3473
3148
11010
10253
8320
11574
11308
9380
4914
3865
9129
646
3580
1051
3668
11313
1017
12127
12043
3869
1260
408
4463
9790
10265
5092
3252
2406
5973
3899
6238
7851
9980
1366
3957
4488
9650
6595
377
3640
3973
12106
3780
11524
1769
11874
1474
9403
4020
502
9307
1866
5014
2608
1538
3692
9223
2783
11536
9157
1088
1970
6695
3631
3744
7558
2815
8182
5896
4528
9748
2906
8150
2607
7923
7337
7456
11058
2632
6927
1853
11086
3381
8940
5095
1112
3795
6452
7327
6897
9694
1109
9267
1843
2629
9723
11640
11389
600
3489
3114
4771
5390
4598
8594
5473
11320
1530
6617
7965
1635
8725
868
1411
6116
5101
12367
1855
2892
2584
58
9981
3625
4527
1670
4750
1828
9874
5118
2025
7882
6219
4087
1811
12232
8609
5049
2042
1483
12090
8406
6913
7834
12327
10907
9312
1920
8160
2700
1330
336
1909
4440
379
4604
10203
3842
4282
5492
8458
3342
1780
9139
9177
7523
825
4492
1863
393
3779
3590
433
10413
6245
280
11584
3648
5919
1502
2842
5913
9727
12175
1906
9979
3721
1280
3919
8316
12364
10001
12142
3357
9714
11333
4105
7479
11312
1381
1887
3771
9635
3428
6604
1947
9655
9847
4916
9092
9387
2258
1406
2760
6231
8366
3004
2046
2822
7551
5417
10876
6315
3992
10345
10346
3031
8923
1762
5423
2787
8177
4731
323
2064
7825
234
3157
11151
4089
8942
2767
11137
12199
8183
9706
8341
1101
12164
3686
7503
462
327
1705
1536
1269
2246
6669
8468
3642
9204
1627
6472
1285
7849
4499
1552
8589
9815
11144
189
8955
3082
6390
10385
3240
1799
601
4941
11032
6727
364
8425
1844
4884
12256
4225
11180
3447
6042
9221
10373
1767
12268
3635
11933
11915
8247
12277
7451
6331
2465
12040
6890
3237
5460
2816
5135
2463
1979
1469
9371
4142
4973
3860
4541
1885
331
9245
6350
1766
4222
9152
6917
12157
11013
2378
3909
12064
2251
3832
12163
6309
6700
8348
5465
8466
4567
11104
3951
4763
12133
7510
4858
2031
8446
8133
389
3712
8440
1031
824
4833
9198
1524
10305
