453
650
620
523
902
596
438
1032
240
678
758
286
17
918
870
783
1097
410
52
810
184
1019
439
123
481
589
291
510
305
167
269
773
770
578
1078
470
448
833
230
701
599
939
255
794
97
322
24
77
1084
344
1003
753
299
233
1013
976
877
336
535
695
313
90
616
126
514
307
1102
374
458
527
970
1179
565
318
1169
681
978
375
658
395
849
404
537
536
29
419
350
1060
359
213
636
1050
186
1029
788
883
297
229
888
619
86
974
118
450
797
903
488
378
814
818
434
501
789
1123
1058
79
465
25
585
15
1026
231
188
99
613
962
235
486
841
917
136
854
764
38
463
827
1092
444
317
790
440
1004
72
393
105
669
819
85
182
1168
1119
580
909
211
1171
732
539
1069
522
1094
977
377
755
642
1089
1112
637
107
731
954
251
738
435
158
215
354
612
323
771
707
884
904
406
396
400
212
803
383
926
1110
562
1016
277
834
252
63
587
739
813
246
494
493
1150
330
447
959
1040
1157
805
586
699
836
583
1149
729
835
166
981
301
282
474
11
679
528
838
1068
606
1160
21
726
550
730
398
698
216
567
553
1083
1107
152
759
459
293
268
542
1144
894
782
116
274
722
812
754
236
68
122
1141
897
712
821
51
515
999
1044
195
817
538
119
858
717
283
686
752
508
757
320
325
292
71
747
617
923
96
37
42
339
671
969
145
482
180
519
795
1125
807
748
446
442
509
429
28
64
765
360
197
811
1099
714
869
364
908
548
511
76
480
530
142
936
890
1088
19
815
590
845
432
1063
456
363
736
461
1086
924
574
1056
376
702
629
1164
1082
106
1115
6
1174
146
312
244
289
1085
386
81
201
258
607
907
460
715
431
92
787
205
129
91
271
148
843
507
273
575
65
1066
443
198
402
1073
108
723
225
33
1061
885
541
506
264
1105
798
1042
464
495
1156
160
310
1138
881
1108
261
58
147
7
306
139
647
1148
245
826
1041
340
115
414
646
876
238
451
610
371
232
958
1163
346
949
82
591
600
844
300
656
1005
1145
132
356
900
631
776
820
295
774
192
164
1075
18
634
971
960
234
173
87
499
135
427
913
349
983
1124
1002
716
1183
131
868
947
5
816
933
1100
851
183
437
476
48
742
911
36
628
161
898
886
991
455
422
1173
1021
101
555
652
931
44
840
728
928
1091
27
1014
862
645
1049
584
733
303
605
569
1045
638
1106
740
394
408
684
791
1030
887
351
802
582
223
433
618
347
1186
335
727
512
543
953
467
50
1051
558
426
428
721
200
760
1129
47
157
196
220
526
416
35
172
304
279
544
1018
896
137
899
989
649
401
579
207
994
1093
266
640
672
1187
389
878
719
621
290
842
441
1072
718
1104
518
368
384
113
1028
737
720
588
253
1182
405
1067
12
975
866
806
361
260
138
1135
4
893
829
540
332
861
955
800
154
724
985
367
632
498
1118
155
125
168
633
328
554
1127
178
114
713
1023
534
1008
46
746
867
241
635
45
366
159
786
710
952
734
267
570
185
1006
627
1167
224
111
110
479
222
0
1152
945
30
706
503
284
756
889
8
452
357
469
891
265
1172
338
995
846
623
83
412
1010
409
690
57
873
938
566
287
369
20
162
26
88
190
660
670
1120
144
676
449
982
1037
1022
745
1114
380
860
930
984
392
781
1180
906
423
2
1133
799
41
768
98
1047
202
324
680
547
604
655
775
988
89
181
796
964
572
250
466
296
75
850
214
490
673
1155
189
691
257
532
648
140
475
777
762
388
688
298
484
163
601
373
709
497
1059
653
630
929
693
10
1020
641
124
859
1015
327
659
153
169
165
276
1113
963
1090
948
822
59
280
1
683
281
436
505
95
943
1054
1101
662
668
218
492
1001
262
150
187
920
314
763
533
204
561
559
1165
654
425
934
531
1175
1137
471
1131
560
785
967
1039
614
355
875
206
1048
801
1117
1071
622
478
66
864
272
880
682
421
657
921
209
219
602
517
352
489
625
500
1077
1170
1147
705
1025
725
524
362
381
1103
957
608
973
104
1000
980
965
417
735
772
228
1109
73
703
1031
385
179
239
121
329
779
55
1043
270
1027
1136
316
120
141
39
462
741
337
62
94
784
1146
895
804
1035
513
194
941
1011
571
667
1177
767
525
143
940
1076
353
379
700
1154
808
874
872
946
294
932
1033
275
249
598
382
411
792
839
473
315
445
1139
556
103
1134
177
609
832
247
420
848
309
581
333
549
418
1184
14
1185
67
823
871
626
176
133
326
100
778
1140
53
761
256
365
837
696
483
892
987
502
23
