604
13235
4529
2131
2476
1190
7451
12796
13773
8927
12428
6035
3924
1147
7457
12589
12858
2190
13216
8234
7695
879
3595
13206
2208
9192
438
2946
8156
11072
4461
1776
9585
13284
10682
8836
8818
6773
9015
6749
8251
5189
956
12814
6612
2499
3159
755
9077
4536
2629
9588
12481
1073
10946
1784
9776
3766
7196
11028
3668
582
37
672
7621
12610
1030
11008
1212
47
5724
6675
6251
1989
6897
8737
11140
7868
10407
928
7319
8643
4222
12888
101
10024
79
8714
10437
9367
2183
1193
6117
5416
4896
11359
10589
3075
11390
10076
5944
13583
1540
12343
9803
9894
7285
10962
8448
8694
3219
11672
11192
11945
13394
13306
3072
3555
12080
6218
13133
830
2860
7624
5186
2834
3720
10504
4078
7449
10649
4016
11937
1646
7414
13380
7416
3928
2478
3805
11687
8748
10405
10287
5207
11658
8733
13305
4356
2470
8666
2881
12896
5273
4794
2497
6626
13165
4196
3148
9540
8226
5485
8632
10011
5544
2601
9348
1507
667
6153
5744
4050
877
11605
7611
3046
13418
6826
3333
8855
267
10423
1551
10181
4602
6451
497
3998
9665
2616
6999
11016
7514
1238
11932
7959
1264
185
12317
5829
11911
9472
91
3392
13561
2894
10412
828
2425
7102
3528
8921
7136
1553
8196
7145
3982
3291
6849
2789
1949
11642
9607
780
7092
6179
3811
8291
7851
8456
8579
3728
13502
7716
9236
9080
2075
164
11292
9063
6209
663
10602
6873
3610
9247
13725
3416
5764
7493
5575
10922
6191
4340
12626
5761
734
1266
8099
12925
6242
13253
7570
3317
9689
6884
991
4236
7308
3574
2961
2333
9113
13774
2748
7071
3000
3581
9628
11594
3366
7388
6690
111
218
9836
7022
7574
10556
5741
2855
1570
1518
8937
1248
2063
12799
7400
10705
10491
11794
2591
2505
12977
4811
13323
10417
343
12791
6544
13039
8707
2970
12102
7949
8663
8260
1835
13660
7747
165
2225
9617
11581
9071
10144
1053
2308
2711
9097
3124
13755
5315
12193
4532
5170
11423
10290
9206
3767
4381
5680
2253
2907
4986
12119
5779
13589
5881
8206
1587
5978
4254
2770
617
11232
8015
10415
13495
3277
10928
7908
12231
10647
7077
13697
8630
64
8721
8369
13857
11218
11113
1677
10455
11725
10201
12456
9413
7104
2203
11142
11293
11603
3273
1572
4220
12743
5439
12541
7017
5980
13155
4885
8386
13013
2768
4129
6559
1987
3785
3129
5983
13771
7058
5725
12015
8645
9276
9507
9903
5545
3502
5366
3479
9483
739
5790
6061
598
3619
1910
9151
8100
349
7887
2112
9702
3240
1115
8526
72
4768
2349
1024
3826
9793
2139
1981
6643
2620
4357
8041
10182
13181
4968
5589
9417
6549
5072
9295
9179
4617
6902
7262
3155
731
7729
1316
9444
9656
11643
10433
11098
6872
4904
4884
11435
5642
10057
2738
3162
1146
7359
4215
11034
12999
8657
5641
4513
6678
9160
5532
318
4766
13612
6187
7759
5338
1258
9832
2035
9730
4304
8093
6937
21
5310
9584
1673
906
3008
10300
12151
2604
2948
3774
12297
7798
12380
8793
2594
7726
3210
1564
4719
7829
12866
855
4151
10583
8976
12175
10227
3978
4693
10984
220
257
13674
12640
717
12844
6853
500
12309
2915
11400
12913
3006
12753
3344
5794
6901
9500
564
1353
12446
6760
7453
8589
4950
1420
2046
11674
11744
8827
1437
2735
9812
2269
2721
12387
5609
10564
13273
7575
3136
7808
3107
9376
751
13265
9820
882
2038
7358
1790
8820
1716
2
10765
12157
11149
4594
9243
1990
8837
12875
13370
12354
12805
7911
12399
10921
10803
2844
7215
9859
4208
7323
1508
8245
9659
2936
7364
3553
9086
9964
3881
2659
843
3465
1467
4168
9055
8141
12229
7853
6841
7709
2576
11058
4497
8483
11576
11997
1984
8651
1085
6733
6672
8346
6391
3351
6509
1528
9406
11786
2969
9241
5110
8736
4953
4687
4071
2318
9331
74
12491
10478
7194
8295
9257
12646
2644
10085
4869
12381
2967
5415
10350
9872
2533
2303
4067
1142
13063
5758
5853
4162
12833
9544
6995
3544
13735
12804
3899
7286
11199
2216
12788
4072
7263
12529
9941
2937
4313
6395
124
7880
1234
2167
10023
3458
11507
5427
572
13654
6243
12394
11822
8283
2025
6486
7309
7305
13729
4378
3262
13068
5866
10257
3284
2039
5334
4299
7797
1745
11707
11146
11261
3112
2797
908
12232
1804
12473
5644
6652
741
6972
8210
6984
11811
8204
9380
1846
1422
9458
6045
8920
9963
10585
13053
696
5926
13330
407
4194
3931
4865
11647
11559
9578
5345
2379
12401
8079
7552
11042
4312
11366
10343
10675
13015
10229
9480
1624
11096
10324
211
9827
6303
13399
3872
13168
10953
7098
6834
4725
12248
1533
9484
7976
1638
9616
9246
8828
2747
6922
2113
1052
3247
9184
5536
1618
6160
3113
1342
12325
6423
8841
1681
8258
316
168
1788
6114
12392
13153
6936
5942
13440
6911
1388
11215
7247
6589
11527
5805
1698
9587
7107
5061
3935
11863
6687
1242
2930
13703
2762
175
5624
5418
8167
13526
3532
3625
4639
12601
6489
6704
653
233
6920
1309
12503
12065
10914
12435
11994
12049
5953
7542
7581
13479
7628
8180
7688
13137
11881
7161
8896
13720
13034
8128
9158
8683
7638
4608
2587
9244
6533
12533
12454
13481
11886
8552
3218
5335
5070
13425
9815
9004
11935
12156
7356
405
585
6865
11678
9660
2744
3053
4020
6557
5729
9864
7988
3051
8126
5404
7508
33
1312
11973
8243
2918
5423
4649
2837
1390
2104
4042
8729
4521
6866
2295
12878
11680
12498
2773
7296
14
3238
3108
11274
7019
7942
5839
6970
2092
3355
13060
7531
10307
11719
9563
11087
735
7304
8882
11913
11591
6976
1641
1049
6076
1857
12118
13550
5597
8505
5056
12154
8012
9345
11500
8734
9467
2328
12054
11212
2801
812
13118
3283
1021
12892
2672
8155
11566
161
9892
9605
1689
9708
2982
5661
9139
13176
6529
11378
13056
7700
1600
13684
3947
6951
10985
8832
10575
13313
11453
1379
11085
4240
1116
2690
1554
1136
12507
3999
13243
1712
2779
2873
6539
1122
5264
13285
13364
3925
7202
5486
4115
4305
13405
3143
11940
5409
737
3681
8039
9737
10940
7877
11413
10492
7606
26
13582
5823
13041
12505
5083
295
5534
1795
6264
9688
305
4952
6185
7175
12069
8004
7121
7426
8587
8798
3509
9826
6594
1222
12262
1751
6985
8747
5219
5182
5266
13218
8140
4282
8940
568
1326
8624
13050
6259
12253
3154
280
9646
6597
7533
10316
7357
5392
583
5299
12098
6606
5674
6856
374
2369
13198
7249
12189
8056
1068
8219
8084
13575
4958
336
6175
5166
10150
474
10358
4797
9131
8042
12650
5311
8893
8444
6315
3621
13820
3135
303
402
1057
12062
8205
3346
5640
3729
850
10837
3278
9683
5614
1514
6802
13195
11798
2886
3315
5118
4541
4750
982
4032
10349
8948
3026
1456
10359
5205
5258
4670
5528
8972
10520
5301
3803
12870
12452
6139
3702
2454
13387
7441
2559
8075
13246
13395
3758
9125
7753
6926
3243
5234
1315
1567
7217
2309
401
6748
2804
13718
5425
4428
11224
1956
8240
9799
12426
11723
11245
197
13290
9567
2623
5716
10639
7182
8424
11219
5256
3750
12083
4226
6754
11681
3763
13191
11468
801
9977
4334
13192
5188
13508
4132
7114
5804
4621
13381
793
7408
5937
8842
13139
729
503
11115
3953
2056
5051
12645
13554
2219
3879
8209
4628
1293
6832
6036
11310
3920
9851
11161
2651
5811
1709
6148
9512
13762
6618
5546
6611
12568
1077
7583
9631
2157
10183
11238
1816
4691
6524
8869
11626
9556
13791
3902
6598
10131
612
9760
1939
4108
12701
12944
11929
12581
4089
7718
4620
10376
3605
6792
12313
10168
12039
6882
11677
4813
6688
13492
10880
13470
13576
11323
9023
11114
7410
11830
6497
3956
12185
12411
2068
9557
5441
2935
11174
7983
11382
5137
2396
9637
13185
3734
5504
13355
7708
820
2622
6320
13784
6899
11923
13613
13109
12072
12375
11910
7089
12382
10554
1290
204
1268
5971
6212
9030
3420
12593
6263
11887
4611
11181
12103
8950
5389
11868
2865
5325
12110
1439
4584
907
11682
9532
7657
12664
11344
1170
9375
10321
3516
3234
12020
1166
12144
2807
6109
4077
1409
7852
10569
6025
10442
3481
8290
8555
3835
9773
10029
584
12095
9764
13587
5294
890
1280
3558
4624
5500
7681
5571
4834
11063
13084
6309
11308
4009
8578
6609
1842
377
12203
10578
9775
12207
12965
3028
13713
11708
8139
13803
1311
2893
1520
13504
7939
9800
5760
11846
11510
8345
625
11214
11055
13789
1965
1757
3927
10676
2635
4604
10173
12475
4343
8522
10793
12485
4261
3677
10759
4330
4603
2214
3782
2602
12060
4272
13719
12975
13520
13852
10683
2519
13666
4891
1399
7210
2327
8072
1632
3329
4685
5591
12430
12855
10887
8304
13826
12710
9829
6133
13639
10191
11784
11616
7052
13217
6705
12742
7525
3015
5356
1886
6819
9455
13360
7168
273
13018
1225
694
2285
2311
10174
3430
11426
1628
13483
5169
763
2822
2471
3397
4412
2523
10159
479
7597
981
2077
2050
817
1561
12405
1764
11324
4727
3537
12003
7569
10910
3795
1449
12908
2922
11029
5576
955
13811
3388
12374
12479
9149
4398
2466
11270
3039
3751
9091
7551
7650
3486
1973
3523
1639
9701
10346
8885
4447
10137
3080
7320
932
11023
13794
4001
7311
11776
7644
10817
2354
5290
2831
8588
6860
4118
87
454
12169
7605
1345
6261
11550
8577
9219
12882
463
9268
10864
11615
10097
4893
8337
11546
12567
3030
10778
9568
12758
5530
2231
12871
806
4803
9115
4992
8438
10328
13836
5211
11249
3441
5068
6455
5837
1415
8467
2904
12806
1299
4648
12437
5618
6143
8899
11800
9340
2698
151
6021
10244
10893
4741
12607
9642
10614
12990
11328
2993
1237
5860
1728
7399
1135
12094
5703
5146
13331
1936
1019
8422
2326
2976
6534
5096
3443
3761
8990
7579
12669
13783
11144
8568
9450
934
5351
9703
6627
800
352
13347
8022
8688
3777
12042
11638
5300
11538
12276
12506
5621
6302
4940
11705
466
7775
8982
2192
11533
2249
13637
2538
8732
13419
10641
240
5035
8753
1069
3010
5361
3616
2491
1869
363
8580
765
11315
5782
6098
11693
3525
1358
8616
8092
11943
9653
1504
12256
2901
12444
7910
4349
6531
11630
4903
9519
10724
10061
8845
8809
11992
7338
5202
5722
11341
6625
1169
12761
5838
7252
4175
8770
9625
404
595
3863
4706
3943
10594
547
4682
1152
12848
10529
11875
2899
9727
12692
12694
1924
11922
2340
6890
12691
13563
3359
9554
4926
1692
5459
11038
13126
9609
4440
4419
5706
7099
11828
1577
10709
9879
13616
1371
12688
128
4423
12672
279
6812
9887
3653
6553
9537
375
3290
3929
4704
746
9214
18
1883
12300
13367
2705
8116
433
10788
10955
274
1385
8541
3304
10027
2286
11067
6277
3472
7474
2765
4782
13104
7407
12508
6433
9350
4413
1400
859
13077
854
586
9064
3588
2152
41
5973
11230
8876
7636
5665
4465
12147
9786
10598
10832
1063
4411
173
1585
8023
2008
3823
3868
6949
639
2767
2793
10715
4791
4358
9425
11557
2246
1756
3602
4511
11766
10255
8908
3092
1856
10986
10678
3054
10230
476
4508
10049
9869
2071
10521
7036
13696
8594
3596
533
7889
3834
8223
10968
8699
2580
8016
10926
3752
10250
534
12478
13690
7961
9305
13775
3349
7157
6694
10331
268
887
2015
8105
3905
12145
10068
13732
10494
2400
5633
3938
11118
11624
13230
13533
12321
8786
9994
11094
51
10204
12013
3002
2062
1881
10260
9285
10515
1396
5626
5847
5215
9264
5767
3409
5153
11513
8907
356
3017
1070
12283
6842
1367
2260
6908
8031
11258
11689
11520
9918
296
8231
6246
11157
11369
3491
4321
13391
11332
3455
8388
7693
2553
4199
2103
4867
13078
4181
10264
1046
1740
11620
8412
5029
8103
3261
12522
6850
2680
1351
3966
13600
1742
8751
2133
1722
6332
10980
4104
3526
5018
8447
4482
8244
5880
3445
7300
5903
8330
104
5375
10280
873
832
892
6129
1204
5048
13439
3986
2397
4217
8938
12008
10630
10139
5209
12605
8446
2810
13745
4239
16
3215
7208
13764
4700
2127
13205
11280
11646
7639
7070
1680
10868
4959
2586
10643
11376
9789
4158
2259
2959
2866
2571
4927
6494
11404
9620
5442
1207
8785
10717
2547
1625
2380
11588
2040
12532
7255
11312
1685
6862
811
5257
1558
6623
3614
9
692
13151
2330
4820
3265
1177
12408
11338
1669
10278
1643
7317
7012
11084
13449
8311
11207
11548
12930
1320
62
3529
10839
13683
4882
13242
3769
8237
4512
5103
8726
9133
5483
6017
6115
8942
4736
10930
4403
10081
4963
13785
9058
9720
2830
5793
9830
13556
2638
8713
5552
783
11286
122
9282
13618
11844
7968
9436
10542
4716
5020
7684
10956
10318
1432
5567
6581
10587
5016
4095
1441
145
13017
1919
5875
9943
464
8529
3586
7559
6700
11701
4849
13079
12217
5569
13611
4514
9525
2938
8853
5143
10178
1801
8385
11136
6028
4143
5107
13193
9935
6488
2725
6641
6706
13602
10261
2238
5964
8133
699
11303
1961
5996
8752
9391
7044
9547
2255
7667
6335
1895
2624
2769
690
11898
12582
13529
13477
959
10448
2474
2916
551
12
10708
12002
4548
11696
12114
2955
238
2406
719
2684
13815
11528
7615
12772
2456
10252
3365
7041
706
1654
11240
526
777
3138
8815
4664
12460
5420
2065
12104
323
4775
8811
193
9489
360
12739
272
12946
3788
11408
2344
5121
10446
4147
3652
12134
9482
9571
11337
213
10516
1329
12415
10537
291
10147
1493
4146
937
7857
7661
2290
5781
223
11720
7588
8077
9119
11532
10692
2199
1187
11773
593
8036
13052
7171
2108
12613
9933
3852
2148
6299
12433
9896
874
7064
11184
7626
4295
9379
1879
6953
7195
8033
10441
1950
1867
10468
12678
6727
11653
5355
6879
6622
1749
3871
12827
9121
5481
10808
10951
406
5678
2820
9497
4593
5695
367
3624
12712
5136
931
6059
7725
2341
1766
1890
12463
2185
2870
6907
13410
3703
2000
12308
3545
4650
4006
8724
9615
6048
7662
3389
761
8814
2176
1868
12604
5323
5206
10934
4255
5572
3327
3559
6080
2335
3946
11724
12243
11737
8878
6467
3214
2534
12628
5861
5139
7198
5041
7732
4485
4944
8279
11078
501
7174
2279
3460
9312
7085
7075
12152
1701
8488
4206
12340
2994
3226
12107
7612
53
2564
13559
9633
2885
6759
4374
12987
8110
786
3094
8542
8515
6955
8236
11595
5039
7001
10815
5938
5910
13005
10646
12233
7728
7170
5718
8698
2812
12172
3608
4874
7188
1062
9846
5074
3172
1872
5622
3664
333
13759
10881
5148
1772
11772
869
8774
3565
7804
1510
6720
701
2745
12901
1276
4633
5284
6333
8278
6545
1123
10562
330
6070
6360
12734
10563
6635
10198
5190
4452
13117
10052
10322
10812
12766
7666
13275
6197
3876
9116
6108
11597
1777
6118
12926
12053
13064
11348
3556
8894
5969
925
4484
2174
5638
12803
9199
9390
6112
3246
10363
11071
6
12105
3014
3779
9272
12278
5129
4355
13231
4555
10751
8047
4242
9915
6861
8922
2515
2525
3607
4715
8003
4472
13075
5700
9296
1944
6365
13219
6603
12528
8656
9882
1327
7565
1149
12727
4817
13704
1621
9967
11702
3939
10164
9387
11169
4525
1545
2940
12370
3627
9498
11767
4308
13738
12856
13233
10079
515
10398
3611
335
6568
7284
13173
2347
2386
1112
3396
4179
7705
2433
943
5223
148
8168
10045
4645
831
340
8535
1498
1246
3670
6125
8945
676
1028
2582
8301
3618
12057
1736
3022
12443
11560
10942
8521
1608
2923
304
10434
9956
6608
4008
3085
13651
5993
8822
6158
994
3662
9599
9527
58
1492
10628
11371
9374
13819
1584
266
2116
6016
11251
1521
10983
6967
1768
1016
5841
7801
4713
4487
12461
10561
3354
7819
2556
11578
3798
9706
3622
10828
6123
8045
1405
13514
8058
3738
2145
12862
5380
10199
4574
7361
6346
11590
12030
2489
10948
1440
9232
9895
5723
8741
2909
473
689
12216
11234
8371
13478
4586
8336
7955
12700
10739
2034
9284
7433
11170
12140
3975
12164
10672
7997
1565
11281
1366
4868
6241
10432
6319
12445
894
3299
6868
1809
12477
10069
2588
4037
98
12285
7843
638
10780
1072
3663
9699
12238
245
3374
11465
3185
3279
10789
5886
1155
12448
1622
11764
5766
4553
4519
7029
155
8411
12792
5038
12034
12749
8286
10925
8965
7675
4031
4379
10132
13804
293
3312
12109
1947
3063
10507
4829
12021
50
1732
7113
7524
9358
2560
2879
9112
11926
6101
6525
5438
8661
7105
529
4451
7771
4433
3319
10176
170
8342
8787
8863
2115
7343
4492
7793
654
12230
13095
6685
9640
1304
10158
8904
1537
12996
12258
10963
4214
10613
9415
4928
3675
7535
77
2305
9601
12480
1003
12261
13756
2889
6682
13352
1505
8692
2043
5871
6141
4450
13547
10933
2314
7032
10545
2193
864
10677
11060
7965
3745
8068
12468
8052
341
795
6113
5324
7805
5140
12876
7754
11427
7828
2675
9175
447
1228
13351
4945
3260
11481
12061
9853
829
13004
9950
6436
13240
10731
13623
5060
9201
2905
2632
4503
13049
13307
6177
787
5327
3671
2250
5343
13570
1377
11838
12558
2777
12234
9053
12851
8879
13471
10758
2836
1555
6964
1920
5934
1013
159
8823
12338
6640
4580
12711
34
1833
7866
3142
12355
11065
241
5922
12790
8856
12099
11407
7468
1515
8676
4506
10995
9416
11476
9347
13691
3812
3684
8398
3853
5984
4636
13140
8704
10872
13706
2749
6482
9165
2639
12874
7672
3101
7978
7820
4309
7437
7179
320
1448
2508
5034
2724
2421
7005
8169
6578
10098
10819
10500
11358
5739
1354
11697
10481
1985
743
11905
4723
12068
8002
12860
10114
11122
3685
3082
2252
13342
13314
12277
985
13372
1544
8659
5287
9669
865
6304
10258
9408
4075
4509
8436
596
11752
10334
1359
6481
9569
6755
5948
5596
12040
5949
7497
1870
3851
711
9372
2243
12274
5958
10855
3791
4474
4770
866
11774
11463
10167
7340
419
9259
6092
757
10685
8675
13580
5628
9805
10749
12218
1265
9966
12918
671
11228
5870
8516
12530
4667
11466
9522
3444
7349
9280
12517
9321
9745
818
9031
10464
2165
3922
13469
5930
1502
1310
1214
6418
940
2590
8432
6867
9478
1209
5424
4941
10118
261
7417
9027
13336
11082
2852
10539
9446
8956
2776
86
11703
13763
1733
4373
9543
1586
8380
878
8511
12659
4331
11360
3367
7810
5911
1215
484
12767
5968
1243
2501
7998
7226
13721
4552
1462
8317
12356
1516
12227
1330
10845
5286
2317
11491
7962
11888
1674
13838
12911
8316
9559
8595
9938
4034
4539
4229
6777
13525
3654
6328
12247
8644
4384
10356
5878
6903
4587
7730
9930
5397
2932
2925
4802
8364
1888
2504
8142
6513
4488
6041
4275
7929
8365
4804
8118
2703
12542
10088
9508
8799
10642
10957
12518
146
875
11064
9687
5250
2819
8563
7980
556
13776
4372
1263
12334
9670
3173
13468
1076
4838
13630
5271
5672
13014
6452
4054
12036
5470
2895
4592
7370
3308
4093
619
12810
1717
8995
7927
1185
2621
4210
7027
13374
8125
8349
10372
10443
7472
10402
1762
3650
3128
1348
4597
1845
6257
7164
5267
5653
1296
283
5460
12347
6875
7288
1034
6392
13125
13780
6924
12146
7576
9549
1402
3151
11553
1424
10690
2506
2179
13540
6176
5313
6961
2444
8623
10295
5081
9400
9202
11652
5279
9223
10238
12591
7694
1629
13358
6851
4310
5943
4743
10379
3968
9224
6296
6411
12212
3620
6588
5332
4457
4100
11908
5463
1451
10632
11049
6602
4376
7847
5745
8614
6934
12905
6094
9690
3708
1942
393
1059
11761
1118
6233
12209
10058
2117
1392
3131
9421
11501
5877
1873
6495
6540
11095
7573
11494
13849
12881
8768
13194
2974
357
8934
9140
8895
6989
2428
7858
11662
2567
5062
5912
2913
13392
373
9768
4846
276
5403
12038
3893
4763
823
6994
1774
1574
1602
1626
4657
5570
6504
7476
1423
11906
1302
13465
2459
11684
1827
3224
9767
9908
8749
8540
6161
1178
3452
12132
8087
1275
8928
490
11353
1787
3157
10369
1823
4172
5735
5604
12267
8083
9338
11005
8839
1393
2180
8936
12830
9781
8889
4902
12113
138
893
11173
5501
2892
6317
683
7845
7282
9844
758
8549
7534
10126
1365
12170
9504
10297
8177
3408
10998
10531
4830
13081
6507
12026
946
8218
9949
13621
8227
11469
10932
2169
6306
9021
5432
7946
4137
7504
10874
12861
60
9606
9862
7234
8151
9521
6921
13339
12910
7799
9766
1796
1026
8576
3089
184
3114
13517
537
6352
849
1465
7594
11355
1994
13568
5582
8599
12165
10697
11534
5370
8302
8407
12516
9982
12843
12186
5749
6885
6515
8909
1182
7264
12686
1971
13160
9912
7166
9968
5101
6060
11562
4988
2294
6696
3490
3095
2357
10015
4892
11558
4495
4207
11290
9802
6569
6728
4090
10247
766
12403
4507
1598
7918
5636
7134
11080
5078
8718
7742
10860
13766
2699
3266
11488
733
8491
7940
13281
4831
11676
5090
6463
6029
8067
7971
7822
11604
10538
8665
9825
403
6290
10038
3961
7221
246
1647
11659
3096
5406
7133
6479
9970
4149
5962
4469
4392
4459
5902
9273
9046
8858
3680
1821
12427
13467
2781
10949
12998
12960
11633
4524
2212
2334
13770
6572
6062
4256
3735
2098
1620
9709
12176
6587
5727
11009
2883
251
3241
9293
6247
468
559
5437
13782
8348
10823
11982
565
1097
11171
5152
2338
898
2660
6487
6815
2289
9029
8537
8596
2723
5954
754
461
5147
7904
6840
2460
4839
10411
4446
10033
9681
921
8901
3783
3837
6097
7796
5057
8715
10852
1141
11787
5265
3295
10862
2307
2945
12246
8109
5019
4697
8267
12588
11297
3806
3489
6465
5803
2366
12457
3846
4981
4345
2550
12551
4056
12244
8391
6889
5097
11370
4189
12035
12181
6639
6642
2158
2094
12131
4825
7739
2496
8452
13016
659
6461
4395
1478
11763
6673
478
8985
8270
13599
5263
10099
2287
10748
376
5542
12921
11972
8086
12924
11648
11745
5444
563
10644
10973
5940
6571
2296
4014
120
661
7658
10661
4564
6692
3268
13466
396
12115
9797
4618
560
6415
10241
12167
5704
2805
6918
13522
10267
684
1761
3386
8148
3499
10684
4935
11446
2120
9286
1684
10651
4739
7230
13490
7743
9000
1162
314
10541
7841
3589
5865
3606
3689
12350
10235
2217
6537
3669
9383
7373
10303
11904
6558
5131
3617
6508
6767
9399
1247
1609
7784
11345
5015
3904
6321
2929
5988
264
12398
3578
2958
6202
3514
1380
7423
1581
6492
5808
6655
3077
8429
8687
6314
10452
10366
4039
13631
9945
3373
8533
9591
8037
10990
3195
7163
4010
5594
6651
2388
3973
4260
11059
2577
7056
3542
7424
12359
2544
9677
10582
4391
3646
12816
6256
6909
9407
9366
10600
12412
3012
4425
773
2417
6839
7625
2130
3259
6886
9867
6518
4319
7129
6650
7228
1619
1173
13371
2270
13757
7377
7850
187
6662
12647
1495
3866
11589
1120
12834
3641
12390
8401
7454
9750
11530
9695
9349
6721
4656
11484
592
11237
10293
3375
1754
3615
12251
11990
9596
12959
4605
4012
9942
6695
3840
12634
4989
9081
10851
5679
3182
1267
3945
8089
13422
9927
5900
3132
996
10844
11739
1900
107
12809
3230
8684
749
9857
2181
7823
11200
13055
13131
12953
11965
8964
2815
2053
5245
2631
2760
1472
12680
8331
12001
7715
6217
7527
10873
9923
10783
38
13250
5557
9006
4183
876
12556
9130
4694
8071
2265
446
5368
8262
2220
8192
12787
1847
3
7275
5933
11282
189
2846
12729
1331
4338
9073
13825
11347
957
8750
11909
1559
4906
3659
7394
2507
10766
3776
13276
3153
12988
12566
10390
9275
819
4266
10410
6086
6445
2132
11645
5329
9582
10568
9506
2383
7762
1370
0
6788
4311
12570
1314
13096
9626
7571
10593
9842
12320
11454
5531
11686
888
198
5172
8558
8232
9515
11893
9368
1033
9288
13134
3534
5947
2792
8873
10115
8048
13114
8130
861
5652
2096
9698
13298
12400
10861
8328
4954
10877
9123
675
2097
4133
82
3431
5972
11262
5093
5105
1682
2408
13443
2809
10588
11508
2395
7547
648
3321
13585
6327
10898
6090
9624
1928
13102
4866
6636
2833
10658
3001
3828
9491
3332
6380
3345
2687
9654
8929
8356
12056
4673
9196
9009
7844
6769
8158
1184
3358
1066
5965
3031
5946
614
1045
10019
9655
8470
4751
4505
7748
6466
10756
4749
6230
10991
1172
13818
527
1494
9759
7593
7091
4998
5393
6417
12802
10392
250
11847
13750
6681
5296
8966
10385
5540
9782
9010
1291
4120
9430
4901
6413
1245
5011
11608
4049
6579
12898
5788
591
7297
10734
9087
9434
7189
11077
1874
11211
6375
10289
11958
1130
9037
2827
3474
5815
6644
11225
3678
7755
580
2795
13681
5242
1294
6940
11983
10633
5360
4822
6015
10660
5341
11714
6713
10393
3106
7780
11612
9618
12968
13
7734
11758
3098
4470
5109
13302
7409
11760
6196
3034
4339
13316
4105
6596
12976
11061
1060
2439
10403
13282
4437
11450
8508
10950
8098
6604
13455
4528
13450
11791
13594
2200
11135
10367
2122
7360
7948
9370
13448
2291
9801
1962
8606
7411
1851
6480
7938
5367
3930
4689
7494
11499
10007
10236
3145
5461
9684
13428
3778
25
10273
10764
656
11011
4327
13605
2073
1137
12608
7885
1785
7013
12969
13144
11769
11079
713
4426
10109
8053
3272
7342
10351
7321
13702
10665
3820
11410
7698
2329
6020
7302
5905
11805
9212
13400
5599
9735
1693
7902
7371
10846
8550
2657
7021
4332
655
7147
7543
11600
7869
11571
9870
8124
2005
11141
11121
7540
9104
244
10571
2487
8059
1114
6473
7532
13686
4389
552
6208
3223
9785
5796
13245
12502
10929
4224
8884
10916
10396
9499
9668
4375
12188
3137
7561
8772
7665
13434
12228
8
12050
11884
1556
2643
11327
12225
7209
12983
1313
6312
10590
11265
13317
4542
8272
8584
6295
11474
9067
6838
3815
12201
13280
1904
11178
4557
2435
521
9697
1339
8877
3569
13225
9386
13598
13167
4131
11162
8164
7344
5555
13817
11753
9208
7764
7974
6189
11984
12773
1240
2304
10523
2628
12715
5407
700
3520
11070
13509
538
339
8720
6817
116
13268
9639
13545
13854
1594
11156
4204
13024
7769
2780
8308
8248
12625
1292
977
4471
6088
11147
6033
12239
4814
2972
3649
10064
11535
2371
4643
3298
5692
2598
8475
6216
10157
2722
2867
3221
11854
7251
1347
11848
9998
12438
8821
7079
8408
3996
5036
5936
1282
4170
7883
108
7216
12717
11479
11415
13361
10847
4007
9586
10461
10768
2520
1877
10838
4684
2527
3160
12971
1499
9873
6265
9197
1578
3585
7366
5178
1704
1446
3097
3917
4646
8249
6756
9555
11876
4767
2794
8773
8271
4776
5970
6156
12241
13229
13557
12024
3133
1880
8481
1281
4002
4654
486
7519
5171
13327
11735
1848
3967
4458
9078
8507
914
10550
13768
7827
6680
13723
12726
9382
7422
6912
2558
4917
5474
10821
2382
7292
10146
4203
4402
13132
673
13663
10116
772
10060
6959
1084
12027
809
9545
10203
6614
4176
10428
11062
5876
13496
2085
395
12794
12416
10419
9118
3914
3334
9634
3639
4430
4112
11116
5275
10285
1832
10501
5283
5108
1819
5160
3679
8803
3802
9828
1044
12363
7989
3018
4165
10451
11053
8628
12718
2869
9059
13271
12751
2205
10876
4097
12933
11152
2761
1105
13292
2708
13537
1532
3786
12779
3564
7521
8801
10215
8379
10802
9593
12486
3959
5491
3707
12388
8018
9743
8697
11651
9531
6511
2989
2981
12618
9910
5705
2313
2944
6372
1055
9234
8195
7463
9092
12997
10319
3395
13177
12422
12455
2434
10947
10711
13011
12938
1081
11331
12071
6069
5974
7578
3816
2067
1043
3469
13119
13548
10454
9468
6195
4823
9459
9186
11349
6780
6203
11459
1658
13475
5840
10009
12859
9209
2114
990
5055
8247
2803
2826
1117
12029
8029
6009
9494
4947
10935
984
5991
8534
3475
154
6883
4386
1977
1274
11284
13530
10103
12431
7856
13251
1307
11035
2763
6420
13848
2579
6599
10242
1195
13099
7035
8745
13692
10288
13076
12891
6730
3742
12333
3818
6843
8259
2196
4445
1450
936
13101
6104
797
13629
4979
7765
5651
7919
7731
11580
4765
6520
4996
1306
12202
4219
2737
3749
4852
13033
13054
1103
13643
8835
13542
9357
3059
11768
4731
12889
3186
1610
2060
1208
11190
2707
13366
7331
5617
1599
8241
9301
9336
903
13499
8040
3507
3485
9608
7352
488
1966
11305
12754
7518
9602
10668
2555
4418
8182
3839
10776
6546
2445
2593
9610
398
841
12955
13223
10172
7676
3331
6738
13215
13028
6408
3310
8211
11405
8792
10667
8009
8771
6830
194
7941
4659
3748
5975
5508
1035
5028
2403
1611
44
5184
12254
7723
13260
13669
12894
4842
11320
3577
12014
2597
3775
4178
1125
6008
5868
6930
6747
4427
11654
4354
3711
6956
848
11637
255
7244
8480
6096
11428
5476
6798
2078
5899
1672
7898
6547
7679
11749
7838
5889
1096
2267
8450
13560
4819
9435
11191
2784
10155
11959
12989
9449
13855
10251
10480
10896
10745
7530
11628
11172
11878
11625
2160
8143
1841
7272
12117
8986
206
10489
5158
2048
6323
7862
12489
3797
102
3340
9728
8340
1138
9057
6210
3877
11314
11425
12344
11775
1254
6570
10323
10902
543
7447
838
6499
1129
8183
5042
7790
7220
13501
8433
9205
8325
4359
12419
6684
13111
6347
13515
7800
12044
4053
1889
540
10976
13402
2663
11441
10997
12160
3913
9251
5443
5191
3518
4300
740
9937
10719
3211
4314
6923
278
9682
8512
10645
2322
8848
3691
361
10775
3974
2953
9228
1091
3134
1482
13319
8638
8654
5918
13442
12699
12019
7329
4779
6822
4579
12596
8825
5935
13566
12614
5363
3371
542
10348
6948
7146
12793
10017
7110
2107
4919
9410
4578
1289
10149
5898
2818
13122
7471
5198
8636
6592
8439
4612
7830
8808
1477
6677
10621
9083
1090
13204
2186
3415
358
2887
3003
2529
11194
12424
4683
6111
4171
1503
1526
4088
5559
7792
8627
11564
587
8115
9496
10377
7467
8119
11927
2636
3699
4824
11477
2995
10696
6322
1925
4283
2535
13705
8415
10005
5119
11711
5262
4114
3463
9146
5144
13808
1445
8051
2674
1466
7616
1202
7419
3176
11587
13699
11283
1213
2462
11889
2814
1974
5919
9014
8782
13461
4344
10648
3318
12079
13638
7473
3222
2634
9460
110
12725
227
5543
10272
6377
229
3087
715
1460
2647
2154
7627
13228
13353
1102
8567
2661
6428
4407
10509
4655
10485
561
3850
3762
4101
3582
2436
1461
6057
9126
824
129
8758
7554
8963
10067
2361
12177
5867
6824
11821
4092
5030
23
11712
10336
3824
532
4827
4296
9562
13644
2069
2099
3861
9770
4671
3227
7994
11573
2695
6774
7119
5134
9419
1454
4572
7207
9995
4724
9103
12155
1017
6071
11296
7062
460
8187
8265
918
13061
2283
6952
449
1759
3633
2941
13222
3692
2002
1855
4103
7620
6063
11675
4916
4043
2153
3860
2824
9003
4360
5720
9671
9470
4502
3933
11952
2608
1603
3941
5022
7832
7587
5371
6081
9833
6044
13807
4907
10945
249
3068
10904
12627
10134
4455
12136
5305
9211
2488
3770
3733
785
9306
4598
1429
5813
6193
4735
4117
11457
6432
9261
3886
5913
6110
8254
9788
11823
1421
4589
9717
2017
8250
5715
1161
8500
3701
7637
6150
10566
3921
5346
3168
7584
11890
3207
7513
3282
7142
11377
7281
896
9635
7403
9542
8006
12831
10129
5833
4085
13812
3511
577
616
12868
10240
10092
7897
4914
12326
6751
7772
6401
428
13328
6444
2986
6289
12070
13528
7768
3123
10
6244
12219
9385
10039
6735
2896
2694
3021
10769
5052
11583
2755
9877
9726
9108
4942
518
11387
12077
1664
9580
12066
4155
7909
5688
11374
1413
12750
12950
6786
71
3551
4216
9281
9749
10188
5666
12059
10339
9062
6267
5412
12391
13786
7973
5379
9719
964
12745
8664
5979
2823
5350
8129
7055
11445
8102
4622
11244
8264
3864
434
2206
10160
4575
6214
430
3878
13758
11860
2646
10054
4843
4033
8717
10558
8114
8402
12504
13822
13658
3245
9946
5799
12723
2543
5872
5921
11989
12899
8916
970
10579
12214
4041
1298
1430
7375
4336
6517
6453
346
12357
6276
11736
12823
9226
2451
6725
4464
6363
12702
9260
6913
8631
4193
4057
3983
4708
11547
2910
8615
9102
4970
9878
11656
6523
9008
4234
3380
3915
11543
4516
2683
972
4070
11596
8740
2364
420
6173
10627
7080
5588
2320
7821
13625
4515
2983
8314
885
6318
7059
5216
3171
8716
7398
4253
10384
6836
3127
8055
12510
7405
7589
11592
11685
5124
2581
10498
4522
1481
4922
4971
3731
5008
4364
2652
8725
3590
3147
100
7430
6369
13574
8057
12129
13141
5701
8506
3903
1382
9981
4799
5798
12703
6344
4383
12786
1110
13257
6657
1871
317
7053
6946
13350
326
2352
3632
9520
8554
3074
7246
13802
9060
3892
10389
11493
13527
11812
4915
8298
10610
8005
13121
8755
6456
7223
8846
4651
5322
10674
5454
7558
6555
10506
720
11145
1167
12494
3673
3165
12867
11539
13365
7863
7156
11902
5372
12331
4438
6658
12159
9989
5477
1239
5736
5520
5613
4081
13423
6905
7512
9928
3239
7751
13152
12436
13588
5561
5852
29
1650
7546
4545
714
10286
12467
6254
4977
3121
2420
11166
4939
9394
3390
4876
3977
12184
7654
4023
2271
6914
8763
7837
11747
208
5502
11598
13664
13416
7671
12369
6038
7095
2796
3895
3194
11756
5610
6132
1805
4317
6089
3683
2177
10818
10421
6464
9465
9731
3955
2926
13751
12360
191
4873
3297
7860
6779
9220
409
6221
607
8557
13083
4881
7492
12599
3237
4718
12549
1089
10870
5807
6847
5966
11782
570
6279
219
4116
6498
3505
12474
6797
10102
6205
13584
3083
7795
5071
4186
2031
7480
4690
2041
3897
12781
8297
12994
10912
13709
9109
3381
2076
6403
7802
769
13286
4535
7794
36
12469
3070
4583
3598
8754
5603
6300
42
8517
10617
5516
232
8794
9072
2372
7479
10903
2319
5228
7440
5801
2679
1287
11368
8536
9486
5130
1652
12096
6789
3800
3071
9993
11941
790
6763
8502
11473
11448
12122
11110
11807
8263
7087
9093
3563
8685
9269
7824
5009
8701
4475
12173
13592
1210
6929
12302
5114
10277
13591
13087
5312
1737
6816
3286
805
9603
4877
1958
11529
13208
7996
8354
7072
8208
2843
6385
1416
1781
8902
12655
1667
516
2696
1850
5069
11412
4746
2522
842
9538
4734
651
9453
12180
8642
962
13842
9881
8900
2140
3962
3370
5927
12903
5092
597
5677
12470
10867
4709
13255
1604
1218
11525
8784
13790
9758
11671
12557
5717
13800
8545
10143
10301
8662
2876
2611
9254
6119
6820
10908
7054
2175
1727
13375
8998
11401
1186
3316
6100
11835
12639
4421
712
6409
5756
8421
9315
13555
5883
9860
9322
3552
6496
167
7993
3580
8495
2615
5682
9747
10767
6631
3755
1906
7445
5413
641
6336
11967
9962
6406
8310
10037
1597
7591
4826
1079
1524
3965
65
10016
3848
11936
9911
4466
9371
4221
11572
4301
2928
1486
13263
6250
10693
2426
3687
11148
5963
6186
5687
11947
8897
3073
4257
2210
1824
9723
3634
10276
3575
12600
13170
3637
5330
12010
412
13744
1007
10652
4035
6351
3934
6954
2719
4668
3651
7916
12986
10659
6207
1376
6171
7523
8860
1244
4173
938
12704
2569
5917
3548
750
3274
10138
4652
924
7203
13143
942
12636
6018
5033
2991
8958
13278
8765
4899
12760
1343
9388
10279
13446
2528
1967
4453
11665
2850
13357
7901
1978
12695
9676
4674
10907
5489
5328
11073
5251
11916
4789
12324
5909
4853
5354
12757
8603
5607
3648
3056
10967
13259
6424
5280
13333
8217
2999
13581
7818
7293
5989
7652
1844
12420
6146
6699
8032
10943
12364
12826
12853
1811
5321
1588
9238
5419
3603
7330
11138
6165
6457
10858
188
11177
12257
9122
13715
4385
10718
3281
10505
6140
664
2440
13635
1216
8700
851
171
13834
1257
3189
6013
4681
3546
57
6535
2423
13652
6794
5562
2829
12677
7065
13197
2013
7703
4267
4644
10420
9893
6390
12520
5776
163
7014
11143
6857
13171
12358
8497
1527
933
9462
7140
3638
647
7760
140
9469
9343
6637
3825
11470
10612
4859
1837
13162
9148
8362
12123
11521
2207
7350
3350
3208
12978
7979
12991
2536
1552
12425
5295
1009
10282
2973
6670
4841
8710
9490
6485
5117
13199
8791
6394
10917
863
4293
4231
3725
539
69
3482
4185
13308
4029
10497
4948
11129
10609
9673
12845
3436
12569
5112
300
236
9292
9127
5826
9096
12441
11639
11948
5699
5637
7789
6736
11339
13379
9845
12198
11575
2316
5671
12654
12120
10133
9920
11802
5941
971
5337
9270
8179
6019
776
13489
550
505
2526
10192
5683
13390
11257
5602
4677
10340
6462
7213
2224
8582
8061
11340
987
1483
2030
5995
4135
3856
6192
1153
2472
8973
7648
2645
5565
4404
3746
4818
3325
5240
10335
10044
4851
13264
2194
1259
10616
3288
10105
4883
8285
8303
10347
4798
2758
1015
5436
10850
5945
677
11461
626
1134
8690
13146
4390
11241
9924
6438
52
2788
8531
3117
13003
11165
1121
11452
10961
8781
9181
9948
9352
8647
9327
12956
3263
9822
9418
9393
8703
13420
6275
13476
3801
5923
2816
5754
15
13636
1822
6292
1176
6904
166
1232
840
886
9784
8276
4933
13226
802
8586
3301
8332
9957
7537
3810
13437
4400
75
444
10981
2275
3833
5777
12638
5548
13089
6719
12190
3169
8404
8454
4991
4200
11852
6532
9032
4046
3005
5390
12064
2080
4527
6034
7873
11086
4934
4328
9614
6703
11384
4562
2342
4091
12952
12087
11568
10606
1858
13667
5583
9227
950
6137
10224
7434
9972
270
6787
190
1945
11436
7687
3066
12947
13006
6781
1760
10706
4232
3201
554
2229
2442
7839
5842
9001
13093
4550
1360
13431
3536
9804
1047
3202
9310
12291
2178
6992
12832
3048
1922
4880
12857
10958
3323
13023
3530
7859
6437
8573
7186
2233
10214
2697
7192
6925
6003
5897
5895
6800
1753
8327
11855
611
7599
4551
6610
6783
9890
11956
11356
5156
5176
4653
10218
5297
860
6478
3916
6723
3158
13262
2971
6270
3717
6082
11729
995
10175
5331
825
10608
12942
10274
822
10897
12281
12409
7536
6993
13430
11622
13266
2517
1484
705
9252
6732
710
11795
3212
6852
695
7967
9715
11336
11126
2461
2540
10624
13445
2410
10221
13531
5384
5817
3789
11329
10738
13169
2841
10047
12732
1199
6459
3599
5471
2712
3292
7131
10791
9043
12032
4632
12936
2960
2284
6772
11541
5285
5658
3403
1075
9256
12121
3666
11806
451
10035
12649
3453
8708
4467
7598
2641
13649
424
11069
5859
7516
4442
13212
10547
4218
11542
2996
8202
4139
4166
9866
11256
4501
10125
1512
3187
13429
3697
5526
5789
9583
11498
7744
5630
6564
7190
4962
3438
5340
5141
6274
2630
12546
635
7111
7577
9255
10216
2670
12235
7015
12907
1386
2173
10296
28
5490
1605
2877
10034
3629
1953
6567
6768
7043
3326
73
6624
8731
8532
13607
9581
2551
1414
12011
6996
8338
5574
9535
1853
13472
3842
1783
5085
7660
9564
1941
9791
4695
11918
12513
5098
11754
13754
11480
10299
12076
5046
7280
2405
7061
4722
7969
7622
7335
13237
9792
8816
1661
7258
7528
9363
10187
870
6528
12629
11
2221
2468
3951
11921
8660
8212
922
9328
6107
6538
4225
1686
9714
5058
3462
8727
6396
386
11504
3894
9466
5450
7991
12017
4491
6565
5568
7957
1284
10232
1834
9137
8044
9245
6980
456
12611
6724
7623
2727
1094
12319
11039
2378
4537
1438
1705
5932
2293
11120
3740
4616
7864
9875
12284
450
6915
334
12821
3362
7690
1929
6671
5740
5278
10291
13227
1410
6575
5138
10248
6326
1071
7502
9959
4062
10479
6085
6809
13409
4350
13604
399
6262
3504
725
13491
12705
12273
10462
1020
5482
7312
4626
5381
916
9200
9824
467
12085
1336
4703
6541
8830
117
6255
6474
4174
8233
6708
11316
5229
4140
85
11236
1374
10223
3464
11793
2095
12572
1346
10107
1666
8163
12221
13025
496
9263
1054
383
12706
10025
11346
5149
12698
3865
13689
8696
5611
5369
40
10601
13108
8173
11924
1231
5043
7958
7478
2149
1755
3090
10752
5639
7224
9528
287
201
4637
6863
3487
1042
176
5012
7030
11631
8519
6343
9906
324
6200
4473
3907
11326
4861
1993
9692
2416
8569
8007
7582
3541
685
13569
4478
1426
10360
133
4761
1826
1614
10043
7165
13753
1436
2692
6412
7048
13740
3069
3264
1273
2742
4150
12199
7631
9929
12450
2109
9592
4909
7034
8228
2138
1700
5835
9117
4900
8471
9351
1538
7233
6613
8539
7945
6286
2346
8046
12586
6386
9752
312
5863
13261
2431
11964
12730
12031
1952
6040
8789
10503
1878
4808
8199
13201
11243
10551
6945
10931
9289
12957
8074
12515
10383
4335
9729
1573
9622
2618
5810
5892
302
13147
8800
4069
7128
11570
1344
12075
3764
5728
11531
5710
5690
3503
3044
1589
5193
7580
10119
8888
5976
2089
1337
2573
5155
3747
2682
4960
1341
5102
11437
9297
12373
4609
8681
7609
7298
8359
12126
13123
5825
13293
3838
1706
12245
13211
4773
4905
8556
11998
9652
13606
3466
7307
6054
4599
6357
2331
11901
6718
3900
4886
6206
11619
9550
1695
12919
8147
2228
9110
7674
12752
10822
2475
9716
1653
8088
4251
10954
9401
11222
7712
7268
13337
2966
4518
9427
7278
2750
1679
3562
3411
3854
1412
9969
8919
10924
6093
6450
5111
9326
6519
7914
2156
1539
5272
1575
11497
12476
4377
12111
12259
4051
13596
4287
8214
884
11105
3400
2612
7232
11012
252
10473
144
9313
4769
3140
8224
7444
5421
1655
2356
5487
12314
5890
2607
11220
10317
6258
4786
2213
10470
11836
6116
4976
10312
3496
10306
11419
2240
5783
35
3382
11233
11485
652
3676
7488
8593
5087
3193
12348
9018
12573
4790
6933
7692
3199
10885
1425
5031
8680
1938
1154
8366
4448
493
10096
12097
4558
2336
12135
13020
6785
10430
13209
7390
9138
7193
12108
13321
13846
2042
4712
666
13007
13700
9741
12584
1992
4999
12643
485
2022
9278
7871
4138
911
3206
7740
6382
13620
9523
8728
9266
10576
7009
4454
6235
774
5795
8994
7833
13335
5123
834
748
7341
11266
11814
12963
9237
7791
8850
1229
3440
6753
12404
668
3754
1384
6638
10234
2510
5281
12523
1355
8564
2370
4462
12149
13415
6726
12191
6443
1269
2701
5563
9271
5994
6440
980
5165
4540
12368
222
11980
12897
613
4322
230
2155
8810
941
8144
6102
8912
9111
2513
2464
4980
3324
8026
1356
9442
5316
11864
6422
1786
6987
12290
3424
634
1389
7435
9355
7465
1150
5702
10220
10623
10152
8826
9332
2498
6006
5955
6793
11569
1517
2782
3276
6068
8275
1179
2609
10795
9835
5806
12497
8487
11765
8123
5992
10136
4477
4973
5518
2226
13480
12840
10371
12635
6887
2720
216
3209
3256
10688
12841
2766
650
9287
5732
2900
2828
7686
6288
10395
8281
8181
4752
12585
4192
4030
12043
2066
2532
1031
951
11861
1884
624
6864
12958
11307
8370
11649
11715
3442
6645
738
5066
2988
9193
6919
7602
8257
12744
5401
1627
12092
6065
13021
9594
6665
8049
7872
6982
2516
7003
6134
11333
8030
11301
5981
12657
11551
1065
6997
10066
4762
8172
9725
10508
7081
4026
12666
9262
1960
8943
8453
3405
10848
13451
6144
4792
8193
4840
4530
5830
12269
307
7629
292
8457
5896
9598
4263
8953
10747
6807
12527
12690
4022
378
3570
8375
9330
4585
3439
8619
281
8911
2849
11584
9454
3832
7613
2884
6477
2898
2455
9965
6362
6877
13856
7655
2047
1810
7097
883
9541
6248
5167
8194
10797
8034
1892
6120
7367
2441
2775
13421
5986
7393
1363
9432
687
7381
13161
8353
11582
12995
9048
4409
9188
10302
10656
2018
12187
4642
4666
8775
3271
13183
7446
11565
8824
8171
5977
7481
7023
12631
12197
12564
1083
2589
7254
10971
7840
13401
1224
4634
8633
7176
8807
4121
12022
1560
7677
11759
4875
9190
4920
4595
3531
9518
10170
3884
7520
10008
5
2029
11944
12141
10702
11554
9277
5656
7954
8011
11817
5698
5712
682
9150
5721
519
9921
9916
7750
10463
1959
11322
4965
10083
6854
495
9502
1713
2531
1126
13320
5573
4938
535
2872
10380
387
9762
6878
11953
566
205
7385
371
9403
10626
9065
2204
7243
1817
6130
11506
1951
11083
2654
9337
9796
2521
3045
10703
12941
11799
8135
11742
9461
3517
13860
7721
5179
8673
11050
8043
9852
513
1779
3937
7749
4807
4898
4699
2706
618
180
13085
3020
4410
3601
3858
13267
5226
4489
7378
4913
644
11524
4856
1181
7427
13287
2392
6986
3780
11820
2891
11392
9189
5498
9233
8277
13303
13671
8769
7086
1098
11843
6067
2301
949
3254
4021
3631
11196
5451
3120
84
10830
7076
1036
7160
11492
4672
7383
432
10634
2247
4498
5673
697
390
13294
8890
11123
1934
7063
2082
9991
2477
6551
6211
2101
1470
6471
11928
7557
9865
3418
9579
2245
7026
11424
11330
4756
7279
5956
7664
4660
8293
13071
11213
679
939
11650
3252
6752
1861
5960
3058
1972
423
8906
5304
10059
3419
7141
1201
9392
12811
1896
3144
2817
8637
12885
1233
12086
11187
9353
8014
8367
3084
13127
4669
10332
7975
10342
7274
13368
6583
12242
1490
313
5449
5241
7947
7153
4640
8652
4109
3665
11894
12644
3688
4429
6595
11561
12697
3936
9986
12842
10089
9265
13369
9748
10352
13424
9971
11478
2218
1803
11108
1902
2124
13562
10436
5657
9180
8352
4195
1617
1678
1752
4543
6342
10357
8805
6796
6234
6356
10071
1968
545
13486
11024
12623
6383
8620
10573
10472
5605
10195
1606
9242
10246
13795
7039
135
919
9025
3368
2649
2315
9333
1014
1196
7630
6928
10952
7150
6087
10879
1362
3170
12948
7355
3626
1223
8322
389
12336
9493
9492
11718
8157
13841
12736
10744
4837
8136
2429
11679
10074
183
11128
11176
7050
368
12133
10111
7443
8465
10859
7550
4961
670
10117
895
6215
13184
13633
6983
2376
1156
11516
12687
11741
12543
4262
8201
4995
4107
9837
1497
11664
11046
12458
1488
5445
5291
5086
5802
13741
8547
8334
13179
6014
3873
12453
4060
13558
414
1671
1236
5431
3188
1165
2409
5088
8220
7139
1747
11849
9501
1607
3166
13414
4711
11845
6348
7934
9984
1649
7109
2716
231
5616
6178
13650
12484
8711
7848
12352
8410
5192
10650
9761
4401
5446
12351
10382
5333
9309
6281
12255
993
9560
2718
13676
6168
10833
10913
13677
5214
5026
3721
669
5023
5541
13673
1800
10080
12681
10141
5587
6512
3294
12708
8383
1531
6582
1591
1005
11124
8289
7855
6310
11068
9779
13258
11602
4367
1735
10604
7100
11431
12835
8355
2302
10611
1317
12902
5765
11248
3399
1241
13777
11555
8591
3379
7538
5629
2919
7641
7884
8396
4079
8705
11751
6273
11771
3710
13672
12194
1897
5430
99
6149
13680
4974
2088
7982
9302
1253
3862
4333
736
5888
1710
1395
10736
7362
13769
11472
3352
482
782
13859
7811
8641
8831
1321
13376
3719
1814
8778
5365
3103
11287
10120
5411
8655
7501
5047
5079
1107
11746
10512
9424
1660
4742
2917
6941
11955
13136
1808
10840
12379
9433
2381
9627
632
7999
5378
9551
2215
10909
13042
1665
7704
7046
8085
4678
9329
13344
6448
11536
8280
2741
3456
4188
649
11733
2778
2391
6530
11444
8038
9225
13614
12271
6621
8496
6514
2875
11517
2146
3948
1272
4862
3233
2619
4517
5457
8695
382
12981
6364
13597
10740
3909
8795
5655
11418
12162
7083
3289
7773
6647
12526
5649
4213
2754
8997
4052
13113
9847
3448
7237
12052
2189
8095
67
9420
12377
5513
445
1303
13447
11968
1175
11986
2957
8671
3449
5939
8672
5862
3461
1485
7673
10495
5648
12565
3225
125
149
589
4316
2407
13816
1101
7002
1931
3658
10570
6311
5493
11201
5135
8988
730
11503
6283
1025
12287
4353
3950
3338
4809
8493
8378
11159
1831
2430
7458
11816
2715
1840
9696
4449
13823
5319
9334
2709
2503
2962
5625
5309
13295
3736
1988
12337
3156
322
1475
4177
7067
471
2903
3067
8668
1548
5488
2360
1417
6078
13460
12471
1940
7788
12583
11579
13724
2811
3414
1854
11879
3727
10773
13793
5154
4128
3125
3447
10062
9005
13080
10625
3116
815
1124
3870
7486
9298
5032
900
263
13046
1501
6649
10077
9552
10104
11460
8954
3040
4493
9985
8610
4363
6801
5456
1631
2159
988
7699
11885
2463
4084
6731
11977
3376
5982
10827
6600
3302
7201
6253
1078
7158
12707
5237
3178
13304
6770
13349
4341
6056
5426
3363
8865
6032
9629
11298
12552
8097
7642
5303
6126
10733
5433
8590
5828
7219
8152
4382
7634
12980
7683
6634
880
10927
4126
9868
7123
11593
11607
8423
2123
10804
7392
10831
8669
1322
10774
6536
7155
2688
10197
2084
2419
4122
4273
8440
10805
10018
12414
718
4399
4871
4629
2321
350
391
8892
9936
13551
6416
1262
9022
9084
5780
1251
10072
5232
9902
13058
11610
8273
6895
2486
10476
511
5585
891
3384
978
10065
11396
13781
10905
8991
798
2325
4698
11991
7332
2162
747
9686
5159
11903
2163
3385
6965
8503
8434
1479
12524
11690
12342
7874
9135
10154
12536
5235
12587
12869
4679
3698
10073
13698
9052
11850
7200
1997
12004
8806
10620
7060
11934
1106
9166
7112
5990
13210
12577
3413
6974
11399
13098
6869
8350
6022
12195
12296
5874
5985
12192
999
13746
8746
13734
4243
8833
3560
10743
8861
7727
12459
4481
12923
5907
243
5231
7231
13452
11229
8767
5595
7633
11740
4416
11668
12196
8957
6556
10084
4561
6577
3857
9414
9666
3644
11107
8939
10565
6373
3200
12499
10689
2987
3065
3706
8185
5253
12417
2541
7326
6007
6795
3435
2753
2585
11422
12658
4228
9854
4074
1200
12240
10727
11495
1794
2874
13190
10906
1645
2689
2427
7069
11223
2484
7374
1670
8961
31
11088
3434
6666
2732
13645
11006
6131
9404
5492
7903
3817
10353
4772
10533
4757
8706
1230
13129
12993
4320
10619
5891
4569
1969
9422
12016
11299
2786
11549
8392
4534
4872
8341
12943
2398
13435
4059
4567
3184
1648
6414
2418
6204
2626
9381
8677
771
10810
4864
6384
6591
5161
10196
12916
7816
3079
12632
11699
3293
5260
12127
5104
10344
13174
524
1765
2248
10445
9325
9917
8968
12286
12519
2530
8393
13051
4298
13655
9821
2772
6298
5133
5364
12143
10712
10970
8559
608
3643
4925
574
8560
8602
4815
5362
827
3911
6345
5222
9170
2713
11974
2452
12561
3270
1802
1694
6012
9771
10618
2350
7376
11375
342
6846
2480
944
12540
7000
11150
5743
8887
4324
8960
46
2739
5593
10471
807
489
13289
9885
5709
11414
12545
615
8739
4456
1999
13166
10511
7670
10686
4911
4714
12386
5180
7878
2897
4760
11175
8239
9147
1480
9755
5529
11695
606
7018
13279
9258
6084
1286
6958
12362
4264
11119
8335
1571
492
732
11089
7094
10294
10513
6227
275
8932
8790
11015
2191
12764
7452
10534
3980
12887
1932
6697
7152
6932
2012
12335
4106
4408
7717
3043
1350
12675
4630
11279
11577
703
2170
10761
5308
1433
5405
3236
5627
469
6249
282
4523
10798
5349
114
4675
4858
68
10108
1191
9926
1048
4422
5547
11227
11866
601
7714
5373
9632
4065
10701
5507
1328
9958
1726
897
1443
4832
5174
13412
11267
4268
10730
13454
12940
7368
7953
8817
7529
217
12755
8776
12328
9973
13277
6379
8484
760
1082
5347
10890
11106
12670
2010
1300
11272
2847
1580
7033
9612
5208
599
10806
3572
3855
1748
8738
11609
13411
12345
9456
11025
5050
2424
8608
3175
7899
8482
6646
12728
2353
7544
10086
9529
12630
262
11092
5533
13767
7466
2927
958
5233
536
9231
4167
11748
2483
5771
10853
1744
7351
13234
20
799
8153
4134
3841
9940
13008
1401
4688
9194
3579
12182
1636
1957
5646
10865
242
7814
12116
13396
5753
11385
11443
338
7509
4290
3880
9953
6764
3161
3970
7276
7562
3969
2261
13523
2710
7432
345
929
5388
9524
12047
6660
13130
6493
4943
6938
12088
5612
11372
10354
10162
4003
7678
9056
11325
7287
465
7277
10330
7240
3991
10153
4361
11694
5255
7353
1419
8178
3141
13512
12451
7632
13203
8504
12432
5408
5410
681
5473
10920
13653
181
11253
39
11018
12496
13158
5634
5824
5357
5685
7126
7313
5770
1659
546
5243
10994
3543
10200
2254
1852
11540
9566
418
5719
9611
2373
4180
10735
963
139
11206
13710
10070
12275
11914
11074
11362
6988
12970
628
10710
4590
12722
5834
7722
11978
5429
294
11925
12306
9839
11730
6829
6154
11731
6152
1452
4836
2298
6586
3573
10028
12937
5738
8390
8013
8472
5581
3576
7431
7987
5885
756
1487
775
4835
4793
4625
12555
11204
8461
2854
11352
13642
6632
12879
12341
5668
1168
4631
7191
1271
7225
7464
3993
8693
6784
8915
4227
9810
9303
4125
847
7972
224
11056
9361
4348
7787
9710
2524
7836
1278
48
2648
421
13389
329
4145
4800
7031
4559
13270
6030
4729
11185
9191
5606
1442
5697
2673
5126
9901
8719
7040
11939
12106
13532
7995
2277
1859
759
13459
11137
1226
6554
7595
11164
5819
6935
8081
4190
11856
10988
2184
9222
2943
8852
9604
13164
2337
10603
4431
7651
7539
11386
8883
4136
11858
12992
12548
12112
9539
12423
11634
13128
6324
4591
4417
1131
2110
12580
10474
392
11186
5414
1197
6213
10213
8969
472
10572
5353
3533
12820
9439
8983
13397
6653
12538
12511
7786
1132
12413
8486
5277
6229
636
8757
7831
10522
1279
10091
12266
9049
12440
6947
7586
660
3730
13824
523
10014
7603
9679
10179
7334
6429
9856
11691
5684
11093
9643
5707
810
13670
7812
9051
8417
9412
7122
3372
13196
6870
12332
10362
602
78
9841
4388
9311
7746
7151
5733
96
11892
4294
7130
4747
5013
5203
3672
8175
752
2599
926
6693
4879
6331
10714
1352
4951
10217
4764
6268
5820
12339
8269
13839
11669
11827
13142
9409
3336
12829
7387
575
1715
8870
7680
10259
12521
7438
13830
2079
6615
12028
6782
12778
8974
6573
4025
9961
457
3829
13067
11629
11826
5428
3724
637
9448
9362
12904
5204
7960
555
6147
9129
6458
13252
10975
13035
11250
13647
4119
6969
1983
7572
13707
10184
480
4124
6367
3412
12353
6124
7964
8357
8190
9017
13269
10239
12603
3190
11640
4623
8935
4278
7180
11574
4627
1324
2188
3150
7498
9975
5385
10834
7461
11417
12376
11406
12756
6010
7917
2469
7835
2746
11026
5791
2102
7456
3949
7118
11365
13648
9530
1489
3118
2625
6001
11627
10891
6503
4994
12982
3421
487
2717
2882
10456
13100
5157
225
8980
7711
6808
4726
1791
11334
3328
7944
12619
1349
13044
2438
2211
8176
3038
12733
10577
6184
9253
11930
11047
2861
199
11870
2539
103
5659
6761
1159
630
6691
9447
8622
7148
425
9925
7906
1133
7212
5024
9880
8640
11104
12696
11981
10941
5462
3712
2952
11698
10640
13348
13296
6876
156
6715
10006
5399
6334
2324
5091
1690
13040
8188
6561
10700
571
4821
331
1040
8625
2888
5196
4701
9089
4805
2202
3457
12648
520
5447
5116
2653
2014
9647
11189
10854
9249
10450
3429
10750
13110
10856
11862
7697
6580
9675
11259
10687
9171
902
7324
6813
12048
13665
8361
12310
4921
9098
1407
13617
3330
813
1001
4248
10787
4857
2278
5538
7757
7545
557
579
3587
13503
3883
11027
127
11738
11075
13498
13572
12091
9216
8886
2201
6776
8864
13038
4607
2036
688
4582
6066
3887
1506
13482
2297
353
2603
9167
5857
8499
3561
9168
6991
11976
2111
7028
12084
328
286
4546
11139
9154
12735
12771
3661
10438
9934
11960
6075
3593
6750
7499
1718
6500
8455
12783
9240
5521
11512
2028
814
5785
8975
7314
2667
8931
13727
10653
13070
13059
5484
2495
623
6278
8678
899
1773
11819
12606
1270
3407
10737
9548
7365
3787
6628
4371
8530
9429
10447
2990
9172
13030
6072
10245
2091
728
5850
2934
13731
4929
1323
1917
4040
13148
5908
2399
4806
6737
8903
12684
436
2681
5210
2105
4812
8992
10966
7181
7120
5843
226
9320
288
12215
12213
9600
7250
6979
11289
2237
8127
12679
5845
6740
5551
9840
7500
9711
12819
8984
8494
1496
7124
12880
7649
3809
7635
2856
11317
4486
10368
12731
6858
1394
13088
2485
11276
7846
6182
698
3450
10637
7183
5199
3773
3594
3506
13484
7088
7395
3827
9143
7604
5177
9772
11125
9164
4394
6389
9187
721
10387
1780
11722
9012
2574
9377
2375
7854
2026
3402
12984
5752
6990
5827
6376
7042
11433
3076
8609
2963
4863
6805
5774
10121
5558
10841
6757
2411
2258
4028
12837
5831
9954
9452
8871
3341
2387
11796
1970
5417
10487
8834
9411
13403
2222
12385
1428
7921
9996
10063
9319
9471
7127
11373
9663
6698
10969
7047
2443
6353
5359
12249
13026
13688
8667
5005
6371
1644
9661
923
9317
10186
7936
13332
8306
9778
12372
12237
13792
10225
2051
8253
1220
4748
2851
2600
9516
3425
2223
5077
10655
2272
3690
13678
13628
12578
10202
6893
5017
8403
3912
4087
10911
10681
8307
4
11688
10211
9589
1838
10325
9664
3088
10574
5873
4414
7485
1563
13188
9443
12576
10030
5400
366
5094
10391
11704
2135
8949
5212
12713
2351
13213
10878
131
6576
12006
13565
4788
7720
7510
646
3111
13701
11919
5884
12535
8373
3768
2998
10716
4238
5836
10591
4045
6199
6709
12721
10549
3891
6260
12797
839
5681
5742
11179
6584
13315
7767
2911
4250
4306
10553
7517
3497
4152
8294
6585
622
1898
5778
13821
7369
12525
9040
11502
4235
5115
12537
11350
2863
10036
3508
7402
8951
22
7719
6330
7238
3741
8492
9765
5217
10567
2756
8430
1004
9816
8617
443
1039
6552
8742
10171
558
2985
5987
11273
9503
8425
13833
8063
1447
4997
6683
12211
5512
9173
2251
9623
1051
11545
7970
627
5755
8518
11896
2493
5201
5608
11048
4937
3433
11839
1252
7073
4556
5689
5064
11815
912
6157
10662
1657
13716
9279
9085
8498
7211
2552
13843
3957
11613
1770
13022
11809
13384
9457
7777
8261
3756
11666
6004
633
7741
8802
3660
8796
4154
12378
9300
8021
13436
7977
590
8191
1143
1163
8347
8993
8090
12973
1775
12142
4966
10992
10792
9481
12365
4730
5007
8459
5002
8744
4274
12208
11895
429
5539
12762
12073
11483
11950
7937
13232
1633
207
4610
12012
10127
9914
2001
9161
9898
12934
8514
9861
10807
8028
7205
788
3013
5797
4325
9013
5293
8513
3781
2954
10078
10050
9573
6266
12662
12949
9132
11066
6661
3704
6350
5326
11882
4531
1260
8065
4444
5040
9314
804
2044
253
6079
7290
3105
4615
5076
2771
2949
2939
5503
544
13679
9705
13832
13798
9354
1818
3744
5082
6142
2266
11987
2931
4754
11151
4661
8634
7037
12007
3898
11291
11313
11380
3313
11732
845
8917
4271
1397
5100
9619
13485
12617
10728
3205
621
3061
3888
1719
177
7093
2787
9069
2134
11420
8200
6284
13001
5855
12067
12775
7511
4854
8970
6716
10484
11963
10333
9713
7807
2037
12642
7248
9751
5268
7106
7640
12838
2141
10974
4197
4500
9178
11195
8381
9884
9050
3037
12037
11486
12531
7084
10785
8756
4946
88
1041
8431
2239
514
11831
1087
7172
1256
7328
4005
974
12137
6338
1789
8146
8132
13739
8626
4094
8926
12298
8203
9641
9106
8867
868
12393
10901
6439
9373
7710
13036
6398
3547
4705
6427
9095
844
10892
12873
960
2668
8913
8862
6944
9817
4302
1860
3446
9011
3695
13828
3628
1943
6145
1387
4641
9120
4737
12609
11883
3035
12962
8520
12877
12139
742
12682
10729
3495
1566
12668
3357
4717
9858
3377
6659
1767
7132
6963
9159
11097
11217
6814
13002
416
2280
2734
8400
8344
6629
3901
9976
1691
4439
6825
169
3417
7549
380
7101
10801
2511
8235
7990
8730
5162
10460
7783
4415
6804
4096
13221
12917
4191
5600
2300
10370
10866
723
5631
11004
5711
7154
7596
2979
6121
2142
1637
5187
3016
2832
2752
11841
4720
2546
12260
11111
8225
13835
2118
6064
9107
10458
1734
610
11891
2977
4732
10249
3987
8377
553
10166
13473
5577
8764
8406
9308
7689
11020
11030
510
1100
6799
3807
4142
10298
5525
1955
2147
12493
7245
9533
13189
7876
8213
10055
1708
4463
1211
3391
8924
7817
12074
3387
3342
1183
8682
160
9176
8925
3784
4860
10001
10416
6400
3285
4638
6301
9020
512
9423
603
4460
7291
5999
10753
6159
66
1782
9474
2997
7327
3110
10094
9438
12795
13378
8851
7585
12895
11132
7265
13524
6138
6714
8091
7004
12161
11933
10657
13393
13413
3100
2494
12979
12922
12616
4910
13120
4533
8395
3584
4759
4307
9651
9678
11043
4064
3410
9983
2802
7567
9344
11036
767
56
1018
7108
13462
2072
1164
3228
8160
1933
9203
4844
4110
13069
13579
8419
2045
3642
8581
3139
10726
5772
7659
9144
7826
11013
3844
5731
764
1188
13090
6272
10243
13124
3976
12465
7025
5632
7008
13311
10790
321
11727
12574
3908
7736
3398
10483
10338
12168
12883
13571
13248
8198
10194
7956
8597
9886
1592
5800
8978
11127
7706
12434
10814
3287
2492
5003
1444
5377
4890
7363
5931
12852
4182
11019
8600
1074
12928
11260
9402
12812
10670
7981
808
7051
10959
11216
13325
1067
11203
11198
4982
2610
6399
12429
10320
1699
10275
945
6827
9033
3713
9739
8050
9900
10122
13092
7656
12500
8096
6674
9142
3251
11526
5598
3875
92
351
10899
12293
4923
7618
5893
12389
9798
7253
6106
13646
1741
3492
3343
106
11810
549
11134
9339
13497
4061
4663
4047
11247
11295
12660
693
13236
9477
8458
1798
5037
8165
11183
4738
5128
2685
3498
8639
8849
11040
9128
13288
1763
8323
10999
3512
2578
3179
6222
7738
8601
11001
5566
4753
7966
12974
1431
8947
9574
13019
6163
10615
13062
11309
901
10883
3822
7925
11456
11398
2234
13340
13220
3714
6291
210
7653
1340
6122
997
11829
10165
10110
4048
158
7931
2736
8027
9754
12462
7325
359
13544
10212
10982
2059
5564
13603
6172
2161
3521
1408
2821
8474
9509
6220
6746
3940
9850
1687
707
881
10422
11188
10262
6378
12598
12602
7125
12279
5619
9076
13150
11514
2457
3568
2003
5465
7928
5218
10536
11490
2537
9198
2557
6447
2669
12383
7415
7149
6679
7261
4588
13737
2090
7006
1158
4076
8702
9999
530
4931
5175
3183
10311
6167
5920
11397
4286
6521
7318
528
7669
7475
7763
13748
7781
475
2367
12663
10082
3394
3122
12490
12093
2572
12544
2785
6707
9763
8473
8064
7460
5453
9039
11777
10435
5075
3757
355
11221
10826
1590
5929
54
1937
3732
7601
8360
1534
157
4570
5282
11163
13493
2992
826
7907
12637
1383
5496
10694
8686
11808
10012
4434
2726
7162
10327
1398
3303
8621
11961
6404
10695
5435
7803
12305
7425
10401
5527
8562
7404
10592
12539
7420
11379
7515
5650
5080
9437
5221
4878
5535
1127
13047
11792
6005
11710
5928
13116
9290
10364
10595
2437
9210
2640
522
8189
2808
1963
2845
10041
3990
9951
4342
8104
9630
724
3025
11285
9913
12101
5747
9576
13457
9026
5244
13135
10253
4912
7273
5239
8797
12931
6502
6522
1908
662
3554
8122
12836
6095
1546
10304
113
6566
2197
6701
1038
12915
12301
9445
12850
13300
11112
6669
1235
7260
2058
9082
8544
4676
1905
265
11361
2947
5220
7610
11783
459
2339
12932
10762
2655
13717
13453
9384
6739
6775
11988
11455
10283
6896
7011
6226
8538
2446
1369
10915
10857
7117
13778
10770
9736
1729
4563
8712
10490
1010
12346
645
10895
4796
12720
13091
7894
1022
12765
435
10673
9510
5691
9267
8783
8840
9105
237
2061
722
9230
3426
7592
9475
271
3427
90
8479
3771
1334
7842
6047
7782
7303
2276
12488
2227
5592
5667
8646
4212
12667
4424
11381
12418
7600
9038
1743
2565
7020
10219
4984
4565
11728
953
7707
9162
9883
6042
3356
7815
13438
13788
3540
9813
10314
2642
6898
2093
2011
13094
7563
6880
179
8462
7758
8389
12384
10189
13172
7482
6744
11391
9645
7735
3476
5342
12847
5249
9124
4144
290
4571
2052
11897
5004
7617
7879
11518
12226
1086
8880
12406
5924
2633
2637
6664
12264
132
5759
821
13516
600
4758
9814
4270
9638
10586
13157
5113
1140
12395
8561
3235
10732
4771
11700
11880
2968
562
7619
4441
9565
4924
13619
2394
4936
1918
1792
3480
9028
10310
1088
12789
8478
6620
10900
1612
1568
3471
11781
2413
588
3036
3645
12967
13241
2264
299
11970
2187
11515
9718
12361
6943
1205
43
12784
833
5095
2100
10552
7372
7316
11917
7825
4249
6421
4127
7522
4044
13086
779
8414
10151
12023
3979
9195
7761
12204
1171
202
94
397
856
12673
7199
9356
7455
370
2500
4284
10386
7187
10713
13105
7915
12824
8635
12288
12785
4816
7295
5479
4785
726
8145
12560
59
6711
5726
5344
11617
1739
3393
8910
3739
6370
5374
3052
7696
12210
5580
8762
1865
2209
8843
13065
9849
10482
4848
7779
3404
385
8898
2282
11311
8460
1595
10254
1157
12158
11660
2848
1361
5065
4405
10746
7384
5352
9811
8743
1194
5247
6758
5200
10469
8162
10292
11969
3793
12737
11942
11442
10145
691
7477
10488
3306
3197
4245
4156
6183
9075
11021
4847
5882
8658
1332
8449
7778
5173
13760
10525
2377
11193
6245
10128
2592
6099
10707
3432
10886
11611
9783
3814
4435
10237
10026
10193
6607
130
11131
6198
8441
13708
5125
10185
11014
10075
11252
11057
2740
9044
13202
6741
5063
3078
10374
2323
9074
1453
3348
803
11451
2509
7564
10313
2613
5519
6374
5848
9621
4696
966
3981
1288
6548
10869
10524
10373
11271
6874
12058
1675
10226
709
13027
12893
727
9777
5957
6966
8528
1261
9691
2774
13772
10781
8296
8477
11801
6745
12005
8859
6710
6425
9595
10409
4600
6835
6892
4288
9960
3722
9795
10820
12966
6810
499
1948
2914
1012
9674
13829
13797
594
4778
7912
2390
2951
8374
7932
3335
2924
11343
6308
5394
10265
4111
12397
5455
4337
9114
4576
1583
6833
10635
8315
11837
10308
8256
9534
10923
3314
10477
8076
11263
8612
3592
9700
2965
7045
422
1255
5549
9724
4323
5762
5554
12366
4549
95
9680
11160
8857
4432
3024
284
3494
11867
7397
6058
4908
13810
285
13534
2980
13662
2310
12410
506
1080
3007
8215
969
13072
8891
10638
2057
6803
1029
9061
11101
12272
3796
3674
2119
2730
10875
13363
7346
11269
