382
202
459
750
454
391
246
738
338
224
131
365
582
682
648
369
44
170
543
462
222
417
186
152
893
348
51
904
535
204
692
428
598
481
659
772
583
727
512
157
528
125
687
549
233
274
533
822
312
775
850
142
379
674
273
816
910
793
925
49
710
797
164
763
733
24
329
190
882
358
395
839
918
290
730
181
393
605
89
708
689
458
448
315
407
653
253
138
321
823
628
292
455
679
422
640
217
295
809
349
545
483
251
218
372
313
567
789
237
434
524
252
900
776
174
634
753
603
887
212
830
602
102
198
799
705
53
792
343
796
633
563
330
821
881
639
713
106
311
834
614
856
647
227
409
244
282
443
891
691
180
897
774
210
862
148
124
211
544
471
903
525
214
72
516
79
585
783
354
234
493
883
802
341
85
57
513
178
360
91
502
912
488
156
601
302
607
520
553
938
207
104
94
697
335
331
54
420
456
149
105
898
901
213
861
858
865
439
223
566
287
69
492
666
201
759
876
132
595
829
798
625
907
540
824
894
810
475
880
87
688
635
147
404
52
215
171
725
238
506
672
259
762
45
270
840
498
37
169
788
2
606
230
803
337
517
847
732
74
31
221
515
197
50
200
913
254
676
316
470
636
668
416
284
97
916
15
760
646
60
935
61
63
677
397
546
717
116
293
578
833
431
473
463
301
562
408
846
722
820
491
405
504
761
519
419
387
518
637
324
765
340
849
249
662
264
429
570
28
250
415
209
34
20
336
786
430
122
134
446
216
296
859
111
608
523
671
140
737
743
388
476
41
278
99
205
418
538
219
84
438
247
835
401
511
486
586
592
276
143
184
13
939
658
243
877
297
921
5
800
260
427
661
151
675
1
108
267
649
576
16
435
328
167
718
932
121
175
845
23
508
735
719
742
532
3
728
158
811
758
236
599
377
721
594
40
794
826
159
400
530
895
736
465
240
755
683
384
644
385
235
319
618
155
58
70
414
855
327
268
153
275
700
350
426
332
22
596
690
884
723
168
638
137
135
937
359
370
271
109
832
441
551
334
421
145
402
771
172
27
780
285
522
368
425
745
573
367
208
261
48
889
577
363
560
696
56
869
623
362
609
669
756
837
707
92
126
432
78
857
892
32
314
357
257
936
110
412
294
693
206
806
613
670
101
744
389
467
836
375
650
123
100
366
673
269
258
160
480
255
265
248
228
130
229
579
617
906
6
611
874
8
923
262
657
75
739
801
381
930
557
411
678
55
564
655
600
641
188
182
280
805
888
263
231
93
509
572
289
118
86
575
413
842
299
150
731
71
781
685
460
14
740
469
604
784
447
643
804
778
886
494
558
239
660
225
896
681
854
318
863
716
117
226
256
489
342
552
464
777
729
62
872
378
580
565
866
531
629
536
245
468
144
478
136
386
814
376
825
571
133
392
445
686
279
574
503
808
306
795
746
374
768
632
914
361
499
764
291
35
451
304
588
10
747
373
507
103
554
827
477
43
559
838
790
757
663
851
423
853
364
610
934
64
539
450
479
351
203
704
26
396
317
453
193
514
310
309
371
192
841
724
779
113
694
787
597
83
703
7
11
695
305
120
652
848
17
527
333
812
452
879
437
440
654
65
773
129
885
818
81
870
76
119
929
424
38
616
73
815
651
59
307
782
326
500
817
107
917
702
482
36
39
161
383
684
902
166
541
911
95
82
555
711
590
347
749
66
474
905
752
339
