104
284
1002
722
25
249
821
254
238
546
378
594
785
850
516
853
288
536
900
867
301
16
659
54
644
567
935
232
411
953
580
710
306
439
368
967
207
157
662
945
263
547
579
67
779
26
687
332
136
796
725
815
1019
292
251
818
115
343
989
127
424
681
269
694
318
410
858
478
44
434
86
999
517
761
515
811
477
842
171
627
258
192
487
840
286
509
461
609
27
622
15
412
798
357
965
564
851
296
317
503
715
123
200
630
726
196
670
581
832
658
359
375
218
64
379
437
300
52
450
119
338
866
223
826
484
237
71
65
733
416
682
488
773
277
21
250
145
0
241
417
994
531
456
189
577
937
440
657
590
1017
578
397
47
645
454
857
608
635
719
80
930
1026
278
471
817
757
597
892
987
391
399
524
12
1013
290
89
905
827
143
252
901
481
179
92
619
732
907
767
465
711
334
33
392
585
674
191
957
991
154
352
491
849
742
518
147
1024
476
435
1000
576
955
126
816
927
505
879
68
257
606
41
956
453
190
812
902
272
185
746
997
261
55
949
604
85
180
168
384
243
163
425
770
736
616
906
978
551
638
647
563
319
523
480
723
91
315
714
431
557
695
473
617
920
846
96
495
353
918
446
652
923
346
750
781
373
274
600
336
485
805
361
114
700
1016
747
113
540
381
534
320
348
365
162
642
915
860
807
309
660
448
414
393
702
872
614
313
298
752
629
103
520
882
245
53
718
656
321
899
125
693
45
1
507
958
88
90
830
931
549
276
727
948
703
813
216
806
828
814
720
688
575
889
970
5
406
859
525
209
615
156
884
436
698
947
721
173
155
170
279
273
24
370
472
603
648
212
474
355
799
311
871
445
149
545
870
678
561
358
754
206
289
169
347
389
1023
396
1030
508
963
511
631
573
555
214
198
802
77
429
9
756
786
98
129
294
582
482
464
220
940
758
535
387
891
111
768
974
109
654
175
641
360
651
1011
618
938
29
79
731
986
765
106
679
132
438
303
327
401
242
506
683
463
30
32
919
146
133
875
624
248
244
323
809
1029
161
685
118
153
829
134
221
510
834
663
502
400
1014
255
333
376
7
676
339
78
82
574
95
611
790
952
176
46
825
649
877
704
262
740
74
537
713
479
794
349
205
998
230
593
971
1028
270
885
672
63
148
390
831
234
691
712
97
675
497
913
335
926
8
856
841
933
636
165
312
667
932
822
959
964
139
706
184
928
837
730
345
873
340
344
607
745
737
283
226
588
729
739
621
626
280
195
282
203
228
568
166
521
117
499
100
707
643
533
204
492
112
31
295
297
493
914
467
886
962
498
646
985
101
684
405
784
527
367
936
144
922
538
56
18
966
880
194
1006
458
728
908
40
734
107
708
130
408
584
553
128
566
444
314
22
810
326
909
215
287
452
331
374
769
342
57
792
490
787
449
762
848
632
324
211
10
690
981
862
774
186
322
394
382
413
916
239
797
819
669
743
803
233
42
275
350
558
310
612
35
291
993
398
50
380
1018
847
489
459
941
325
49
470
942
28
256
199
990
372
37
442
666
59
87
890
759
395
904
854
697
72
224
570
430
3
1007
995
887
548
583
227
418
864
330
910
943
172
120
655
863
788
894
213
371
266
443
881
869
43
605
944
599
1010
868
302
961
554
383
426
246
364
661
208
105
152
980
419
808
528
709
177
760
2
202
73
753
845
650
984
217
415
791
771
124
183
75
751
775
19
835
562
1020
6
912
500
979
532
14
1012
468
934
633
623
897
236
20
39
975
925
4
351
240
861
543
1032
724
988
778
222
235
951
939
201
265
268
141
513
386
409
99
432
783
304
131
299
363
782
23
903
640
595
795
717
455
447
664
946
422
66
855
61
60
1015
823
260
354
1009
247
181
150
982
76
755
1027
924
692
