6836
6273
4450
4659
6295
228
3957
3558
5373
2390
3894
3108
6289
2237
1147
4829
188
3826
4351
4741
6270
2370
1815
4914
1459
5420
4850
2756
4617
3509
5829
459
5840
899
1579
6181
5229
3006
1581
5903
6550
103
2572
3692
4824
2212
902
1857
6735
2374
34
4
3242
762
323
2234
1513
2971
2945
2794
3090
4072
2614
2906
2678
38
3302
6328
6175
41
2440
4128
2529
139
4556
3713
2501
5522
5349
1549
6210
276
4038
1897
5381
4628
6602
1802
2388
1649
809
3042
5365
3940
6839
2808
3341
2985
737
3631
6204
4912
5204
5645
3385
1819
4326
1017
3419
288
3852
6416
5559
4666
5577
3225
6303
5787
4293
3979
227
1955
780
6001
5080
4908
2413
6437
3142
305
5568
3903
1136
3243
6436
4928
5706
5959
3106
3716
4726
2641
6271
599
5223
6130
4913
247
5894
1426
3310
3435
3172
6363
4318
450
6148
3168
5520
5807
6799
3196
4761
6920
5069
4596
1822
4079
5979
30
1
5082
6824
2898
587
5004
6534
1035
1168
3246
1509
5920
6332
2843
4515
2428
2888
3140
1062
1389
3372
1719
3473
4139
4794
6140
5104
4114
1984
2978
1395
2589
1650
3448
568
5605
6117
3239
1838
1465
1647
4802
5546
2997
4327
5423
5791
485
1443
1468
85
4097
5504
1884
4165
6876
666
4798
4540
1249
3286
862
6719
1706
5240
1490
2764
6369
6697
5879
5366
1169
6843
360
1930
3173
997
3839
3976
3812
1252
3725
3358
1544
993
2982
2709
2265
3830
417
2338
6959
3355
5257
5803
4330
5367
1923
3991
1315
4899
4870
4739
48
3407
5755
2606
634
3282
3109
3532
5722
2704
1132
6317
6218
2961
106
3644
676
5663
1651
3027
2784
831
5889
2918
5518
476
3394
3988
1436
3305
1416
4844
764
5713
2973
3053
2549
3668
1230
1337
6575
3340
4890
2159
3905
93
4269
6431
2876
4823
2722
2710
2620
2619
5340
2625
5616
3508
4675
2350
5544
6396
549
5231
2072
5425
2502
2977
918
1536
320
3123
6561
6891
2700
945
1155
5718
3011
5170
4593
110
3561
2113
930
6686
2229
2628
2905
1077
2873
3290
3993
3175
911
6783
5017
6247
3143
2885
6501
6335
2934
3822
4822
4453
4700
6201
4436
4643
1075
5073
2395
2892
2446
6278
5404
2677
4690
6413
6111
4232
1678
4531
4781
5088
224
6257
207
6387
3020
4223
492
1821
2216
2299
5389
5604
3
6927
6690
6552
1956
5127
5601
5564
5193
6591
3799
1618
508
6925
4399
5260
1973
1778
697
4273
2759
6237
2026
5761
496
4934
222
4864
3742
5618
6341
1044
3748
6208
3906
6191
5939
3646
5608
115
4372
86
4086
1009
5285
3817
6858
6508
4999
5943
1057
3315
1173
2853
6002
2168
2452
1926
4259
1177
4015
5689
2
2351
4029
2057
3125
5853
6455
1151
2131
6020
2090
6241
1638
4530
4469
6857
3346
709
4387
2580
4704
1425
6623
3521
8
589
5186
5734
5790
2284
1144
1329
6186
4075
6274
4862
4751
1059
3041
5003
832
2886
1632
3946
418
2735
4723
152
727
4581
1672
2478
6240
2821
6008
6565
6155
1176
1417
2403
3977
4320
3656
1652
5169
3884
1198
2233
3642
5031
3398
779
3181
771
682
1184
2249
4363
1774
206
3292
6671
4245
4634
4734
2160
6789
6438
5984
6158
2362
2604
641
5621
584
2475
4370
6886
1154
6419
2384
5164
2780
2355
1508
4085
5045
4497
210
538
2739
5481
4185
268
5935
3384
513
6962
5946
1343
189
2736
1428
2854
338
4936
3046
3063
1736
1850
3462
1921
3857
1510
6875
61
1480
2489
510
585
772
6089
2959
1785
5475
5581
571
2367
3820
5825
5892
876
6448
493
6863
5111
2870
6407
4996
1991
2942
3008
873
1291
1373
2861
3131
6657
2565
2593
3404
6935
6352
6384
4376
2250
662
4089
590
2809
2125
5691
2689
5048
4016
5476
2286
3316
6243
628
6343
6097
1764
1007
3516
4011
4987
4562
4403
6010
775
5333
4424
4485
6250
5753
1986
5960
1285
6411
5701
4770
4382
4291
422
6954
504
3802
2966
5043
6135
1507
4602
2181
5095
6492
2429
2532
5146
4944
953
1495
2298
2493
5392
5478
4284
151
393
4512
4992
1845
2393
5412
2406
2916
3311
2730
648
430
1854
2655
4390
2958
265
3081
364
5695
5629
6134
663
1771
6553
4299
6344
751
16
6524
1505
2743
2635
6542
6856
2719
4394
720
4007
4409
5263
694
6073
3703
5394
1866
6164
3130
3111
1292
5969
4491
1412
850
4664
4828
3400
157
1036
6234
3664
2675
4055
3771
6520
4916
2290
3390
1209
6970
232
6426
6361
3048
1681
4788
6974
1313
1665
6547
996
6796
425
3295
1380
2378
2207
5009
5667
1666
4478
4995
3770
5982
6864
5948
5397
6704
438
2659
6079
2389
6248
4905
6964
3084
5509
5740
1421
6522
5
2531
92
2569
596
3410
3432
6213
2989
6543
546
534
3396
3684
4427
293
5796
5833
4383
6866
100
2571
5968
4062
2109
2946
5124
2422
4842
2340
1127
6938
4452
4224
6905
4295
5765
368
2059
6592
4042
397
4155
4426
6567
3939
6488
5560
4488
6610
4871
5432
5053
6470
2236
1371
5280
1020
1108
4384
4755
3592
4197
2129
2937
2668
1359
1479
1158
3093
6222
1561
5684
3722
1363
6826
4064
6166
5574
99
6618
1414
5728
2441
900
1901
5987
1760
291
2922
4552
6003
3163
2964
3119
5424
2322
6661
5147
3980
4631
239
4440
6315
6429
4627
5966
5336
5808
1246
1691
1191
59
2813
3580
998
5607
5112
5359
4773
958
1733
5440
2893
2430
5441
2161
318
4579
4820
5720
1599
4891
2091
2570
642
55
3751
3814
3007
1829
2127
6178
2308
5185
3604
6629
805
2062
1183
1725
6516
4150
1386
5864
5630
848
4630
3207
2093
3121
5730
2317
4582
6402
5912
3373
2437
5293
2643
5162
541
5058
3723
1646
2895
6176
1889
192
5653
5406
381
2976
2315
4004
3201
1677
3214
1688
5099
3146
5700
2288
2165
6698
146
3986
5849
5343
3556
6888
1814
3524
2052
6479
920
5154
5288
2799
3732
1958
3145
1167
174
3362
3204
4989
5861
1334
1114
2847
2757
1058
453
5593
3679
6360
1031
4217
2120
3810
4767
4645
390
4380
1247
3531
834
5923
6103
6053
6509
3937
6957
1372
145
4692
5502
592
5023
3849
1604
5018
2230
4083
4821
6955
5567
2931
3079
2863
2099
6781
4793
1245
2750
3428
2328
4939
5927
243
6184
1951
2875
3726
3610
500
5207
250
1521
3614
4673
795
2986
2967
141
2624
4577
857
259
3237
4274
6144
6871
6277
4852
213
1398
4638
6019
3808
799
6063
2551
2793
3112
6014
1346
5057
5508
5119
1402
5243
2944
1830
5158
1896
6124
2984
6529
5831
3452
6721
3101
6951
6167
5232
2472
2170
3574
2768
442
1807
2479
6809
3651
1734
3559
4406
1101
4312
4073
3552
3621
1572
4301
3794
3773
4296
4580
1769
447
3763
463
1933
6153
412
6616
5329
3882
5813
826
4416
4006
2455
6338
747
5312
1517
3846
90
2874
3539
1266
6358
5652
1361
1119
1234
3889
6049
4812
3943
6085
2157
3762
1163
1097
1879
3203
164
3941
2993
1662
1475
1098
1217
4575
2020
278
4482
5878
6499
5489
5857
4473
4039
2991
3070
2287
6291
2189
5253
2507
982
1115
894
72
4689
6070
6731
4903
2179
2147
6929
5986
5530
5781
1610
1717
312
6312
2258
1813
6395
4884
6006
6669
4408
6102
3357
2860
4094
6940
6817
5444
5399
6774
948
2215
6465
6689
1952
1687
1223
5300
2336
1263
2254
4949
2867
947
4179
4308
2832
5059
4010
3904
4727
2587
2081
6138
3541
185
1938
6300
4417
5304
5690
913
6734
6867
5345
5758
3363
1575
6896
6226
4349
6476
6606
4649
4123
6232
4458
1375
4397
5558
3188
1727
1837
863
2407
4141
934
2909
4235
586
6050
1379
4831
466
637
1589
4307
2438
6242
1056
1233
3947
4785
4611
5275
5952
6615
6160
29
2353
3879
2932
4060
3613
2972
1065
4246
4856
3251
6290
5648
2023
2818
2415
6306
791
6337
1685
1775
1367
725
1533
1262
6936
3127
4464
334
5977
6372
3098
3989
4221
3080
3654
707
209
2253
2273
1731
2321
4807
540
394
4595
1225
383
6380
4980
6570
3337
5555
6171
5042
606
1761
6061
6729
6018
4184
5040
1915
2046
6177
5606
4493
1288
839
277
2435
5562
6342
6639
2185
1440
5597
4147
2383
924
335
3719
1178
234
2708
3440
2300
5794
458
414
4218
6588
6406
4911
3240
1962
2508
262
3956
6963
1960
6880
4331
1487
3159
2032
3298
44
355
1902
2912
5021
6763
5921
3527
2831
5897
2382
4362
4730
1913
5020
2453
4684
4180
3334
6374
2553
6461
2611
1954
494
5382
5756
3004
1950
5460
2385
51
819
4553
5005
6641
5552
4339
2231
1456
1841
5000
2938
6427
4287
2319
2546
2022
6486
5175
5937
2829
1911
928
4817
4481
5274
1534
6096
5143
2636
5981
766
6538
5267
2409
3166
2858
4348
1366
3803
6082
6457
2247
1816
3103
37
1639
396
6282
1712
1947
1669
5077
2332
371
880
6299
1957
4285
3717
1607
3507
5115
5255
6322
2519
1796
3503
6932
5268
1485
6382
6386
2235
5047
3766
1281
4514
190
6453
875
5479
2225
1317
2621
2457
6095
1383
3950
4133
4037
4149
4969
954
3414
1047
573
2260
6760
6865
4389
1787
2660
792
1699
2800
3781
4861
4682
6758
1683
3833
6879
167
1449
919
1172
2458
1565
2581
4511
1014
410
671
3024
693
298
6334
1430
1914
3221
6198
4068
1995
4131
2398
6511
221
2021
3122
657
5151
1949
3927
6600
915
343
5537
2864
1365
3945
3179
1332
2152
3712
5214
6921
1202
3601
3815
6331
6882
872
6425
28
1457
3897
1553
1805
4533
1818
3629
351
5196
49
3847
3380
3037
6405
3579
4756
6702
5821
6803
3777
2154
1943
2188
6828
4003
4907
2077
3672
1966
183
6356
1858
824
1715
5810
2252
5015
6933
5224
4655
380
6712
2627
2781
6745
3083
2423
3727
4272
3699
4489
1831
5194
2550
4219
1609
2068
3930
4167
3728
372
399
178
3519
5536
4836
4970
4736
1800
6667
4647
2936
62
5942
821
2334
237
6928
1438
728
39
1102
4187
1810
1387
5925
4211
3294
898
4603
5609
3749
699
5456
3865
6099
4776
4050
810
603
3457
5529
4873
4132
5893
6265
5694
5976
6180
6464
3821
4777
5612
6832
313
1195
5644
4614
653
6490
3893
5172
4875
287
536
6778
6965
3493
3951
3557
6151
3617
4472
2789
556
35
6304
4189
6145
2210
3789
749
4105
6267
2838
4919
5236
4983
719
2560
5732
5633
6759
1051
1906
1808
6668
5854
5210
3051
5495
5844
1113
4503
2548
4542
1160
2524
4566
2887
3737
2420
4412
4950
2605
695
1034
825
3775
3161
5447
2951
242
473
1401
5308
3490
519
4477
5626
386
1623
1302
6466
1608
4056
1156
1469
4721
4181
3257
523
645
356
4475
2187
2339
4095
3595
1981
3829
3391
4465
4947
23
3828
4186
449
3870
4173
5445
1905
4428
3513
1702
3746
944
5064
956
4805
2631
2042
1305
3831
1040
6874
3474
3942
2567
4415
448
3399
3420
4198
3546
1653
6447
6603
3418
1341
5962
1096
5623
1621
4302
1872
3405
729
1299
1211
1161
308
2738
703
5528
4448
6611
6297
4486
6228
5060
6325
4237
2880
5051
1342
3662
6607
6883
4986
3485
5598
5238
2653
3900
6960
2405
6787
5817
2747
6305
245
1203
1226
614
1447
4691
195
226
358
6833
4137
435
5279
176
3967
1125
4354
3296
4262
6527
2238
785
1012
4701
5341
2777
3425
6923
4122
1347
377
6281
406
2975
6683
3226
6924
3936
4713
173
5254
4623
1751
1941
669
5795
1937
5589
3663
2657
6665
6798
5757
3511
1037
5342
937
3022
2016
3013
1826
3741
976
3806
2987
550
5769
4216
1757
3216
2451
800
1434
6530
984
3463
2148
4113
1557
428
235
4084
1782
6080
1248
52
105
3536
1519
6253
2112
6752
6452
3238
5303
2344
3738
2926
6563
2871
907
4305
3970
2681
6944
3231
1676
4926
2953
5578
4059
6383
4538
6077
4591
3634
5973
5284
5727
4470
20
3319
3028
384
3258
601
1295
1137
6581
3379
5436
4843
4815
579
249
6439
6173
1010
256
3798
4956
6634
5789
6655
836
3255
1922
60
5006
1201
605
1069
3883
3062
2638
2904
1783
712
5467
2198
1190
456
1316
4590
144
1917
892
378
5662
5990
4745
342
4148
5462
6170
6011
5494
1931
6797
2027
6496
6314
6703
3779
3875
1635
6635
4360
5859
4845
4985
5029
6179
5513
1543
2792
1004
3985
2805
4144
6159
4654
5683
4282
6786
3924
4592
5971
6680
5090
3758
5991
5784
2555
5866
6807
3156
1630
3681
1435
6586
6656
4809
1806
6500
4572
6043
5617
2637
5182
5453
3569
2697
1874
5970
3978
4968
2767
5195
2044
5133
3912
5699
1932
698
5248
2257
5599
2561
6379
1256
233
4346
4624
3104
2787
2310
6072
5591
855
416
3921
6701
6100
870
4001
5907
5858
6477
5839
3228
6424
3500
4711
5083
6598
4212
1663
3009
3303
6110
3755
40
2866
2166
2175
3754
4841
3478
4546
1656
5625
5352
6700
6150
3640
4021
3389
2998
6469
1261
5804
4932
1994
4298
6157
897
1978
516
2272
3360
5503
4271
3210
307
4092
2243
5902
2543
1972
5916
6284
2314
1694
6262
2607
6626
1018
3421
2224
5998
1674
5469
6910
3506
6743
2427
2040
4463
2196
4343
6755
2845
5875
1773
1523
324
2630
3003
891
5638
1843
685
895
67
4959
4543
6562
5733
6968
2536
567
2503
5668
2514
3233
1304
2372
6831
5350
4984
1711
3877
1029
6286
3695
4780
4943
4419
562
5941
3678
5016
626
4479
6129
6823
214
2442
2547
2242
6699
6094
1293
4102
2095
2445
4658
5961
661
6149
4832
5327
1882
1437
1111
4880
6545
5173
1458
744
1073
6055
272
5656
1422
5682
2141
3784
965
329
889
3190
4078
3220
3241
1461
3194
2897
2890
5455
5583
2748
1622
526
2727
6482
3393
1552
5391
21
5512
6041
6434
1562
6
6035
724
6098
4332
4997
3397
4413
5659
531
3925
3730
806
1441
1070
4724
4077
3954
3630
2137
2530
4294
4929
445
6860
6593
218
4222
1250
3134
3584
4311
1307
535
2155
3232
3300
3791
6487
5179
6872
3636
6032
4707
5370
1268
6707
9
4784
4642
6810
5131
5999
5265
1928
2670
6772
503
3261
3431
2244
6066
3002
4923
6224
6751
2279
3783
4162
2421
3591
6212
150
581
1394
5418
5669
54
6908
3446
5035
4979
2823
5745
3800
3138
3987
2045
1162
2840
6483
1236
2542
5251
6727
3890
3851
4896
327
4292
525
1554
4227
6497
2786
5330
3855
4945
1512
3021
1110
4492
6934
4685
1478
5872
2883
554
3219
1391
6203
4303
3523
2634
3983
2073
3689
658
1120
2504
2733
652
2539
5063
5328
3740
295
5868
246
4191
5129
5348
5032
2758
3935
2825
5353
5061
130
3263
6723
5499
4161
1215
181
2517
3535
4260
5661
5965
1705
1254
5600
5631
2184
966
4933
4439
5988
1049
2401
1153
4057
845
5587
5446
936
3408
3666
4988
404
4801
1241
1139
6074
3643
4513
871
3480
4355
4207
6670
5997
1700
2100
2470
6200
3968
5724
3891
1080
2779
3092
748
3505
2947
5458
3926
3757
794
2369
1833
3056
3060
1820
5171
5482
491
5270
4277
4263
2276
5944
2297
5947
4694
2731
690
3000
64
2245
2684
2526
2913
1170
3554
1103
1804
6378
5738
3447
269
2331
4849
96
985
6713
3442
6223
3158
1744
6555
6004
851
43
2703
366
3417
6294
1164
3974
4662
3693
5576
3095
4265
2436
3105
6950
5572
3510
2376
6901
3845
570
3071
6584
3343
4639
2324
1446
1824
2740
6942
4374
5776
680
6790
2056
3193
5376
5910
5940
5731
5244
4431
4443
4915
2477
933
822
4722
3818
5114
6692
2979
5084
4917
6375
1532
5089
2629
4420
182
6233
1210
1659
896
5337
558
743
6738
4100
3285
700
5074
817
5062
4547
5579
4925
3272
5371
5357
2316
6675
4233
461
294
6613
3616
4716
3267
3032
1516
3635
4507
3600
2610
113
5595
2658
612
4953
1686
3533
5422
946
6845
5002
4883
2856
4679
170
5363
6528
5716
5108
1989
1105
6574
2770
5538
4012
4276
101
4248
443
1021
88
4760
1935
97
1351
4806
2836
650
1344
2645
4088
1280
4323
1936
2256
3444
3982
6679
981
5767
5055
1641
3805
3378
1781
1658
4786
6900
583
3376
4681
2520
5081
3486
4203
6915
6154
5123
5149
4035
3804
3387
5822
4672
2701
4534
6506
5102
2364
557
6152
544
6767
3965
767
95
3178
5398
951
4253
3641
1832
4341
6658
116
13
4108
4496
3994
5106
111
6310
5414
5535
968
2996
1772
4502
4048
5704
3227
1085
5271
5561
3382
5372
89
533
6614
4335
6238
5218
4047
3586
5806
760
3222
1399
6209
3383
5036
4972
2037
4613
5540
6708
5874
6636
5118
6126
2564
4567
5093
5347
5180
4782
4594
5332
1448
479
3107
6115
2651
6878
2049
407
3958
5586
5549
5409
2693
1809
2089
4904
1531
2751
2174
6473
1106
1410
409
4483
1308
4509
4765
6861
4126
283
6478
6512
3823
4103
2268
5516
376
1186
1046
2061
786
47
5596
6272
636
1071
68
5202
803
4938
325
5413
1642
1895
1145
6647
1333
559
1032
3608
1735
5852
3858
4257
1798
4551
3153
201
4924
5105
2419
3913
3001
142
777
2969
6898
468
5673
1529
5945
4650
5627
2138
577
5666
1141
5402
6505
3475
2194
3578
4703
4505
5038
2209
108
4171
5717
3137
5222
5933
1498
2848
6258
6794
161
2096
6902
4720
4922
6029
2834
3776
742
5657
2330
6822
2566
3211
2199
4743
5383
6834
4920
5611
2538
5208
5161
1671
5762
1358
6546
1310
552
2983
5719
2153
5136
5870
1548
4306
2568
5041
1418
1142
6850
1431
2791
4500
1303
3185
2358
1336
6015
1631
4333
299
352
5651
3369
5622
2130
3102
4275
6093
2970
197
4065
2914
1444
2092
1427
3896
6918
5856
994
4525
2682
2755
5664
464
436
5770
576
3270
4471
3698
3895
678
4288
6846
2902
3482
5225
1324
1964
2048
804
5325
1493
3540
1587
5262
1024
3869
5650
5951
3864
488
4960
1997
5311
4040
5323
3648
6398
3952
3061
223
3114
5569
955
6966
3565
5049
1255
4466
6569
1319
3259
4490
2432
363
1654
6884
2167
330
260
1258
5571
6597
4206
5741
2293
3073
6762
5174
3551
3075
1753
1559
1880
6078
3530
847
1851
1530
6800
5799
1792
3714
6897
4192
3091
1064
1220
3429
4054
4646
2915
6040
1488
2592
6205
6714
5531
1499
5429
1684
2806
1527
4615
2467
2448
2828
4669
4855
4421
6630
5956
721
138
3191
2038
2218
4574
5553
1944
3809
3213
1350
2903
4818
3872
3603
2591
6821
5642
3861
5368
885
2837
1590
2126
6906
2724
6113
5468
4902
3778
4435
6513
2208
689
5159
1237
2361
5192
2088
960
6460
4975
3892
3076
4733
261
2820
5958
6835
5094
4377
5144
1353
1868
5904
5356
2680
187
5884
5022
481
4976
6417
1415
1199
1253
3368
2412
4209
4766
1904
166
1166
4696
868
616
4008
1251
2346
3064
6022
4034
757
6068
4834
3252
3086
6463
5871
1206
1976
4604
6560
5037
258
1309
2098
3542
5678
6572
2373
4735
5845
6408
609
3055
3571
6947
3307
6188
3718
3911
2085
2101
1793
1881
5085
3611
964
4541
2696
6122
6662
3403
2009
1274
6048
6526
4632
2899
4228
708
5452
1222
5830
1244
1397
6517
1827
470
3133
2368
2664
5362
4714
1847
2424
3859
4321
2498
6971
1690
1660
489
3144
6324
6585
611
1503
4036
4644
4441
6357
1157
3731
1453
6578
2596
6617
3449
253
5050
1086
1272
5754
112
916
4539
3522
3269
5498
5219
1348
1566
6632
1582
3863
6649
3455
574
2533
2492
3709
5291
6811
1429
6868
6913
1907
2416
1752
522
4846
6472
5672
561
3082
4373
4754
6696
4495
4652
978
333
3908
5220
528
1369
4329
5483
6873
5721
1597
4067
866
5782
4674
6215
3375
2554
2889
922
5950
2426
2025
367
5380
6045
5107
4120
1455
4814
2646
3176
306
2251
2741
5983
3047
4358
6532
6771
4616
482
462
2043
87
2135
6782
1165
3973
4241
452
6090
2480
165
6260
6926
2518
2633
2019
4087
2712
2162
1979
1839
3430
6739
3234
5408
134
6365
5201
2267
2341
3354
644
6594
2302
467
4719
2012
2465
4978
3059
5726
3928
1875
6433
1257
3471
4967
2868
5305
3827
808
6128
6595
665
3288
2014
5233
3637
3205
6196
2929
1066
2884
6189
704
2718
2692
1185
1541
2744
2402
654
6275
5760
2785
5510
2102
483
4966
884
6480
3411
4098
3260
2754
2386
5013
3054
2347
5403
4940
2615
4851
1883
5306
4909
1084
76
1574
6548
4289
4571
6645
769
1862
3767
6432
1242
3117
943
4454
1159
962
6106
5934
2527
6945
1801
1546
714
4115
4336
6330
359
3135
1112
3560
4026
322
429
5641
2510
6554
3189
6067
4152
4005
2713
6131
4247
597
1152
471
5632
837
215
2732
3289
3291
942
2650
1121
3534
2371
3948
6519
2499
5072
1643
2540
1999
2849
2169
4519
2359
2220
1107
3850
5135
5181
4709
3031
879
1460
2962
441
3350
385
1224
3632
1074
5130
5752
3819
5344
4266
3753
6039
4325
5814
1848
2671
4129
3274
5955
3326
403
5834
5322
6075
6651
3287
886
4174
4610
5885
2613
1812
1368
5677
6132
1977
6715
3395
56
5471
317
4385
910
2626
1370
3318
5492
6087
3437
828
6391
3180
882
5417
1213
3499
6471
2303
4045
79
2778
6590
3969
6060
539
4183
5054
4825
6637
4699
4342
4281
4405
4748
1180
1038
2771
768
2505
6814
5742
2047
2295
633
3096
2425
4359
3526
423
3590
3589
2632
133
963
1063
1514
3484
2683
6246
4366
4494
437
6389
6221
2496
6510
3599
1104
2226
3682
811
5472
4158
4656
5439
2464
3304
455
349
5768
5346
4994
5019
102
2136
980
5887
3575
505
4759
1982
5995
701
388
3793
1081
511
6681
3518
2662
5679
2070
6287
4456
3647
5249
995
1920
5582
967
172
6559
3602
1409
4230
1655
3324
6031
726
198
1909
2058
240
6327
6377
5545
3585
6192
2877
5008
1703
835
991
5843
923
3923
4589
2204
604
4437
564
4229
2399
4480
3126
6047
5533
3453
1331
5488
1482
212
1126
6644
6494
5273
4942
5686
2563
5707
1996
4070
5377
1835
1709
3069
2114
2183
1354
829
5647
5217
2921
1634
3545
2562
4369
3202
6654
4106
2648
4670
1784
647
6454
5936
1050
469
1861
2163
5746
4954
1494
4080
2930
1497
475
3661
5070
6862
267
5541
3761
638
6450
6580
631
2941
6220
2404
1381
2094
5750
2981
3856
6293
5419
5929
2034
6161
6502
3477
3034
6869
4600
3454
4840
623
4516
2811
3329
6622
2761
2728
4058
2360
3067
1867
5272
4561
2920
3177
4140
2745
158
752
610
4069
4063
3639
2846
350
4159
3338
3043
1061
4127
180
5212
1602
840
2083
1615
5792
843
635
2001
3961
1520
600
1283
3100
4706
5905
7
3497
4032
1003
4799
986
595
6005
2211
241
4612
2672
1584
3675
6373
4887
6081
3729
2466
6410
4937
280
1726
543
296
6605
4901
5137
1852
1090
1871
6953
4813
6916
4130
629
2066
1279
340
6021
1680
405
565
3342
3124
1547
6711
3155
148
168
1965
1876
6414
4584
5449
2325
433
274
5914
5364
2320
3434
3734
2717
4872
6057
3792
5715
6948
1959
2459
2857
2075
6403
5785
4251
3364
271
3671
598
4110
1961
4194
514
1892
3555
2965
1471
1870
5109
4352
3498
5097
4710
457
6013
750
6678
2807
4340
2486
1863
2468
1780
32
5774
4607
877
1413
3842
6007
2656
801
5566
787
5166
6722
1696
5487
2294
6016
6791
6816
4164
4367
1603
2541
2720
6266
1648
745
6086
3886
2494
1542
5024
4091
5116
3981
4910
2106
1030
3248
1524
3735
4279
1528
6582
4869
3745
1131
5575
5548
2963
3035
2618
4752
5550
970
1420
2804
2145
4661
2342
4606
5378
4099
1140
1795
2721
5390
3458
3594
6139
3567
2192
5007
4677
3633
1974
1940
3167
6720
65
4573
1287
5206
6744
5954
545
1968
1214
1755
4702
3686
4202
5484
2774
26
5056
789
6251
5128
5963
6806
5443
4789
624
3685
4013
497
3704
1993
3860
2178
5819
1916
2609
532
1990
336
2528
6348
15
849
4961
1002
2015
4121
6894
1462
143
1988
1723
1644
2036
755
5500
6393
2053
2500
687
4578
3030
5563
548
4757
1713
735
5183
3277
990
2221
5594
2354
1235
1271
5901
238
2408
4795
4520
5828
3427
1710
6728
2698
5637
2064
758
5926
5046
4874
4930
2639
326
154
4565
5809
3502
6854
6495
813
3588
74
5283
2855
3796
6319
1825
6133
2149
2795
4398
1445
2584
5396
4811
125
2950
3975
5876
6746
5286
4414
1971
5227
1500
618
820
6044
1675
2002
5145
4071
6042
1877
5729
4671
4941
5698
6507
3914
5163
846
6576
1588
3461
6484
3339
4286
3832
1286
1117
3139
2842
2752
3370
6285
3933
3283
4998
739
3149
2594
5486
6577
6194
1039
6392
3696
3150
620
3313
2835
3955
575
6682
2485
6536
4746
2940
3772
2110
4951
6757
5620
53
4545
4195
2968
2872
1925
5313
6108
5744
6693
1983
1405
186
3345
5098
6776
3862
6415
136
2240
3724
3807
5493
3074
5975
4601
5198
1327
3097
2935
5783
2576
5989
3381
1742
1326
4559
4066
5763
4973
3596
6515
5319
31
6350
3627
4853
6397
640
5895
619
361
328
4239
2003
446
6770
3919
6672
6146
5615
3057
3110
6280
838
6805
905
2495
5523
816
973
2074
977
6640
2819
6474
2065
529
1404
387
400
731
4587
3787
4418
3653
3887
4906
6564
2707
1545
1743
229
2115
5360
1657
5096
5505
6187
5688
2417
4433
2523
518
927
6747
6033
4676
903
1423
314
225
1859
3752
220
3141
741
6730
373
1746
5177
2869
2259
2473
4560
4213
2556
2103
292
25
815
5411
4447
236
6537
5680
4800
5433
1927
4344
4393
6368
3866
4046
346
3245
668
4338
5709
5457
4892
1013
2753
4175
3708
2990
2000
1563
6705
5026
1407
4316
156
5052
3517
4772
5211
5823
6566
2246
6467
6197
3018
5491
2515
6648
1492
5134
420
4109
2142
5542
2239
4402
2205
883
5157
5764
4608
4361
2957
2598
1749
6449
5321
1910
5996
2952
1484
5736
6107
1290
5862
651
6301
906
2418
486
1467
4107
4753
3015
1612
3174
155
3853
300
4668
3837
3361
4267
2269
5873
3170
1614
4576
4053
4586
6137
12
1321
4810
5011
5801
722
2582
3844
1506
5152
4863
1294
4742
2474
686
1378
2688
1278
1613
6169
753
4264
6907
2535
6329
2301
715
2595
6909
1967
2323
5836
6199
275
6027
431
6848
6877
19
2911
1891
3488
1008
2676
440
2702
6688
4635
3436
6435
509
6034
42
3848
1583
1629
5165
5554
2076
5780
4334
4641
1277
2612
591
2366
5320
1016
4438
774
3918
6677
4178
1432
2725
1374
5798
1511
3964
542
1637
2928
781
1218
3658
3520
5454
2203
2164
4459
3739
5442
1082
989
4955
4897
6785
4172
4214
4134
5649
357
5517
3439
217
2348
2927
4619
2107
1352
4375
3200
2667
6399
5835
5148
3922
3615
3705
1100
3688
5602
2760
1779
2434
1491
5714
5125
2558
1055
1560
2788
5290
940
4962
3087
6323
216
2852
421
4529
1260
6533
6114
1207
204
279
2232
4830
1595
608
4381
4758
827
5818
5685
6761
6695
1975
6279
3229
5289
5590
1083
285
5676
2850
4258
2222
341
6345
1451
4249
5670
1424
2117
3218
5294
4877
5076
82
3377
1189
1893
6972
3320
6172
2482
2506
3443
4190
3999
4637
1314
4051
6768
4314
4971
4234
2484
630
3052
5078
3756
861
2139
2150
3066
2363
6340
6919
6000
2865
1466
6143
194
6766
6852
3467
4156
6887
117
1042
2652
3424
4963
5466
5178
1739
1799
2509
6793
1855
6904
2291
1360
4958
4041
4461
4657
4686
1738
3824
4948
6264
3438
3743
763
4345
5091
1323
411
0
2345
4353
2816
286
5156
3152
2180
4558
3576
2590
3618
6684
4768
3359
6674
6025
5407
5837
6568
5702
6381
5087
782
5506
1078
3247
3413
2133
118
2280
765
5603
2763
6646
2802
5772
1697
643
5480
3801
3504
3489
1208
5775
5387
656
957
1670
6769
4449
3572
4143
3230
2894
4895
5800
4763
4882
5071
1701
6038
1762
3094
2305
401
3450
4778
4878
4319
2387
1212
179
4081
6870
2200
169
4000
3332
3825
2007
5570
5842
3917
6339
2552
1682
1627
5917
2122
6777
4528
512
3160
1689
1803
1518
2263
5658
6263
3544
6912
1515
3514
1987
4521
147
5256
2608
1134
3962
4898
1611
555
231
2067
2018
3760
4379
4738
6092
2891
2575
6498
5712
1985
6409
4467
3353
6244
3120
484
6125
3224
6881
4868
5759
2439
3995
1908
3456
1099
3581
2033
4833
1330
3192
770
3834
3690
5010
2949
3164
3491
4193
6355
129
4536
6468
2063
2456
844
2679
270
3014
4728
6840
3492
6054
578
2663
2462
4400
149
1853
3322
2223
1924
5176
756
4429
2349
790
3077
2602
6802
1179
3582
5805
472
6853
199
5301
6321
1298
2128
1765
4771
6914
1089
6685
57
5230
4151
3998
36
6105
2195
5888
4550
2282
5815
3665
5994
6687
2812
867
4455
3609
4837
3049
1265
4522
1766
4749
3026
3268
2469
673
6259
6362
4504
337
2790
3915
4226
4517
5816
2217
5964
3479
4621
4210
3068
6446
3078
1860
2919
681
3901
6736
3673
6071
4797
5526
1232
3312
625
6441
627
4386
477
2304
2599
2999
4526
761
6841
1481
3966
807
6503
6801
917
4660
950
6156
6660
5014
5139
1571
796
3299
6710
5708
345
6370
3843
4570
5634
3780
6235
4946
5886
3058
3494
1148
2882
6724
6026
6309
98
1869
6261
3765
347
677
5141
499
302
1716
1072
6601
5539
4238
688
4484
1229
6440
3321
2006
6320
5687
6620
740
6351
1525
1522
4506
2262
460
2955
5890
6296
553
1817
5287
2705
520
1887
802
3459
2275
3697
6255
5140
1828
1053
3701
1768
1504
3264
5334
3680
3162
3136
738
1918
4225
6193
3854
5496
1788
137
4250
938
3371
3949
1264
4598
5315
4138
1758
1707
6030
4680
1289
711
124
1593
705
184
6842
6716
5079
939
3483
4112
4808
5521
856
2674
4177
1823
675
1578
2992
1625
4698
2241
6256
969
2274
2108
6109
2974
1196
4729
3782
2796
1325
1238
3308
3670
5012
2772
1899
2172
4196
5410
5697
5309
5974
5338
4750
2084
563
2691
6885
2995
5415
3348
2379
617
4965
3169
84
5911
6062
5430
2476
3472
3367
3388
6422
6619
4625
2600
6726
3934
1300
6017
4687
5841
2742
5703
3626
75
3029
2005
1048
3005
5386
6136
4708
3012
3683
6941
5585
1005
1617
4014
3607
5824
5033
3333
3687
70
3564
1023
909
1770
1464
6556
5277
6207
5515
2716
607
66
6663
1133
6819
572
1392
3253
4280
5881
4205
3113
490
1661
6489
3033
415
4111
4982
901
1219
3971
6666
5848
3406
5405
6596
1601
5191
3659
3089
2516
736
3235
1633
1124
402
1564
6475
1474
2557
4583
131
4974
2841
4142
478
4252
2266
3785
1087
1679
1138
5556
5316
45
1267
5749
1228
1146
1626
6773
3495
408
4792
812
5628
1570
4304
6691
6638
3386
1116
4220
6551
1026
1856
4135
776
4816
3254
3044
6653
1025
3183
5189
2156
6895
3694
2396
3470
6493
6269
5434
4044
2878
5464
5339
3249
734
1052
6949
1846
5110
6443
2285
2487
6975
691
3876
3932
1205
5501
3512
1390
2908
244
6525
4523
2803
6749
2597
660
3132
4357
1318
6268
5379
1123
311
6521
6456
527
203
2661
6346
2201
14
6064
3868
2397
3538
6401
304
961
1692
5101
3700
6523
5507
6764
4717
1216
5463
6754
524
6624
303
2647
6088
5867
6922
988
1355
949
6939
2278
2830
6236
4124
4532
904
2013
3256
6313
2617
4568
1502
5142
5117
2603
434
6740
5953
5735
6069
5296
5778
5646
1269
5113
4118
2601
3652
3909
2917
5723
6838
3423
5802
2134
4255
1079
5557
1450
670
5900
6202
4154
2248
925
3262
6219
2815
4599
717
1885
3813
3786
713
3836
339
4031
5324
2116
69
5692
1886
6217
316
6162
5474
159
5485
1555
1592
1019
2177
992
718
3154
5188
289
3587
5751
354
1864
5863
266
814
4605
5710
1834
5511
5276
3907
1740
1028
1953
5459
3720
4991
3118
684
5132
655
4848
1970
6750
537
5361
5226
2411
1737
4893
842
6958
3563
4388
3038
5385
1898
5250
175
4160
2050
569
2948
3422
4145
2762
3468
4378
1594
3997
2783
3706
1698
2329
4146
5155
4052
254
5654
6627
6231
4667
1384
1340
2814
1900
2537
3774
859
1188
2826
3186
4705
1362
5100
6812
3788
1473
2447
1270
5470
3469
1043
3244
4199
1041
6037
3309
4176
5846
171
6535
3023
1624
290
1403
2586
6028
2312
6195
2444
5711
5915
3217
4712
622
5103
5877
971
754
3212
1551
4618
3416
1067
2202
2078
2879
2069
4117
1791
132
2097
3711
1001
2797
5298
2943
219
104
4894
5465
2699
27
6083
5437
6023
2579
5957
5374
3529
4425
4653
1714
1122
6557
5747
664
1640
2017
