1233
233
925
630
442
17
400
450
836
628
1060
988
980
856
758
1152
570
1132
653
297
916
742
467
958
160
28
955
79
303
495
797
1012
1136
415
286
1090
934
443
117
1277
1062
756
469
966
500
736
863
1079
686
337
760
361
347
228
320
318
1207
670
1107
1278
775
1206
473
912
895
1230
158
716
608
1185
198
356
1080
622
464
587
437
979
663
505
367
118
188
897
393
331
1052
1183
1221
728
399
1074
564
810
693
1217
714
1114
81
844
1032
20
692
151
445
1069
22
373
338
116
862
609
1089
704
1188
882
755
481
382
751
923
694
1120
1247
271
265
818
197
737
535
642
43
1021
82
229
781
1213
647
938
678
296
416
33
948
1219
390
852
273
821
637
221
617
314
1056
32
388
826
651
1190
905
799
242
1129
513
1252
643
592
1267
515
414
332
639
656
595
991
60
1095
782
591
640
86
1057
571
130
354
264
800
1182
548
605
973
1178
832
304
360
115
384
989
1058
328
911
629
486
740
601
65
313
223
1040
813
460
200
790
872
933
74
1205
805
135
688
969
569
817
724
40
1088
301
913
1104
407
1019
153
658
645
649
152
1077
519
146
38
276
465
121
436
438
1210
341
1175
700
1180
631
428
214
764
306
1196
1008
917
419
477
1023
302
749
1076
16
718
675
957
1091
418
310
1186
741
1130
610
19
110
15
254
96
287
1150
908
7
215
767
429
874
95
193
208
735
1243
13
333
968
984
888
1156
455
120
687
777
899
551
174
618
999
72
683
1025
1259
566
959
161
156
1048
365
216
748
71
34
996
1261
291
509
440
404
820
340
705
225
575
44
834
1034
927
770
632
1070
66
1045
623
183
747
1037
727
137
386
1013
796
1071
690
684
396
1163
282
422
144
526
162
633
691
181
4
342
1138
186
202
1250
559
849
1171
504
136
644
234
490
91
280
210
292
413
1016
177
901
51
896
553
14
339
703
256
1122
1269
48
1189
457
641
1125
585
573
222
552
336
239
364
281
798
319
788
194
1140
581
1153
940
1054
408
547
207
1203
12
568
789
707
471
1051
348
165
593
529
1005
496
289
494
308
371
1256
661
31
1258
1193
456
353
706
574
636
702
1098
655
907
858
492
352
268
441
710
269
1110
620
259
1223
1041
962
915
1028
543
78
484
246
1027
681
21
562
650
839
284
997
1039
1116
697
145
876
312
169
1200
739
506
249
919
227
502
218
875
1265
168
795
689
904
857
176
275
835
672
802
761
39
452
1187
765
807
1115
530
811
257
474
267
1105
824
300
823
421
816
489
290
167
1072
773
778
346
244
372
84
140
634
278
993
522
238
871
1009
783
142
444
206
147
1275
613
804
1248
155
56
420
616
682
85
203
723
68
192
241
133
316
1272
930
298
114
992
708
944
94
698
1191
1087
1232
451
848
785
309
920
1068
883
1192
195
3
893
536
846
743
1042
1214
931
1033
892
1149
224
624
159
105
516
1174
368
89
262
42
676
791
401
138
771
430
879
1168
247
987
939
921
961
657
902
109
928
853
801
910
822
295
594
597
604
753
403
179
1067
964
952
762
891
122
518
533
501
1101
1264
41
163
1253
619
383
881
36
845
715
231
1135
317
918
840
507
998
951
63
567
80
376
402
279
1184
119
187
903
217
99
1134
330
986
615
580
503
307
1241
525
1159
759
389
1003
498
713
1271
614
560
277
487
1007
132
1260
258
576
478
584
819
349
659
1081
563
178
514
646
175
520
841
395
1181
1231
860
409
1097
1128
528
1014
24
148
1092
1117
877
252
1078
720
851
1251
391
726
1208
35
1263
45
472
947
424
977
970
652
108
311
204
994
351
219
1270
555
10
123
867
1093
1024
1211
470
763
1096
669
1124
680
266
191
990
965
803
427
752
859
11
497
626
976
1118
1242
787
1216
185
93
70
894
586
1020
230
679
847
62
2
754
583
1227
431
1100
321
90
463
480
1274
362
53
485
375
922
1276
1085
774
285
479
1202
1165
127
205
1094
1043
865
1055
538
458
245
531
1082
491
909
1244
1053
305
838
446
937
638
261
184
358
1086
517
960
1004
621
1111
1235
439
189
55
378
190
134
1218
850
582
475
453
668
1222
935
887
546
240
1172
1063
220
201
729
772
521
1026
423
139
744
1212
299
738
941
97
26
695
943
343
433
425
673
466
1158
150
1119
1220
369
226
180
434
932
590
1029
1240
1268
666
1161
1197
950
405
974
1066
1109
377
557
1160
129
37
699
272
58
711
209
1225
363
701
794
157
664
541
126
1204
542
665
750
468
1112
1
1036
212
1145
1239
554
250
556
263
884
25
334
102
596
92
1266
677
1113
432
599
1073
578
709
172
69
722
612
75
603
236
825
1127
170
54
1031
886
671
294
890
1018
274
1166
861
417
149
1236
745
47
124
828
101
8
394
830
100
1154
173
978
577
1002
77
322
106
719
945
540
379
833
588
730
873
1201
1061
1194
983
380
199
814
154
545
1030
870
1167
889
768
324
426
757
9
855
936
1273
1195
1146
1064
914
953
