3212
1540
759
3913
3866
2661
2401
3151
3112
3271
1764
1911
3050
3216
728
1482
1566
1290
954
1038
3549
1439
1287
1983
2123
4195
2659
2128
2856
432
1477
4148
756
3627
842
613
2399
801
3756
3501
42
4306
2817
2870
3959
1985
986
2281
3486
3095
454
589
503
3427
2217
533
565
2101
1166
2510
3704
3861
54
3784
4159
2096
3585
1607
3932
4109
1629
4093
4072
3496
2268
3623
3749
2966
3699
2692
1845
4269
1804
1783
2261
1986
3229
3310
194
3954
4047
2639
1455
2923
2800
1830
1900
4106
2683
2162
2245
1006
2526
1047
1860
2818
2273
3370
1115
1182
273
3092
3950
1324
1041
479
2566
3952
3432
1872
2853
2312
1168
4118
788
1030
321
3339
1913
3384
2020
359
3542
4250
1652
3263
4368
3303
1453
3054
4082
44
1313
1739
2982
1273
26
556
2623
2214
3634
3109
4115
3689
1300
2725
411
747
3596
3131
4030
3719
3662
299
37
1442
2388
3363
2349
4369
963
2290
2088
2825
4105
1876
2332
1798
611
4231
1144
204
3060
3960
2311
405
3871
4357
1294
2426
3450
4083
2736
3306
3926
3061
2665
768
676
1832
2459
636
2820
1052
3377
281
43
2389
2726
3256
4350
3924
1465
2289
3773
531
1836
1282
3465
4309
309
1646
2770
2460
1530
2233
4234
3068
2395
1715
3052
3174
784
4104
384
1064
2746
390
2812
805
2525
2743
1048
3840
628
3437
4079
4375
2866
1878
4028
3988
1545
2674
891
754
2890
2185
1512
1524
2605
2243
2926
4229
3274
868
540
123
3511
4113
1564
563
3202
1271
775
1266
3602
445
3781
1286
4263
3078
1758
2431
1842
873
2334
4223
2693
410
283
2741
1016
3876
3417
1833
32
3467
3644
4173
3191
4114
2260
3635
317
1425
695
3101
3565
2813
816
750
970
3252
1499
1730
3975
364
2557
2613
3969
2977
2324
1361
2861
2569
2512
323
3941
985
3318
1719
98
2283
1362
996
1314
289
792
2320
1446
860
616
1552
2686
314
1835
2704
4305
2723
3270
605
2466
4042
2449
2992
978
4081
2387
2996
987
1059
1561
1342
3618
4246
2602
1539
1015
4360
643
3826
544
2142
1718
3927
3917
2527
3624
1214
2983
3036
1759
3601
1317
1473
236
1001
4000
961
3997
3920
308
3137
2828
274
800
1679
2864
1335
4242
3070
2658
609
59
3622
546
4150
3863
3739
2826
3395
1909
3808
3428
3794
1333
1022
47
3668
2908
850
2330
1257
2287
1028
3936
4039
3292
1413
1009
2417
2603
3020
1553
1320
1528
4254
3298
2114
3267
1436
2252
2228
285
3135
2363
1040
2179
2528
3767
2111
2032
2437
622
1722
2589
2590
1255
3093
1724
1838
2447
3801
3418
3783
943
553
3460
4371
1797
1509
2985
2582
3154
2229
3540
1755
2836
2188
4373
2278
3090
4184
2516
2066
666
2832
4009
1292
3713
803
693
647
2255
2430
729
2867
1323
1419
582
2364
2446
1074
3075
1648
1398
1861
1262
2981
4003
3383
3249
3459
34
3631
1880
4101
790
363
2238
1853
427
3315
901
2640
3744
4134
2765
2384
2560
305
4029
3316
3571
2291
1302
1734
1594
1896
1329
2175
226
1211
4033
398
2189
3181
3025
3877
1632
3707
409
2936
1204
981
2037
4139
641
1256
1120
127
1301
3371
1036
3313
3827
2764
4035
2331
4036
760
2522
3266
3611
998
1460
3272
2339
1063
376
1520
3816
3798
2131
1621
1252
2561
2105
3003
50
1565
726
3667
3616
2444
4089
561
1769
1882
3694
371
529
1582
2971
738
4040
2209
3000
2455
1765
2609
966
295
2124
3134
3833
2306
3136
2714
2052
2081
3021
137
3106
4062
3951
3029
2651
2120
3684
3633
2187
3782
656
3069
3716
2497
1065
3209
537
3915
2329
2212
1716
3972
3279
270
513
3815
4313
1409
3378
3248
4168
1435
3360
1725
2048
3088
3097
3463
3100
4237
1399
3929
3887
4012
4046
3724
1263
3107
3845
2121
3865
3447
765
207
896
1791
2258
3414
1418
1210
370
2934
512
3113
1213
2751
3282
2555
1444
1659
1868
144
1624
3344
3513
504
1471
2734
3290
262
2025
2378
677
38
1908
1834
1846
233
3742
192
122
1366
3754
2309
2036
777
4248
4038
3523
1653
3806
2454
1790
2504
4155
3787
3710
238
3166
875
2108
3813
3305
2914
3019
4257
2581
3015
1786
3123
3033
3164
684
389
1332
1023
2078
3691
1644
3998
1467
197
2862
4260
884
1179
455
3048
2604
3365
1208
617
1020
435
646
421
2232
3516
835
741
578
1606
1338
1517
3645
3127
834
1138
3456
362
2380
3828
312
1002
549
102
2494
2285
3992
1412
984
118
1547
203
24
1360
2122
2000
2517
2565
3599
1801
817
82
1265
3145
3608
107
849
2964
630
3040
2433
786
4236
2984
2352
287
3086
841
2347
2392
1416
3526
3945
4174
2062
3792
1261
3701
3308
2506
2775
259
1654
2816
138
3893
1793
905
3886
3357
3973
2973
1874
2067
1298
3260
1605
97
3947
536
4037
772
3291
3850
2622
642
4366
3277
385
1440
135
2898
1840
372
2065
1508
819
2688
1205
3641
3548
3720
4308
3261
2660
2442
2619
2413
2737
538
4145
3190
4247
132
1660
4140
3746
93
3211
3563
612
1122
2375
2811
3653
3547
3911
18
579
4266
374
1363
2695
2521
3723
4112
1676
3441
1692
2316
3592
3494
3664
4055
4021
84
2403
3655
280
2023
4032
83
2002
2598
3182
3047
367
4196
4076
2924
990
3037
4194
4226
3487
1055
2710
2768
962
1270
4141
1066
3844
146
1863
3049
3855
1657
392
1057
4048
2752
3031
3311
1806
1480
395
2855
2109
237
2321
128
2702
1326
3680
2761
1729
4103
554
3593
2616
1600
2615
275
3803
1403
3329
2314
778
1053
1391
1803
872
864
3524
4095
3381
4166
3475
796
2995
1892
2448
3953
3572
1742
1998
100
145
3679
396
660
1135
867
1662
3110
2398
402
2322
3982
606
2077
746
2699
3545
4374
3727
136
620
3372
1478
4310
3034
2030
2112
825
2641
3944
1630
3287
239
3435
3027
365
68
1864
4016
1422
94
2246
401
1626
2703
3619
2274
3532
388
3883
3777
260
2169
829
2117
3640
4227
2625
3105
3589
1763
4085
4097
2990
1792
3210
3597
2906
2578
511
4221
3018
2094
3942
2865
2592
977
3678
1113
2558
306
893
1012
3648
1349
2975
232
404
3860
2180
588
121
3711
1515
4383
3586
2400
2235
473
758
3471
4265
406
2793
3057
3922
4020
1272
3301
1303
3168
571
3569
1717
3958
3743
1438
4008
3989
3788
1999
3074
3320
3051
3921
2242
1397
1054
447
2146
1137
4363
2170
887
2462
482
1527
2499
139
903
2896
2471
949
56
1656
310
4043
3065
3317
3206
3598
41
302
2176
2106
3683
1854
2414
2719
3698
2063
3825
3153
2689
4192
3518
1276
292
73
4100
3382
976
3530
3199
3426
2624
3867
3846
3834
2556
1761
1421
3493
1005
2279
2668
3289
3722
744
2502
3693
3374
2219
2191
28
2647
648
450
2696
1411
3776
3966
61
680
1037
1576
4354
3507
1906
230
11
103
1855
2920
2508
3094
4358
678
4351
3734
4170
2440
3615
483
821
2559
1039
3366
789
3144
764
4158
1161
804
40
1309
2192
2837
2058
3566
304
1902
415
748
293
4197
3600
1735
4222
3500
541
3319
897
4347
29
4362
3024
685
843
2393
823
1437
2732
1215
2614
2571
3791
3925
3990
1423
235
438
3529
1627
2213
1546
2591
820
1410
2171
2643
1664
48
1396
3625
3472
2738
2937
1321
1258
3820
644
1608
3081
1894
266
1589
65
3892
3771
3881
1544
1296
807
307
1432
1523
1177
1456
3124
2554
2611
3430
3702
2110
3299
1025
4239
2829
2607
1550
584
3521
2810
4230
2461
2336
1451
1295
1481
1532
3750
733
2745
3138
3931
1339
1394
2240
2043
1727
441
425
4225
3515
2935
2220
3709
3612
3375
4187
1604
2054
3729
3358
3007
2897
2050
767
2930
3341
2223
20
3390
3875
2979
3130
999
730
3326
316
862
2597
277
2362
3884
3454
3118
1603
1293
1579
1017
1893
2989
76
1507
1560
1620
2068
1331
2104
1472
3013
4025
610
357
3726
3522
3149
3955
2071
2670
2776
3564
2857
2394
2968
4068
397
1597
694
2427
4191
2256
2777
3342
2900
3117
1417
1280
3568
2835
830
2133
377
140
240
4346
2901
739
568
2851
1117
879
2495
1073
87
4119
3509
2648
2701
105
282
4005
4224
124
2858
3761
2749
552
3686
4314
2450
4355
2344
3091
74
14
2453
3628
2931
4365
3946
4054
2634
3718
2823
1858
134
2706
3333
956
2475
300
2248
85
3062
558
751
2022
2748
570
2115
1330
2795
3084
3700
2127
1146
3281
4091
436
2620
2610
1538
3872
1046
2585
2458
3338
4198
120
437
3187
3269
2236
4256
2168
2231
1757
412
2424
3533
52
67
4255
3304
3413
4146
1904
88
3285
1506
2511
2925
113
3196
3009
1343
995
1346
625
2524
2166
1452
4186
881
3035
4096
3657
2767
3392
2669
3889
2833
3814
952
2093
824
2902
4235
683
1915
381
3537
1642
3325
1744
2382
3658
2416
1898
4049
2478
2463
969
3436
2733
2577
4019
81
1870
1875
2724
770
4078
4135
3974
417
4063
71
4162
877
1476
3897
3484
3175
564
16
4080
3041
2351
1368
2138
2814
885
1141
4160
997
360
3849
1269
2325
2474
2083
2021
4127
3708
2626
3758
1856
414
1344
2328
422
3993
1799
3805
4044
433
2700
649
10
3673
1829
2928
2147
234
2763
1572
1316
2383
4073
2868
4061
4017
2563
955
3466
906
1184
3838
2722
1873
3161
687
3728
3336
2910
3004
3489
2759
2428
851
4102
77
3026
3183
2575
2606
2038
2082
1277
1602
3890
827
3064
2129
686
3621
749
1787
1337
1061
1677
3567
910
263
585
434
3539
1428
1623
3525
3858
3152
3753
1414
439
3066
4064
418
2852
1159
2452
36
2744
2404
1516
4120
4154
3588
899
60
3882
2222
2681
1021
3479
4258
1989
681
1169
3458
3755
3732
654
1691
2633
3080
2758
645
2208
1743
2345
1405
3891
2406
383
771
1441
3527
1867
787
3394
3335
4024
810
1637
1628
1525
3369
3293
1534
3789
1305
2266
753
3172
1905
574
453
3280
508
2100
639
669
3659
2519
696
2715
2145
2164
1675
1673
2932
1315
3613
4123
1340
2632
2676
3380
3617
4050
4143
4345
3517
908
2470
2608
2999
3823
1841
3986
2769
3649
1466
1619
3957
2150
4086
1678
837
320
4244
1415
2237
992
573
3772
3071
2190
477
269
575
3449
1014
3829
3636
1254
4069
3099
1051
2139
3119
2729
898
4056
2803
3620
3528
1866
12
2755
297
838
3874
2051
627
3607
2323
3977
2361
2280
3821
2055
4171
2716
2913
2754
1542
2675
2095
4377
2337
3870
528
3008
634
742
2040
3264
752
3519
2840
4361
3391
3730
1631
836
2151
3859
1408
286
1618
4167
4169
3198
4164
2798
848
2441
944
2656
3115
3278
776
2211
4253
3085
1551
2338
667
3302
1549
828
532
1851
2034
3203
3843
3514
430
2794
386
3476
781
3999
72
2912
1519
1899
3185
15
3022
4136
296
2987
202
3943
3422
2501
1475
3832
4138
3543
2645
2434
1114
1688
1634
298
3312
2921
569
231
3976
30
4370
652
2903
1511
3171
1042
2799
892
4190
797
3712
2184
2070
2086
116
1721
2599
368
2308
846
2802
3862
3854
3148
3056
1794
3165
1407
782
679
301
3962
1591
769
2031
3367
129
3488
2518
1470
2636
2126
96
2125
1274
3760
1785
3214
1638
3389
2642
4131
871
3193
2601
3796
668
946
1029
4002
1723
1308
1351
2567
3637
1035
4176
1563
3934
1139
2348
3916
1636
1260
2249
229
1004
1877
1463
2359
2469
2276
1625
865
3536
4070
2429
2627
424
3759
2421
661
2167
2241
1000
1633
2079
1474
3504
4376
111
114
1275
854
2572
2186
2580
3162
3748
3651
4026
2570
2333
4385
2027
1056
988
3650
3012
1522
3276
878
4010
3396
1562
3431
2335
2976
3914
947
1370
2753
1110
806
1259
3373
2391
2574
3297
1207
3361
3948
3841
2496
2206
1325
458
1601
3706
2140
547
1795
2635
3429
4034
4053
3322
859
4175
1897
2467
2707
1312
2631
4315
1180
2317
1993
1645
1741
4153
3345
889
2708
567
2994
727
3885
507
1212
3055
672
3445
844
530
2313
267
3255
3630
356
3217
3098
2728
2379
55
3674
1598
3983
4243
4132
1529
1987
2805
446
1163
4004
2386
200
2148
2834
3660
1402
1641
1121
1108
2727
1807
2087
3696
4241
626
1420
3933
3785
2916
1462
484
971
2649
2523
475
2819
3039
3930
3681
1537
3752
3804
3126
2505
2998
3687
2756
3177
964
737
2193
2405
2234
4129
119
975
3464
2451
198
3878
2697
1592
3666
3073
311
2757
457
4045
4172
1297
780
3685
4270
2988
3676
4149
802
4128
1142
2677
657
1510
2033
959
994
2061
2859
2980
635
2969
3443
793
3654
2477
1336
1322
1427
1869
674
852
655
1160
3661
3386
63
3939
2046
387
1505
1580
3544
3935
3010
1768
3017
840
3991
1291
3505
2735
1682
3765
2205
2993
2584
3994
2165
2439
2593
2595
2617
3688
196
2520
2894
1649
2476
2315
3043
2967
3790
1443
1789
35
691
3485
2381
1461
2904
2771
3853
2183
2965
449
958
2172
4348
3502
2509
1586
3880
4075
126
1109
1284
4356
2263
2587
3793
543
2227
4087
2498
3076
619
2195
2717
2473
2207
3705
4252
1311
3170
2074
1570
2282
80
1369
2905
4165
440
1731
1784
1116
3672
3139
3087
3987
3869
1401
2986
1593
815
809
4267
4007
4142
967
3639
442
2970
2718
3343
3980
980
1034
3910
991
23
2092
3340
3497
2978
882
3446
2731
2822
2357
1448
562
2035
272
3155
419
3169
2766
2305
762
4349
4130
3770
1526
560
3669
1431
658
3275
403
49
1018
4066
3775
1513
117
3307
2390
66
1596
4161
3717
4382
3132
4188
1310
2089
2041
4133
2899
2972
2069
4125
3963
1468
3842
95
2680
3591
4245
3481
27
1145
690
3387
75
2997
4271
2821
831
545
1736
3520
1307
883
92
2514
1288
880
89
3778
4099
1995
3083
1865
2830
3675
2053
3461
4228
3703
3332
3491
3978
3498
3273
1651
1681
3028
3642
2107
948
3996
1541
3632
1762
1912
2292
3327
3956
3879
587
4264
4238
3918
3551
2396
4379
791
1459
3603
1043
3919
3807
900
1687
798
3184
3346
1639
3150
1788
2269
1658
4124
2163
3847
3059
670
2653
3629
3379
1988
256
2712
3163
1181
847
2579
4023
3096
3251
2773
664
3438
736
2144
3286
3964
509
2804
3469
3741
3894
3188
3423
812
3614
3453
1859
3606
633
2116
1206
3984
1655
3207
3421
276
4060
3133
2705
3550
195
4126
4074
3300
109
1318
1514
3682
2060
3895
2586
3818
3125
2654
2136
853
4051
2687
1844
2341
2827
2464
4380
3001
2662
1990
4121
1279
2927
2907
621
2576
2152
510
4071
577
3072
2583
1720
794
542
131
3731
957
2346
3254
2672
2049
1903
4013
4381
3495
2310
3173
514
1350
2173
3764
91
2080
1531
785
1686
534
755
2465
1013
291
227
2685
675
1879
822
1143
2075
3810
4090
3800
826
3295
108
3296
907
4094
607
2742
3141
3671
763
101
2479
1183
3114
9
1011
1352
4268
4027
1067
2815
3763
3046
2042
2991
1007
2224
460
3176
638
3797
4067
974
3786
290
3609
2272
1068
4185
3819
1050
3208
653
1661
3294
53
3444
3416
456
1024
3331
3531
3032
1162
3195
3197
2663
4251
811
1573
3864
4386
2637
2860
2667
1299
1395
3452
3499
4156
3058
1663
45
3419
3128
1831
2963
876
268
692
734
3200
2740
3736
3873
2178
3965
448
480
2691
2402
86
379
3610
866
423
1278
4092
3180
618
1848
904
2503
193
206
1345
2671
1650
3142
3455
3433
264
576
271
3259
4108
3490
476
199
3733
2024
832
70
4372
688
3362
3451
2284
808
1914
1862
39
1433
3835
2319
58
4316
3714
3780
1060
559
863
3848
2259
2064
818
3023
624
3359
4011
813
3721
855
2264
2838
3779
979
3042
2600
393
69
2638
426
2239
228
725
3257
313
1281
17
942
1991
2739
1521
3570
315
125
4220
3981
3898
1574
2141
982
3546
1434
3857
1393
3388
1895
1426
1253
2841
551
1767
2774
1733
21
3189
2098
1334
319
1304
3204
3652
303
4384
3328
950
366
2893
902
3482
1496
2215
1365
2326
572
894
3213
951
3769
1283
1535
4261
983
1458
2029
1588
2664
3108
3415
2102
284
2318
3324
1847
2358
1536
33
322
2831
615
1738
3692
1469
3045
4240
2091
1264
1577
757
1726
3347
3284
2085
428
2073
3643
3348
973
142
4111
3186
13
1348
2562
4058
1454
2772
856
2594
2568
3178
3831
1994
57
2646
3121
2457
4311
3510
3167
550
3937
663
2573
3508
3053
25
1008
2204
773
4110
3356
1404
358
4364
3656
452
2135
774
960
3103
2564
2666
2376
1910
659
2084
51
3868
3697
1479
1347
3851
1689
1268
130
444
4352
629
4163
1680
1852
3425
4359
3192
64
731
2909
3839
3439
115
413
3116
1871
4137
2863
3534
1033
953
3604
2174
1045
3201
3122
1209
1111
3262
3434
586
2103
1622
1058
2118
1732
4378
2250
279
2839
4193
4367
3492
3457
1760
3971
745
2709
2922
1568
3468
735
631
1587
539
3283
3587
2929
2678
1327
1583
3912
1044
3824
147
989
2113
1684
4001
2225
3442
133
3541
99
2684
3258
1267
2657
3205
2796
890
4018
1449
1019
2216
833
3067
3506
8
1901
662
2974
869
1328
888
3940
3140
640
4006
1071
3194
795
3082
3330
2137
394
3638
632
1367
3852
548
3811
2443
451
2286
2056
1683
2854
4152
4157
3424
555
1643
3393
2342
2257
1118
2422
3725
1850
4272
858
1802
4022
2630
3146
141
2271
3334
2132
1062
1571
3837
2432
3111
4144
799
2513
968
2076
3817
580
2267
3470
2419
3265
3474
2143
4189
1647
3268
3079
1167
3102
400
22
3715
3762
4249
110
3477
46
1178
2655
2182
3737
3745
2253
1595
431
2072
1400
1518
2090
2097
2915
1690
1497
3120
3740
3768
2045
3314
112
2911
