757
311
4231
3623
2985
384
3457
3492
1227
4338
842
4325
3454
353
801
54
3817
260
3352
2977
89
2499
3451
2192
2305
811
472
865
3653
2736
1237
759
2288
1714
2503
3215
854
1793
3950
873
1663
2916
965
1873
2838
1669
745
1570
1539
1934
2177
858
1594
4183
91
3386
2861
4176
998
848
327
1248
792
3026
1508
1479
4094
3511
208
2453
3147
555
1173
4203
1972
709
1682
2748
351
3731
281
3258
1809
670
3790
895
3424
1622
3847
2635
2685
4105
3980
581
462
537
4036
4332
1242
1593
891
535
343
392
3129
1624
149
3406
3648
1859
1025
418
2275
127
1749
398
3997
1363
4265
3957
162
2557
371
1945
2572
991
3803
2209
377
1013
1240
1480
1760
3641
1780
3857
2690
1185
4129
3501
2253
1329
288
3617
1757
3119
4133
65
1891
2006
1579
1849
2856
1884
2201
3319
684
3071
1977
4234
559
423
974
920
2217
35
3191
2196
2238
3257
2156
668
324
3384
2190
2569
4095
1438
1387
3659
18
1895
3110
975
4027
3317
3886
4285
521
1305
1290
710
2451
358
2265
3056
3996
3734
75
3445
575
1790
3318
1681
1012
176
3223
2772
1647
3762
1340
1281
1080
1881
284
1595
3484
2720
2476
3741
229
2981
1660
3157
1865
306
4023
1627
499
1053
3207
574
3787
3907
4185
4233
1764
2454
3765
967
964
1235
3045
569
4097
2562
1374
3153
717
403
2992
2530
4323
3114
707
201
3270
3954
367
3884
1724
4213
3487
2455
1136
1591
2086
592
1935
1426
1075
1815
4013
4361
69
3683
502
1643
16
2843
1135
4148
280
4205
82
205
3050
83
4103
2791
4067
1308
1987
3186
3612
4184
3134
1505
1245
4186
808
1596
2854
1440
3883
766
3340
971
386
2596
210
338
2340
2174
987
674
3371
256
4315
1752
2248
2517
2402
3065
2901
155
1010
3070
3606
1524
202
1194
4246
1404
1903
819
200
4201
3509
1562
1747
4187
3003
4331
3945
4175
3237
911
796
4028
1472
3927
1772
793
798
919
2150
2129
1718
3572
2249
1792
2215
2848
1860
2005
1938
1676
940
3453
3272
3363
3135
4333
1717
1186
3949
219
298
862
1817
2902
2493
3616
2779
3211
2036
2289
3268
4083
2630
3783
2237
4292
3979
4008
1728
3195
2337
1026
4215
58
1380
2976
4172
4193
2038
2152
2505
335
1140
427
749
2669
3387
4017
1083
3382
1190
3799
1937
4248
1852
997
60
1597
3832
558
4297
1003
3758
3893
3905
3136
122
292
2343
1400
620
3672
3675
2533
3655
1712
1674
4143
333
158
4287
3710
1802
2734
4330
2589
1222
3516
303
2594
1436
2988
1748
3640
3924
352
2547
4063
2538
1004
3245
4079
3347
2859
2845
363
2863
977
179
2746
14
310
2897
2597
332
1110
2176
2132
1864
2698
3149
1393
3902
2674
3677
1598
1117
3850
562
3416
2448
694
1104
3234
762
4307
2510
2551
2348
1439
605
771
164
2718
807
3337
3939
1024
770
3910
330
2443
3350
1650
2621
152
788
1638
3240
1836
2852
428
2
4021
1589
2738
566
1600
1988
1523
3269
978
1337
1671
1763
2725
2904
475
4011
337
1566
2088
1204
276
504
2550
2522
4249
2062
3062
1750
3755
1644
1567
3688
2893
2580
3933
4034
1052
2821
1768
63
2143
3483
3413
968
3449
1375
3745
1336
2782
2135
246
3020
2528
4327
2274
642
369
688
1667
2636
424
389
1158
4039
1405
2461
308
2586
3316
797
3131
3109
1376
4188
2097
1147
3689
3408
2055
2013
2251
4104
70
3797
4037
1001
1401
1282
711
2181
3009
1250
2352
2605
1036
3684
2487
2776
3566
1832
213
491
2101
350
266
3338
4091
2913
2235
1446
3642
1876
3039
2866
406
1208
4373
3393
1755
2216
2978
578
572
1118
3723
482
2537
2934
1170
4286
1658
2357
385
1188
4337
2728
1634
969
3892
2824
1189
3948
533
105
53
3740
2467
3936
4159
1408
2089
4241
2270
2501
480
3355
1456
4303
302
1639
4147
484
915
3497
301
3806
3042
3313
249
2990
2139
615
2170
1680
1454
2199
651
4289
4059
3810
1451
2465
1603
4029
3749
1513
719
3622
3243
1361
3260
3192
1927
3955
3178
2193
3004
713
4242
3185
2207
791
1715
1540
2645
4326
3148
4321
2480
2447
2302
3911
3283
772
3380
1773
3227
2009
1564
1931
3802
1814
2306
3603
57
2310
3865
304
3746
3348
519
3332
2617
678
4084
233
258
2513
1079
897
1933
1560
606
2521
3226
78
3012
2502
756
1520
4064
1535
3274
4360
1383
413
4096
3860
3564
3687
10
4154
3049
3896
2602
1810
608
1720
2273
607
2003
2053
382
2098
1007
4271
549
1607
1175
516
1431
1633
1037
3923
1221
523
3909
2296
2775
3759
1775
4128
3250
1673
251
4048
2559
937
2575
4010
1348
4004
1485
1495
1457
1655
3742
2339
3402
1384
1214
1770
924
2750
551
3460
925
3752
3521
2250
1095
586
3127
232
2739
318
4074
3624
23
645
512
1642
503
2187
2840
3231
3224
3982
1978
4319
545
1121
564
1729
1323
1711
4254
837
2042
2285
309
3785
3041
534
3057
3002
3964
914
1294
1157
917
1503
1527
1765
2508
2994
195
2665
387
1492
990
1359
3615
3698
2134
3388
2789
1925
1048
4026
2563
1450
3391
939
2997
3458
2078
896
3154
544
511
1278
3366
3021
935
3707
1209
3232
409
4294
3767
2491
4251
2713
3194
1561
622
390
1385
400
926
243
3491
2084
3058
4060
3254
753
2068
1326
268
2404
4130
1096
4237
92
2179
300
2351
1144
2168
4290
747
1289
2180
1632
2298
3849
1870
4098
368
2405
1318
1020
2535
4302
641
1191
1018
3159
3652
4140
3942
782
2407
235
1155
501
3196
536
1399
275
3706
3766
421
599
1463
2858
2252
186
66
2670
1193
3504
4379
1905
723
3918
3770
3372
3889
3015
3184
1276
2615
3275
2092
3261
3958
2266
2171
2732
489
1502
2714
520
2727
222
2646
4279
316
3768
872
4078
1187
3730
724
2280
86
1028
3771
1898
4298
4216
2485
1286
2695
1855
4030
3108
2558
2338
4255
1256
2953
3219
2744
514
1441
157
234
4270
2731
2163
3329
525
2792
1475
1777
4284
1534
619
3029
2598
1662
2283
601
787
2241
2673
3897
611
3117
3775
2213
3816
616
2814
4381
3567
1830
3323
593
2778
4108
1531
2817
3124
3812
1816
2133
1212
2178
2048
2626
4062
3398
416
4272
2076
2090
1285
1666
817
4043
3956
4363
2583
4085
2401
1487
2408
4005
2618
3669
3913
2568
2823
2937
3111
1322
3247
1653
2315
1368
479
4053
3383
778
3813
3570
1670
2316
120
2717
3569
1373
323
1483
1887
231
3621
1081
2710
2837
3335
669
671
467
289
4283
1395
1369
3776
2560
277
2045
3921
2593
1980
2832
4291
3212
1279
714
3030
3255
3804
2812
1929
3736
1428
2910
1602
4243
1868
3256
2403
4170
2998
3577
1997
1146
2570
3130
3729
189
1766
2705
271
552
2846
3409
2019
4375
3262
1009
2151
2822
542
1654
1076
4198
328
2790
355
3512
3751
2813
1344
1843
2781
3505
1092
1482
2719
3937
1327
3221
3690
3846
1605
3244
3066
1406
487
3682
1818
945
2012
3732
4204
1211
85
596
1730
840
3837
3412
3450
3904
3869
1122
215
4075
2770
3859
2612
3968
847
2769
2515
1879
618
1460
3756
1429
774
401
1453
1713
121
3750
2449
2546
3378
1844
3126
1989
2743
2638
2094
518
2566
621
1572
1319
3761
2258
1932
1328
4329
1114
274
3008
2065
1107
4137
391
813
3715
2631
48
3705
1625
3986
3385
3772
4009
3141
2284
721
1909
3235
2185
3571
2956
3579
2512
1057
1684
1462
3341
985
227
1577
3156
470
2162
3061
1093
2277
102
3495
2518
1902
3431
2688
1888
1478
2741
3961
1307
2984
319
2830
3769
3726
1442
3757
1342
1015
789
2074
1657
861
2892
3284
4377
3133
3581
2052
841
2102
2857
568
1006
2041
3580
918
3249
3928
2708
2606
1788
2986
3680
4384
52
1280
4052
1923
1226
2894
3334
4199
1473
1254
3280
2555
1377
1516
1912
1094
3647
1631
178
3711
1807
2632
3853
2349
4134
373
2516
686
3728
866
777
5
597
4276
3678
1259
3482
2899
3808
2278
1915
2936
3331
553
2095
420
2233
3052
3737
2844
218
3370
2295
3121
4152
2987
3139
2292
1619
184
2737
1330
3929
2847
2344
3696
992
3423
4141
1796
898
764
3610
4299
402
4192
2684
315
3861
1992
3158
2773
1833
2752
1528
2571
1813
3807
1138
3870
2345
1519
929
1533
4007
1407
1295
1914
3037
648
506
4072
3011
1799
248
3722
2842
2039
1019
2057
1111
2236
3033
3959
3187
3866
2144
170
921
3456
433
598
2159
13
1108
4368
1576
3120
1716
161
267
1946
3394
1332
393
4158
407
4
4033
1808
1569
3798
2359
4054
864
1099
3403
3264
994
3333
1575
3753
3951
3343
942
1511
2556
64
3246
417
1432
4273
4180
853
4257
3368
3287
3833
1877
643
1831
639
2400
153
263
3205
1346
3112
1767
1223
2145
3
3375
3943
1077
1847
1979
3613
2723
381
294
2083
2072
2056
326
4087
1388
1199
99
4374
988
204
546
4044
4371
1571
2541
4015
3286
3862
2272
1370
1458
765
3125
4195
1358
3691
216
2290
2905
4209
1263
1951
3123
1145
3946
3974
1664
2979
2079
177
4220
3513
938
3410
2197
1355
4314
3885
1154
3236
207
2484
2591
1652
2297
2204
2085
1974
61
1241
349
720
3654
2548
3739
2137
3005
4208
1725
2263
346
1054
2271
809
3811
3459
1630
84
3618
4167
2604
3190
1203
2044
3059
51
3525
3040
4304
4232
466
3747
505
1936
2726
3704
3266
1101
869
2364
3063
4155
2991
851
1678
1489
265
3809
2951
160
1014
2242
305
4282
2666
526
2601
2584
412
3315
573
3330
2668
1507
3267
2815
1975
995
2105
129
4250
1606
2751
3344
680
2256
652
852
2099
1365
282
689
932
4211
1829
2567
2183
419
2336
3931
1853
3930
3713
2458
2355
2469
3252
4066
68
187
3845
3448
944
1588
892
1723
2643
2477
1339
718
3206
4038
2471
2311
3915
2681
3888
1889
3699
4016
3068
1338
2276
4383
2104
2309
2452
4316
1786
2527
3693
2495
1941
4263
856
1102
2489
2783
4288
690
3488
767
2613
167
1517
2096
3336
614
1913
1504
465
425
1232
2553
2167
498
1389
816
571
2952
461
4222
3017
2103
3367
4212
344
430
3971
2578
1234
379
209
3248
806
2303
2722
2051
2828
560
763
1679
3947
166
374
79
653
3377
4385
313
4070
2165
496
2683
3851
1402
1668
15
2140
1391
168
123
1261
2995
3113
1592
683
1629
1897
588
510
3645
4042
1091
594
3843
3374
783
2498
2816
1769
1176
1238
1911
3727
4131
4024
490
342
3499
4277
1930
2198
3984
4031
1021
1224
34
22
4295
1518
2186
1641
1309
3781
563
1648
4163
2046
2865
3202
1841
1797
602
1386
2687
2313
4334
169
1171
3801
2231
3507
3373
1296
2735
3839
3122
1781
2529
1939
1314
1721
3838
1525
3400
2675
481
1347
1301
2299
3118
1510
2486
2462
1078
1719
1774
3604
4174
3908
2342
1621
3500
3863
4068
2679
1590
1835
3944
2259
2629
1192
1940
4229
2157
3899
3898
1097
4065
2906
752
4014
4238
3894
2247
2064
2307
538
1197
4190
3429
1704
2016
3220
3404
3242
3773
4206
570
3782
4380
1494
3712
2624
2711
1896
4018
3932
4245
3328
3777
838
1532
1944
2067
1371
1349
2820
3014
1651
1310
1994
539
2724
2409
4040
2961
1354
3788
214
577
244
4324
2269
1794
4157
3204
2294
2444
2831
293
3048
2488
1236
1403
839
4260
1119
784
3379
4300
716
1082
2867
3725
2608
4339
2509
1260
3789
380
4369
2291
3692
3522
11
88
1574
1665
3695
750
1486
2642
4296
180
4264
24
4228
2853
1703
1089
3481
370
751
1360
1861
1608
3679
3800
3389
760
3506
1856
1469
2891
2149
2243
567
979
769
1137
3774
1392
4056
223
2260
2620
3282
1201
4202
2456
2459
3607
4322
1908
561
4086
3229
2524
2534
2172
1055
4275
3673
1228
1838
1434
1298
1113
2268
4145
17
3854
1106
1470
3038
56
3018
3325
1306
2525
3718
2733
3702
4025
2475
2590
4089
3920
758
2574
3238
2234
2581
2450
4178
1901
604
3960
3253
469
100
257
2261
4001
1087
1476
4035
2500
4162
2058
477
3010
846
2573
790
4240
175
220
415
1213
33
1661
2001
3277
1947
1
934
2818
2470
3503
1490
2702
296
742
3714
3515
4041
1821
3024
156
197
4313
3733
2634
3016
3405
1722
1031
1356
4370
3418
2346
1863
226
2962
986
2592
2464
4150
3047
67
3686
2066
1034
4221
3241
613
159
4382
1320
495
485
2712
2148
548
2312
1334
3369
922
4100
2917
325
4328
524
1899
4165
3721
3182
3351
2819
754
509
27
1379
2627
241
775
345
3006
3855
1331
1218
913
1023
317
3651
3966
859
283
3273
1350
1976
1297
3200
1148
1115
871
2749
1759
1706
1249
692
712
2281
2047
2015
3764
843
3397
2073
3916
94
254
1100
1030
2826
1758
3411
999
3345
966
4135
600
3611
983
989
299
693
4362
236
1672
1444
4046
2862
3685
1284
2049
3189
104
2147
610
150
3144
20
580
1302
1465
2850
4045
1948
1791
1247
1252
2932
476
2282
2585
3574
1999
4177
2069
2554
1646
3524
3155
1970
3035
3401
2691
1530
3419
1488
1874
1017
151
1795
2609
1906
1206
2855
2993
1217
4268
1291
2010
1635
1745
3922
1922
2703
376
1872
3724
3364
1890
2482
2169
1196
3643
497
1195
2081
2017
3887
1928
128
1949
2678
3519
408
2587
3983
1506
3217
163
2091
1645
2050
253
71
1367
1435
3346
4196
118
2680
1084
3107
794
1640
3563
2907
2729
98
676
4269
1366
4281
3576
1783
3069
2267
1397
3321
1016
1848
691
2780
1800
1443
1982
1812
3160
3871
3514
1398
1501
3498
679
1803
3019
1628
1085
1464
269
1233
0
981
4320
2304
1051
4020
198
1002
2208
2286
1253
1303
221
4365
1886
3953
1215
3023
2130
3895
649
2483
2676
2599
3349
165
1343
4261
3455
4076
941
4102
270
2577
3179
3043
2146
1839
3239
3609
1705
927
4364
589
980
1526
2077
3830
3027
2526
972
2954
2637
1784
1842
2141
2544
2788
3259
375
2205
1312
188
95
1333
1787
609
314
359
1304
3935
3399
414
2955
1116
3841
799
3703
1892
3674
2545
478
3701
2868
696
2982
1098
183
1885
395
468
513
1141
1565
426
1840
2989
1219
4227
4224
867
500
4151
4073
1027
4367
3494
4217
1926
1900
2619
185
3053
3620
1205
2849
396
844
2774
1659
2481
2060
3032
2361
312
2411
1459
2239
1086
2142
1820
1522
4156
4306
845
4168
1243
3608
818
3791
36
2004
378
1353
4230
3842
259
1754
2519
1751
2996
2308
1262
565
931
4002
803
3489
3517
237
3965
1390
411
2245
2463
72
2611
3814
1649
4093
554
290
199
341
1990
322
677
1514
3115
4003
4376
2532
429
2607
372
1805
3872
3428
6
1907
3031
388
2540
3285
2080
2358
4244
3700
3985
1283
3279
364
3055
4194
4278
1257
1313
2319
1538
1230
3657
4055
4197
321
1512
863
3392
3754
3422
3940
2825
781
582
3312
3490
3132
3779
1882
87
3233
273
943
1032
1604
3143
3856
3146
3485
2860
3969
3447
3881
2347
2075
3831
1038
3013
488
2603
2999
2900
2706
224
2504
3780
761
675
3565
3972
62
3998
3676
3938
3203
360
3735
494
4047
2212
492
1056
996
1910
126
1216
1943
2565
1746
3426
3977
3582
2497
2699
2457
463
1229
2188
1317
1207
1103
203
3763
1109
2552
2704
2161
1139
857
2730
1088
4247
4101
3327
3786
773
755
646
1779
2262
1299
3022
1819
3138
2293
1521
3425
3793
3137
2957
2194
4139
1753
4160
397
2914
4189
4309
3209
174
591
946
3395
3106
1866
3452
2610
2244
80
4107
4050
1239
815
250
3188
3975
1568
2896
2043
850
3314
768
2014
1481
2317
3868
8
2595
1894
295
2314
2531
3778
2496
1168
1300
1515
3520
1000
2246
365
4166
1396
4077
3183
4051
1995
2301
3716
307
1292
687
1467
1756
2523
3743
19
3281
1156
2543
3614
4366
2279
464
354
1883
2829
4259
1394
21
870
4378
1427
2745
3381
1468
4305
1834
287
3880
4153
383
1039
2362
2257
3152
3214
3213
4308
1447
3829
3510
682
748
4142
4080
2689
1904
2353
1618
804
4256
2200
4191
3738
1437
4239
245
2811
2701
2911
4136
1345
3670
3036
2054
1050
434
4058
3225
800
4032
261
4000
2740
4069
3320
3046
3353
347
2445
1372
556
7
2037
3794
3840
2195
4252
90
3222
1998
1033
1005
3251
894
930
331
3671
255
1311
1801
4312
2694
970
4341
3210
2616
3193
4318
3999
2412
55
3502
1862
744
2232
172
3427
3584
2909
12
1430
171
2786
3912
923
1029
1169
2742
2931
4218
3060
916
2622
2633
2211
1500
4022
3970
3891
1869
595
1601
2827
2490
3719
1288
96
73
2579
2697
1174
1491
4274
474
2614
1683
2061
4173
1878
4071
2189
776
272
928
1637
2446
3926
1409
3339
2671
1046
1425
3526
3518
1762
1378
1381
76
2625
4236
835
3276
1277
584
893
2549
2153
715
436
1120
2191
780
242
1461
3744
3354
2787
2836
2833
1776
3508
362
557
644
2958
984
2542
2682
2354
3575
1789
77
993
2639
527
97
4146
1244
3917
2363
1449
4225
405
1620
1626
4262
230
1105
4301
3461
3720
1536
2494
1325
190
2576
25
3263
2810
1851
2230
3265
3407
239
1710
49
1335
3890
2640
3342
1382
1143
1258
2839
252
836
1047
3216
3072
795
2835
3815
695
3000
2908
1321
3978
4109
2059
2002
432
805
431
982
4267
2771
206
4372
1200
192
2071
1782
1210
3602
517
2070
4182
855
486
3493
2777
1477
211
912
3324
3007
1867
2182
4149
4181
1709
3967
4099
493
3420
4092
1573
3708
802
422
1942
1636
3417
3025
2240
1202
672
59
1433
1981
2507
2300
2600
1357
1251
3034
2158
2667
1529
1811
4061
4214
3028
1798
473
1149
4253
2479
1996
1875
2082
746
2693
238
4164
4207
3934
3430
1804
3644
3748
2160
1049
2784
3001
2008
2166
191
2696
1880
3649
541
399
2466
2360
4310
471
3709
2864
2933
3322
366
650
3326
1857
4335
2520
3415
