393
331
34
224
305
173
296
253
102
153
379
206
336
378
197
118
44
329
97
62
158
149
389
74
112
60
255
268
99
283
301
50
154
130
376
193
260
70
161
133
381
212
364
123
349
72
68
61
39
384
32
320
377
18
287
16
191
314
144
343
213
359
216
96
111
346
252
244
308
335
341
139
357
231
371
362
293
181
218
131
267
368
83
250
262
247
174
240
36
2
77
345
321
24
113
237
92
169
256
360
182
178
204
309
172
3
91
241
43
49
107
67
307
280
22
383
235
230
258
65
273
382
391
89
303
350
126
203
66
372
297
33
132
388
195
143
46
239
87
136
398
390
342
23
373
223
48
353
264
220
219
95
215
325
312
175
13
4
300
323
186
208
79
167
100
14
266
75
6
11
7
269
63
272
157
140
205
103
151
210
254
184
187
179
81
374
156
401
351
257
9
324
160
170
400
202
41
125
78
288
242
233
88
76
8
394
73
236
20
148
108
93
141
162
124
395
152
318
291
15
42
137
26
90
196
328
217
380
106
248
365
128
121
200
110
104
10
134
292
98
114
31
176
319
64
228
51
168
194
155
290
29
332
183
245
284
138
214
402
279
330
294
265
363
355
94
211
369
386
311
165
227
352
25
392
317
396
286
185
5
199
120
198
358
166
271
146
188
119
159
109
348
234
274
115
58
117
261
189
101
1
282
47
19
315
339
105
263
192
21
56
316
226
52
17
84
209
177
337
180
366
171
